#Procedure: <laser_setup.procedures.It.It>
#Parameters:
#	Irange: 0.0001 A
#	NPLC: 1
#	T step start time: 120 s
#	Chip group name: Alisson
#	Chip number: 81
#	Information: Light testing - biotite
#	Initial (current) T: 0 C
#	Laser ON+OFF period: 4500 s
#	Laser voltage: 0 V
#	Laser wavelength: 455
#	Procedure version: 2.2.0
#	Sample: other
#	Sampling time (excluding Keithley): 0 s
#	Target T: 25 C
#	VDS: 0.1 V
#	VG: -0.3 V
#Metadata:
#	Start time: 1761210621.5046153
#Data:
t (s),I (A),VL (V),Plate T (degC),Ambient T (degC),Clock (ms)
0.0,1.535713e-05,0.0,nan,nan,nan
0.08441548,1.545201e-05,0.0,nan,nan,nan
0.1680803,1.545866e-05,0.0,nan,nan,nan
0.2517594,1.545747e-05,0.0,nan,nan,nan
0.3352346,1.545495e-05,0.0,nan,nan,nan
0.4187076,1.545992e-05,0.0,nan,nan,nan
0.5108311,1.545447e-05,0.0,nan,nan,nan
0.5945692,1.545403e-05,0.0,nan,nan,nan
0.6783024,1.545346e-05,0.0,nan,nan,nan
0.7618246,1.545573e-05,0.0,nan,nan,nan
0.8453151,1.545509e-05,0.0,nan,nan,nan
0.9397465,1.545721e-05,0.0,nan,nan,nan
1.023338,1.54581e-05,0.0,nan,nan,nan
1.106868,1.545815e-05,0.0,nan,nan,nan
1.190438,1.545493e-05,0.0,nan,nan,nan
1.274058,1.545223e-05,0.0,nan,nan,nan
1.357728,1.545675e-05,0.0,nan,nan,nan
1.441471,1.545384e-05,0.0,nan,nan,nan
1.525188,1.545561e-05,0.0,nan,nan,nan
1.608963,1.545533e-05,0.0,nan,nan,nan
1.692807,1.545217e-05,0.0,nan,nan,nan
1.776328,1.545088e-05,0.0,nan,nan,nan
1.859859,1.545656e-05,0.0,nan,nan,nan
1.947225,1.545529e-05,0.0,nan,nan,nan
2.050181,1.545343e-05,0.0,nan,nan,nan
2.133605,1.545384e-05,0.0,nan,nan,nan
2.217218,1.54504e-05,0.0,nan,nan,nan
2.300742,1.545005e-05,0.0,nan,nan,nan
2.384107,1.545467e-05,0.0,nan,nan,nan
2.467708,1.544917e-05,0.0,nan,nan,nan
2.558976,1.545143e-05,0.0,nan,nan,nan
2.642478,1.545238e-05,0.0,nan,nan,nan
2.725846,1.545203e-05,0.0,nan,nan,nan
2.809302,1.545044e-05,0.0,nan,nan,nan
2.892803,1.545125e-05,0.0,nan,nan,nan
2.998329,1.544967e-05,0.0,nan,nan,nan
3.082325,1.545554e-05,0.0,nan,nan,nan
3.166104,1.545129e-05,0.0,nan,nan,nan
3.249801,1.545819e-05,0.0,nan,nan,nan
3.33368,1.54533e-05,0.0,nan,nan,nan
3.417233,1.545342e-05,0.0,nan,nan,nan
3.500864,1.544661e-05,0.0,nan,nan,nan
3.584386,1.545153e-05,0.0,nan,nan,nan
3.667833,1.545328e-05,0.0,nan,nan,nan
3.751527,1.54541e-05,0.0,nan,nan,nan
3.835318,1.544973e-05,0.0,nan,nan,nan
3.918813,1.544993e-05,0.0,nan,nan,nan
4.008103,1.545024e-05,0.0,nan,nan,nan
4.111249,1.544779e-05,0.0,nan,nan,nan
4.196566,1.545166e-05,0.0,nan,nan,nan
4.280252,1.545183e-05,0.0,nan,nan,nan
4.364134,1.545458e-05,0.0,nan,nan,nan
4.44795,1.545083e-05,0.0,nan,nan,nan
4.531721,1.54518e-05,0.0,nan,nan,nan
4.619586,1.545114e-05,0.0,nan,nan,nan
4.703255,1.545549e-05,0.0,nan,nan,nan
4.786888,1.545717e-05,0.0,nan,nan,nan
4.870629,1.545388e-05,0.0,nan,nan,nan
4.954376,1.54518e-05,0.0,nan,nan,nan
5.037999,1.545055e-05,0.0,nan,nan,nan
5.121722,1.545504e-05,0.0,nan,nan,nan
5.205687,1.545265e-05,0.0,nan,nan,nan
5.289493,1.545391e-05,0.0,nan,nan,nan
5.373348,1.545527e-05,0.0,nan,nan,nan
5.457119,1.545434e-05,0.0,nan,nan,nan
5.540933,1.545485e-05,0.0,nan,nan,nan
5.645344,1.545342e-05,0.0,nan,nan,nan
5.729107,1.545244e-05,0.0,nan,nan,nan
5.813869,1.545814e-05,0.0,nan,nan,nan
5.897577,1.545233e-05,0.0,nan,nan,nan
5.981317,1.545637e-05,0.0,nan,nan,nan
6.065003,1.545233e-05,0.0,nan,nan,nan
6.186375,1.544956e-05,0.0,nan,nan,nan
6.269947,1.545303e-05,0.0,nan,nan,nan
6.353481,1.545293e-05,0.0,nan,nan,nan
6.442444,1.54534e-05,0.0,nan,nan,nan
6.525982,1.545296e-05,0.0,nan,nan,nan
6.609657,1.545675e-05,0.0,nan,nan,nan
6.692993,1.545607e-05,0.0,nan,nan,nan
6.776547,1.545647e-05,0.0,nan,nan,nan
6.860057,1.545705e-05,0.0,nan,nan,nan
6.943603,1.545495e-05,0.0,nan,nan,nan
7.027192,1.54553e-05,0.0,nan,nan,nan
7.110609,1.545577e-05,0.0,nan,nan,nan
7.19432,1.545695e-05,0.0,nan,nan,nan
7.277718,1.545549e-05,0.0,nan,nan,nan
7.361428,1.545282e-05,0.0,nan,nan,nan
7.446166,1.545401e-05,0.0,nan,nan,nan
7.529692,1.545262e-05,0.0,nan,nan,nan
7.613329,1.545342e-05,0.0,nan,nan,nan
7.696925,1.545262e-05,0.0,nan,nan,nan
7.780828,1.545484e-05,0.0,nan,nan,nan
7.864371,1.544869e-05,0.0,nan,nan,nan
7.948362,1.545423e-05,0.0,nan,nan,nan
8.031841,1.545059e-05,0.0,nan,nan,nan
8.11537,1.545424e-05,0.0,nan,nan,nan
8.242075,1.545473e-05,0.0,nan,nan,nan
8.325805,1.545538e-05,0.0,nan,nan,nan
8.409371,1.54595e-05,0.0,nan,nan,nan
8.492875,1.545424e-05,0.0,nan,nan,nan
8.576624,1.545591e-05,0.0,nan,nan,nan
8.660094,1.545532e-05,0.0,nan,nan,nan
8.743524,1.545468e-05,0.0,nan,nan,nan
8.826996,1.545991e-05,0.0,nan,nan,nan
8.910676,1.545926e-05,0.0,nan,nan,nan
8.994179,1.545603e-05,0.0,nan,nan,nan
9.078192,1.545379e-05,0.0,nan,nan,nan
9.161855,1.545377e-05,0.0,nan,nan,nan
9.245708,1.545782e-05,0.0,nan,nan,nan
9.329311,1.545781e-05,0.0,nan,nan,nan
9.413067,1.545309e-05,0.0,nan,nan,nan
9.509162,1.545519e-05,0.0,nan,nan,nan
9.592586,1.545442e-05,0.0,nan,nan,nan
9.67645,1.545332e-05,0.0,nan,nan,nan
9.760085,1.54572e-05,0.0,nan,nan,nan
9.84366,1.545216e-05,0.0,nan,nan,nan
9.927824,1.545977e-05,0.0,nan,nan,nan
10.01126,1.545638e-05,0.0,nan,nan,nan
10.09705,1.546029e-05,0.0,nan,nan,nan
10.18072,1.545695e-05,0.0,nan,nan,nan
10.2643,1.545255e-05,0.0,nan,nan,nan
10.34893,1.545327e-05,0.0,nan,nan,nan
10.43271,1.545364e-05,0.0,nan,nan,nan
10.53248,1.545323e-05,0.0,nan,nan,nan
10.61628,1.545473e-05,0.0,nan,nan,nan
10.69987,1.545699e-05,0.0,nan,nan,nan
10.78368,1.545644e-05,0.0,nan,nan,nan
10.86736,1.545404e-05,0.0,nan,nan,nan
10.95108,1.545409e-05,0.0,nan,nan,nan
11.03494,1.545455e-05,0.0,nan,nan,nan
11.14125,1.545457e-05,0.0,nan,nan,nan
11.22499,1.545667e-05,0.0,nan,nan,nan
11.30919,1.545531e-05,0.0,nan,nan,nan
11.39277,1.54512e-05,0.0,nan,nan,nan
11.47642,1.545182e-05,0.0,nan,nan,nan
11.55992,1.545226e-05,0.0,nan,nan,nan
11.64335,1.545036e-05,0.0,nan,nan,nan
11.74533,1.545624e-05,0.0,nan,nan,nan
11.82885,1.545293e-05,0.0,nan,nan,nan
11.91254,1.545091e-05,0.0,nan,nan,nan
11.99631,1.544816e-05,0.0,nan,nan,nan
12.07996,1.545151e-05,0.0,nan,nan,nan
12.16376,1.545553e-05,0.0,nan,nan,nan
12.24721,1.545706e-05,0.0,nan,nan,nan
12.3454,1.545497e-05,0.0,nan,nan,nan
12.42896,1.54545e-05,0.0,nan,nan,nan
12.51262,1.545304e-05,0.0,nan,nan,nan
12.59623,1.545506e-05,0.0,nan,nan,nan
12.67993,1.545464e-05,0.0,nan,nan,nan
12.76609,1.544909e-05,0.0,nan,nan,nan
12.84971,1.545393e-05,0.0,nan,nan,nan
12.9332,1.545061e-05,0.0,nan,nan,nan
13.01698,1.545238e-05,0.0,nan,nan,nan
13.10047,1.545328e-05,0.0,nan,nan,nan
13.18418,1.545342e-05,0.0,nan,nan,nan
13.26767,1.545335e-05,0.0,nan,nan,nan
13.37156,1.545391e-05,0.0,nan,nan,nan
13.45533,1.545521e-05,0.0,nan,nan,nan
13.54085,1.545437e-05,0.0,nan,nan,nan
13.62441,1.545378e-05,0.0,nan,nan,nan
13.70811,1.545577e-05,0.0,nan,nan,nan
13.79159,1.545727e-05,0.0,nan,nan,nan
13.87568,1.545212e-05,0.0,nan,nan,nan
13.96109,1.545323e-05,0.0,nan,nan,nan
14.04478,1.545581e-05,0.0,nan,nan,nan
14.12825,1.545678e-05,0.0,nan,nan,nan
14.21195,1.545745e-05,0.0,nan,nan,nan
14.29566,1.545754e-05,0.0,nan,nan,nan
14.37924,1.545448e-05,0.0,nan,nan,nan
14.46267,1.545689e-05,0.0,nan,nan,nan
14.54644,1.545713e-05,0.0,nan,nan,nan
14.62995,1.5456e-05,0.0,nan,nan,nan
14.71387,1.545728e-05,0.0,nan,nan,nan
14.80518,1.545732e-05,0.0,nan,nan,nan
14.88897,1.545786e-05,0.0,nan,nan,nan
14.9751,1.545727e-05,0.0,nan,nan,nan
15.05893,1.545586e-05,0.0,nan,nan,nan
15.14247,1.545399e-05,0.0,nan,nan,nan
15.22609,1.545152e-05,0.0,nan,nan,nan
15.30945,1.545558e-05,0.0,nan,nan,nan
15.39334,1.545355e-05,0.0,nan,nan,nan
15.47698,1.545179e-05,0.0,nan,nan,nan
15.5607,1.545406e-05,0.0,nan,nan,nan
15.64449,1.544936e-05,0.0,nan,nan,nan
15.72816,1.544637e-05,0.0,nan,nan,nan
15.82626,1.544769e-05,0.0,nan,nan,nan
15.90979,1.544579e-05,0.0,nan,nan,nan
15.99354,1.544898e-05,0.0,nan,nan,nan
16.07744,1.545018e-05,0.0,nan,nan,nan
16.16097,1.545186e-05,0.0,nan,nan,nan
16.24452,1.545113e-05,0.0,nan,nan,nan
16.32818,1.545102e-05,0.0,nan,nan,nan
16.4118,1.545291e-05,0.0,nan,nan,nan
16.51479,1.545361e-05,0.0,nan,nan,nan
16.59871,1.545666e-05,0.0,nan,nan,nan
16.68248,1.545305e-05,0.0,nan,nan,nan
16.76634,1.545311e-05,0.0,nan,nan,nan
16.85002,1.545417e-05,0.0,nan,nan,nan
16.93385,1.545303e-05,0.0,nan,nan,nan
17.03594,1.545779e-05,0.0,nan,nan,nan
17.11967,1.545593e-05,0.0,nan,nan,nan
17.20461,1.545502e-05,0.0,nan,nan,nan
17.28837,1.545306e-05,0.0,nan,nan,nan
17.37204,1.544891e-05,0.0,nan,nan,nan
17.45967,1.545418e-05,0.0,nan,nan,nan
17.54329,1.54522e-05,0.0,nan,nan,nan
17.65787,1.54535e-05,0.0,nan,nan,nan
17.74158,1.545073e-05,0.0,nan,nan,nan
17.82591,1.545233e-05,0.0,nan,nan,nan
17.90967,1.545231e-05,0.0,nan,nan,nan
17.99336,1.545269e-05,0.0,nan,nan,nan
18.07681,1.545458e-05,0.0,nan,nan,nan
18.16035,1.545073e-05,0.0,nan,nan,nan
18.25668,1.544917e-05,0.0,nan,nan,nan
18.34033,1.545484e-05,0.0,nan,nan,nan
18.4241,1.545328e-05,0.0,nan,nan,nan
18.50811,1.545108e-05,0.0,nan,nan,nan
18.59171,1.545038e-05,0.0,nan,nan,nan
18.67727,1.545199e-05,0.0,nan,nan,nan
18.76102,1.54524e-05,0.0,nan,nan,nan
18.84463,1.545026e-05,0.0,nan,nan,nan
18.92815,1.544479e-05,0.0,nan,nan,nan
19.01162,1.54505e-05,0.0,nan,nan,nan
19.09534,1.545141e-05,0.0,nan,nan,nan
19.17909,1.54545e-05,0.0,nan,nan,nan
19.26874,1.545621e-05,0.0,nan,nan,nan
19.35237,1.545387e-05,0.0,nan,nan,nan
19.43618,1.545334e-05,0.0,nan,nan,nan
19.52006,1.54511e-05,0.0,nan,nan,nan
19.60384,1.545207e-05,0.0,nan,nan,nan
19.69082,1.545364e-05,0.0,nan,nan,nan
19.77441,1.545028e-05,0.0,nan,nan,nan
19.85894,1.545454e-05,0.0,nan,nan,nan
19.94265,1.545623e-05,0.0,nan,nan,nan
20.0263,1.545347e-05,0.0,nan,nan,nan
20.10983,1.54532e-05,0.0,nan,nan,nan
20.1933,1.545485e-05,0.0,nan,nan,nan
20.29369,1.545376e-05,0.0,nan,nan,nan
20.37752,1.545495e-05,0.0,nan,nan,nan
20.4617,1.545635e-05,0.0,nan,nan,nan
20.54532,1.545348e-05,0.0,nan,nan,nan
20.64658,1.545203e-05,0.0,nan,nan,nan
20.73035,1.545092e-05,0.0,nan,nan,nan
20.81422,1.545085e-05,0.0,nan,nan,nan
20.89792,1.545143e-05,0.0,nan,nan,nan
20.9818,1.545444e-05,0.0,nan,nan,nan
21.06557,1.545282e-05,0.0,nan,nan,nan
21.14945,1.545218e-05,0.0,nan,nan,nan
21.23282,1.545337e-05,0.0,nan,nan,nan
21.31669,1.545573e-05,0.0,nan,nan,nan
21.4004,1.545744e-05,0.0,nan,nan,nan
21.51198,1.545426e-05,0.0,nan,nan,nan
21.59577,1.545643e-05,0.0,nan,nan,nan
21.68031,1.545741e-05,0.0,nan,nan,nan
21.76402,1.54565e-05,0.0,nan,nan,nan
21.84807,1.545462e-05,0.0,nan,nan,nan
21.93208,1.545849e-05,0.0,nan,nan,nan
22.01578,1.546234e-05,0.0,nan,nan,nan
22.11886,1.545986e-05,0.0,nan,nan,nan
22.20253,1.545591e-05,0.0,nan,nan,nan
22.2861,1.545682e-05,0.0,nan,nan,nan
22.36991,1.545615e-05,0.0,nan,nan,nan
22.45361,1.545867e-05,0.0,nan,nan,nan
22.53726,1.545673e-05,0.0,nan,nan,nan
22.62121,1.545574e-05,0.0,nan,nan,nan
22.71734,1.545198e-05,0.0,nan,nan,nan
22.80106,1.545113e-05,0.0,nan,nan,nan
22.88467,1.545092e-05,0.0,nan,nan,nan
22.96867,1.545216e-05,0.0,nan,nan,nan
23.05231,1.54511e-05,0.0,nan,nan,nan
23.15768,1.545616e-05,0.0,nan,nan,nan
23.24157,1.54503e-05,0.0,nan,nan,nan
23.32531,1.545698e-05,0.0,nan,nan,nan
23.40948,1.545441e-05,0.0,nan,nan,nan
23.49302,1.545031e-05,0.0,nan,nan,nan
23.57644,1.545058e-05,0.0,nan,nan,nan
23.6602,1.545433e-05,0.0,nan,nan,nan
23.75684,1.545336e-05,0.0,nan,nan,nan
23.84056,1.545073e-05,0.0,nan,nan,nan
23.92543,1.545204e-05,0.0,nan,nan,nan
24.00892,1.545206e-05,0.0,nan,nan,nan
24.09281,1.545035e-05,0.0,nan,nan,nan
24.17632,1.545306e-05,0.0,nan,nan,nan
24.26019,1.545497e-05,0.0,nan,nan,nan
24.34365,1.545053e-05,0.0,nan,nan,nan
24.42715,1.545272e-05,0.0,nan,nan,nan
24.51095,1.545088e-05,0.0,nan,nan,nan
24.59476,1.545208e-05,0.0,nan,nan,nan
24.6783,1.545586e-05,0.0,nan,nan,nan
24.78805,1.545492e-05,0.0,nan,nan,nan
24.87178,1.545412e-05,0.0,nan,nan,nan
24.97692,1.54553e-05,0.0,nan,nan,nan
25.06052,1.545407e-05,0.0,nan,nan,nan
25.14408,1.545102e-05,0.0,nan,nan,nan
25.22807,1.545409e-05,0.0,nan,nan,nan
25.31185,1.545447e-05,0.0,nan,nan,nan
25.39538,1.545522e-05,0.0,nan,nan,nan
25.47906,1.545396e-05,0.0,nan,nan,nan
25.56265,1.545112e-05,0.0,nan,nan,nan
25.64649,1.545574e-05,0.0,nan,nan,nan
25.7301,1.544984e-05,0.0,nan,nan,nan
25.81392,1.545055e-05,0.0,nan,nan,nan
25.89758,1.545774e-05,0.0,nan,nan,nan
25.99941,1.545164e-05,0.0,nan,nan,nan
26.08291,1.545233e-05,0.0,nan,nan,nan
26.16641,1.54522e-05,0.0,nan,nan,nan
26.25015,1.545483e-05,0.0,nan,nan,nan
26.33364,1.545298e-05,0.0,nan,nan,nan
26.41742,1.545441e-05,0.0,nan,nan,nan
26.50118,1.544932e-05,0.0,nan,nan,nan
26.58517,1.545155e-05,0.0,nan,nan,nan
26.66899,1.545314e-05,0.0,nan,nan,nan
26.75245,1.545568e-05,0.0,nan,nan,nan
26.86569,1.545295e-05,0.0,nan,nan,nan
26.94957,1.54457e-05,0.0,nan,nan,nan
27.03344,1.544868e-05,0.0,nan,nan,nan
27.11684,1.54499e-05,0.0,nan,nan,nan
27.2262,1.544941e-05,0.0,nan,nan,nan
27.30973,1.545238e-05,0.0,nan,nan,nan
27.3934,1.544764e-05,0.0,nan,nan,nan
27.47729,1.545131e-05,0.0,nan,nan,nan
27.56098,1.545236e-05,0.0,nan,nan,nan
27.64478,1.545513e-05,0.0,nan,nan,nan
27.72853,1.545432e-05,0.0,nan,nan,nan
27.83068,1.544998e-05,0.0,nan,nan,nan
27.91472,1.545418e-05,0.0,nan,nan,nan
27.99843,1.545406e-05,0.0,nan,nan,nan
28.08223,1.545229e-05,0.0,nan,nan,nan
28.16591,1.545556e-05,0.0,nan,nan,nan
28.24966,1.545139e-05,0.0,nan,nan,nan
28.33344,1.545409e-05,0.0,nan,nan,nan
28.41717,1.545549e-05,0.0,nan,nan,nan
28.50063,1.545459e-05,0.0,nan,nan,nan
28.58437,1.545541e-05,0.0,nan,nan,nan
28.66813,1.545514e-05,0.0,nan,nan,nan
28.7517,1.54537e-05,0.0,nan,nan,nan
28.86053,1.54523e-05,0.0,nan,nan,nan
28.94412,1.545649e-05,0.0,nan,nan,nan
29.02876,1.545902e-05,0.0,nan,nan,nan
29.11224,1.545333e-05,0.0,nan,nan,nan
29.19576,1.545541e-05,0.0,nan,nan,nan
29.27939,1.545841e-05,0.0,nan,nan,nan
29.36314,1.545286e-05,0.0,nan,nan,nan
29.44804,1.545887e-05,0.0,nan,nan,nan
29.53173,1.545758e-05,0.0,nan,nan,nan
29.61547,1.545261e-05,0.0,nan,nan,nan
29.69915,1.545418e-05,0.0,nan,nan,nan
29.78306,1.544875e-05,0.0,nan,nan,nan
29.87253,1.54514e-05,0.0,nan,nan,nan
29.95629,1.545805e-05,0.0,nan,nan,nan
30.04194,1.5452e-05,0.0,nan,nan,nan
30.12571,1.545586e-05,0.0,nan,nan,nan
30.20948,1.545507e-05,0.0,nan,nan,nan
30.2929,1.545597e-05,0.0,nan,nan,nan
30.37678,1.545456e-05,0.0,nan,nan,nan
30.46365,1.545554e-05,0.0,nan,nan,nan
30.54762,1.545041e-05,0.0,nan,nan,nan
30.63142,1.545242e-05,0.0,nan,nan,nan
30.71513,1.54579e-05,0.0,nan,nan,nan
30.79884,1.545411e-05,0.0,nan,nan,nan
30.90239,1.545528e-05,0.0,nan,nan,nan
30.98598,1.545783e-05,0.0,nan,nan,nan
31.06977,1.545789e-05,0.0,nan,nan,nan
31.15348,1.545694e-05,0.0,nan,nan,nan
31.23755,1.545516e-05,0.0,nan,nan,nan
31.3209,1.545675e-05,0.0,nan,nan,nan
31.40492,1.545721e-05,0.0,nan,nan,nan
31.5094,1.544937e-05,0.0,nan,nan,nan
31.59301,1.545207e-05,0.0,nan,nan,nan
31.67662,1.545182e-05,0.0,nan,nan,nan
31.76013,1.545544e-05,0.0,nan,nan,nan
31.84375,1.545485e-05,0.0,nan,nan,nan
31.93037,1.545409e-05,0.0,nan,nan,nan
32.01422,1.545736e-05,0.0,nan,nan,nan
32.09851,1.54509e-05,0.0,nan,nan,nan
32.1821,1.54572e-05,0.0,nan,nan,nan
32.26563,1.545596e-05,0.0,nan,nan,nan
32.34973,1.545505e-05,0.0,nan,nan,nan
32.4333,1.545095e-05,0.0,nan,nan,nan
32.52839,1.545576e-05,0.0,nan,nan,nan
32.61225,1.545533e-05,0.0,nan,nan,nan
32.69588,1.546066e-05,0.0,nan,nan,nan
32.77986,1.545779e-05,0.0,nan,nan,nan
32.86364,1.545424e-05,0.0,nan,nan,nan
32.94967,1.545636e-05,0.0,nan,nan,nan
33.03311,1.545221e-05,0.0,nan,nan,nan
33.11656,1.545175e-05,0.0,nan,nan,nan
33.20019,1.545395e-05,0.0,nan,nan,nan
33.28357,1.545551e-05,0.0,nan,nan,nan
33.36725,1.544863e-05,0.0,nan,nan,nan
33.45113,1.545276e-05,0.0,nan,nan,nan
33.5552,1.545153e-05,0.0,nan,nan,nan
33.63901,1.545299e-05,0.0,nan,nan,nan
33.72565,1.545489e-05,0.0,nan,nan,nan
33.80919,1.545354e-05,0.0,nan,nan,nan
33.89293,1.545734e-05,0.0,nan,nan,nan
33.97638,1.545472e-05,0.0,nan,nan,nan
34.06014,1.545132e-05,0.0,nan,nan,nan
34.14438,1.545424e-05,0.0,nan,nan,nan
34.22796,1.545232e-05,0.0,nan,nan,nan
34.31162,1.544922e-05,0.0,nan,nan,nan
34.39517,1.544826e-05,0.0,nan,nan,nan
34.47911,1.545568e-05,0.0,nan,nan,nan
34.57975,1.54571e-05,0.0,nan,nan,nan
34.66352,1.545125e-05,0.0,nan,nan,nan
34.77148,1.544961e-05,0.0,nan,nan,nan
34.85538,1.545255e-05,0.0,nan,nan,nan
34.93914,1.545239e-05,0.0,nan,nan,nan
35.02283,1.545449e-05,0.0,nan,nan,nan
35.10668,1.545265e-05,0.0,nan,nan,nan
35.19674,1.545776e-05,0.0,nan,nan,nan
35.28055,1.545254e-05,0.0,nan,nan,nan
35.36411,1.545356e-05,0.0,nan,nan,nan
35.44825,1.545523e-05,0.0,nan,nan,nan
35.53206,1.54572e-05,0.0,nan,nan,nan
35.61564,1.54548e-05,0.0,nan,nan,nan
35.69962,1.545359e-05,0.0,nan,nan,nan
35.78672,1.545702e-05,0.0,nan,nan,nan
35.87051,1.545652e-05,0.0,nan,nan,nan
35.95492,1.545389e-05,0.0,nan,nan,nan
36.03883,1.545444e-05,0.0,nan,nan,nan
36.12251,1.545543e-05,0.0,nan,nan,nan
36.21224,1.545438e-05,0.0,nan,nan,nan
36.29601,1.545492e-05,0.0,nan,nan,nan
36.37969,1.545357e-05,0.0,nan,nan,nan
36.46338,1.545287e-05,0.0,nan,nan,nan
36.54713,1.545778e-05,0.0,nan,nan,nan
36.63062,1.545495e-05,0.0,nan,nan,nan
36.71447,1.545621e-05,0.0,nan,nan,nan
36.81674,1.545133e-05,0.0,nan,nan,nan
36.90028,1.545417e-05,0.0,nan,nan,nan
36.98412,1.545763e-05,0.0,nan,nan,nan
37.06782,1.545319e-05,0.0,nan,nan,nan
37.15151,1.545343e-05,0.0,nan,nan,nan
37.23505,1.545454e-05,0.0,nan,nan,nan
37.31883,1.545519e-05,0.0,nan,nan,nan
37.4025,1.5456e-05,0.0,nan,nan,nan
37.48605,1.54525e-05,0.0,nan,nan,nan
37.56992,1.545421e-05,0.0,nan,nan,nan
37.65377,1.545585e-05,0.0,nan,nan,nan
37.7375,1.544869e-05,0.0,nan,nan,nan
37.83955,1.545349e-05,0.0,nan,nan,nan
37.92351,1.545113e-05,0.0,nan,nan,nan
38.00689,1.5453e-05,0.0,nan,nan,nan
38.09069,1.545469e-05,0.0,nan,nan,nan
38.17449,1.545316e-05,0.0,nan,nan,nan
38.25838,1.545315e-05,0.0,nan,nan,nan
38.34228,1.54537e-05,0.0,nan,nan,nan
38.427,1.545255e-05,0.0,nan,nan,nan
38.5108,1.545094e-05,0.0,nan,nan,nan
38.59442,1.545265e-05,0.0,nan,nan,nan
38.67831,1.545442e-05,0.0,nan,nan,nan
38.762,1.545117e-05,0.0,nan,nan,nan
38.85566,1.545764e-05,0.0,nan,nan,nan
38.93916,1.545308e-05,0.0,nan,nan,nan
39.02343,1.545223e-05,0.0,nan,nan,nan
39.10715,1.545391e-05,0.0,nan,nan,nan
39.85417,1.545333e-05,0.0,nan,nan,nan
39.93809,1.545346e-05,0.0,nan,nan,nan
40.02192,1.545343e-05,0.0,nan,nan,nan
40.10579,1.545008e-05,0.0,nan,nan,nan
40.18965,1.545711e-05,0.0,nan,nan,nan
40.27722,1.544844e-05,0.0,nan,nan,nan
40.36067,1.545514e-05,0.0,nan,nan,nan
40.44652,1.545282e-05,0.0,nan,nan,nan
40.5304,1.545431e-05,0.0,nan,nan,nan
40.61419,1.545322e-05,0.0,nan,nan,nan
40.69824,1.545322e-05,0.0,nan,nan,nan
40.78201,1.545195e-05,0.0,nan,nan,nan
40.86654,1.544569e-05,0.0,nan,nan,nan
40.95014,1.545216e-05,0.0,nan,nan,nan
41.03373,1.545137e-05,0.0,nan,nan,nan
41.11721,1.545308e-05,0.0,nan,nan,nan
41.2011,1.54563e-05,0.0,nan,nan,nan
41.29081,1.545076e-05,0.0,nan,nan,nan
41.3746,1.545485e-05,0.0,nan,nan,nan
41.45807,1.545121e-05,0.0,nan,nan,nan
41.54195,1.545099e-05,0.0,nan,nan,nan
41.62587,1.545364e-05,0.0,nan,nan,nan
41.71122,1.545501e-05,0.0,nan,nan,nan
41.79491,1.545625e-05,0.0,nan,nan,nan
41.87843,1.545565e-05,0.0,nan,nan,nan
41.97552,1.545408e-05,0.0,nan,nan,nan
42.05925,1.545722e-05,0.0,nan,nan,nan
42.14292,1.545088e-05,0.0,nan,nan,nan
42.2264,1.545213e-05,0.0,nan,nan,nan
42.31017,1.54534e-05,0.0,nan,nan,nan
42.3939,1.545217e-05,0.0,nan,nan,nan
42.47838,1.545447e-05,0.0,nan,nan,nan
42.56229,1.545692e-05,0.0,nan,nan,nan
42.64609,1.546005e-05,0.0,nan,nan,nan
42.7298,1.545632e-05,0.0,nan,nan,nan
42.81343,1.545398e-05,0.0,nan,nan,nan
42.89685,1.54531e-05,0.0,nan,nan,nan
42.98051,1.545162e-05,0.0,nan,nan,nan
43.06418,1.544847e-05,0.0,nan,nan,nan
43.14788,1.545109e-05,0.0,nan,nan,nan
43.23163,1.544995e-05,0.0,nan,nan,nan
43.32558,1.545225e-05,0.0,nan,nan,nan
43.40918,1.545256e-05,0.0,nan,nan,nan
43.4933,1.545219e-05,0.0,nan,nan,nan
43.57673,1.54557e-05,0.0,nan,nan,nan
43.66036,1.545494e-05,0.0,nan,nan,nan
43.74381,1.545352e-05,0.0,nan,nan,nan
43.82726,1.545448e-05,0.0,nan,nan,nan
43.91091,1.54536e-05,0.0,nan,nan,nan
44.01041,1.545405e-05,0.0,nan,nan,nan
44.09557,1.54526e-05,0.0,nan,nan,nan
44.17939,1.545806e-05,0.0,nan,nan,nan
44.26324,1.545533e-05,0.0,nan,nan,nan
44.34687,1.5457e-05,0.0,nan,nan,nan
44.43073,1.545654e-05,0.0,nan,nan,nan
44.53592,1.545655e-05,0.0,nan,nan,nan
44.61954,1.5459e-05,0.0,nan,nan,nan
44.70326,1.545918e-05,0.0,nan,nan,nan
44.78699,1.54592e-05,0.0,nan,nan,nan
44.87085,1.545786e-05,0.0,nan,nan,nan
44.95571,1.545838e-05,0.0,nan,nan,nan
45.03952,1.545715e-05,0.0,nan,nan,nan
45.12518,1.545573e-05,0.0,nan,nan,nan
45.2091,1.54545e-05,0.0,nan,nan,nan
45.2926,1.545145e-05,0.0,nan,nan,nan
45.3761,1.545606e-05,0.0,nan,nan,nan
45.45982,1.545379e-05,0.0,nan,nan,nan
45.56925,1.546031e-05,0.0,nan,nan,nan
45.65277,1.545502e-05,0.0,nan,nan,nan
45.73691,1.545592e-05,0.0,nan,nan,nan
45.82049,1.545738e-05,0.0,nan,nan,nan
45.90417,1.545454e-05,0.0,nan,nan,nan
45.98799,1.545456e-05,0.0,nan,nan,nan
46.09226,1.54571e-05,0.0,nan,nan,nan
46.17564,1.545525e-05,0.0,nan,nan,nan
46.25919,1.545496e-05,0.0,nan,nan,nan
46.34285,1.545782e-05,0.0,nan,nan,nan
46.42635,1.545596e-05,0.0,nan,nan,nan
46.50974,1.545104e-05,0.0,nan,nan,nan
46.59323,1.545315e-05,0.0,nan,nan,nan
46.67687,1.545591e-05,0.0,nan,nan,nan
46.77926,1.545515e-05,0.0,nan,nan,nan
46.86291,1.545547e-05,0.0,nan,nan,nan
46.94665,1.545324e-05,0.0,nan,nan,nan
47.03043,1.545746e-05,0.0,nan,nan,nan
47.11425,1.546055e-05,0.0,nan,nan,nan
47.19817,1.545901e-05,0.0,nan,nan,nan
47.28171,1.545887e-05,0.0,nan,nan,nan
47.39363,1.545687e-05,0.0,nan,nan,nan
47.47734,1.545437e-05,0.0,nan,nan,nan
47.56104,1.545528e-05,0.0,nan,nan,nan
47.64496,1.545499e-05,0.0,nan,nan,nan
47.72871,1.545376e-05,0.0,nan,nan,nan
47.81251,1.545478e-05,0.0,nan,nan,nan
47.89623,1.545125e-05,0.0,nan,nan,nan
47.99751,1.545492e-05,0.0,nan,nan,nan
48.08141,1.545453e-05,0.0,nan,nan,nan
48.18612,1.545502e-05,0.0,nan,nan,nan
48.27007,1.545684e-05,0.0,nan,nan,nan
48.35382,1.545639e-05,0.0,nan,nan,nan
48.43762,1.545695e-05,0.0,nan,nan,nan
48.5214,1.545362e-05,0.0,nan,nan,nan
48.6127,1.545563e-05,0.0,nan,nan,nan
48.69641,1.545471e-05,0.0,nan,nan,nan
48.78033,1.545419e-05,0.0,nan,nan,nan
48.86384,1.54584e-05,0.0,nan,nan,nan
48.9474,1.545684e-05,0.0,nan,nan,nan
49.03127,1.545316e-05,0.0,nan,nan,nan
49.11493,1.545634e-05,0.0,nan,nan,nan
49.19842,1.545749e-05,0.0,nan,nan,nan
49.2825,1.545815e-05,0.0,nan,nan,nan
49.36641,1.545842e-05,0.0,nan,nan,nan
49.45016,1.545782e-05,0.0,nan,nan,nan
49.53398,1.545811e-05,0.0,nan,nan,nan
49.62424,1.545518e-05,0.0,nan,nan,nan
49.70808,1.545339e-05,0.0,nan,nan,nan
49.79165,1.545396e-05,0.0,nan,nan,nan
49.87546,1.545375e-05,0.0,nan,nan,nan
49.95928,1.545453e-05,0.0,nan,nan,nan
50.04323,1.545548e-05,0.0,nan,nan,nan
50.12679,1.545408e-05,0.0,nan,nan,nan
50.22561,1.545474e-05,0.0,nan,nan,nan
50.30923,1.545933e-05,0.0,nan,nan,nan
50.39274,1.545831e-05,0.0,nan,nan,nan
50.47645,1.545815e-05,0.0,nan,nan,nan
50.55995,1.545186e-05,0.0,nan,nan,nan
50.65051,1.545597e-05,0.0,nan,nan,nan
50.73436,1.545588e-05,0.0,nan,nan,nan
50.8181,1.545421e-05,0.0,nan,nan,nan
50.9016,1.54538e-05,0.0,nan,nan,nan
50.98512,1.545235e-05,0.0,nan,nan,nan
51.06865,1.545489e-05,0.0,nan,nan,nan
51.15253,1.54549e-05,0.0,nan,nan,nan
51.23897,1.545759e-05,0.0,nan,nan,nan
51.32286,1.545551e-05,0.0,nan,nan,nan
51.40685,1.545562e-05,0.0,nan,nan,nan
51.49083,1.545668e-05,0.0,nan,nan,nan
51.5747,1.545643e-05,0.0,nan,nan,nan
51.67635,1.545518e-05,0.0,nan,nan,nan
51.75989,1.545689e-05,0.0,nan,nan,nan
51.84324,1.545708e-05,0.0,nan,nan,nan
51.92698,1.545612e-05,0.0,nan,nan,nan
52.01075,1.545342e-05,0.0,nan,nan,nan
52.09445,1.545504e-05,0.0,nan,nan,nan
52.17811,1.545041e-05,0.0,nan,nan,nan
52.26973,1.545071e-05,0.0,nan,nan,nan
52.35344,1.544876e-05,0.0,nan,nan,nan
52.43723,1.545592e-05,0.0,nan,nan,nan
52.5209,1.545348e-05,0.0,nan,nan,nan
52.60479,1.544984e-05,0.0,nan,nan,nan
52.70102,1.545263e-05,0.0,nan,nan,nan
52.78446,1.545024e-05,0.0,nan,nan,nan
52.89503,1.544951e-05,0.0,nan,nan,nan
52.97843,1.545516e-05,0.0,nan,nan,nan
53.06247,1.545798e-05,0.0,nan,nan,nan
53.14636,1.545912e-05,0.0,nan,nan,nan
53.23009,1.545403e-05,0.0,nan,nan,nan
53.3136,1.545364e-05,0.0,nan,nan,nan
53.39716,1.545433e-05,0.0,nan,nan,nan
53.49078,1.545556e-05,0.0,nan,nan,nan
53.57425,1.545674e-05,0.0,nan,nan,nan
53.65821,1.545404e-05,0.0,nan,nan,nan
53.74196,1.545431e-05,0.0,nan,nan,nan
53.82547,1.545355e-05,0.0,nan,nan,nan
53.91348,1.545416e-05,0.0,nan,nan,nan
53.9972,1.545531e-05,0.0,nan,nan,nan
54.08106,1.545373e-05,0.0,nan,nan,nan
54.16502,1.545377e-05,0.0,nan,nan,nan
54.24874,1.545359e-05,0.0,nan,nan,nan
54.3324,1.545652e-05,0.0,nan,nan,nan
54.41628,1.545433e-05,0.0,nan,nan,nan
54.49977,1.545515e-05,0.0,nan,nan,nan
54.58359,1.545827e-05,0.0,nan,nan,nan
54.66709,1.54564e-05,0.0,nan,nan,nan
54.75078,1.545629e-05,0.0,nan,nan,nan
54.83458,1.545571e-05,0.0,nan,nan,nan
54.92734,1.545592e-05,0.0,nan,nan,nan
55.011,1.545495e-05,0.0,nan,nan,nan
55.0945,1.545721e-05,0.0,nan,nan,nan
55.1782,1.545636e-05,0.0,nan,nan,nan
55.26215,1.54569e-05,0.0,nan,nan,nan
55.34574,1.545827e-05,0.0,nan,nan,nan
55.42944,1.545636e-05,0.0,nan,nan,nan
55.53023,1.545973e-05,0.0,nan,nan,nan
55.61394,1.545718e-05,0.0,nan,nan,nan
55.69776,1.545643e-05,0.0,nan,nan,nan
55.7816,1.545842e-05,0.0,nan,nan,nan
55.86531,1.545771e-05,0.0,nan,nan,nan
55.95069,1.545412e-05,0.0,nan,nan,nan
56.03428,1.545687e-05,0.0,nan,nan,nan
56.11777,1.54585e-05,0.0,nan,nan,nan
56.20123,1.545725e-05,0.0,nan,nan,nan
56.28468,1.545814e-05,0.0,nan,nan,nan
56.36832,1.545638e-05,0.0,nan,nan,nan
56.47321,1.54603e-05,0.0,nan,nan,nan
56.57096,1.545529e-05,0.0,nan,nan,nan
56.65476,1.545817e-05,0.0,nan,nan,nan
56.74941,1.545848e-05,0.0,nan,nan,nan
56.83295,1.545582e-05,0.0,nan,nan,nan
56.91663,1.545804e-05,0.0,nan,nan,nan
57.00023,1.545709e-05,0.0,nan,nan,nan
57.08365,1.545655e-05,0.0,nan,nan,nan
57.18086,1.546274e-05,0.0,nan,nan,nan
57.26459,1.545927e-05,0.0,nan,nan,nan
57.34804,1.546228e-05,0.0,nan,nan,nan
57.4317,1.545732e-05,0.0,nan,nan,nan
57.5155,1.545874e-05,0.0,nan,nan,nan
57.59937,1.545851e-05,0.0,nan,nan,nan
57.68313,1.545913e-05,0.0,nan,nan,nan
57.78796,1.545955e-05,0.0,nan,nan,nan
57.87168,1.545939e-05,0.0,nan,nan,nan
57.95607,1.546214e-05,0.0,nan,nan,nan
58.03984,1.546443e-05,0.0,nan,nan,nan
58.12367,1.546298e-05,0.0,nan,nan,nan
58.20711,1.545596e-05,0.0,nan,nan,nan
58.29065,1.546136e-05,0.0,nan,nan,nan
58.37423,1.54611e-05,0.0,nan,nan,nan
58.45787,1.546056e-05,0.0,nan,nan,nan
58.54156,1.545921e-05,0.0,nan,nan,nan
58.62546,1.545883e-05,0.0,nan,nan,nan
58.70907,1.545903e-05,0.0,nan,nan,nan
58.81366,1.545735e-05,0.0,nan,nan,nan
58.89719,1.545673e-05,0.0,nan,nan,nan
58.98077,1.545841e-05,0.0,nan,nan,nan
59.06439,1.545757e-05,0.0,nan,nan,nan
59.14832,1.545648e-05,0.0,nan,nan,nan
59.23186,1.546083e-05,0.0,nan,nan,nan
59.31555,1.546042e-05,0.0,nan,nan,nan
59.40888,1.54593e-05,0.0,nan,nan,nan
59.49251,1.546042e-05,0.0,nan,nan,nan
59.57625,1.54615e-05,0.0,nan,nan,nan
59.65958,1.545961e-05,0.0,nan,nan,nan
59.74305,1.545957e-05,0.0,nan,nan,nan
59.82649,1.546494e-05,0.0,nan,nan,nan
59.91006,1.54587e-05,0.0,nan,nan,nan
59.99646,1.545752e-05,0.0,nan,nan,nan
60.07993,1.546236e-05,0.0,nan,nan,nan
60.16356,1.545962e-05,0.0,nan,nan,nan
60.25818,1.546234e-05,0.0,nan,nan,nan
60.34181,1.545787e-05,0.0,nan,nan,nan
60.44218,1.546082e-05,0.0,nan,nan,nan
60.55709,1.545702e-05,0.0,nan,nan,nan
60.64597,1.54597e-05,0.0,nan,nan,nan
60.72981,1.546214e-05,0.0,nan,nan,nan
60.8135,1.54583e-05,0.0,nan,nan,nan
60.89724,1.546108e-05,0.0,nan,nan,nan
60.98068,1.545681e-05,0.0,nan,nan,nan
61.06418,1.546119e-05,0.0,nan,nan,nan
61.14795,1.545655e-05,0.0,nan,nan,nan
61.23868,1.545544e-05,0.0,nan,nan,nan
61.3226,1.545688e-05,0.0,nan,nan,nan
61.40634,1.545919e-05,0.0,nan,nan,nan
61.48989,1.545979e-05,0.0,nan,nan,nan
61.57373,1.545759e-05,0.0,nan,nan,nan
61.65742,1.545666e-05,0.0,nan,nan,nan
61.74111,1.545734e-05,0.0,nan,nan,nan
61.82535,1.545939e-05,0.0,nan,nan,nan
61.90905,1.545792e-05,0.0,nan,nan,nan
61.99252,1.546005e-05,0.0,nan,nan,nan
62.07605,1.545782e-05,0.0,nan,nan,nan
62.15942,1.545782e-05,0.0,nan,nan,nan
62.26322,1.545973e-05,0.0,nan,nan,nan
62.34699,1.545893e-05,0.0,nan,nan,nan
62.43064,1.545913e-05,0.0,nan,nan,nan
62.51449,1.546043e-05,0.0,nan,nan,nan
62.6403,1.546076e-05,0.0,nan,nan,nan
62.72388,1.545915e-05,0.0,nan,nan,nan
62.80745,1.545843e-05,0.0,nan,nan,nan
62.89098,1.545661e-05,0.0,nan,nan,nan
62.97464,1.545424e-05,0.0,nan,nan,nan
63.06109,1.546057e-05,0.0,nan,nan,nan
63.14457,1.545818e-05,0.0,nan,nan,nan
63.22844,1.545915e-05,0.0,nan,nan,nan
63.31205,1.546104e-05,0.0,nan,nan,nan
63.39555,1.546028e-05,0.0,nan,nan,nan
63.49432,1.545629e-05,0.0,nan,nan,nan
63.57945,1.545801e-05,0.0,nan,nan,nan
63.66288,1.545622e-05,0.0,nan,nan,nan
63.74679,1.545704e-05,0.0,nan,nan,nan
63.83033,1.545643e-05,0.0,nan,nan,nan
63.91392,1.54585e-05,0.0,nan,nan,nan
63.9973,1.545798e-05,0.0,nan,nan,nan
64.08082,1.545841e-05,0.0,nan,nan,nan
64.16482,1.54603e-05,0.0,nan,nan,nan
64.24874,1.546076e-05,0.0,nan,nan,nan
64.33237,1.545636e-05,0.0,nan,nan,nan
64.41635,1.545435e-05,0.0,nan,nan,nan
64.51176,1.545634e-05,0.0,nan,nan,nan
64.59543,1.545416e-05,0.0,nan,nan,nan
64.69274,1.545334e-05,0.0,nan,nan,nan
64.77654,1.545379e-05,0.0,nan,nan,nan
64.85993,1.545584e-05,0.0,nan,nan,nan
64.94342,1.545642e-05,0.0,nan,nan,nan
65.02684,1.545512e-05,0.0,nan,nan,nan
65.12011,1.54579e-05,0.0,nan,nan,nan
65.20453,1.545674e-05,0.0,nan,nan,nan
65.28793,1.545229e-05,0.0,nan,nan,nan
65.37159,1.54604e-05,0.0,nan,nan,nan
65.45536,1.545951e-05,0.0,nan,nan,nan
65.54735,1.545758e-05,0.0,nan,nan,nan
65.63109,1.545981e-05,0.0,nan,nan,nan
65.73983,1.546333e-05,0.0,nan,nan,nan
65.82358,1.545844e-05,0.0,nan,nan,nan
65.90729,1.545458e-05,0.0,nan,nan,nan
65.99086,1.545097e-05,0.0,nan,nan,nan
66.0746,1.545634e-05,0.0,nan,nan,nan
66.16121,1.545899e-05,0.0,nan,nan,nan
66.24487,1.545588e-05,0.0,nan,nan,nan
66.32968,1.545385e-05,0.0,nan,nan,nan
66.41362,1.545253e-05,0.0,nan,nan,nan
66.49733,1.545253e-05,0.0,nan,nan,nan
66.58154,1.545472e-05,0.0,nan,nan,nan
66.66525,1.545398e-05,0.0,nan,nan,nan
66.75742,1.54546e-05,0.0,nan,nan,nan
66.84101,1.545051e-05,0.0,nan,nan,nan
66.92468,1.545399e-05,0.0,nan,nan,nan
67.00843,1.545828e-05,0.0,nan,nan,nan
67.09209,1.545557e-05,0.0,nan,nan,nan
67.17576,1.545492e-05,0.0,nan,nan,nan
67.25968,1.545544e-05,0.0,nan,nan,nan
67.34317,1.545489e-05,0.0,nan,nan,nan
67.42695,1.545714e-05,0.0,nan,nan,nan
67.51052,1.545827e-05,0.0,nan,nan,nan
67.59421,1.546274e-05,0.0,nan,nan,nan
67.67845,1.545733e-05,0.0,nan,nan,nan
67.7841,1.545991e-05,0.0,nan,nan,nan
67.86795,1.546128e-05,0.0,nan,nan,nan
67.9514,1.545828e-05,0.0,nan,nan,nan
68.03504,1.545586e-05,0.0,nan,nan,nan
68.11889,1.545731e-05,0.0,nan,nan,nan
68.20836,1.54578e-05,0.0,nan,nan,nan
68.29225,1.545997e-05,0.0,nan,nan,nan
68.39743,1.546026e-05,0.0,nan,nan,nan
68.48135,1.54617e-05,0.0,nan,nan,nan
68.56516,1.545368e-05,0.0,nan,nan,nan
68.6489,1.545753e-05,0.0,nan,nan,nan
68.73278,1.545803e-05,0.0,nan,nan,nan
68.84468,1.545802e-05,0.0,nan,nan,nan
68.92848,1.545734e-05,0.0,nan,nan,nan
69.01215,1.545987e-05,0.0,nan,nan,nan
69.09592,1.545584e-05,0.0,nan,nan,nan
69.17954,1.545136e-05,0.0,nan,nan,nan
69.26319,1.545414e-05,0.0,nan,nan,nan
69.34656,1.545377e-05,0.0,nan,nan,nan
69.43144,1.545888e-05,0.0,nan,nan,nan
69.51526,1.546089e-05,0.0,nan,nan,nan
69.62469,1.545878e-05,0.0,nan,nan,nan
69.70854,1.545695e-05,0.0,nan,nan,nan
69.7929,1.54566e-05,0.0,nan,nan,nan
69.87668,1.546001e-05,0.0,nan,nan,nan
69.96022,1.545849e-05,0.0,nan,nan,nan
70.04387,1.546046e-05,0.0,nan,nan,nan
70.12742,1.54603e-05,0.0,nan,nan,nan
70.22045,1.546154e-05,0.0,nan,nan,nan
70.30402,1.545786e-05,0.0,nan,nan,nan
70.38779,1.545888e-05,0.0,nan,nan,nan
70.47145,1.54608e-05,0.0,nan,nan,nan
70.55509,1.546136e-05,0.0,nan,nan,nan
70.63869,1.545891e-05,0.0,nan,nan,nan
70.72235,1.54632e-05,0.0,nan,nan,nan
70.80691,1.545484e-05,0.0,nan,nan,nan
70.9083,1.545606e-05,0.0,nan,nan,nan
70.99242,1.545761e-05,0.0,nan,nan,nan
71.07589,1.545503e-05,0.0,nan,nan,nan
71.15946,1.54576e-05,0.0,nan,nan,nan
71.24322,1.545486e-05,0.0,nan,nan,nan
71.32671,1.545956e-05,0.0,nan,nan,nan
71.41023,1.545575e-05,0.0,nan,nan,nan
71.49392,1.545668e-05,0.0,nan,nan,nan
71.57759,1.545618e-05,0.0,nan,nan,nan
71.66146,1.546015e-05,0.0,nan,nan,nan
71.74529,1.545387e-05,0.0,nan,nan,nan
71.82991,1.545596e-05,0.0,nan,nan,nan
71.91378,1.545703e-05,0.0,nan,nan,nan
71.99766,1.545815e-05,0.0,nan,nan,nan
72.08176,1.545635e-05,0.0,nan,nan,nan
72.16528,1.545468e-05,0.0,nan,nan,nan
72.2721,1.545728e-05,0.0,nan,nan,nan
72.35559,1.545975e-05,0.0,nan,nan,nan
72.44054,1.546329e-05,0.0,nan,nan,nan
72.52441,1.545213e-05,0.0,nan,nan,nan
72.60817,1.545455e-05,0.0,nan,nan,nan
72.69547,1.545283e-05,0.0,nan,nan,nan
72.77922,1.546293e-05,0.0,nan,nan,nan
72.86286,1.545896e-05,0.0,nan,nan,nan
72.99192,1.545838e-05,0.0,nan,nan,nan
73.0923,1.546203e-05,0.0,nan,nan,nan
73.17571,1.545796e-05,0.0,nan,nan,nan
73.25929,1.546266e-05,0.0,nan,nan,nan
73.3428,1.545831e-05,0.0,nan,nan,nan
73.42643,1.545886e-05,0.0,nan,nan,nan
73.51008,1.545937e-05,0.0,nan,nan,nan
73.59379,1.54646e-05,0.0,nan,nan,nan
73.67766,1.545763e-05,0.0,nan,nan,nan
73.76145,1.545805e-05,0.0,nan,nan,nan
73.84528,1.546173e-05,0.0,nan,nan,nan
73.92891,1.546175e-05,0.0,nan,nan,nan
74.01268,1.545572e-05,0.0,nan,nan,nan
74.11394,1.545822e-05,0.0,nan,nan,nan
74.19817,1.546667e-05,0.0,nan,nan,nan
74.28204,1.546109e-05,0.0,nan,nan,nan
74.36561,1.546145e-05,0.0,nan,nan,nan
74.44951,1.545825e-05,0.0,nan,nan,nan
74.53304,1.546275e-05,0.0,nan,nan,nan
74.61655,1.545571e-05,0.0,nan,nan,nan
74.70959,1.545697e-05,0.0,nan,nan,nan
74.79316,1.545268e-05,0.0,nan,nan,nan
74.87658,1.54544e-05,0.0,nan,nan,nan
74.96021,1.545523e-05,0.0,nan,nan,nan
75.07484,1.545638e-05,0.0,nan,nan,nan
75.15866,1.545848e-05,0.0,nan,nan,nan
75.24256,1.545734e-05,0.0,nan,nan,nan
75.32622,1.546151e-05,0.0,nan,nan,nan
75.40967,1.545635e-05,0.0,nan,nan,nan
75.49328,1.54563e-05,0.0,nan,nan,nan
75.5768,1.545839e-05,0.0,nan,nan,nan
75.66066,1.545685e-05,0.0,nan,nan,nan
75.74416,1.545582e-05,0.0,nan,nan,nan
75.82802,1.54572e-05,0.0,nan,nan,nan
75.91203,1.545454e-05,0.0,nan,nan,nan
75.99577,1.54573e-05,0.0,nan,nan,nan
76.07941,1.545356e-05,0.0,nan,nan,nan
76.16289,1.545861e-05,0.0,nan,nan,nan
76.24662,1.545472e-05,0.0,nan,nan,nan
76.33041,1.545314e-05,0.0,nan,nan,nan
76.41419,1.545497e-05,0.0,nan,nan,nan
76.49821,1.545404e-05,0.0,nan,nan,nan
76.58184,1.545414e-05,0.0,nan,nan,nan
76.66534,1.545531e-05,0.0,nan,nan,nan
76.76317,1.545714e-05,0.0,nan,nan,nan
76.84683,1.545499e-05,0.0,nan,nan,nan
76.93058,1.545562e-05,0.0,nan,nan,nan
77.01432,1.54549e-05,0.0,nan,nan,nan
77.14185,1.545042e-05,0.0,nan,nan,nan
77.22564,1.545637e-05,0.0,nan,nan,nan
77.30928,1.54554e-05,0.0,nan,nan,nan
77.39291,1.5453e-05,0.0,nan,nan,nan
77.47678,1.545122e-05,0.0,nan,nan,nan
77.57149,1.54564e-05,0.0,nan,nan,nan
77.65532,1.545621e-05,0.0,nan,nan,nan
77.73904,1.545565e-05,0.0,nan,nan,nan
77.82266,1.545356e-05,0.0,nan,nan,nan
77.90639,1.54592e-05,0.0,nan,nan,nan
78.01091,1.545679e-05,0.0,nan,nan,nan
78.09477,1.54538e-05,0.0,nan,nan,nan
78.19902,1.545362e-05,0.0,nan,nan,nan
78.28253,1.545528e-05,0.0,nan,nan,nan
78.36621,1.545742e-05,0.0,nan,nan,nan
78.45011,1.545957e-05,0.0,nan,nan,nan
78.53369,1.5458e-05,0.0,nan,nan,nan
78.6171,1.545746e-05,0.0,nan,nan,nan
78.70077,1.546188e-05,0.0,nan,nan,nan
78.81079,1.545818e-05,0.0,nan,nan,nan
78.89478,1.545687e-05,0.0,nan,nan,nan
78.97845,1.545975e-05,0.0,nan,nan,nan
79.06217,1.545901e-05,0.0,nan,nan,nan
79.14599,1.545968e-05,0.0,nan,nan,nan
79.2295,1.545948e-05,0.0,nan,nan,nan
79.3132,1.546035e-05,0.0,nan,nan,nan
79.3972,1.546142e-05,0.0,nan,nan,nan
79.48091,1.545791e-05,0.0,nan,nan,nan
79.56483,1.545872e-05,0.0,nan,nan,nan
79.64847,1.54606e-05,0.0,nan,nan,nan
79.73231,1.546188e-05,0.0,nan,nan,nan
79.83509,1.545838e-05,0.0,nan,nan,nan
79.91867,1.54613e-05,0.0,nan,nan,nan
80.00243,1.545873e-05,0.0,nan,nan,nan
80.0862,1.545927e-05,0.0,nan,nan,nan
80.16994,1.546356e-05,0.0,nan,nan,nan
80.25352,1.545906e-05,0.0,nan,nan,nan
80.33718,1.545525e-05,0.0,nan,nan,nan
80.42104,1.545772e-05,0.0,nan,nan,nan
80.50489,1.54572e-05,0.0,nan,nan,nan
80.58855,1.545756e-05,0.0,nan,nan,nan
80.67246,1.545977e-05,0.0,nan,nan,nan
80.75629,1.545838e-05,0.0,nan,nan,nan
80.86104,1.545295e-05,0.0,nan,nan,nan
80.94478,1.545669e-05,0.0,nan,nan,nan
81.02833,1.545949e-05,0.0,nan,nan,nan
81.11216,1.54616e-05,0.0,nan,nan,nan
81.19589,1.545792e-05,0.0,nan,nan,nan
81.29361,1.545878e-05,0.0,nan,nan,nan
81.37734,1.545879e-05,0.0,nan,nan,nan
81.46841,1.545888e-05,0.0,nan,nan,nan
81.55227,1.545625e-05,0.0,nan,nan,nan
81.636,1.546211e-05,0.0,nan,nan,nan
81.71963,1.546123e-05,0.0,nan,nan,nan
81.80339,1.545616e-05,0.0,nan,nan,nan
81.88678,1.545529e-05,0.0,nan,nan,nan
81.97031,1.545926e-05,0.0,nan,nan,nan
82.06906,1.54599e-05,0.0,nan,nan,nan
82.15256,1.546062e-05,0.0,nan,nan,nan
82.23627,1.545623e-05,0.0,nan,nan,nan
82.31999,1.545644e-05,0.0,nan,nan,nan
82.40351,1.545894e-05,0.0,nan,nan,nan
82.48716,1.545996e-05,0.0,nan,nan,nan
82.571,1.545811e-05,0.0,nan,nan,nan
82.65618,1.545653e-05,0.0,nan,nan,nan
82.7399,1.545788e-05,0.0,nan,nan,nan
82.82388,1.545487e-05,0.0,nan,nan,nan
82.90783,1.545868e-05,0.0,nan,nan,nan
82.99157,1.54559e-05,0.0,nan,nan,nan
83.08995,1.545534e-05,0.0,nan,nan,nan
83.17379,1.54563e-05,0.0,nan,nan,nan
83.25906,1.546213e-05,0.0,nan,nan,nan
83.35958,1.545353e-05,0.0,nan,nan,nan
83.44327,1.545248e-05,0.0,nan,nan,nan
83.5271,1.545407e-05,0.0,nan,nan,nan
83.61077,1.545243e-05,0.0,nan,nan,nan
83.71151,1.545075e-05,0.0,nan,nan,nan
83.79527,1.545145e-05,0.0,nan,nan,nan
83.87865,1.545686e-05,0.0,nan,nan,nan
83.96268,1.545423e-05,0.0,nan,nan,nan
84.04668,1.545689e-05,0.0,nan,nan,nan
84.13025,1.545113e-05,0.0,nan,nan,nan
84.21363,1.545217e-05,0.0,nan,nan,nan
84.30115,1.545402e-05,0.0,nan,nan,nan
84.38458,1.545572e-05,0.0,nan,nan,nan
84.46812,1.545222e-05,0.0,nan,nan,nan
84.55177,1.54536e-05,0.0,nan,nan,nan
84.63538,1.54531e-05,0.0,nan,nan,nan
84.72064,1.545362e-05,0.0,nan,nan,nan
84.80452,1.545678e-05,0.0,nan,nan,nan
84.88961,1.545513e-05,0.0,nan,nan,nan
84.97353,1.545446e-05,0.0,nan,nan,nan
85.05738,1.54489e-05,0.0,nan,nan,nan
85.14132,1.545299e-05,0.0,nan,nan,nan
85.2252,1.545464e-05,0.0,nan,nan,nan
85.32871,1.545142e-05,0.0,nan,nan,nan
85.41238,1.545131e-05,0.0,nan,nan,nan
85.49625,1.545062e-05,0.0,nan,nan,nan
85.57964,1.545148e-05,0.0,nan,nan,nan
85.66343,1.545471e-05,0.0,nan,nan,nan
85.74723,1.545684e-05,0.0,nan,nan,nan
85.83099,1.545678e-05,0.0,nan,nan,nan
85.91436,1.545694e-05,0.0,nan,nan,nan
85.9982,1.54565e-05,0.0,nan,nan,nan
86.08171,1.545762e-05,0.0,nan,nan,nan
86.16532,1.545304e-05,0.0,nan,nan,nan
86.24889,1.545469e-05,0.0,nan,nan,nan
86.3532,1.545338e-05,0.0,nan,nan,nan
86.43723,1.546052e-05,0.0,nan,nan,nan
86.52103,1.545183e-05,0.0,nan,nan,nan
86.60486,1.545479e-05,0.0,nan,nan,nan
86.68859,1.54567e-05,0.0,nan,nan,nan
86.77242,1.545685e-05,0.0,nan,nan,nan
86.8562,1.545625e-05,0.0,nan,nan,nan
86.96214,1.545585e-05,0.0,nan,nan,nan
87.04574,1.545462e-05,0.0,nan,nan,nan
87.12977,1.545583e-05,0.0,nan,nan,nan
87.21349,1.545096e-05,0.0,nan,nan,nan
87.29726,1.545808e-05,0.0,nan,nan,nan
87.38104,1.545355e-05,0.0,nan,nan,nan
87.48803,1.545271e-05,0.0,nan,nan,nan
87.57175,1.545444e-05,0.0,nan,nan,nan
87.65566,1.545529e-05,0.0,nan,nan,nan
87.75977,1.545632e-05,0.0,nan,nan,nan
87.84337,1.54606e-05,0.0,nan,nan,nan
87.92687,1.545559e-05,0.0,nan,nan,nan
88.01037,1.545777e-05,0.0,nan,nan,nan
88.0944,1.545628e-05,0.0,nan,nan,nan
88.17811,1.54551e-05,0.0,nan,nan,nan
88.26201,1.545515e-05,0.0,nan,nan,nan
88.34537,1.546021e-05,0.0,nan,nan,nan
88.42938,1.545473e-05,0.0,nan,nan,nan
88.51313,1.545091e-05,0.0,nan,nan,nan
88.59692,1.545115e-05,0.0,nan,nan,nan
88.68064,1.545384e-05,0.0,nan,nan,nan
88.77615,1.545408e-05,0.0,nan,nan,nan
88.85973,1.545336e-05,0.0,nan,nan,nan
88.94327,1.545363e-05,0.0,nan,nan,nan
89.02683,1.545378e-05,0.0,nan,nan,nan
89.11052,1.545112e-05,0.0,nan,nan,nan
89.20751,1.545481e-05,0.0,nan,nan,nan
89.2912,1.54541e-05,0.0,nan,nan,nan
89.37469,1.54536e-05,0.0,nan,nan,nan
89.45839,1.545468e-05,0.0,nan,nan,nan
89.54241,1.545262e-05,0.0,nan,nan,nan
89.62591,1.54532e-05,0.0,nan,nan,nan
89.70966,1.545704e-05,0.0,nan,nan,nan
89.80439,1.545555e-05,0.0,nan,nan,nan
89.88792,1.545535e-05,0.0,nan,nan,nan
89.97163,1.545676e-05,0.0,nan,nan,nan
90.0556,1.545744e-05,0.0,nan,nan,nan
90.13925,1.545694e-05,0.0,nan,nan,nan
90.22413,1.545408e-05,0.0,nan,nan,nan
90.30767,1.54565e-05,0.0,nan,nan,nan
90.39131,1.545599e-05,0.0,nan,nan,nan
90.47537,1.545608e-05,0.0,nan,nan,nan
90.55887,1.545338e-05,0.0,nan,nan,nan
90.64279,1.545613e-05,0.0,nan,nan,nan
90.7265,1.545796e-05,0.0,nan,nan,nan
90.82745,1.54537e-05,0.0,nan,nan,nan
90.91091,1.545059e-05,0.0,nan,nan,nan
90.99464,1.545148e-05,0.0,nan,nan,nan
91.07825,1.545079e-05,0.0,nan,nan,nan
91.16218,1.545163e-05,0.0,nan,nan,nan
91.24598,1.545517e-05,0.0,nan,nan,nan
91.32973,1.545319e-05,0.0,nan,nan,nan
91.41348,1.545259e-05,0.0,nan,nan,nan
91.49737,1.545266e-05,0.0,nan,nan,nan
91.60856,1.545715e-05,0.0,nan,nan,nan
91.69209,1.545388e-05,0.0,nan,nan,nan
91.77587,1.545304e-05,0.0,nan,nan,nan
91.86116,1.545308e-05,0.0,nan,nan,nan
91.94485,1.545497e-05,0.0,nan,nan,nan
92.02933,1.544959e-05,0.0,nan,nan,nan
92.11306,1.545422e-05,0.0,nan,nan,nan
92.1968,1.545545e-05,0.0,nan,nan,nan
92.28067,1.545445e-05,0.0,nan,nan,nan
92.36461,1.545167e-05,0.0,nan,nan,nan
92.4758,1.54471e-05,0.0,nan,nan,nan
92.5594,1.545221e-05,0.0,nan,nan,nan
92.64302,1.545481e-05,0.0,nan,nan,nan
92.72673,1.545509e-05,0.0,nan,nan,nan
92.81028,1.545237e-05,0.0,nan,nan,nan
92.8939,1.545232e-05,0.0,nan,nan,nan
92.97754,1.545278e-05,0.0,nan,nan,nan
93.07616,1.545376e-05,0.0,nan,nan,nan
93.15978,1.545238e-05,0.0,nan,nan,nan
93.24368,1.545211e-05,0.0,nan,nan,nan
93.32737,1.545391e-05,0.0,nan,nan,nan
93.41089,1.545539e-05,0.0,nan,nan,nan
93.50247,1.544909e-05,0.0,nan,nan,nan
93.58633,1.545498e-05,0.0,nan,nan,nan
93.67376,1.545379e-05,0.0,nan,nan,nan
93.7575,1.545205e-05,0.0,nan,nan,nan
93.84126,1.545913e-05,0.0,nan,nan,nan
93.92486,1.545521e-05,0.0,nan,nan,nan
94.00861,1.545758e-05,0.0,nan,nan,nan
94.11031,1.545623e-05,0.0,nan,nan,nan
94.19402,1.545542e-05,0.0,nan,nan,nan
94.27765,1.545203e-05,0.0,nan,nan,nan
94.36118,1.545423e-05,0.0,nan,nan,nan
94.44498,1.545335e-05,0.0,nan,nan,nan
94.52885,1.545814e-05,0.0,nan,nan,nan
94.61262,1.545157e-05,0.0,nan,nan,nan
94.69637,1.545271e-05,0.0,nan,nan,nan
94.78027,1.54537e-05,0.0,nan,nan,nan
94.86406,1.545536e-05,0.0,nan,nan,nan
94.94773,1.545282e-05,0.0,nan,nan,nan
95.03161,1.545574e-05,0.0,nan,nan,nan
95.12788,1.545747e-05,0.0,nan,nan,nan
95.21166,1.545874e-05,0.0,nan,nan,nan
95.29548,1.545301e-05,0.0,nan,nan,nan
95.3791,1.545284e-05,0.0,nan,nan,nan
95.46287,1.545596e-05,0.0,nan,nan,nan
95.54678,1.545651e-05,0.0,nan,nan,nan
95.63052,1.545475e-05,0.0,nan,nan,nan
95.73969,1.545439e-05,0.0,nan,nan,nan
95.82317,1.545507e-05,0.0,nan,nan,nan
95.90841,1.545445e-05,0.0,nan,nan,nan
95.99224,1.545467e-05,0.0,nan,nan,nan
96.07598,1.545636e-05,0.0,nan,nan,nan
96.15948,1.545205e-05,0.0,nan,nan,nan
96.24306,1.545184e-05,0.0,nan,nan,nan
96.3425,1.545714e-05,0.0,nan,nan,nan
96.42636,1.545797e-05,0.0,nan,nan,nan
96.51013,1.545502e-05,0.0,nan,nan,nan
96.59373,1.546028e-05,0.0,nan,nan,nan
96.67741,1.545678e-05,0.0,nan,nan,nan
96.76115,1.545496e-05,0.0,nan,nan,nan
96.84485,1.545488e-05,0.0,nan,nan,nan
96.92868,1.545324e-05,0.0,nan,nan,nan
97.01241,1.545812e-05,0.0,nan,nan,nan
97.09597,1.545653e-05,0.0,nan,nan,nan
97.17982,1.545579e-05,0.0,nan,nan,nan
97.2636,1.545816e-05,0.0,nan,nan,nan
97.35348,1.545746e-05,0.0,nan,nan,nan
97.43723,1.545595e-05,0.0,nan,nan,nan
97.52094,1.545706e-05,0.0,nan,nan,nan
97.60473,1.545616e-05,0.0,nan,nan,nan
97.68867,1.54564e-05,0.0,nan,nan,nan
97.81837,1.545315e-05,0.0,nan,nan,nan
97.9023,1.545771e-05,0.0,nan,nan,nan
97.98624,1.545351e-05,0.0,nan,nan,nan
98.06982,1.545396e-05,0.0,nan,nan,nan
98.15935,1.545208e-05,0.0,nan,nan,nan
98.2433,1.54552e-05,0.0,nan,nan,nan
98.32666,1.545578e-05,0.0,nan,nan,nan
98.41046,1.545358e-05,0.0,nan,nan,nan
98.49414,1.545668e-05,0.0,nan,nan,nan
98.57862,1.545519e-05,0.0,nan,nan,nan
98.66227,1.545469e-05,0.0,nan,nan,nan
98.74872,1.545089e-05,0.0,nan,nan,nan
98.83261,1.544748e-05,0.0,nan,nan,nan
98.91653,1.545103e-05,0.0,nan,nan,nan
99.00017,1.545131e-05,0.0,nan,nan,nan
99.08363,1.545275e-05,0.0,nan,nan,nan
99.16716,1.545244e-05,0.0,nan,nan,nan
99.25065,1.544921e-05,0.0,nan,nan,nan
99.33442,1.545185e-05,0.0,nan,nan,nan
99.41803,1.545708e-05,0.0,nan,nan,nan
99.50184,1.545637e-05,0.0,nan,nan,nan
99.58537,1.545379e-05,0.0,nan,nan,nan
99.66923,1.545563e-05,0.0,nan,nan,nan
99.75278,1.545529e-05,0.0,nan,nan,nan
99.875,1.545558e-05,0.0,nan,nan,nan
99.95895,1.545675e-05,0.0,nan,nan,nan
100.0426,1.546134e-05,0.0,nan,nan,nan
100.1261,1.545676e-05,0.0,nan,nan,nan
100.2355,1.545513e-05,0.0,nan,nan,nan
100.3191,1.545573e-05,0.0,nan,nan,nan
100.4034,1.545703e-05,0.0,nan,nan,nan
100.4872,1.545524e-05,0.0,nan,nan,nan
100.571,1.545249e-05,0.0,nan,nan,nan
100.6546,1.545109e-05,0.0,nan,nan,nan
100.7385,1.545083e-05,0.0,nan,nan,nan
100.8306,1.545144e-05,0.0,nan,nan,nan
100.9145,1.545073e-05,0.0,nan,nan,nan
100.9995,1.545079e-05,0.0,nan,nan,nan
101.0831,1.545049e-05,0.0,nan,nan,nan
101.1668,1.545617e-05,0.0,nan,nan,nan
101.2503,1.545392e-05,0.0,nan,nan,nan
101.3341,1.545247e-05,0.0,nan,nan,nan
101.4178,1.54552e-05,0.0,nan,nan,nan
101.5015,1.54568e-05,0.0,nan,nan,nan
101.5851,1.545711e-05,0.0,nan,nan,nan
101.6686,1.545374e-05,0.0,nan,nan,nan
101.7523,1.545726e-05,0.0,nan,nan,nan
101.8357,1.54554e-05,0.0,nan,nan,nan
101.9416,1.545271e-05,0.0,nan,nan,nan
102.0259,1.545499e-05,0.0,nan,nan,nan
102.1095,1.54547e-05,0.0,nan,nan,nan
102.1932,1.545264e-05,0.0,nan,nan,nan
102.2767,1.54553e-05,0.0,nan,nan,nan
102.3605,1.545636e-05,0.0,nan,nan,nan
102.4445,1.545872e-05,0.0,nan,nan,nan
102.5282,1.545198e-05,0.0,nan,nan,nan
102.6118,1.545372e-05,0.0,nan,nan,nan
102.6956,1.545661e-05,0.0,nan,nan,nan
102.7795,1.545205e-05,0.0,nan,nan,nan
102.8658,1.545262e-05,0.0,nan,nan,nan
102.9498,1.54515e-05,0.0,nan,nan,nan
103.0332,1.545495e-05,0.0,nan,nan,nan
103.1167,1.545497e-05,0.0,nan,nan,nan
103.2005,1.54574e-05,0.0,nan,nan,nan
103.284,1.545097e-05,0.0,nan,nan,nan
103.3678,1.545412e-05,0.0,nan,nan,nan
103.4513,1.545023e-05,0.0,nan,nan,nan
103.5348,1.545247e-05,0.0,nan,nan,nan
103.6186,1.54514e-05,0.0,nan,nan,nan
103.7092,1.545574e-05,0.0,nan,nan,nan
103.7928,1.545387e-05,0.0,nan,nan,nan
103.8763,1.544893e-05,0.0,nan,nan,nan
103.9601,1.544919e-05,0.0,nan,nan,nan
104.0435,1.544961e-05,0.0,nan,nan,nan
104.1271,1.54581e-05,0.0,nan,nan,nan
104.2106,1.545101e-05,0.0,nan,nan,nan
104.3063,1.54517e-05,0.0,nan,nan,nan
104.3901,1.545226e-05,0.0,nan,nan,nan
104.4938,1.54547e-05,0.0,nan,nan,nan
104.5775,1.545162e-05,0.0,nan,nan,nan
104.6613,1.54533e-05,0.0,nan,nan,nan
104.7449,1.545374e-05,0.0,nan,nan,nan
104.8287,1.545539e-05,0.0,nan,nan,nan
104.9239,1.545273e-05,0.0,nan,nan,nan
105.0078,1.545574e-05,0.0,nan,nan,nan
105.0918,1.544962e-05,0.0,nan,nan,nan
105.1756,1.545336e-05,0.0,nan,nan,nan
105.2595,1.545218e-05,0.0,nan,nan,nan
105.343,1.545321e-05,0.0,nan,nan,nan
105.4264,1.545405e-05,0.0,nan,nan,nan
105.5328,1.545554e-05,0.0,nan,nan,nan
105.6162,1.545436e-05,0.0,nan,nan,nan
105.6997,1.545175e-05,0.0,nan,nan,nan
105.7834,1.545056e-05,0.0,nan,nan,nan
105.8672,1.545084e-05,0.0,nan,nan,nan
105.9505,1.545083e-05,0.0,nan,nan,nan
106.0342,1.544643e-05,0.0,nan,nan,nan
106.1177,1.545189e-05,0.0,nan,nan,nan
106.2013,1.544833e-05,0.0,nan,nan,nan
106.2848,1.544795e-05,0.0,nan,nan,nan
106.3686,1.545221e-05,0.0,nan,nan,nan
106.4521,1.545088e-05,0.0,nan,nan,nan
106.5443,1.545197e-05,0.0,nan,nan,nan
106.6278,1.545397e-05,0.0,nan,nan,nan
106.7112,1.545791e-05,0.0,nan,nan,nan
106.7947,1.545365e-05,0.0,nan,nan,nan
106.8785,1.545288e-05,0.0,nan,nan,nan
106.9631,1.545693e-05,0.0,nan,nan,nan
107.0469,1.5453e-05,0.0,nan,nan,nan
107.1306,1.545425e-05,0.0,nan,nan,nan
107.2144,1.545272e-05,0.0,nan,nan,nan
107.2981,1.545542e-05,0.0,nan,nan,nan
107.382,1.545627e-05,0.0,nan,nan,nan
107.4656,1.545196e-05,0.0,nan,nan,nan
107.5549,1.545435e-05,0.0,nan,nan,nan
107.6388,1.545556e-05,0.0,nan,nan,nan
107.7226,1.544928e-05,0.0,nan,nan,nan
107.8063,1.545109e-05,0.0,nan,nan,nan
107.8899,1.545442e-05,0.0,nan,nan,nan
107.9735,1.545141e-05,0.0,nan,nan,nan
108.0574,1.545201e-05,0.0,nan,nan,nan
108.1421,1.545547e-05,0.0,nan,nan,nan
108.2255,1.545597e-05,0.0,nan,nan,nan
108.3091,1.54541e-05,0.0,nan,nan,nan
108.3926,1.545301e-05,0.0,nan,nan,nan
108.4761,1.545586e-05,0.0,nan,nan,nan
108.5752,1.545433e-05,0.0,nan,nan,nan
108.6586,1.545308e-05,0.0,nan,nan,nan
108.7428,1.545533e-05,0.0,nan,nan,nan
108.8265,1.545754e-05,0.0,nan,nan,nan
108.9101,1.545825e-05,0.0,nan,nan,nan
108.9964,1.545575e-05,0.0,nan,nan,nan
109.0802,1.54539e-05,0.0,nan,nan,nan
109.1637,1.545406e-05,0.0,nan,nan,nan
109.2471,1.545374e-05,0.0,nan,nan,nan
109.331,1.545601e-05,0.0,nan,nan,nan
109.4147,1.545543e-05,0.0,nan,nan,nan
109.4982,1.545382e-05,0.0,nan,nan,nan
109.5828,1.545593e-05,0.0,nan,nan,nan
109.6662,1.545319e-05,0.0,nan,nan,nan
109.7496,1.545752e-05,0.0,nan,nan,nan
109.8332,1.545375e-05,0.0,nan,nan,nan
109.9171,1.545051e-05,0.0,nan,nan,nan
110.0055,1.545141e-05,0.0,nan,nan,nan
110.0892,1.545133e-05,0.0,nan,nan,nan
110.173,1.545646e-05,0.0,nan,nan,nan
110.2585,1.545291e-05,0.0,nan,nan,nan
110.3419,1.54525e-05,0.0,nan,nan,nan
110.4255,1.545135e-05,0.0,nan,nan,nan
110.5091,1.545569e-05,0.0,nan,nan,nan
110.593,1.545076e-05,0.0,nan,nan,nan
110.6766,1.545102e-05,0.0,nan,nan,nan
110.7603,1.544866e-05,0.0,nan,nan,nan
110.8441,1.545372e-05,0.0,nan,nan,nan
110.9275,1.545332e-05,0.0,nan,nan,nan
111.0251,1.545461e-05,0.0,nan,nan,nan
111.1089,1.545684e-05,0.0,nan,nan,nan
111.1929,1.545465e-05,0.0,nan,nan,nan
111.2767,1.545871e-05,0.0,nan,nan,nan
111.3602,1.545205e-05,0.0,nan,nan,nan
111.4591,1.545576e-05,0.0,nan,nan,nan
111.5426,1.544809e-05,0.0,nan,nan,nan
111.6261,1.545574e-05,0.0,nan,nan,nan
111.7097,1.545147e-05,0.0,nan,nan,nan
111.7932,1.545534e-05,0.0,nan,nan,nan
111.8768,1.545773e-05,0.0,nan,nan,nan
111.9605,1.545768e-05,0.0,nan,nan,nan
112.0571,1.545541e-05,0.0,nan,nan,nan
112.1409,1.545663e-05,0.0,nan,nan,nan
112.2251,1.545181e-05,0.0,nan,nan,nan
112.339,1.54504e-05,0.0,nan,nan,nan
112.4229,1.545361e-05,0.0,nan,nan,nan
112.5067,1.545006e-05,0.0,nan,nan,nan
112.5905,1.545499e-05,0.0,nan,nan,nan
112.6739,1.545392e-05,0.0,nan,nan,nan
112.7576,1.545047e-05,0.0,nan,nan,nan
112.8413,1.545063e-05,0.0,nan,nan,nan
112.9251,1.545088e-05,0.0,nan,nan,nan
113.0088,1.54476e-05,0.0,nan,nan,nan
113.0925,1.545296e-05,0.0,nan,nan,nan
113.1761,1.544899e-05,0.0,nan,nan,nan
113.2731,1.545547e-05,0.0,nan,nan,nan
113.3569,1.545305e-05,0.0,nan,nan,nan
113.4405,1.545424e-05,0.0,nan,nan,nan
113.5241,1.545313e-05,0.0,nan,nan,nan
113.6077,1.545278e-05,0.0,nan,nan,nan
113.6913,1.545297e-05,0.0,nan,nan,nan
113.775,1.545216e-05,0.0,nan,nan,nan
113.8591,1.545214e-05,0.0,nan,nan,nan
113.9427,1.545016e-05,0.0,nan,nan,nan
114.0285,1.545605e-05,0.0,nan,nan,nan
114.1121,1.545555e-05,0.0,nan,nan,nan
114.1956,1.545217e-05,0.0,nan,nan,nan
114.2875,1.545332e-05,0.0,nan,nan,nan
114.3918,1.545661e-05,0.0,nan,nan,nan
114.4896,1.545164e-05,0.0,nan,nan,nan
114.5732,1.545507e-05,0.0,nan,nan,nan
114.6569,1.545331e-05,0.0,nan,nan,nan
114.7407,1.545151e-05,0.0,nan,nan,nan
114.8245,1.545061e-05,0.0,nan,nan,nan
114.9085,1.545656e-05,0.0,nan,nan,nan
114.9923,1.545621e-05,0.0,nan,nan,nan
115.0763,1.545592e-05,0.0,nan,nan,nan
115.1602,1.545523e-05,0.0,nan,nan,nan
115.2437,1.546026e-05,0.0,nan,nan,nan
115.3272,1.54591e-05,0.0,nan,nan,nan
115.4106,1.545448e-05,0.0,nan,nan,nan
115.5101,1.545768e-05,0.0,nan,nan,nan
115.5938,1.545481e-05,0.0,nan,nan,nan
115.6775,1.545482e-05,0.0,nan,nan,nan
115.761,1.545584e-05,0.0,nan,nan,nan
115.8445,1.545519e-05,0.0,nan,nan,nan
115.9279,1.545762e-05,0.0,nan,nan,nan
116.0115,1.545222e-05,0.0,nan,nan,nan
116.0951,1.54554e-05,0.0,nan,nan,nan
116.1788,1.545871e-05,0.0,nan,nan,nan
116.2625,1.545848e-05,0.0,nan,nan,nan
116.3461,1.545681e-05,0.0,nan,nan,nan
116.4673,1.545148e-05,0.0,nan,nan,nan
116.5507,1.545258e-05,0.0,nan,nan,nan
116.6352,1.545697e-05,0.0,nan,nan,nan
116.7437,1.545285e-05,0.0,nan,nan,nan
116.8276,1.54561e-05,0.0,nan,nan,nan
116.9287,1.545038e-05,0.0,nan,nan,nan
117.0125,1.545398e-05,0.0,nan,nan,nan
117.0962,1.545325e-05,0.0,nan,nan,nan
117.1799,1.545446e-05,0.0,nan,nan,nan
117.2635,1.545216e-05,0.0,nan,nan,nan
117.3522,1.545554e-05,0.0,nan,nan,nan
117.436,1.545066e-05,0.0,nan,nan,nan
117.5197,1.545665e-05,0.0,nan,nan,nan
117.6036,1.545424e-05,0.0,nan,nan,nan
117.6873,1.545227e-05,0.0,nan,nan,nan
117.7711,1.545296e-05,0.0,nan,nan,nan
117.8549,1.545242e-05,0.0,nan,nan,nan
117.9383,1.545373e-05,0.0,nan,nan,nan
118.0222,1.545547e-05,0.0,nan,nan,nan
118.1061,1.545467e-05,0.0,nan,nan,nan
118.1898,1.54535e-05,0.0,nan,nan,nan
118.2736,1.545301e-05,0.0,nan,nan,nan
118.3581,1.545151e-05,0.0,nan,nan,nan
118.442,1.545233e-05,0.0,nan,nan,nan
118.5329,1.545121e-05,0.0,nan,nan,nan
118.6167,1.545445e-05,0.0,nan,nan,nan
118.7004,1.545325e-05,0.0,nan,nan,nan
118.7941,1.545298e-05,0.0,nan,nan,nan
118.8778,1.545542e-05,0.0,nan,nan,nan
118.9618,1.545156e-05,0.0,nan,nan,nan
119.0456,1.545296e-05,0.0,nan,nan,nan
119.1292,1.545448e-05,0.0,nan,nan,nan
119.2127,1.545258e-05,0.0,nan,nan,nan
119.2962,1.544695e-05,0.0,nan,nan,nan
119.3797,1.545618e-05,0.0,nan,nan,nan
119.4636,1.545403e-05,0.0,nan,nan,nan
119.5474,1.545485e-05,0.0,nan,nan,nan
119.631,1.545334e-05,0.0,nan,nan,nan
119.715,1.545243e-05,0.0,nan,nan,nan
119.8226,1.545306e-05,0.0,nan,nan,nan
119.9062,1.54543e-05,0.0,nan,nan,nan
119.99,1.545076e-05,0.0,nan,nan,nan
120.0738,1.545228e-05,0.0,nan,nan,nan
120.1575,1.545084e-05,0.0,nan,nan,nan
120.2411,1.54494e-05,0.0,nan,nan,nan
120.3251,1.545255e-05,0.0,nan,nan,nan
120.4087,1.544939e-05,0.0,nan,nan,nan
120.4922,1.545122e-05,0.0,nan,nan,nan
120.6021,1.54537e-05,0.0,nan,nan,nan
120.686,1.545424e-05,0.0,nan,nan,nan
120.7698,1.545836e-05,0.0,nan,nan,nan
120.8535,1.545369e-05,0.0,nan,nan,nan
120.9371,1.545384e-05,0.0,nan,nan,nan
121.0377,1.545523e-05,0.0,nan,nan,nan
121.1215,1.545029e-05,0.0,nan,nan,nan
121.2083,1.545861e-05,0.0,nan,nan,nan
121.2919,1.545447e-05,0.0,nan,nan,nan
121.376,1.545025e-05,0.0,nan,nan,nan
121.4732,1.545222e-05,0.0,nan,nan,nan
121.557,1.545148e-05,0.0,nan,nan,nan
121.6583,1.544996e-05,0.0,nan,nan,nan
121.7423,1.545313e-05,0.0,nan,nan,nan
121.8258,1.545309e-05,0.0,nan,nan,nan
121.9096,1.54516e-05,0.0,nan,nan,nan
121.9932,1.545292e-05,0.0,nan,nan,nan
122.0769,1.545336e-05,0.0,nan,nan,nan
122.1607,1.545433e-05,0.0,nan,nan,nan
122.2595,1.545585e-05,0.0,nan,nan,nan
122.3432,1.54494e-05,0.0,nan,nan,nan
122.4267,1.545339e-05,0.0,nan,nan,nan
122.5104,1.545436e-05,0.0,nan,nan,nan
122.5941,1.545159e-05,0.0,nan,nan,nan
122.6778,1.545311e-05,0.0,nan,nan,nan
122.7615,1.545481e-05,0.0,nan,nan,nan
122.8454,1.545475e-05,0.0,nan,nan,nan
122.9292,1.545567e-05,0.0,nan,nan,nan
123.0131,1.545238e-05,0.0,nan,nan,nan
123.0967,1.545616e-05,0.0,nan,nan,nan
123.1804,1.545541e-05,0.0,nan,nan,nan
123.2746,1.545599e-05,0.0,nan,nan,nan
123.3587,1.545656e-05,0.0,nan,nan,nan
123.4427,1.545129e-05,0.0,nan,nan,nan
123.5261,1.545346e-05,0.0,nan,nan,nan
123.6098,1.545205e-05,0.0,nan,nan,nan
123.7073,1.545517e-05,0.0,nan,nan,nan
123.7908,1.545339e-05,0.0,nan,nan,nan
123.8747,1.545658e-05,0.0,nan,nan,nan
123.9586,1.545528e-05,0.0,nan,nan,nan
124.0424,1.545591e-05,0.0,nan,nan,nan
124.1258,1.54582e-05,0.0,nan,nan,nan
124.2095,1.545537e-05,0.0,nan,nan,nan
124.3038,1.545446e-05,0.0,nan,nan,nan
124.3876,1.545697e-05,0.0,nan,nan,nan
124.4713,1.545356e-05,0.0,nan,nan,nan
124.555,1.545467e-05,0.0,nan,nan,nan
124.6386,1.545445e-05,0.0,nan,nan,nan
124.7364,1.545568e-05,0.0,nan,nan,nan
124.82,1.54594e-05,0.0,nan,nan,nan
124.9257,1.545787e-05,0.0,nan,nan,nan
125.0091,1.545552e-05,0.0,nan,nan,nan
125.0925,1.545509e-05,0.0,nan,nan,nan
125.176,1.545757e-05,0.0,nan,nan,nan
125.2594,1.545229e-05,0.0,nan,nan,nan
125.3429,1.545432e-05,0.0,nan,nan,nan
125.4264,1.545582e-05,0.0,nan,nan,nan
125.5235,1.545698e-05,0.0,nan,nan,nan
125.6075,1.545358e-05,0.0,nan,nan,nan
125.6909,1.545311e-05,0.0,nan,nan,nan
125.7747,1.545235e-05,0.0,nan,nan,nan
125.8584,1.54562e-05,0.0,nan,nan,nan
125.942,1.545547e-05,0.0,nan,nan,nan
126.0258,1.545538e-05,0.0,nan,nan,nan
126.1107,1.545354e-05,0.0,nan,nan,nan
126.1944,1.545382e-05,0.0,nan,nan,nan
126.2782,1.545353e-05,0.0,nan,nan,nan
126.3618,1.545263e-05,0.0,nan,nan,nan
126.4457,1.545153e-05,0.0,nan,nan,nan
126.5368,1.545265e-05,0.0,nan,nan,nan
126.6205,1.544951e-05,0.0,nan,nan,nan
126.7042,1.545144e-05,0.0,nan,nan,nan
126.8249,1.544701e-05,0.0,nan,nan,nan
126.9097,1.545185e-05,0.0,nan,nan,nan
126.9931,1.545295e-05,0.0,nan,nan,nan
127.0767,1.545352e-05,0.0,nan,nan,nan
127.1619,1.545342e-05,0.0,nan,nan,nan
127.2455,1.545304e-05,0.0,nan,nan,nan
127.3558,1.545541e-05,0.0,nan,nan,nan
127.4392,1.545205e-05,0.0,nan,nan,nan
127.5235,1.545509e-05,0.0,nan,nan,nan
127.6069,1.5456e-05,0.0,nan,nan,nan
127.6906,1.545464e-05,0.0,nan,nan,nan
127.7743,1.545495e-05,0.0,nan,nan,nan
127.8582,1.545556e-05,0.0,nan,nan,nan
127.9428,1.545143e-05,0.0,nan,nan,nan
128.0263,1.54529e-05,0.0,nan,nan,nan
128.11,1.5452e-05,0.0,nan,nan,nan
128.1937,1.545262e-05,0.0,nan,nan,nan
128.2773,1.545483e-05,0.0,nan,nan,nan
128.3735,1.545478e-05,0.0,nan,nan,nan
128.4574,1.545582e-05,0.0,nan,nan,nan
128.5423,1.545411e-05,0.0,nan,nan,nan
128.6257,1.545633e-05,0.0,nan,nan,nan
128.7093,1.545116e-05,0.0,nan,nan,nan
128.7929,1.544999e-05,0.0,nan,nan,nan
128.9049,1.545164e-05,0.0,nan,nan,nan
128.9886,1.545409e-05,0.0,nan,nan,nan
129.0723,1.544921e-05,0.0,nan,nan,nan
129.1568,1.545261e-05,0.0,nan,nan,nan
129.2407,1.545016e-05,0.0,nan,nan,nan
129.3247,1.54505e-05,0.0,nan,nan,nan
129.4087,1.54537e-05,0.0,nan,nan,nan
129.4923,1.545006e-05,0.0,nan,nan,nan
129.5955,1.545117e-05,0.0,nan,nan,nan
129.6793,1.54499e-05,0.0,nan,nan,nan
129.7637,1.544761e-05,0.0,nan,nan,nan
129.8473,1.54505e-05,0.0,nan,nan,nan
129.9312,1.545113e-05,0.0,nan,nan,nan
130.015,1.545308e-05,0.0,nan,nan,nan
130.0986,1.545116e-05,0.0,nan,nan,nan
130.1832,1.545111e-05,0.0,nan,nan,nan
130.267,1.545063e-05,0.0,nan,nan,nan
130.3504,1.545638e-05,0.0,nan,nan,nan
130.4341,1.545481e-05,0.0,nan,nan,nan
130.5178,1.545231e-05,0.0,nan,nan,nan
130.6069,1.545157e-05,0.0,nan,nan,nan
130.6905,1.5454e-05,0.0,nan,nan,nan
130.7744,1.545553e-05,0.0,nan,nan,nan
130.8582,1.54561e-05,0.0,nan,nan,nan
130.9639,1.54521e-05,0.0,nan,nan,nan
131.0476,1.545478e-05,0.0,nan,nan,nan
131.1319,1.545424e-05,0.0,nan,nan,nan
131.225,1.545361e-05,0.0,nan,nan,nan
131.3088,1.545343e-05,0.0,nan,nan,nan
131.3925,1.544868e-05,0.0,nan,nan,nan
131.4764,1.545468e-05,0.0,nan,nan,nan
131.5602,1.545411e-05,0.0,nan,nan,nan
131.6438,1.54552e-05,0.0,nan,nan,nan
131.7275,1.545446e-05,0.0,nan,nan,nan
131.8123,1.545491e-05,0.0,nan,nan,nan
131.8959,1.54545e-05,0.0,nan,nan,nan
131.9796,1.5455e-05,0.0,nan,nan,nan
132.0633,1.545527e-05,0.0,nan,nan,nan
132.1472,1.545099e-05,0.0,nan,nan,nan
132.2458,1.545224e-05,0.0,nan,nan,nan
132.3295,1.545564e-05,0.0,nan,nan,nan
132.4132,1.545521e-05,0.0,nan,nan,nan
132.497,1.545703e-05,0.0,nan,nan,nan
132.5805,1.545351e-05,0.0,nan,nan,nan
132.6639,1.545701e-05,0.0,nan,nan,nan
132.7478,1.545469e-05,0.0,nan,nan,nan
132.8529,1.545713e-05,0.0,nan,nan,nan
132.9366,1.545376e-05,0.0,nan,nan,nan
133.0421,1.545289e-05,0.0,nan,nan,nan
133.1257,1.545019e-05,0.0,nan,nan,nan
133.2098,1.545412e-05,0.0,nan,nan,nan
133.2931,1.545206e-05,0.0,nan,nan,nan
133.3767,1.54565e-05,0.0,nan,nan,nan
133.484,1.54533e-05,0.0,nan,nan,nan
133.5674,1.545658e-05,0.0,nan,nan,nan
133.6773,1.546039e-05,0.0,nan,nan,nan
133.7611,1.545503e-05,0.0,nan,nan,nan
133.845,1.545328e-05,0.0,nan,nan,nan
133.9288,1.54531e-05,0.0,nan,nan,nan
134.0126,1.54523e-05,0.0,nan,nan,nan
134.0963,1.545473e-05,0.0,nan,nan,nan
134.1799,1.545211e-05,0.0,nan,nan,nan
134.2673,1.54539e-05,0.0,nan,nan,nan
134.3507,1.545676e-05,0.0,nan,nan,nan
134.4343,1.545633e-05,0.0,nan,nan,nan
134.5181,1.545487e-05,0.0,nan,nan,nan
134.6019,1.54535e-05,0.0,nan,nan,nan
134.6933,1.545534e-05,0.0,nan,nan,nan
134.7773,1.545278e-05,0.0,nan,nan,nan
134.8615,1.545473e-05,0.0,nan,nan,nan
134.9453,1.545502e-05,0.0,nan,nan,nan
135.029,1.545289e-05,0.0,nan,nan,nan
135.1302,1.545393e-05,0.0,nan,nan,nan
135.2141,1.545568e-05,0.0,nan,nan,nan
135.2982,1.545257e-05,0.0,nan,nan,nan
135.3818,1.545453e-05,0.0,nan,nan,nan
135.4652,1.545167e-05,0.0,nan,nan,nan
135.5491,1.54542e-05,0.0,nan,nan,nan
135.6326,1.545866e-05,0.0,nan,nan,nan
135.7197,1.545698e-05,0.0,nan,nan,nan
135.8036,1.545483e-05,0.0,nan,nan,nan
135.9067,1.54533e-05,0.0,nan,nan,nan
135.9906,1.545385e-05,0.0,nan,nan,nan
136.0746,1.545445e-05,0.0,nan,nan,nan
136.1585,1.545665e-05,0.0,nan,nan,nan
136.2423,1.545499e-05,0.0,nan,nan,nan
136.3261,1.545801e-05,0.0,nan,nan,nan
136.4099,1.545879e-05,0.0,nan,nan,nan
136.5139,1.545442e-05,0.0,nan,nan,nan
136.5979,1.545689e-05,0.0,nan,nan,nan
136.7042,1.546043e-05,0.0,nan,nan,nan
136.788,1.545868e-05,0.0,nan,nan,nan
136.8719,1.545194e-05,0.0,nan,nan,nan
136.9555,1.545493e-05,0.0,nan,nan,nan
137.0394,1.545305e-05,0.0,nan,nan,nan
137.1748,1.545486e-05,0.0,nan,nan,nan
137.2587,1.545413e-05,0.0,nan,nan,nan
137.3421,1.545106e-05,0.0,nan,nan,nan
137.4257,1.545385e-05,0.0,nan,nan,nan
137.5357,1.545435e-05,0.0,nan,nan,nan
137.6195,1.545441e-05,0.0,nan,nan,nan
137.7033,1.545605e-05,0.0,nan,nan,nan
137.7871,1.545652e-05,0.0,nan,nan,nan
137.8707,1.545229e-05,0.0,nan,nan,nan
137.9546,1.545747e-05,0.0,nan,nan,nan
138.0385,1.545209e-05,0.0,nan,nan,nan
138.1345,1.544816e-05,0.0,nan,nan,nan
138.2182,1.54558e-05,0.0,nan,nan,nan
138.3021,1.545272e-05,0.0,nan,nan,nan
138.3859,1.545602e-05,0.0,nan,nan,nan
138.4697,1.545275e-05,0.0,nan,nan,nan
138.5536,1.545314e-05,0.0,nan,nan,nan
138.6375,1.545637e-05,0.0,nan,nan,nan
138.7209,1.545355e-05,0.0,nan,nan,nan
138.8048,1.545312e-05,0.0,nan,nan,nan
138.8885,1.545498e-05,0.0,nan,nan,nan
138.9721,1.545507e-05,0.0,nan,nan,nan
139.056,1.545493e-05,0.0,nan,nan,nan
139.1401,1.545347e-05,0.0,nan,nan,nan
139.2409,1.545294e-05,0.0,nan,nan,nan
139.3246,1.545132e-05,0.0,nan,nan,nan
139.4082,1.545496e-05,0.0,nan,nan,nan
139.4921,1.545569e-05,0.0,nan,nan,nan
139.5755,1.545676e-05,0.0,nan,nan,nan
139.659,1.545541e-05,0.0,nan,nan,nan
139.7427,1.545598e-05,0.0,nan,nan,nan
139.8263,1.545592e-05,0.0,nan,nan,nan
139.91,1.545644e-05,0.0,nan,nan,nan
140.0099,1.545622e-05,0.0,nan,nan,nan
140.0937,1.545854e-05,0.0,nan,nan,nan
140.1773,1.545842e-05,0.0,nan,nan,nan
140.2606,1.545445e-05,0.0,nan,nan,nan
140.3441,1.545599e-05,0.0,nan,nan,nan
140.4279,1.545676e-05,0.0,nan,nan,nan
140.5117,1.54554e-05,0.0,nan,nan,nan
140.6189,1.545929e-05,0.0,nan,nan,nan
140.7027,1.545571e-05,0.0,nan,nan,nan
140.8087,1.5459e-05,0.0,nan,nan,nan
140.8928,1.5459e-05,0.0,nan,nan,nan
140.9763,1.546353e-05,0.0,nan,nan,nan
141.0597,1.546252e-05,0.0,nan,nan,nan
141.1435,1.54557e-05,0.0,nan,nan,nan
141.2288,1.545638e-05,0.0,nan,nan,nan
141.3373,1.545324e-05,0.0,nan,nan,nan
141.421,1.545402e-05,0.0,nan,nan,nan
141.5048,1.545496e-05,0.0,nan,nan,nan
141.5891,1.54546e-05,0.0,nan,nan,nan
141.6727,1.545611e-05,0.0,nan,nan,nan
141.7563,1.545514e-05,0.0,nan,nan,nan
141.8416,1.545469e-05,0.0,nan,nan,nan
141.9255,1.545531e-05,0.0,nan,nan,nan
142.0096,1.545614e-05,0.0,nan,nan,nan
142.0931,1.545264e-05,0.0,nan,nan,nan
142.1769,1.545391e-05,0.0,nan,nan,nan
142.2606,1.545427e-05,0.0,nan,nan,nan
142.3441,1.545213e-05,0.0,nan,nan,nan
142.4276,1.545194e-05,0.0,nan,nan,nan
142.5111,1.545522e-05,0.0,nan,nan,nan
142.5949,1.545605e-05,0.0,nan,nan,nan
142.6787,1.545601e-05,0.0,nan,nan,nan
142.7623,1.545616e-05,0.0,nan,nan,nan
142.8625,1.544965e-05,0.0,nan,nan,nan
142.9461,1.545116e-05,0.0,nan,nan,nan
143.0296,1.545113e-05,0.0,nan,nan,nan
143.1133,1.545789e-05,0.0,nan,nan,nan
143.1973,1.545371e-05,0.0,nan,nan,nan
143.2809,1.545839e-05,0.0,nan,nan,nan
143.3913,1.545504e-05,0.0,nan,nan,nan
143.4752,1.545368e-05,0.0,nan,nan,nan
143.5589,1.545089e-05,0.0,nan,nan,nan
143.6427,1.545371e-05,0.0,nan,nan,nan
143.7263,1.54571e-05,0.0,nan,nan,nan
143.81,1.545569e-05,0.0,nan,nan,nan
143.9004,1.545316e-05,0.0,nan,nan,nan
143.9843,1.545583e-05,0.0,nan,nan,nan
144.0681,1.545907e-05,0.0,nan,nan,nan
144.1517,1.545579e-05,0.0,nan,nan,nan
144.2355,1.545677e-05,0.0,nan,nan,nan
144.3193,1.545674e-05,0.0,nan,nan,nan
144.4028,1.545605e-05,0.0,nan,nan,nan
144.4906,1.545285e-05,0.0,nan,nan,nan
144.5746,1.545477e-05,0.0,nan,nan,nan
144.6584,1.545395e-05,0.0,nan,nan,nan
144.742,1.545748e-05,0.0,nan,nan,nan
144.8262,1.545246e-05,0.0,nan,nan,nan
144.9145,1.545237e-05,0.0,nan,nan,nan
144.9984,1.54543e-05,0.0,nan,nan,nan
145.082,1.54529e-05,0.0,nan,nan,nan
145.166,1.545357e-05,0.0,nan,nan,nan
145.2497,1.545415e-05,0.0,nan,nan,nan
145.3334,1.545492e-05,0.0,nan,nan,nan
145.4497,1.545244e-05,0.0,nan,nan,nan
145.5336,1.544896e-05,0.0,nan,nan,nan
145.6174,1.545092e-05,0.0,nan,nan,nan
145.7015,1.545322e-05,0.0,nan,nan,nan
145.7854,1.545485e-05,0.0,nan,nan,nan
145.8692,1.545348e-05,0.0,nan,nan,nan
145.956,1.545461e-05,0.0,nan,nan,nan
146.0397,1.545209e-05,0.0,nan,nan,nan
146.1491,1.545405e-05,0.0,nan,nan,nan
146.233,1.545351e-05,0.0,nan,nan,nan
146.3164,1.545417e-05,0.0,nan,nan,nan
146.4002,1.545449e-05,0.0,nan,nan,nan
146.484,1.545394e-05,0.0,nan,nan,nan
146.5677,1.545258e-05,0.0,nan,nan,nan
146.6513,1.545485e-05,0.0,nan,nan,nan
146.7411,1.545296e-05,0.0,nan,nan,nan
146.8249,1.545637e-05,0.0,nan,nan,nan
146.9092,1.545802e-05,0.0,nan,nan,nan
146.9926,1.545833e-05,0.0,nan,nan,nan
147.0763,1.545503e-05,0.0,nan,nan,nan
147.166,1.545735e-05,0.0,nan,nan,nan
147.2495,1.545478e-05,0.0,nan,nan,nan
147.3359,1.545388e-05,0.0,nan,nan,nan
147.4195,1.545316e-05,0.0,nan,nan,nan
147.5082,1.545533e-05,0.0,nan,nan,nan
147.5921,1.545375e-05,0.0,nan,nan,nan
147.676,1.545455e-05,0.0,nan,nan,nan
147.7616,1.545364e-05,0.0,nan,nan,nan
147.8455,1.544975e-05,0.0,nan,nan,nan
147.9291,1.545165e-05,0.0,nan,nan,nan
148.0128,1.545534e-05,0.0,nan,nan,nan
148.0965,1.545454e-05,0.0,nan,nan,nan
148.1801,1.545269e-05,0.0,nan,nan,nan
148.2638,1.545379e-05,0.0,nan,nan,nan
148.372,1.545602e-05,0.0,nan,nan,nan
148.4559,1.545672e-05,0.0,nan,nan,nan
148.5402,1.545653e-05,0.0,nan,nan,nan
148.624,1.545647e-05,0.0,nan,nan,nan
148.7078,1.545498e-05,0.0,nan,nan,nan
148.7915,1.545759e-05,0.0,nan,nan,nan
148.8754,1.545438e-05,0.0,nan,nan,nan
148.9587,1.545481e-05,0.0,nan,nan,nan
149.0423,1.5454e-05,0.0,nan,nan,nan
149.1259,1.545407e-05,0.0,nan,nan,nan
149.2092,1.545167e-05,0.0,nan,nan,nan
149.2928,1.545025e-05,0.0,nan,nan,nan
149.3767,1.545204e-05,0.0,nan,nan,nan
149.4618,1.54529e-05,0.0,nan,nan,nan
149.5677,1.545548e-05,0.0,nan,nan,nan
149.6515,1.545566e-05,0.0,nan,nan,nan
149.735,1.545218e-05,0.0,nan,nan,nan
149.8185,1.545185e-05,0.0,nan,nan,nan
149.9024,1.5453e-05,0.0,nan,nan,nan
150.011,1.54557e-05,0.0,nan,nan,nan
150.0946,1.545487e-05,0.0,nan,nan,nan
150.1783,1.54561e-05,0.0,nan,nan,nan
150.262,1.545824e-05,0.0,nan,nan,nan
150.3459,1.545825e-05,0.0,nan,nan,nan
150.4295,1.545377e-05,0.0,nan,nan,nan
150.5132,1.545574e-05,0.0,nan,nan,nan
150.5967,1.545623e-05,0.0,nan,nan,nan
150.6806,1.545345e-05,0.0,nan,nan,nan
150.7644,1.545443e-05,0.0,nan,nan,nan
150.848,1.545545e-05,0.0,nan,nan,nan
150.9315,1.545006e-05,0.0,nan,nan,nan
151.0289,1.54529e-05,0.0,nan,nan,nan
151.1126,1.544907e-05,0.0,nan,nan,nan
151.1961,1.54545e-05,0.0,nan,nan,nan
151.2798,1.545039e-05,0.0,nan,nan,nan
151.3637,1.545266e-05,0.0,nan,nan,nan
151.4497,1.545301e-05,0.0,nan,nan,nan
151.5332,1.545137e-05,0.0,nan,nan,nan
151.6364,1.544895e-05,0.0,nan,nan,nan
151.72,1.545436e-05,0.0,nan,nan,nan
151.8036,1.545152e-05,0.0,nan,nan,nan
151.8871,1.545554e-05,0.0,nan,nan,nan
151.9709,1.544957e-05,0.0,nan,nan,nan
152.0546,1.544897e-05,0.0,nan,nan,nan
152.1385,1.544908e-05,0.0,nan,nan,nan
152.2371,1.54503e-05,0.0,nan,nan,nan
152.3208,1.545213e-05,0.0,nan,nan,nan
152.4045,1.545862e-05,0.0,nan,nan,nan
152.4879,1.545216e-05,0.0,nan,nan,nan
152.5716,1.545052e-05,0.0,nan,nan,nan
152.6659,1.545507e-05,0.0,nan,nan,nan
152.7497,1.545549e-05,0.0,nan,nan,nan
152.8454,1.545749e-05,0.0,nan,nan,nan
152.9292,1.545806e-05,0.0,nan,nan,nan
153.0128,1.545639e-05,0.0,nan,nan,nan
153.0965,1.545531e-05,0.0,nan,nan,nan
153.1802,1.545243e-05,0.0,nan,nan,nan
153.2641,1.545145e-05,0.0,nan,nan,nan
153.3479,1.545064e-05,0.0,nan,nan,nan
153.4317,1.545132e-05,0.0,nan,nan,nan
153.5154,1.545157e-05,0.0,nan,nan,nan
153.5991,1.545221e-05,0.0,nan,nan,nan
153.7096,1.545519e-05,0.0,nan,nan,nan
153.793,1.546069e-05,0.0,nan,nan,nan
153.8768,1.545544e-05,0.0,nan,nan,nan
153.9605,1.545509e-05,0.0,nan,nan,nan
154.0439,1.54536e-05,0.0,nan,nan,nan
154.1277,1.545036e-05,0.0,nan,nan,nan
154.2114,1.545179e-05,0.0,nan,nan,nan
154.295,1.54492e-05,0.0,nan,nan,nan
154.3786,1.545176e-05,0.0,nan,nan,nan
154.4623,1.545147e-05,0.0,nan,nan,nan
154.5461,1.545237e-05,0.0,nan,nan,nan
154.6298,1.545069e-05,0.0,nan,nan,nan
154.7131,1.54516e-05,0.0,nan,nan,nan
154.7968,1.545375e-05,0.0,nan,nan,nan
154.8801,1.545162e-05,0.0,nan,nan,nan
154.9636,1.545445e-05,0.0,nan,nan,nan
155.0472,1.545502e-05,0.0,nan,nan,nan
155.1312,1.545665e-05,0.0,nan,nan,nan
155.2149,1.545386e-05,0.0,nan,nan,nan
155.3093,1.545672e-05,0.0,nan,nan,nan
155.3928,1.545464e-05,0.0,nan,nan,nan
155.4762,1.545474e-05,0.0,nan,nan,nan
155.5598,1.54553e-05,0.0,nan,nan,nan
155.6433,1.54549e-05,0.0,nan,nan,nan
155.7408,1.545842e-05,0.0,nan,nan,nan
155.8246,1.546254e-05,0.0,nan,nan,nan
155.9311,1.545852e-05,0.0,nan,nan,nan
156.015,1.545406e-05,0.0,nan,nan,nan
156.099,1.54568e-05,0.0,nan,nan,nan
156.1828,1.545475e-05,0.0,nan,nan,nan
156.2663,1.545144e-05,0.0,nan,nan,nan
156.3497,1.545623e-05,0.0,nan,nan,nan
156.4334,1.54558e-05,0.0,nan,nan,nan
156.5351,1.545456e-05,0.0,nan,nan,nan
156.6189,1.545711e-05,0.0,nan,nan,nan
156.7027,1.545563e-05,0.0,nan,nan,nan
156.7862,1.545664e-05,0.0,nan,nan,nan
156.87,1.54527e-05,0.0,nan,nan,nan
156.9626,1.545917e-05,0.0,nan,nan,nan
157.0465,1.545624e-05,0.0,nan,nan,nan
157.1304,1.545805e-05,0.0,nan,nan,nan
157.2143,1.545553e-05,0.0,nan,nan,nan
157.298,1.545756e-05,0.0,nan,nan,nan
157.3819,1.545379e-05,0.0,nan,nan,nan
157.4656,1.545692e-05,0.0,nan,nan,nan
157.5577,1.545207e-05,0.0,nan,nan,nan
157.6411,1.545857e-05,0.0,nan,nan,nan
157.7248,1.545635e-05,0.0,nan,nan,nan
157.8096,1.545747e-05,0.0,nan,nan,nan
157.8932,1.545366e-05,0.0,nan,nan,nan
157.9768,1.54584e-05,0.0,nan,nan,nan
158.0604,1.545962e-05,0.0,nan,nan,nan
158.1448,1.545837e-05,0.0,nan,nan,nan
158.2282,1.54578e-05,0.0,nan,nan,nan
158.312,1.545912e-05,0.0,nan,nan,nan
158.3954,1.545862e-05,0.0,nan,nan,nan
158.4791,1.545917e-05,0.0,nan,nan,nan
158.5773,1.545947e-05,0.0,nan,nan,nan
158.661,1.545506e-05,0.0,nan,nan,nan
158.7448,1.545608e-05,0.0,nan,nan,nan
158.8286,1.545731e-05,0.0,nan,nan,nan
158.9124,1.545516e-05,0.0,nan,nan,nan
158.9962,1.545396e-05,0.0,nan,nan,nan
159.0801,1.545632e-05,0.0,nan,nan,nan
159.1645,1.545907e-05,0.0,nan,nan,nan
159.2481,1.545982e-05,0.0,nan,nan,nan
159.3315,1.545744e-05,0.0,nan,nan,nan
159.4153,1.545986e-05,0.0,nan,nan,nan
159.4987,1.545728e-05,0.0,nan,nan,nan
159.5895,1.545753e-05,0.0,nan,nan,nan
159.6733,1.545883e-05,0.0,nan,nan,nan
159.759,1.545816e-05,0.0,nan,nan,nan
159.8742,1.545886e-05,0.0,nan,nan,nan
159.9577,1.545809e-05,0.0,nan,nan,nan
160.0414,1.545583e-05,0.0,nan,nan,nan
160.1252,1.545628e-05,0.0,nan,nan,nan
160.2085,1.545763e-05,0.0,nan,nan,nan
160.2918,1.546234e-05,0.0,nan,nan,nan
160.3756,1.545831e-05,0.0,nan,nan,nan
160.4592,1.54625e-05,0.0,nan,nan,nan
160.5426,1.546056e-05,0.0,nan,nan,nan
160.626,1.545933e-05,0.0,nan,nan,nan
160.7097,1.54572e-05,0.0,nan,nan,nan
160.8107,1.54558e-05,0.0,nan,nan,nan
160.8944,1.545825e-05,0.0,nan,nan,nan
160.9778,1.545843e-05,0.0,nan,nan,nan
161.0615,1.545688e-05,0.0,nan,nan,nan
161.1454,1.54576e-05,0.0,nan,nan,nan
161.2291,1.545711e-05,0.0,nan,nan,nan
161.3128,1.545671e-05,0.0,nan,nan,nan
161.3962,1.545891e-05,0.0,nan,nan,nan
161.4801,1.545684e-05,0.0,nan,nan,nan
161.5637,1.545656e-05,0.0,nan,nan,nan
161.6474,1.545592e-05,0.0,nan,nan,nan
161.7317,1.545686e-05,0.0,nan,nan,nan
161.8273,1.545513e-05,0.0,nan,nan,nan
161.9257,1.545446e-05,0.0,nan,nan,nan
162.0239,1.54534e-05,0.0,nan,nan,nan
162.1074,1.545786e-05,0.0,nan,nan,nan
162.191,1.54522e-05,0.0,nan,nan,nan
162.2746,1.545374e-05,0.0,nan,nan,nan
162.3584,1.54597e-05,0.0,nan,nan,nan
162.4495,1.545491e-05,0.0,nan,nan,nan
162.5331,1.545502e-05,0.0,nan,nan,nan
162.6165,1.545335e-05,0.0,nan,nan,nan
162.7003,1.545409e-05,0.0,nan,nan,nan
162.7839,1.545643e-05,0.0,nan,nan,nan
162.8673,1.545673e-05,0.0,nan,nan,nan
162.9511,1.545104e-05,0.0,nan,nan,nan
163.0406,1.54538e-05,0.0,nan,nan,nan
163.1243,1.545141e-05,0.0,nan,nan,nan
163.2078,1.545129e-05,0.0,nan,nan,nan
163.2916,1.545238e-05,0.0,nan,nan,nan
163.3753,1.545146e-05,0.0,nan,nan,nan
163.4587,1.545703e-05,0.0,nan,nan,nan
163.5424,1.545461e-05,0.0,nan,nan,nan
163.626,1.54565e-05,0.0,nan,nan,nan
163.7096,1.5456e-05,0.0,nan,nan,nan
163.7933,1.545302e-05,0.0,nan,nan,nan
163.8769,1.545946e-05,0.0,nan,nan,nan
163.9607,1.545563e-05,0.0,nan,nan,nan
164.0497,1.545979e-05,0.0,nan,nan,nan
164.1336,1.54595e-05,0.0,nan,nan,nan
164.217,1.545826e-05,0.0,nan,nan,nan
164.3005,1.546083e-05,0.0,nan,nan,nan
164.3839,1.545313e-05,0.0,nan,nan,nan
164.4674,1.545969e-05,0.0,nan,nan,nan
164.5511,1.54579e-05,0.0,nan,nan,nan
164.6363,1.546363e-05,0.0,nan,nan,nan
164.72,1.545811e-05,0.0,nan,nan,nan
164.8038,1.545695e-05,0.0,nan,nan,nan
164.8874,1.545919e-05,0.0,nan,nan,nan
164.9711,1.545805e-05,0.0,nan,nan,nan
165.0603,1.545634e-05,0.0,nan,nan,nan
165.1437,1.545618e-05,0.0,nan,nan,nan
165.2272,1.545529e-05,0.0,nan,nan,nan
165.3107,1.545427e-05,0.0,nan,nan,nan
165.394,1.545706e-05,0.0,nan,nan,nan
165.4809,1.545425e-05,0.0,nan,nan,nan
165.5646,1.545541e-05,0.0,nan,nan,nan
165.6481,1.545782e-05,0.0,nan,nan,nan
165.7317,1.545662e-05,0.0,nan,nan,nan
165.8155,1.54589e-05,0.0,nan,nan,nan
165.8994,1.545607e-05,0.0,nan,nan,nan
165.9831,1.545352e-05,0.0,nan,nan,nan
166.1082,1.545225e-05,0.0,nan,nan,nan
166.1919,1.545392e-05,0.0,nan,nan,nan
166.3015,1.545348e-05,0.0,nan,nan,nan
166.3851,1.545374e-05,0.0,nan,nan,nan
166.4754,1.545654e-05,0.0,nan,nan,nan
166.5588,1.545436e-05,0.0,nan,nan,nan
166.6424,1.545372e-05,0.0,nan,nan,nan
166.7261,1.545384e-05,0.0,nan,nan,nan
166.8099,1.545414e-05,0.0,nan,nan,nan
166.9051,1.546024e-05,0.0,nan,nan,nan
166.9888,1.54561e-05,0.0,nan,nan,nan
167.0728,1.545342e-05,0.0,nan,nan,nan
167.1568,1.545668e-05,0.0,nan,nan,nan
167.2406,1.545834e-05,0.0,nan,nan,nan
167.3243,1.545994e-05,0.0,nan,nan,nan
167.408,1.54576e-05,0.0,nan,nan,nan
167.5123,1.546093e-05,0.0,nan,nan,nan
167.5961,1.545953e-05,0.0,nan,nan,nan
167.6797,1.546069e-05,0.0,nan,nan,nan
167.7633,1.54593e-05,0.0,nan,nan,nan
167.8469,1.545923e-05,0.0,nan,nan,nan
167.9307,1.545871e-05,0.0,nan,nan,nan
168.0144,1.546136e-05,0.0,nan,nan,nan
168.0983,1.546138e-05,0.0,nan,nan,nan
168.1823,1.545935e-05,0.0,nan,nan,nan
168.2661,1.545898e-05,0.0,nan,nan,nan
168.3503,1.545992e-05,0.0,nan,nan,nan
168.434,1.545946e-05,0.0,nan,nan,nan
168.5178,1.545515e-05,0.0,nan,nan,nan
168.6017,1.545842e-05,0.0,nan,nan,nan
168.6856,1.545259e-05,0.0,nan,nan,nan
168.7694,1.545644e-05,0.0,nan,nan,nan
168.8532,1.545491e-05,0.0,nan,nan,nan
168.956,1.545908e-05,0.0,nan,nan,nan
169.0398,1.545706e-05,0.0,nan,nan,nan
169.142,1.545735e-05,0.0,nan,nan,nan
169.2259,1.545624e-05,0.0,nan,nan,nan
169.3096,1.54589e-05,0.0,nan,nan,nan
169.3932,1.545472e-05,0.0,nan,nan,nan
169.4767,1.54531e-05,0.0,nan,nan,nan
169.5602,1.545435e-05,0.0,nan,nan,nan
169.6442,1.545652e-05,0.0,nan,nan,nan
169.7437,1.545364e-05,0.0,nan,nan,nan
169.8276,1.545342e-05,0.0,nan,nan,nan
169.9116,1.545741e-05,0.0,nan,nan,nan
169.9954,1.545854e-05,0.0,nan,nan,nan
170.0793,1.545838e-05,0.0,nan,nan,nan
170.1632,1.545616e-05,0.0,nan,nan,nan
170.2468,1.545294e-05,0.0,nan,nan,nan
170.3303,1.545252e-05,0.0,nan,nan,nan
170.4143,1.545406e-05,0.0,nan,nan,nan
170.4985,1.545616e-05,0.0,nan,nan,nan
170.5823,1.545287e-05,0.0,nan,nan,nan
170.6664,1.545394e-05,0.0,nan,nan,nan
170.7545,1.545238e-05,0.0,nan,nan,nan
170.8382,1.545289e-05,0.0,nan,nan,nan
170.9219,1.545548e-05,0.0,nan,nan,nan
171.0055,1.545415e-05,0.0,nan,nan,nan
171.0893,1.545625e-05,0.0,nan,nan,nan
171.188,1.545644e-05,0.0,nan,nan,nan
171.2719,1.545469e-05,0.0,nan,nan,nan
171.3619,1.545562e-05,0.0,nan,nan,nan
171.4456,1.545346e-05,0.0,nan,nan,nan
171.5292,1.545319e-05,0.0,nan,nan,nan
171.6131,1.545071e-05,0.0,nan,nan,nan
171.6967,1.545079e-05,0.0,nan,nan,nan
171.7806,1.545454e-05,0.0,nan,nan,nan
171.8645,1.545081e-05,0.0,nan,nan,nan
171.9748,1.545344e-05,0.0,nan,nan,nan
172.0586,1.545175e-05,0.0,nan,nan,nan
172.1428,1.545432e-05,0.0,nan,nan,nan
172.2263,1.545035e-05,0.0,nan,nan,nan
172.3252,1.545132e-05,0.0,nan,nan,nan
172.409,1.545367e-05,0.0,nan,nan,nan
172.4925,1.545387e-05,0.0,nan,nan,nan
172.5889,1.545593e-05,0.0,nan,nan,nan
172.6727,1.545199e-05,0.0,nan,nan,nan
172.7598,1.545891e-05,0.0,nan,nan,nan
172.8436,1.546237e-05,0.0,nan,nan,nan
172.9273,1.545693e-05,0.0,nan,nan,nan
173.0112,1.545685e-05,0.0,nan,nan,nan
173.095,1.545614e-05,0.0,nan,nan,nan
173.1787,1.545284e-05,0.0,nan,nan,nan
173.2628,1.545114e-05,0.0,nan,nan,nan
173.3464,1.545296e-05,0.0,nan,nan,nan
173.4303,1.545447e-05,0.0,nan,nan,nan
173.5138,1.545551e-05,0.0,nan,nan,nan
173.6168,1.545594e-05,0.0,nan,nan,nan
173.7006,1.545437e-05,0.0,nan,nan,nan
173.7841,1.545741e-05,0.0,nan,nan,nan
173.868,1.545406e-05,0.0,nan,nan,nan
173.9517,1.54524e-05,0.0,nan,nan,nan
174.0355,1.545211e-05,0.0,nan,nan,nan
174.1192,1.545274e-05,0.0,nan,nan,nan
174.2028,1.545152e-05,0.0,nan,nan,nan
174.2864,1.545287e-05,0.0,nan,nan,nan
174.3947,1.545328e-05,0.0,nan,nan,nan
174.4785,1.545132e-05,0.0,nan,nan,nan
174.5623,1.545352e-05,0.0,nan,nan,nan
174.6458,1.545558e-05,0.0,nan,nan,nan
174.7293,1.545564e-05,0.0,nan,nan,nan
174.8265,1.545225e-05,0.0,nan,nan,nan
174.9101,1.545683e-05,0.0,nan,nan,nan
174.9941,1.54533e-05,0.0,nan,nan,nan
175.0778,1.545216e-05,0.0,nan,nan,nan
175.1617,1.545298e-05,0.0,nan,nan,nan
175.2455,1.545514e-05,0.0,nan,nan,nan
175.3289,1.545186e-05,0.0,nan,nan,nan
175.4123,1.545524e-05,0.0,nan,nan,nan
175.4961,1.545356e-05,0.0,nan,nan,nan
175.5798,1.544986e-05,0.0,nan,nan,nan
175.6637,1.54541e-05,0.0,nan,nan,nan
175.7472,1.545185e-05,0.0,nan,nan,nan
175.8421,1.54526e-05,0.0,nan,nan,nan
175.926,1.54532e-05,0.0,nan,nan,nan
176.0113,1.545037e-05,0.0,nan,nan,nan
176.0952,1.544843e-05,0.0,nan,nan,nan
176.1789,1.545321e-05,0.0,nan,nan,nan
176.2628,1.545289e-05,0.0,nan,nan,nan
176.3467,1.544934e-05,0.0,nan,nan,nan
176.4585,1.545335e-05,0.0,nan,nan,nan
176.5419,1.544904e-05,0.0,nan,nan,nan
176.6256,1.544871e-05,0.0,nan,nan,nan
176.7094,1.545045e-05,0.0,nan,nan,nan
176.793,1.545063e-05,0.0,nan,nan,nan
176.8766,1.544847e-05,0.0,nan,nan,nan
176.9603,1.544657e-05,0.0,nan,nan,nan
177.0557,1.545079e-05,0.0,nan,nan,nan
177.1393,1.545021e-05,0.0,nan,nan,nan
177.2234,1.544822e-05,0.0,nan,nan,nan
177.307,1.544806e-05,0.0,nan,nan,nan
177.3904,1.545252e-05,0.0,nan,nan,nan
177.474,1.545282e-05,0.0,nan,nan,nan
177.5575,1.545316e-05,0.0,nan,nan,nan
177.6415,1.545022e-05,0.0,nan,nan,nan
177.7254,1.545296e-05,0.0,nan,nan,nan
177.8091,1.545055e-05,0.0,nan,nan,nan
177.8925,1.545334e-05,0.0,nan,nan,nan
177.9765,1.544996e-05,0.0,nan,nan,nan
178.079,1.545145e-05,0.0,nan,nan,nan
178.1628,1.545286e-05,0.0,nan,nan,nan
178.2466,1.545387e-05,0.0,nan,nan,nan
178.3304,1.545093e-05,0.0,nan,nan,nan
178.4144,1.545099e-05,0.0,nan,nan,nan
178.5247,1.545316e-05,0.0,nan,nan,nan
178.6082,1.544977e-05,0.0,nan,nan,nan
178.6919,1.545131e-05,0.0,nan,nan,nan
178.7758,1.544926e-05,0.0,nan,nan,nan
178.8592,1.545119e-05,0.0,nan,nan,nan
178.9428,1.545455e-05,0.0,nan,nan,nan
179.0267,1.545178e-05,0.0,nan,nan,nan
179.1106,1.544782e-05,0.0,nan,nan,nan
179.1943,1.545124e-05,0.0,nan,nan,nan
179.302,1.545177e-05,0.0,nan,nan,nan
179.3856,1.545074e-05,0.0,nan,nan,nan
179.4695,1.544936e-05,0.0,nan,nan,nan
179.5533,1.544836e-05,0.0,nan,nan,nan
179.6372,1.544661e-05,0.0,nan,nan,nan
179.7208,1.544796e-05,0.0,nan,nan,nan
179.8047,1.544708e-05,0.0,nan,nan,nan
179.9019,1.544925e-05,0.0,nan,nan,nan
179.9853,1.545076e-05,0.0,nan,nan,nan
180.069,1.544986e-05,0.0,nan,nan,nan
180.1527,1.545453e-05,0.0,nan,nan,nan
180.2366,1.545218e-05,0.0,nan,nan,nan
180.3205,1.545331e-05,0.0,nan,nan,nan
180.4044,1.544912e-05,0.0,nan,nan,nan
180.5164,1.545136e-05,0.0,nan,nan,nan
180.6134,1.544896e-05,0.0,nan,nan,nan
180.6973,1.545391e-05,0.0,nan,nan,nan
180.7813,1.545114e-05,0.0,nan,nan,nan
180.8653,1.545183e-05,0.0,nan,nan,nan
180.9491,1.545057e-05,0.0,nan,nan,nan
181.0329,1.545257e-05,0.0,nan,nan,nan
181.1284,1.544799e-05,0.0,nan,nan,nan
181.2122,1.544801e-05,0.0,nan,nan,nan
181.2957,1.544808e-05,0.0,nan,nan,nan
181.3796,1.544854e-05,0.0,nan,nan,nan
181.4633,1.544529e-05,0.0,nan,nan,nan
181.547,1.544735e-05,0.0,nan,nan,nan
181.6308,1.544798e-05,0.0,nan,nan,nan
181.7145,1.544987e-05,0.0,nan,nan,nan
181.7983,1.545019e-05,0.0,nan,nan,nan
181.8818,1.544801e-05,0.0,nan,nan,nan
181.9785,1.545358e-05,0.0,nan,nan,nan
182.0626,1.545166e-05,0.0,nan,nan,nan
182.168,1.545443e-05,0.0,nan,nan,nan
182.2516,1.545091e-05,0.0,nan,nan,nan
182.3583,1.545168e-05,0.0,nan,nan,nan
182.4419,1.545363e-05,0.0,nan,nan,nan
182.5255,1.545346e-05,0.0,nan,nan,nan
182.6091,1.545644e-05,0.0,nan,nan,nan
182.6924,1.54475e-05,0.0,nan,nan,nan
182.7758,1.545061e-05,0.0,nan,nan,nan
182.8594,1.544852e-05,0.0,nan,nan,nan
182.9435,1.54554e-05,0.0,nan,nan,nan
183.0274,1.545567e-05,0.0,nan,nan,nan
183.111,1.545129e-05,0.0,nan,nan,nan
183.1949,1.544865e-05,0.0,nan,nan,nan
183.2789,1.545691e-05,0.0,nan,nan,nan
183.3688,1.545448e-05,0.0,nan,nan,nan
183.4524,1.545301e-05,0.0,nan,nan,nan
183.536,1.545331e-05,0.0,nan,nan,nan
183.6197,1.545394e-05,0.0,nan,nan,nan
183.7034,1.545183e-05,0.0,nan,nan,nan
183.7871,1.545338e-05,0.0,nan,nan,nan
183.871,1.545348e-05,0.0,nan,nan,nan
183.9549,1.545491e-05,0.0,nan,nan,nan
184.0388,1.545022e-05,0.0,nan,nan,nan
184.1224,1.545262e-05,0.0,nan,nan,nan
184.2063,1.544991e-05,0.0,nan,nan,nan
184.2901,1.545344e-05,0.0,nan,nan,nan
184.4,1.545157e-05,0.0,nan,nan,nan
184.4838,1.545202e-05,0.0,nan,nan,nan
184.5694,1.54491e-05,0.0,nan,nan,nan
184.6529,1.545071e-05,0.0,nan,nan,nan
184.7758,1.545489e-05,0.0,nan,nan,nan
184.8593,1.545533e-05,0.0,nan,nan,nan
184.9431,1.545621e-05,0.0,nan,nan,nan
185.0271,1.544981e-05,0.0,nan,nan,nan
185.1107,1.545523e-05,0.0,nan,nan,nan
185.2182,1.544878e-05,0.0,nan,nan,nan
185.3018,1.545189e-05,0.0,nan,nan,nan
185.3853,1.545647e-05,0.0,nan,nan,nan
185.4691,1.545679e-05,0.0,nan,nan,nan
185.5528,1.54558e-05,0.0,nan,nan,nan
185.6366,1.545452e-05,0.0,nan,nan,nan
185.7208,1.545796e-05,0.0,nan,nan,nan
185.8068,1.545655e-05,0.0,nan,nan,nan
185.8904,1.545002e-05,0.0,nan,nan,nan
185.974,1.545501e-05,0.0,nan,nan,nan
186.0579,1.545535e-05,0.0,nan,nan,nan
186.1418,1.545107e-05,0.0,nan,nan,nan
186.2296,1.544959e-05,0.0,nan,nan,nan
186.3133,1.545233e-05,0.0,nan,nan,nan
186.3967,1.545067e-05,0.0,nan,nan,nan
186.4804,1.545115e-05,0.0,nan,nan,nan
186.5644,1.545249e-05,0.0,nan,nan,nan
186.648,1.545202e-05,0.0,nan,nan,nan
186.7316,1.544768e-05,0.0,nan,nan,nan
186.8251,1.545067e-05,0.0,nan,nan,nan
186.9087,1.54553e-05,0.0,nan,nan,nan
186.9925,1.545039e-05,0.0,nan,nan,nan
187.0761,1.545183e-05,0.0,nan,nan,nan
187.1597,1.545053e-05,0.0,nan,nan,nan
187.2474,1.545234e-05,0.0,nan,nan,nan
187.3313,1.544829e-05,0.0,nan,nan,nan
187.4149,1.544992e-05,0.0,nan,nan,nan
187.4989,1.545538e-05,0.0,nan,nan,nan
187.5829,1.545172e-05,0.0,nan,nan,nan
187.6663,1.545302e-05,0.0,nan,nan,nan
187.7498,1.544912e-05,0.0,nan,nan,nan
187.8339,1.545266e-05,0.0,nan,nan,nan
187.9176,1.545306e-05,0.0,nan,nan,nan
188.0009,1.545115e-05,0.0,nan,nan,nan
188.0846,1.545225e-05,0.0,nan,nan,nan
188.1683,1.54545e-05,0.0,nan,nan,nan
188.2519,1.545321e-05,0.0,nan,nan,nan
188.3356,1.545236e-05,0.0,nan,nan,nan
188.4194,1.545164e-05,0.0,nan,nan,nan
188.5031,1.545207e-05,0.0,nan,nan,nan
188.5867,1.544919e-05,0.0,nan,nan,nan
188.6842,1.544896e-05,0.0,nan,nan,nan
188.7679,1.545358e-05,0.0,nan,nan,nan
188.9254,1.545136e-05,0.0,nan,nan,nan
189.0091,1.545003e-05,0.0,nan,nan,nan
189.0929,1.544754e-05,0.0,nan,nan,nan
189.1767,1.545095e-05,0.0,nan,nan,nan
189.2871,1.545163e-05,0.0,nan,nan,nan
189.371,1.545127e-05,0.0,nan,nan,nan
189.4546,1.545146e-05,0.0,nan,nan,nan
189.5384,1.545514e-05,0.0,nan,nan,nan
189.6221,1.545498e-05,0.0,nan,nan,nan
189.7119,1.54535e-05,0.0,nan,nan,nan
189.7955,1.545097e-05,0.0,nan,nan,nan
189.8789,1.54495e-05,0.0,nan,nan,nan
189.9626,1.545085e-05,0.0,nan,nan,nan
190.0465,1.545242e-05,0.0,nan,nan,nan
190.1303,1.545438e-05,0.0,nan,nan,nan
190.2141,1.545307e-05,0.0,nan,nan,nan
190.3071,1.545022e-05,0.0,nan,nan,nan
190.3908,1.545075e-05,0.0,nan,nan,nan
190.4752,1.544755e-05,0.0,nan,nan,nan
190.5588,1.545054e-05,0.0,nan,nan,nan
190.6424,1.54468e-05,0.0,nan,nan,nan
190.7258,1.54493e-05,0.0,nan,nan,nan
190.8096,1.545087e-05,0.0,nan,nan,nan
190.8932,1.544808e-05,0.0,nan,nan,nan
190.995,1.544937e-05,0.0,nan,nan,nan
191.0787,1.544909e-05,0.0,nan,nan,nan
191.1624,1.544902e-05,0.0,nan,nan,nan
191.2463,1.544842e-05,0.0,nan,nan,nan
191.3301,1.544664e-05,0.0,nan,nan,nan
191.414,1.544714e-05,0.0,nan,nan,nan
191.4977,1.54494e-05,0.0,nan,nan,nan
191.5813,1.545008e-05,0.0,nan,nan,nan
191.6649,1.545506e-05,0.0,nan,nan,nan
191.75,1.545076e-05,0.0,nan,nan,nan
191.8336,1.545117e-05,0.0,nan,nan,nan
191.9174,1.545209e-05,0.0,nan,nan,nan
192.0009,1.544856e-05,0.0,nan,nan,nan
192.0848,1.545153e-05,0.0,nan,nan,nan
192.1682,1.545182e-05,0.0,nan,nan,nan
192.2521,1.545133e-05,0.0,nan,nan,nan
192.3358,1.544956e-05,0.0,nan,nan,nan
192.4194,1.545055e-05,0.0,nan,nan,nan
192.5032,1.545448e-05,0.0,nan,nan,nan
192.5869,1.545165e-05,0.0,nan,nan,nan
192.6707,1.545051e-05,0.0,nan,nan,nan
192.7755,1.545028e-05,0.0,nan,nan,nan
192.859,1.545284e-05,0.0,nan,nan,nan
192.9613,1.54553e-05,0.0,nan,nan,nan
193.0709,1.545362e-05,0.0,nan,nan,nan
193.1796,1.54514e-05,0.0,nan,nan,nan
193.2633,1.545141e-05,0.0,nan,nan,nan
193.3471,1.544818e-05,0.0,nan,nan,nan
193.431,1.544997e-05,0.0,nan,nan,nan
193.5146,1.545006e-05,0.0,nan,nan,nan
193.5981,1.545297e-05,0.0,nan,nan,nan
193.6816,1.54554e-05,0.0,nan,nan,nan
193.7705,1.544817e-05,0.0,nan,nan,nan
193.8543,1.545133e-05,0.0,nan,nan,nan
193.9382,1.545087e-05,0.0,nan,nan,nan
194.022,1.545339e-05,0.0,nan,nan,nan
194.1058,1.54531e-05,0.0,nan,nan,nan
194.2,1.545674e-05,0.0,nan,nan,nan
194.2835,1.545086e-05,0.0,nan,nan,nan
194.3671,1.545221e-05,0.0,nan,nan,nan
194.4509,1.545091e-05,0.0,nan,nan,nan
194.5346,1.545149e-05,0.0,nan,nan,nan
194.6182,1.545091e-05,0.0,nan,nan,nan
194.702,1.545273e-05,0.0,nan,nan,nan
194.8031,1.545465e-05,0.0,nan,nan,nan
194.8865,1.544704e-05,0.0,nan,nan,nan
194.97,1.545197e-05,0.0,nan,nan,nan
195.054,1.545001e-05,0.0,nan,nan,nan
195.1379,1.545314e-05,0.0,nan,nan,nan
195.2217,1.545084e-05,0.0,nan,nan,nan
195.3055,1.545231e-05,0.0,nan,nan,nan
195.4132,1.545331e-05,0.0,nan,nan,nan
195.4971,1.545009e-05,0.0,nan,nan,nan
195.581,1.544805e-05,0.0,nan,nan,nan
195.6646,1.545212e-05,0.0,nan,nan,nan
195.7483,1.545169e-05,0.0,nan,nan,nan
195.8321,1.54511e-05,0.0,nan,nan,nan
195.9157,1.545016e-05,0.0,nan,nan,nan
196.0102,1.544773e-05,0.0,nan,nan,nan
196.0939,1.544767e-05,0.0,nan,nan,nan
196.1776,1.544725e-05,0.0,nan,nan,nan
196.2613,1.545029e-05,0.0,nan,nan,nan
196.3449,1.544798e-05,0.0,nan,nan,nan
196.45,1.544969e-05,0.0,nan,nan,nan
196.5337,1.545062e-05,0.0,nan,nan,nan
196.6172,1.545052e-05,0.0,nan,nan,nan
196.7009,1.545484e-05,0.0,nan,nan,nan
196.7845,1.545325e-05,0.0,nan,nan,nan
196.8681,1.545512e-05,0.0,nan,nan,nan
196.9517,1.545171e-05,0.0,nan,nan,nan
197.0352,1.545384e-05,0.0,nan,nan,nan
197.1187,1.545025e-05,0.0,nan,nan,nan
197.2171,1.545281e-05,0.0,nan,nan,nan
197.3008,1.545229e-05,0.0,nan,nan,nan
197.3844,1.545669e-05,0.0,nan,nan,nan
197.4683,1.545034e-05,0.0,nan,nan,nan
197.5516,1.545127e-05,0.0,nan,nan,nan
197.6351,1.545414e-05,0.0,nan,nan,nan
197.7185,1.545744e-05,0.0,nan,nan,nan
197.8023,1.545611e-05,0.0,nan,nan,nan
197.8862,1.545302e-05,0.0,nan,nan,nan
197.9699,1.54528e-05,0.0,nan,nan,nan
198.0569,1.545476e-05,0.0,nan,nan,nan
198.1408,1.545374e-05,0.0,nan,nan,nan
198.225,1.545643e-05,0.0,nan,nan,nan
198.3085,1.54549e-05,0.0,nan,nan,nan
198.3923,1.545215e-05,0.0,nan,nan,nan
198.4758,1.544944e-05,0.0,nan,nan,nan
198.5595,1.545175e-05,0.0,nan,nan,nan
198.645,1.545399e-05,0.0,nan,nan,nan
198.7287,1.545444e-05,0.0,nan,nan,nan
198.8126,1.545368e-05,0.0,nan,nan,nan
198.8962,1.545532e-05,0.0,nan,nan,nan
198.9797,1.5452e-05,0.0,nan,nan,nan
199.0794,1.545341e-05,0.0,nan,nan,nan
199.1631,1.545217e-05,0.0,nan,nan,nan
199.258,1.545543e-05,0.0,nan,nan,nan
199.3415,1.545559e-05,0.0,nan,nan,nan
199.4251,1.545697e-05,0.0,nan,nan,nan
199.5086,1.54542e-05,0.0,nan,nan,nan
199.5923,1.545085e-05,0.0,nan,nan,nan
199.6763,1.545457e-05,0.0,nan,nan,nan
199.7598,1.54513e-05,0.0,nan,nan,nan
199.8434,1.545329e-05,0.0,nan,nan,nan
199.927,1.545561e-05,0.0,nan,nan,nan
200.0109,1.54518e-05,0.0,nan,nan,nan
200.1067,1.545241e-05,0.0,nan,nan,nan
200.1905,1.545645e-05,0.0,nan,nan,nan
200.2747,1.545514e-05,0.0,nan,nan,nan
200.3584,1.545589e-05,0.0,nan,nan,nan
200.4421,1.545819e-05,0.0,nan,nan,nan
200.5255,1.545556e-05,0.0,nan,nan,nan
200.6093,1.545209e-05,0.0,nan,nan,nan
200.7162,1.545508e-05,0.0,nan,nan,nan
200.8001,1.545669e-05,0.0,nan,nan,nan
200.884,1.545549e-05,0.0,nan,nan,nan
200.9675,1.545185e-05,0.0,nan,nan,nan
201.051,1.544979e-05,0.0,nan,nan,nan
201.1345,1.545211e-05,0.0,nan,nan,nan
201.2182,1.544944e-05,0.0,nan,nan,nan
201.3088,1.54537e-05,0.0,nan,nan,nan
201.3922,1.545077e-05,0.0,nan,nan,nan
201.4757,1.545002e-05,0.0,nan,nan,nan
201.5594,1.545289e-05,0.0,nan,nan,nan
201.6429,1.544911e-05,0.0,nan,nan,nan
201.7589,1.545145e-05,0.0,nan,nan,nan
201.8423,1.544741e-05,0.0,nan,nan,nan
201.9265,1.545167e-05,0.0,nan,nan,nan
202.0099,1.545196e-05,0.0,nan,nan,nan
202.0934,1.545256e-05,0.0,nan,nan,nan
202.1769,1.545047e-05,0.0,nan,nan,nan
202.2605,1.545032e-05,0.0,nan,nan,nan
202.3575,1.544916e-05,0.0,nan,nan,nan
202.4412,1.545015e-05,0.0,nan,nan,nan
202.5251,1.545279e-05,0.0,nan,nan,nan
202.6085,1.54505e-05,0.0,nan,nan,nan
202.692,1.545109e-05,0.0,nan,nan,nan
202.7755,1.545179e-05,0.0,nan,nan,nan
202.859,1.54488e-05,0.0,nan,nan,nan
202.9423,1.545107e-05,0.0,nan,nan,nan
203.0257,1.545256e-05,0.0,nan,nan,nan
203.1093,1.544557e-05,0.0,nan,nan,nan
203.1931,1.54459e-05,0.0,nan,nan,nan
203.2766,1.5452e-05,0.0,nan,nan,nan
203.4079,1.545375e-05,0.0,nan,nan,nan
203.4917,1.545472e-05,0.0,nan,nan,nan
203.5753,1.54533e-05,0.0,nan,nan,nan
203.6587,1.545424e-05,0.0,nan,nan,nan
203.7436,1.545034e-05,0.0,nan,nan,nan
203.8272,1.545059e-05,0.0,nan,nan,nan
203.911,1.544913e-05,0.0,nan,nan,nan
204.0013,1.545276e-05,0.0,nan,nan,nan
204.0849,1.545242e-05,0.0,nan,nan,nan
204.1685,1.545022e-05,0.0,nan,nan,nan
204.252,1.544706e-05,0.0,nan,nan,nan
204.3356,1.545103e-05,0.0,nan,nan,nan
204.4191,1.545128e-05,0.0,nan,nan,nan
204.5027,1.54495e-05,0.0,nan,nan,nan
204.6035,1.545058e-05,0.0,nan,nan,nan
204.6871,1.544791e-05,0.0,nan,nan,nan
204.7708,1.545462e-05,0.0,nan,nan,nan
204.8546,1.545529e-05,0.0,nan,nan,nan
204.9385,1.545166e-05,0.0,nan,nan,nan
205.0222,1.545072e-05,0.0,nan,nan,nan
205.106,1.544871e-05,0.0,nan,nan,nan
205.1897,1.545246e-05,0.0,nan,nan,nan
205.2734,1.545274e-05,0.0,nan,nan,nan
205.3571,1.545117e-05,0.0,nan,nan,nan
205.4408,1.544844e-05,0.0,nan,nan,nan
205.5242,1.544836e-05,0.0,nan,nan,nan
205.6231,1.544882e-05,0.0,nan,nan,nan
205.707,1.545155e-05,0.0,nan,nan,nan
205.7904,1.544964e-05,0.0,nan,nan,nan
205.8743,1.544736e-05,0.0,nan,nan,nan
205.9579,1.54505e-05,0.0,nan,nan,nan
206.0414,1.545043e-05,0.0,nan,nan,nan
206.1252,1.545002e-05,0.0,nan,nan,nan
206.2085,1.545127e-05,0.0,nan,nan,nan
206.2922,1.545185e-05,0.0,nan,nan,nan
206.3755,1.545045e-05,0.0,nan,nan,nan
206.4589,1.545224e-05,0.0,nan,nan,nan
206.5425,1.544993e-05,0.0,nan,nan,nan
206.6268,1.544829e-05,0.0,nan,nan,nan
206.7121,1.545396e-05,0.0,nan,nan,nan
206.796,1.545219e-05,0.0,nan,nan,nan
206.8799,1.545479e-05,0.0,nan,nan,nan
206.9637,1.545471e-05,0.0,nan,nan,nan
207.0703,1.545589e-05,0.0,nan,nan,nan
207.1541,1.545098e-05,0.0,nan,nan,nan
207.2379,1.545093e-05,0.0,nan,nan,nan
207.3218,1.545032e-05,0.0,nan,nan,nan
207.4057,1.545108e-05,0.0,nan,nan,nan
207.4895,1.544929e-05,0.0,nan,nan,nan
207.577,1.545236e-05,0.0,nan,nan,nan
207.679,1.5453e-05,0.0,nan,nan,nan
207.7628,1.545253e-05,0.0,nan,nan,nan
207.8462,1.545672e-05,0.0,nan,nan,nan
207.9301,1.54559e-05,0.0,nan,nan,nan
208.0138,1.54563e-05,0.0,nan,nan,nan
208.0979,1.545503e-05,0.0,nan,nan,nan
208.1815,1.545732e-05,0.0,nan,nan,nan
208.2774,1.545429e-05,0.0,nan,nan,nan
208.3611,1.545558e-05,0.0,nan,nan,nan
208.4449,1.545366e-05,0.0,nan,nan,nan
208.5288,1.545181e-05,0.0,nan,nan,nan
208.6126,1.545414e-05,0.0,nan,nan,nan
208.7088,1.545362e-05,0.0,nan,nan,nan
208.7925,1.545384e-05,0.0,nan,nan,nan
208.8764,1.545296e-05,0.0,nan,nan,nan
208.96,1.545755e-05,0.0,nan,nan,nan
209.0436,1.545554e-05,0.0,nan,nan,nan
209.1275,1.545294e-05,0.0,nan,nan,nan
209.2115,1.544926e-05,0.0,nan,nan,nan
209.3092,1.544821e-05,0.0,nan,nan,nan
209.3926,1.544974e-05,0.0,nan,nan,nan
209.4772,1.544567e-05,0.0,nan,nan,nan
209.561,1.545138e-05,0.0,nan,nan,nan
209.6445,1.544862e-05,0.0,nan,nan,nan
209.7282,1.545554e-05,0.0,nan,nan,nan
209.8119,1.545239e-05,0.0,nan,nan,nan
209.8955,1.545599e-05,0.0,nan,nan,nan
209.9795,1.545132e-05,0.0,nan,nan,nan
210.0633,1.545349e-05,0.0,nan,nan,nan
210.1472,1.545933e-05,0.0,nan,nan,nan
210.2311,1.546001e-05,0.0,nan,nan,nan
210.3255,1.545572e-05,0.0,nan,nan,nan
210.4092,1.545425e-05,0.0,nan,nan,nan
210.4926,1.545255e-05,0.0,nan,nan,nan
210.576,1.544955e-05,0.0,nan,nan,nan
210.6597,1.54525e-05,0.0,nan,nan,nan
210.7432,1.54506e-05,0.0,nan,nan,nan
210.8271,1.5451e-05,0.0,nan,nan,nan
210.9114,1.54473e-05,0.0,nan,nan,nan
210.995,1.545052e-05,0.0,nan,nan,nan
211.0789,1.545134e-05,0.0,nan,nan,nan
211.1655,1.545047e-05,0.0,nan,nan,nan
211.2493,1.544724e-05,0.0,nan,nan,nan
211.3329,1.545426e-05,0.0,nan,nan,nan
211.4165,1.544981e-05,0.0,nan,nan,nan
211.5004,1.545198e-05,0.0,nan,nan,nan
211.5841,1.545065e-05,0.0,nan,nan,nan
211.691,1.545197e-05,0.0,nan,nan,nan
211.7836,1.545281e-05,0.0,nan,nan,nan
211.8671,1.545203e-05,0.0,nan,nan,nan
211.9507,1.545041e-05,0.0,nan,nan,nan
212.0346,1.54501e-05,0.0,nan,nan,nan
212.1182,1.545369e-05,0.0,nan,nan,nan
212.2046,1.545078e-05,0.0,nan,nan,nan
212.2884,1.545415e-05,0.0,nan,nan,nan
212.3734,1.545059e-05,0.0,nan,nan,nan
212.4572,1.545329e-05,0.0,nan,nan,nan
212.541,1.545251e-05,0.0,nan,nan,nan
212.6248,1.545083e-05,0.0,nan,nan,nan
212.7086,1.545442e-05,0.0,nan,nan,nan
212.8177,1.545209e-05,0.0,nan,nan,nan
212.9016,1.545115e-05,0.0,nan,nan,nan
213.004,1.545655e-05,0.0,nan,nan,nan
213.0879,1.545235e-05,0.0,nan,nan,nan
213.1716,1.545336e-05,0.0,nan,nan,nan
213.2552,1.544947e-05,0.0,nan,nan,nan
213.3391,1.545443e-05,0.0,nan,nan,nan
213.43,1.545224e-05,0.0,nan,nan,nan
213.5139,1.545051e-05,0.0,nan,nan,nan
213.5989,1.54577e-05,0.0,nan,nan,nan
213.6829,1.54544e-05,0.0,nan,nan,nan
213.7684,1.545506e-05,0.0,nan,nan,nan
213.8519,1.545561e-05,0.0,nan,nan,nan
213.9355,1.54505e-05,0.0,nan,nan,nan
214.0277,1.545506e-05,0.0,nan,nan,nan
214.1113,1.545238e-05,0.0,nan,nan,nan
214.1947,1.544903e-05,0.0,nan,nan,nan
214.2785,1.545061e-05,0.0,nan,nan,nan
214.3623,1.545599e-05,0.0,nan,nan,nan
214.4461,1.545261e-05,0.0,nan,nan,nan
214.53,1.545135e-05,0.0,nan,nan,nan
214.6135,1.545243e-05,0.0,nan,nan,nan
214.6975,1.54502e-05,0.0,nan,nan,nan
214.7814,1.545256e-05,0.0,nan,nan,nan
214.8648,1.545121e-05,0.0,nan,nan,nan
214.9486,1.544993e-05,0.0,nan,nan,nan
215.0546,1.544899e-05,0.0,nan,nan,nan
215.1385,1.54492e-05,0.0,nan,nan,nan
215.2439,1.545219e-05,0.0,nan,nan,nan
215.3276,1.545021e-05,0.0,nan,nan,nan
215.4112,1.545189e-05,0.0,nan,nan,nan
215.4948,1.545165e-05,0.0,nan,nan,nan
215.5786,1.544859e-05,0.0,nan,nan,nan
215.6739,1.545255e-05,0.0,nan,nan,nan
215.7576,1.545092e-05,0.0,nan,nan,nan
215.8411,1.545438e-05,0.0,nan,nan,nan
215.925,1.544917e-05,0.0,nan,nan,nan
216.0088,1.54523e-05,0.0,nan,nan,nan
216.0922,1.545126e-05,0.0,nan,nan,nan
216.1759,1.544921e-05,0.0,nan,nan,nan
216.2594,1.545172e-05,0.0,nan,nan,nan
216.343,1.544806e-05,0.0,nan,nan,nan
216.4265,1.545221e-05,0.0,nan,nan,nan
216.51,1.545058e-05,0.0,nan,nan,nan
216.5938,1.545258e-05,0.0,nan,nan,nan
216.6774,1.545532e-05,0.0,nan,nan,nan
216.7613,1.545216e-05,0.0,nan,nan,nan
216.8446,1.545479e-05,0.0,nan,nan,nan
216.9282,1.545132e-05,0.0,nan,nan,nan
217.0119,1.545672e-05,0.0,nan,nan,nan
217.0957,1.544966e-05,0.0,nan,nan,nan
217.1797,1.544985e-05,0.0,nan,nan,nan
217.285,1.545102e-05,0.0,nan,nan,nan
217.3688,1.545382e-05,0.0,nan,nan,nan
217.4753,1.545444e-05,0.0,nan,nan,nan
217.559,1.544763e-05,0.0,nan,nan,nan
217.6426,1.545321e-05,0.0,nan,nan,nan
217.726,1.545177e-05,0.0,nan,nan,nan
217.8096,1.545386e-05,0.0,nan,nan,nan
217.9114,1.54528e-05,0.0,nan,nan,nan
217.9951,1.545223e-05,0.0,nan,nan,nan
218.0919,1.54521e-05,0.0,nan,nan,nan
218.1752,1.545161e-05,0.0,nan,nan,nan
218.2602,1.545066e-05,0.0,nan,nan,nan
218.3438,1.544848e-05,0.0,nan,nan,nan
218.4275,1.544944e-05,0.0,nan,nan,nan
218.511,1.54495e-05,0.0,nan,nan,nan
218.5947,1.545149e-05,0.0,nan,nan,nan
218.6785,1.545003e-05,0.0,nan,nan,nan
218.7621,1.545019e-05,0.0,nan,nan,nan
218.846,1.545103e-05,0.0,nan,nan,nan
218.9297,1.544979e-05,0.0,nan,nan,nan
219.0134,1.544887e-05,0.0,nan,nan,nan
219.1192,1.545371e-05,0.0,nan,nan,nan
219.2027,1.545053e-05,0.0,nan,nan,nan
219.2868,1.545635e-05,0.0,nan,nan,nan
219.3707,1.545407e-05,0.0,nan,nan,nan
219.4547,1.545707e-05,0.0,nan,nan,nan
219.5383,1.545299e-05,0.0,nan,nan,nan
219.6221,1.545336e-05,0.0,nan,nan,nan
219.7062,1.545406e-05,0.0,nan,nan,nan
219.7896,1.54539e-05,0.0,nan,nan,nan
219.8733,1.54526e-05,0.0,nan,nan,nan
219.9662,1.545377e-05,0.0,nan,nan,nan
220.0498,1.545119e-05,0.0,nan,nan,nan
220.1402,1.545367e-05,0.0,nan,nan,nan
220.2237,1.545383e-05,0.0,nan,nan,nan
220.3074,1.545486e-05,0.0,nan,nan,nan
220.3913,1.54494e-05,0.0,nan,nan,nan
220.4756,1.545231e-05,0.0,nan,nan,nan
220.5592,1.545364e-05,0.0,nan,nan,nan
220.6431,1.545261e-05,0.0,nan,nan,nan
220.7479,1.545153e-05,0.0,nan,nan,nan
220.8316,1.545565e-05,0.0,nan,nan,nan
220.9161,1.545475e-05,0.0,nan,nan,nan
220.9996,1.545706e-05,0.0,nan,nan,nan
221.0831,1.54554e-05,0.0,nan,nan,nan
221.1666,1.545658e-05,0.0,nan,nan,nan
221.2504,1.545363e-05,0.0,nan,nan,nan
221.3345,1.545744e-05,0.0,nan,nan,nan
221.4181,1.545118e-05,0.0,nan,nan,nan
221.5019,1.545549e-05,0.0,nan,nan,nan
221.5856,1.545192e-05,0.0,nan,nan,nan
221.6694,1.545502e-05,0.0,nan,nan,nan
221.7656,1.545598e-05,0.0,nan,nan,nan
221.8492,1.54585e-05,0.0,nan,nan,nan
221.9329,1.54536e-05,0.0,nan,nan,nan
222.0412,1.545289e-05,0.0,nan,nan,nan
222.1252,1.545505e-05,0.0,nan,nan,nan
222.2088,1.545283e-05,0.0,nan,nan,nan
222.2923,1.545311e-05,0.0,nan,nan,nan
222.3763,1.545067e-05,0.0,nan,nan,nan
222.4597,1.545502e-05,0.0,nan,nan,nan
222.5435,1.545696e-05,0.0,nan,nan,nan
222.627,1.545125e-05,0.0,nan,nan,nan
222.7107,1.545162e-05,0.0,nan,nan,nan
222.7944,1.545362e-05,0.0,nan,nan,nan
222.8781,1.545454e-05,0.0,nan,nan,nan
222.9619,1.545461e-05,0.0,nan,nan,nan
223.0458,1.54543e-05,0.0,nan,nan,nan
223.1298,1.545948e-05,0.0,nan,nan,nan
223.2197,1.545678e-05,0.0,nan,nan,nan
223.3032,1.545252e-05,0.0,nan,nan,nan
223.4085,1.545018e-05,0.0,nan,nan,nan
223.4924,1.545597e-05,0.0,nan,nan,nan
223.5761,1.545165e-05,0.0,nan,nan,nan
223.6597,1.545473e-05,0.0,nan,nan,nan
223.7435,1.545526e-05,0.0,nan,nan,nan
223.8272,1.545538e-05,0.0,nan,nan,nan
223.9109,1.54491e-05,0.0,nan,nan,nan
223.9944,1.545057e-05,0.0,nan,nan,nan
224.1077,1.54517e-05,0.0,nan,nan,nan
224.1918,1.544985e-05,0.0,nan,nan,nan
224.2754,1.54523e-05,0.0,nan,nan,nan
224.359,1.545608e-05,0.0,nan,nan,nan
224.4443,1.545249e-05,0.0,nan,nan,nan
224.5279,1.54507e-05,0.0,nan,nan,nan
224.6361,1.544954e-05,0.0,nan,nan,nan
224.7199,1.544838e-05,0.0,nan,nan,nan
224.8245,1.544957e-05,0.0,nan,nan,nan
224.9085,1.545132e-05,0.0,nan,nan,nan
224.992,1.545689e-05,0.0,nan,nan,nan
225.0757,1.54522e-05,0.0,nan,nan,nan
225.1592,1.545286e-05,0.0,nan,nan,nan
225.2461,1.545369e-05,0.0,nan,nan,nan
225.33,1.545366e-05,0.0,nan,nan,nan
225.4136,1.545548e-05,0.0,nan,nan,nan
225.4974,1.545259e-05,0.0,nan,nan,nan
225.5812,1.545171e-05,0.0,nan,nan,nan
225.6648,1.545349e-05,0.0,nan,nan,nan
225.7485,1.544946e-05,0.0,nan,nan,nan
225.8441,1.545159e-05,0.0,nan,nan,nan
225.9278,1.545233e-05,0.0,nan,nan,nan
226.0122,1.545051e-05,0.0,nan,nan,nan
226.096,1.545301e-05,0.0,nan,nan,nan
226.2091,1.545319e-05,0.0,nan,nan,nan
226.2926,1.545663e-05,0.0,nan,nan,nan
226.3763,1.545432e-05,0.0,nan,nan,nan
226.4714,1.545057e-05,0.0,nan,nan,nan
226.5552,1.545219e-05,0.0,nan,nan,nan
226.639,1.545154e-05,0.0,nan,nan,nan
226.7227,1.545237e-05,0.0,nan,nan,nan
226.8066,1.545316e-05,0.0,nan,nan,nan
226.8905,1.545644e-05,0.0,nan,nan,nan
226.9745,1.545475e-05,0.0,nan,nan,nan
227.0695,1.545356e-05,0.0,nan,nan,nan
227.1533,1.545218e-05,0.0,nan,nan,nan
227.2616,1.545167e-05,0.0,nan,nan,nan
227.3453,1.54544e-05,0.0,nan,nan,nan
227.4291,1.544901e-05,0.0,nan,nan,nan
227.5129,1.545109e-05,0.0,nan,nan,nan
227.5967,1.545083e-05,0.0,nan,nan,nan
227.6844,1.544997e-05,0.0,nan,nan,nan
227.768,1.545347e-05,0.0,nan,nan,nan
227.8749,1.545217e-05,0.0,nan,nan,nan
227.9587,1.545073e-05,0.0,nan,nan,nan
228.044,1.545018e-05,0.0,nan,nan,nan
228.1278,1.544924e-05,0.0,nan,nan,nan
228.2115,1.545356e-05,0.0,nan,nan,nan
228.2952,1.545111e-05,0.0,nan,nan,nan
228.379,1.545384e-05,0.0,nan,nan,nan
228.4624,1.545637e-05,0.0,nan,nan,nan
228.5462,1.5455e-05,0.0,nan,nan,nan
228.63,1.545204e-05,0.0,nan,nan,nan
228.7145,1.545542e-05,0.0,nan,nan,nan
228.7982,1.545464e-05,0.0,nan,nan,nan
228.8816,1.545369e-05,0.0,nan,nan,nan
228.9651,1.545496e-05,0.0,nan,nan,nan
229.0487,1.54572e-05,0.0,nan,nan,nan
229.1322,1.545707e-05,0.0,nan,nan,nan
229.2159,1.545572e-05,0.0,nan,nan,nan
229.3186,1.545491e-05,0.0,nan,nan,nan
229.4025,1.545114e-05,0.0,nan,nan,nan
229.4955,1.545518e-05,0.0,nan,nan,nan
229.5793,1.545394e-05,0.0,nan,nan,nan
229.6629,1.545388e-05,0.0,nan,nan,nan
229.7468,1.545355e-05,0.0,nan,nan,nan
229.8306,1.545061e-05,0.0,nan,nan,nan
229.9268,1.545082e-05,0.0,nan,nan,nan
230.0103,1.545025e-05,0.0,nan,nan,nan
230.0947,1.54557e-05,0.0,nan,nan,nan
230.1785,1.545321e-05,0.0,nan,nan,nan
230.2623,1.545246e-05,0.0,nan,nan,nan
230.3723,1.545483e-05,0.0,nan,nan,nan
230.456,1.545341e-05,0.0,nan,nan,nan
230.5417,1.545275e-05,0.0,nan,nan,nan
230.6253,1.545253e-05,0.0,nan,nan,nan
230.7099,1.545519e-05,0.0,nan,nan,nan
230.7935,1.545561e-05,0.0,nan,nan,nan
230.8772,1.545429e-05,0.0,nan,nan,nan
230.9609,1.545555e-05,0.0,nan,nan,nan
231.0447,1.545634e-05,0.0,nan,nan,nan
231.1282,1.545597e-05,0.0,nan,nan,nan
231.212,1.545824e-05,0.0,nan,nan,nan
231.2958,1.545672e-05,0.0,nan,nan,nan
231.3795,1.545571e-05,0.0,nan,nan,nan
231.4633,1.545521e-05,0.0,nan,nan,nan
231.5599,1.545366e-05,0.0,nan,nan,nan
231.6438,1.545218e-05,0.0,nan,nan,nan
231.7273,1.545757e-05,0.0,nan,nan,nan
231.8109,1.545489e-05,0.0,nan,nan,nan
231.8946,1.545748e-05,0.0,nan,nan,nan
231.9782,1.545523e-05,0.0,nan,nan,nan
232.0621,1.54588e-05,0.0,nan,nan,nan
232.1458,1.545778e-05,0.0,nan,nan,nan
232.2296,1.545938e-05,0.0,nan,nan,nan
232.3135,1.545607e-05,0.0,nan,nan,nan
232.4079,1.545831e-05,0.0,nan,nan,nan
232.4917,1.545517e-05,0.0,nan,nan,nan
232.5751,1.545387e-05,0.0,nan,nan,nan
232.6589,1.545399e-05,0.0,nan,nan,nan
232.7434,1.545576e-05,0.0,nan,nan,nan
232.8271,1.545282e-05,0.0,nan,nan,nan
232.9108,1.545713e-05,0.0,nan,nan,nan
232.9946,1.545659e-05,0.0,nan,nan,nan
233.0783,1.545668e-05,0.0,nan,nan,nan
233.1622,1.545542e-05,0.0,nan,nan,nan
233.246,1.545759e-05,0.0,nan,nan,nan
233.3299,1.545252e-05,0.0,nan,nan,nan
233.4136,1.545529e-05,0.0,nan,nan,nan
233.4974,1.5454e-05,0.0,nan,nan,nan
233.6094,1.545392e-05,0.0,nan,nan,nan
233.6929,1.545398e-05,0.0,nan,nan,nan
233.803,1.545227e-05,0.0,nan,nan,nan
233.8864,1.545529e-05,0.0,nan,nan,nan
233.9782,1.545292e-05,0.0,nan,nan,nan
234.062,1.54514e-05,0.0,nan,nan,nan
234.1458,1.545342e-05,0.0,nan,nan,nan
234.2293,1.545318e-05,0.0,nan,nan,nan
234.3132,1.545641e-05,0.0,nan,nan,nan
234.3998,1.545541e-05,0.0,nan,nan,nan
234.4916,1.545203e-05,0.0,nan,nan,nan
234.5759,1.545671e-05,0.0,nan,nan,nan
234.6596,1.545827e-05,0.0,nan,nan,nan
234.7434,1.54579e-05,0.0,nan,nan,nan
234.8271,1.545657e-05,0.0,nan,nan,nan
234.9107,1.545418e-05,0.0,nan,nan,nan
234.9945,1.54568e-05,0.0,nan,nan,nan
235.0783,1.545596e-05,0.0,nan,nan,nan
235.1621,1.545356e-05,0.0,nan,nan,nan
235.2484,1.545432e-05,0.0,nan,nan,nan
235.3321,1.545144e-05,0.0,nan,nan,nan
235.4155,1.544799e-05,0.0,nan,nan,nan
235.499,1.545209e-05,0.0,nan,nan,nan
235.583,1.545288e-05,0.0,nan,nan,nan
235.6664,1.545304e-05,0.0,nan,nan,nan
235.7498,1.54519e-05,0.0,nan,nan,nan
235.8332,1.544971e-05,0.0,nan,nan,nan
235.9167,1.545095e-05,0.0,nan,nan,nan
236.0002,1.54511e-05,0.0,nan,nan,nan
236.0837,1.545318e-05,0.0,nan,nan,nan
236.1672,1.545587e-05,0.0,nan,nan,nan
236.251,1.545267e-05,0.0,nan,nan,nan
236.3344,1.544989e-05,0.0,nan,nan,nan
236.4179,1.545444e-05,0.0,nan,nan,nan
236.5014,1.545493e-05,0.0,nan,nan,nan
236.5849,1.545429e-05,0.0,nan,nan,nan
236.6684,1.544985e-05,0.0,nan,nan,nan
236.7517,1.54563e-05,0.0,nan,nan,nan
236.8353,1.545436e-05,0.0,nan,nan,nan
236.9188,1.54526e-05,0.0,nan,nan,nan
237.0023,1.545343e-05,0.0,nan,nan,nan
237.0859,1.545281e-05,0.0,nan,nan,nan
237.1696,1.545384e-05,0.0,nan,nan,nan
237.2615,1.545434e-05,0.0,nan,nan,nan
237.345,1.545883e-05,0.0,nan,nan,nan
237.4288,1.54566e-05,0.0,nan,nan,nan
237.5123,1.545677e-05,0.0,nan,nan,nan
237.5959,1.545856e-05,0.0,nan,nan,nan
237.6846,1.545434e-05,0.0,nan,nan,nan
237.7682,1.545254e-05,0.0,nan,nan,nan
237.8516,1.54494e-05,0.0,nan,nan,nan
237.935,1.545402e-05,0.0,nan,nan,nan
238.0185,1.545061e-05,0.0,nan,nan,nan
238.102,1.545618e-05,0.0,nan,nan,nan
238.1857,1.545268e-05,0.0,nan,nan,nan
238.2837,1.54533e-05,0.0,nan,nan,nan
238.3671,1.545428e-05,0.0,nan,nan,nan
238.4505,1.545356e-05,0.0,nan,nan,nan
238.5342,1.545226e-05,0.0,nan,nan,nan
238.6181,1.54511e-05,0.0,nan,nan,nan
238.7016,1.545231e-05,0.0,nan,nan,nan
238.7853,1.545819e-05,0.0,nan,nan,nan
238.8689,1.545705e-05,0.0,nan,nan,nan
238.9524,1.546028e-05,0.0,nan,nan,nan
239.0359,1.545555e-05,0.0,nan,nan,nan
239.1194,1.54545e-05,0.0,nan,nan,nan
239.2031,1.545612e-05,0.0,nan,nan,nan
239.2927,1.54583e-05,0.0,nan,nan,nan
239.3764,1.545499e-05,0.0,nan,nan,nan
239.4598,1.545886e-05,0.0,nan,nan,nan
239.5435,1.545714e-05,0.0,nan,nan,nan
239.6271,1.545985e-05,0.0,nan,nan,nan
239.7213,1.545736e-05,0.0,nan,nan,nan
239.8051,1.54569e-05,0.0,nan,nan,nan
239.8889,1.545736e-05,0.0,nan,nan,nan
239.9725,1.545136e-05,0.0,nan,nan,nan
240.0562,1.545584e-05,0.0,nan,nan,nan
240.1397,1.545834e-05,0.0,nan,nan,nan
240.2233,1.545812e-05,0.0,nan,nan,nan
240.3108,1.545458e-05,0.0,nan,nan,nan
240.3942,1.545323e-05,0.0,nan,nan,nan
240.4778,1.545241e-05,0.0,nan,nan,nan
240.5613,1.545147e-05,0.0,nan,nan,nan
240.6706,1.54529e-05,0.0,nan,nan,nan
240.7542,1.545507e-05,0.0,nan,nan,nan
240.8378,1.545016e-05,0.0,nan,nan,nan
240.9215,1.545082e-05,0.0,nan,nan,nan
241.0051,1.545047e-05,0.0,nan,nan,nan
241.0887,1.545205e-05,0.0,nan,nan,nan
241.1724,1.545443e-05,0.0,nan,nan,nan
241.2564,1.545697e-05,0.0,nan,nan,nan
241.3401,1.545817e-05,0.0,nan,nan,nan
241.4239,1.545462e-05,0.0,nan,nan,nan
241.5077,1.545201e-05,0.0,nan,nan,nan
241.5913,1.545275e-05,0.0,nan,nan,nan
241.6753,1.545618e-05,0.0,nan,nan,nan
241.7696,1.545757e-05,0.0,nan,nan,nan
241.8534,1.545425e-05,0.0,nan,nan,nan
241.9373,1.545043e-05,0.0,nan,nan,nan
242.0213,1.545275e-05,0.0,nan,nan,nan
242.1054,1.545184e-05,0.0,nan,nan,nan
242.189,1.545294e-05,0.0,nan,nan,nan
242.2728,1.545224e-05,0.0,nan,nan,nan
242.3749,1.545139e-05,0.0,nan,nan,nan
242.4585,1.545438e-05,0.0,nan,nan,nan
242.5424,1.545282e-05,0.0,nan,nan,nan
242.626,1.545335e-05,0.0,nan,nan,nan
242.7309,1.545071e-05,0.0,nan,nan,nan
242.8148,1.545014e-05,0.0,nan,nan,nan
242.8984,1.545155e-05,0.0,nan,nan,nan
242.9922,1.545044e-05,0.0,nan,nan,nan
243.0758,1.545324e-05,0.0,nan,nan,nan
243.1595,1.545451e-05,0.0,nan,nan,nan
243.2433,1.54497e-05,0.0,nan,nan,nan
243.327,1.545847e-05,0.0,nan,nan,nan
243.4162,1.545199e-05,0.0,nan,nan,nan
243.4999,1.545502e-05,0.0,nan,nan,nan
243.5834,1.545609e-05,0.0,nan,nan,nan
243.6668,1.545467e-05,0.0,nan,nan,nan
243.7506,1.545555e-05,0.0,nan,nan,nan
243.8343,1.545738e-05,0.0,nan,nan,nan
243.9183,1.545543e-05,0.0,nan,nan,nan
244.0155,1.545455e-05,0.0,nan,nan,nan
244.099,1.545512e-05,0.0,nan,nan,nan
244.1826,1.545048e-05,0.0,nan,nan,nan
244.2662,1.545327e-05,0.0,nan,nan,nan
244.3499,1.545573e-05,0.0,nan,nan,nan
244.4338,1.545148e-05,0.0,nan,nan,nan
244.5177,1.544908e-05,0.0,nan,nan,nan
244.6175,1.545654e-05,0.0,nan,nan,nan
244.7014,1.545703e-05,0.0,nan,nan,nan
244.792,1.545275e-05,0.0,nan,nan,nan
244.8758,1.54557e-05,0.0,nan,nan,nan
244.9593,1.545346e-05,0.0,nan,nan,nan
245.0428,1.545566e-05,0.0,nan,nan,nan
245.1264,1.545474e-05,0.0,nan,nan,nan
245.2111,1.545566e-05,0.0,nan,nan,nan
245.2948,1.545743e-05,0.0,nan,nan,nan
245.3784,1.545144e-05,0.0,nan,nan,nan
245.4621,1.545176e-05,0.0,nan,nan,nan
245.5458,1.545163e-05,0.0,nan,nan,nan
245.6293,1.545245e-05,0.0,nan,nan,nan
245.7131,1.545497e-05,0.0,nan,nan,nan
245.7968,1.545716e-05,0.0,nan,nan,nan
245.8804,1.545682e-05,0.0,nan,nan,nan
245.9642,1.54525e-05,0.0,nan,nan,nan
246.0624,1.54535e-05,0.0,nan,nan,nan
246.1462,1.545553e-05,0.0,nan,nan,nan
246.2297,1.545111e-05,0.0,nan,nan,nan
246.3135,1.545372e-05,0.0,nan,nan,nan
246.3973,1.545281e-05,0.0,nan,nan,nan
246.481,1.545642e-05,0.0,nan,nan,nan
246.5649,1.545473e-05,0.0,nan,nan,nan
246.6487,1.546001e-05,0.0,nan,nan,nan
246.7326,1.545463e-05,0.0,nan,nan,nan
246.8416,1.545288e-05,0.0,nan,nan,nan
246.9251,1.545499e-05,0.0,nan,nan,nan
247.0087,1.545318e-05,0.0,nan,nan,nan
247.0924,1.545378e-05,0.0,nan,nan,nan
247.1759,1.545107e-05,0.0,nan,nan,nan
247.2776,1.545238e-05,0.0,nan,nan,nan
247.3611,1.544841e-05,0.0,nan,nan,nan
247.4445,1.545044e-05,0.0,nan,nan,nan
247.5278,1.54541e-05,0.0,nan,nan,nan
247.6116,1.545186e-05,0.0,nan,nan,nan
247.7046,1.545197e-05,0.0,nan,nan,nan
247.7883,1.545387e-05,0.0,nan,nan,nan
247.8718,1.545175e-05,0.0,nan,nan,nan
247.9558,1.544759e-05,0.0,nan,nan,nan
248.0394,1.545102e-05,0.0,nan,nan,nan
248.1231,1.545217e-05,0.0,nan,nan,nan
248.2067,1.545029e-05,0.0,nan,nan,nan
248.2974,1.54501e-05,0.0,nan,nan,nan
248.3811,1.544957e-05,0.0,nan,nan,nan
248.4645,1.54513e-05,0.0,nan,nan,nan
248.5485,1.545435e-05,0.0,nan,nan,nan
248.6323,1.545225e-05,0.0,nan,nan,nan
248.7158,1.545397e-05,0.0,nan,nan,nan
248.7997,1.545232e-05,0.0,nan,nan,nan
248.8921,1.545206e-05,0.0,nan,nan,nan
248.9859,1.545608e-05,0.0,nan,nan,nan
249.0705,1.545663e-05,0.0,nan,nan,nan
249.154,1.545216e-05,0.0,nan,nan,nan
249.2375,1.545408e-05,0.0,nan,nan,nan
249.327,1.54579e-05,0.0,nan,nan,nan
249.4107,1.545215e-05,0.0,nan,nan,nan
249.5118,1.545442e-05,0.0,nan,nan,nan
249.5954,1.545515e-05,0.0,nan,nan,nan
249.6788,1.545675e-05,0.0,nan,nan,nan
249.7626,1.545537e-05,0.0,nan,nan,nan
249.8462,1.545746e-05,0.0,nan,nan,nan
249.9331,1.545741e-05,0.0,nan,nan,nan
250.017,1.545519e-05,0.0,nan,nan,nan
250.1005,1.545436e-05,0.0,nan,nan,nan
250.1843,1.54522e-05,0.0,nan,nan,nan
250.268,1.545427e-05,0.0,nan,nan,nan
250.3516,1.545521e-05,0.0,nan,nan,nan
250.4352,1.545779e-05,0.0,nan,nan,nan
250.5241,1.545515e-05,0.0,nan,nan,nan
250.6078,1.545555e-05,0.0,nan,nan,nan
250.6913,1.545683e-05,0.0,nan,nan,nan
250.775,1.545463e-05,0.0,nan,nan,nan
250.8588,1.54498e-05,0.0,nan,nan,nan
250.9744,1.545336e-05,0.0,nan,nan,nan
251.0579,1.545031e-05,0.0,nan,nan,nan
251.156,1.54569e-05,0.0,nan,nan,nan
251.2396,1.545741e-05,0.0,nan,nan,nan
251.3245,1.545748e-05,0.0,nan,nan,nan
251.408,1.545784e-05,0.0,nan,nan,nan
251.4919,1.545353e-05,0.0,nan,nan,nan
251.5755,1.545354e-05,0.0,nan,nan,nan
251.6592,1.545452e-05,0.0,nan,nan,nan
251.7625,1.545583e-05,0.0,nan,nan,nan
251.8461,1.545153e-05,0.0,nan,nan,nan
251.93,1.545306e-05,0.0,nan,nan,nan
252.0137,1.545703e-05,0.0,nan,nan,nan
252.0979,1.545208e-05,0.0,nan,nan,nan
252.1834,1.545347e-05,0.0,nan,nan,nan
252.267,1.545497e-05,0.0,nan,nan,nan
252.3509,1.545521e-05,0.0,nan,nan,nan
252.4342,1.545276e-05,0.0,nan,nan,nan
252.5176,1.545354e-05,0.0,nan,nan,nan
252.6012,1.54543e-05,0.0,nan,nan,nan
252.685,1.545208e-05,0.0,nan,nan,nan
252.782,1.545294e-05,0.0,nan,nan,nan
252.8655,1.545204e-05,0.0,nan,nan,nan
252.949,1.545155e-05,0.0,nan,nan,nan
253.063,1.545119e-05,0.0,nan,nan,nan
253.1468,1.545107e-05,0.0,nan,nan,nan
253.2305,1.54484e-05,0.0,nan,nan,nan
253.3143,1.545444e-05,0.0,nan,nan,nan
253.4119,1.545107e-05,0.0,nan,nan,nan
253.4956,1.544964e-05,0.0,nan,nan,nan
253.5797,1.545281e-05,0.0,nan,nan,nan
253.6634,1.54503e-05,0.0,nan,nan,nan
253.7473,1.54503e-05,0.0,nan,nan,nan
253.8314,1.545486e-05,0.0,nan,nan,nan
253.915,1.54567e-05,0.0,nan,nan,nan
254.0197,1.545679e-05,0.0,nan,nan,nan
254.1035,1.545492e-05,0.0,nan,nan,nan
254.1869,1.545609e-05,0.0,nan,nan,nan
254.2705,1.544878e-05,0.0,nan,nan,nan
254.3541,1.545381e-05,0.0,nan,nan,nan
254.4375,1.545054e-05,0.0,nan,nan,nan
254.5214,1.545353e-05,0.0,nan,nan,nan
254.6265,1.545492e-05,0.0,nan,nan,nan
254.7099,1.545258e-05,0.0,nan,nan,nan
254.794,1.545571e-05,0.0,nan,nan,nan
254.8777,1.545453e-05,0.0,nan,nan,nan
254.9614,1.545404e-05,0.0,nan,nan,nan
255.0451,1.545074e-05,0.0,nan,nan,nan
255.142,1.545347e-05,0.0,nan,nan,nan
255.2388,1.545414e-05,0.0,nan,nan,nan
255.3224,1.545405e-05,0.0,nan,nan,nan
255.4062,1.545486e-05,0.0,nan,nan,nan
255.4896,1.545383e-05,0.0,nan,nan,nan
255.5731,1.545046e-05,0.0,nan,nan,nan
255.6588,1.545357e-05,0.0,nan,nan,nan
255.7425,1.544964e-05,0.0,nan,nan,nan
255.8259,1.545345e-05,0.0,nan,nan,nan
255.9095,1.545041e-05,0.0,nan,nan,nan
255.9931,1.54524e-05,0.0,nan,nan,nan
256.0768,1.545262e-05,0.0,nan,nan,nan
256.1603,1.545506e-05,0.0,nan,nan,nan
256.2631,1.545045e-05,0.0,nan,nan,nan
256.3467,1.545271e-05,0.0,nan,nan,nan
256.4304,1.545252e-05,0.0,nan,nan,nan
256.5143,1.545026e-05,0.0,nan,nan,nan
256.5982,1.54495e-05,0.0,nan,nan,nan
256.6822,1.545035e-05,0.0,nan,nan,nan
256.7659,1.54512e-05,0.0,nan,nan,nan
256.8494,1.545416e-05,0.0,nan,nan,nan
256.933,1.545267e-05,0.0,nan,nan,nan
257.0164,1.545067e-05,0.0,nan,nan,nan
257.1002,1.54553e-05,0.0,nan,nan,nan
257.2086,1.545533e-05,0.0,nan,nan,nan
257.2921,1.545521e-05,0.0,nan,nan,nan
257.3758,1.545228e-05,0.0,nan,nan,nan
257.4596,1.545372e-05,0.0,nan,nan,nan
257.5432,1.545105e-05,0.0,nan,nan,nan
257.6267,1.545203e-05,0.0,nan,nan,nan
257.719,1.5454e-05,0.0,nan,nan,nan
257.8028,1.544851e-05,0.0,nan,nan,nan
257.8969,1.54539e-05,0.0,nan,nan,nan
257.981,1.545266e-05,0.0,nan,nan,nan
258.0647,1.545415e-05,0.0,nan,nan,nan
258.1485,1.545427e-05,0.0,nan,nan,nan
258.232,1.545841e-05,0.0,nan,nan,nan
258.3187,1.54572e-05,0.0,nan,nan,nan
258.4025,1.545828e-05,0.0,nan,nan,nan
258.4862,1.545304e-05,0.0,nan,nan,nan
258.5697,1.545519e-05,0.0,nan,nan,nan
258.6533,1.545484e-05,0.0,nan,nan,nan
258.7369,1.545658e-05,0.0,nan,nan,nan
258.8205,1.545297e-05,0.0,nan,nan,nan
258.9042,1.545446e-05,0.0,nan,nan,nan
258.9878,1.54564e-05,0.0,nan,nan,nan
259.0717,1.545639e-05,0.0,nan,nan,nan
259.1556,1.545523e-05,0.0,nan,nan,nan
259.2497,1.545282e-05,0.0,nan,nan,nan
259.3335,1.545633e-05,0.0,nan,nan,nan
259.417,1.545083e-05,0.0,nan,nan,nan
259.5019,1.54527e-05,0.0,nan,nan,nan
259.5855,1.545579e-05,0.0,nan,nan,nan
259.6693,1.545614e-05,0.0,nan,nan,nan
259.753,1.545596e-05,0.0,nan,nan,nan
259.8367,1.54569e-05,0.0,nan,nan,nan
259.9201,1.545526e-05,0.0,nan,nan,nan
260.004,1.545631e-05,0.0,nan,nan,nan
260.088,1.545372e-05,0.0,nan,nan,nan
260.1715,1.545562e-05,0.0,nan,nan,nan
260.2552,1.54507e-05,0.0,nan,nan,nan
260.3638,1.54533e-05,0.0,nan,nan,nan
260.4478,1.545064e-05,0.0,nan,nan,nan
260.5518,1.544984e-05,0.0,nan,nan,nan
260.6357,1.545125e-05,0.0,nan,nan,nan
260.7191,1.545478e-05,0.0,nan,nan,nan
260.8029,1.545082e-05,0.0,nan,nan,nan
260.8867,1.545452e-05,0.0,nan,nan,nan
260.9754,1.545291e-05,0.0,nan,nan,nan
261.0589,1.545165e-05,0.0,nan,nan,nan
261.1431,1.545231e-05,0.0,nan,nan,nan
261.2266,1.545285e-05,0.0,nan,nan,nan
261.3352,1.54533e-05,0.0,nan,nan,nan
261.4189,1.545483e-05,0.0,nan,nan,nan
261.5024,1.544992e-05,0.0,nan,nan,nan
261.5859,1.544971e-05,0.0,nan,nan,nan
261.6698,1.544855e-05,0.0,nan,nan,nan
261.7542,1.54523e-05,0.0,nan,nan,nan
261.8396,1.545429e-05,0.0,nan,nan,nan
261.9232,1.545383e-05,0.0,nan,nan,nan
262.0071,1.545611e-05,0.0,nan,nan,nan
262.0908,1.545411e-05,0.0,nan,nan,nan
262.1932,1.545585e-05,0.0,nan,nan,nan
262.2769,1.545661e-05,0.0,nan,nan,nan
262.3605,1.54586e-05,0.0,nan,nan,nan
262.4442,1.545286e-05,0.0,nan,nan,nan
262.5279,1.545752e-05,0.0,nan,nan,nan
262.6115,1.5456e-05,0.0,nan,nan,nan
262.6952,1.545905e-05,0.0,nan,nan,nan
262.8022,1.545372e-05,0.0,nan,nan,nan
262.886,1.545438e-05,0.0,nan,nan,nan
262.9693,1.545566e-05,0.0,nan,nan,nan
263.0533,1.545869e-05,0.0,nan,nan,nan
263.1371,1.546265e-05,0.0,nan,nan,nan
263.2209,1.545369e-05,0.0,nan,nan,nan
263.3048,1.545477e-05,0.0,nan,nan,nan
263.3981,1.545271e-05,0.0,nan,nan,nan
263.4816,1.544747e-05,0.0,nan,nan,nan
263.5652,1.545345e-05,0.0,nan,nan,nan
263.6489,1.545591e-05,0.0,nan,nan,nan
263.7324,1.545403e-05,0.0,nan,nan,nan
263.816,1.545682e-05,0.0,nan,nan,nan
263.8999,1.545408e-05,0.0,nan,nan,nan
263.984,1.545727e-05,0.0,nan,nan,nan
264.0678,1.545903e-05,0.0,nan,nan,nan
264.1517,1.545419e-05,0.0,nan,nan,nan
264.2421,1.545796e-05,0.0,nan,nan,nan
264.326,1.54561e-05,0.0,nan,nan,nan
264.4346,1.545233e-05,0.0,nan,nan,nan
264.5184,1.54539e-05,0.0,nan,nan,nan
264.6021,1.545103e-05,0.0,nan,nan,nan
264.6857,1.545365e-05,0.0,nan,nan,nan
264.7695,1.545394e-05,0.0,nan,nan,nan
264.8532,1.544877e-05,0.0,nan,nan,nan
264.9371,1.545385e-05,0.0,nan,nan,nan
265.0303,1.545333e-05,0.0,nan,nan,nan
265.1143,1.545706e-05,0.0,nan,nan,nan
265.198,1.545483e-05,0.0,nan,nan,nan
265.2814,1.545592e-05,0.0,nan,nan,nan
265.3648,1.545546e-05,0.0,nan,nan,nan
265.4579,1.545552e-05,0.0,nan,nan,nan
265.5415,1.545695e-05,0.0,nan,nan,nan
265.6425,1.54523e-05,0.0,nan,nan,nan
265.7262,1.545147e-05,0.0,nan,nan,nan
265.8109,1.545501e-05,0.0,nan,nan,nan
265.896,1.545283e-05,0.0,nan,nan,nan
265.9797,1.545387e-05,0.0,nan,nan,nan
266.0633,1.545144e-05,0.0,nan,nan,nan
266.1471,1.545266e-05,0.0,nan,nan,nan
266.257,1.545269e-05,0.0,nan,nan,nan
266.341,1.545096e-05,0.0,nan,nan,nan
266.4253,1.545649e-05,0.0,nan,nan,nan
266.5089,1.545904e-05,0.0,nan,nan,nan
266.5927,1.545944e-05,0.0,nan,nan,nan
266.6763,1.545546e-05,0.0,nan,nan,nan
266.7602,1.545369e-05,0.0,nan,nan,nan
266.8648,1.545236e-05,0.0,nan,nan,nan
266.9484,1.545111e-05,0.0,nan,nan,nan
267.0343,1.54535e-05,0.0,nan,nan,nan
267.118,1.545385e-05,0.0,nan,nan,nan
267.2018,1.545702e-05,0.0,nan,nan,nan
267.2857,1.545287e-05,0.0,nan,nan,nan
267.3694,1.545163e-05,0.0,nan,nan,nan
267.4539,1.545256e-05,0.0,nan,nan,nan
267.5376,1.545832e-05,0.0,nan,nan,nan
267.6215,1.545717e-05,0.0,nan,nan,nan
267.7054,1.545966e-05,0.0,nan,nan,nan
267.789,1.545776e-05,0.0,nan,nan,nan
267.8755,1.545339e-05,0.0,nan,nan,nan
267.9592,1.545682e-05,0.0,nan,nan,nan
268.0429,1.545262e-05,0.0,nan,nan,nan
268.1264,1.545384e-05,0.0,nan,nan,nan
268.21,1.545361e-05,0.0,nan,nan,nan
268.2934,1.54588e-05,0.0,nan,nan,nan
268.3771,1.545666e-05,0.0,nan,nan,nan
268.4611,1.545754e-05,0.0,nan,nan,nan
268.5447,1.545874e-05,0.0,nan,nan,nan
268.6285,1.545869e-05,0.0,nan,nan,nan
268.7169,1.545581e-05,0.0,nan,nan,nan
268.8006,1.545463e-05,0.0,nan,nan,nan
268.8841,1.545487e-05,0.0,nan,nan,nan
268.9679,1.545449e-05,0.0,nan,nan,nan
269.0515,1.545314e-05,0.0,nan,nan,nan
269.1353,1.545742e-05,0.0,nan,nan,nan
269.2192,1.545752e-05,0.0,nan,nan,nan
269.3147,1.545646e-05,0.0,nan,nan,nan
269.3983,1.54574e-05,0.0,nan,nan,nan
269.4842,1.545612e-05,0.0,nan,nan,nan
269.5911,1.545828e-05,0.0,nan,nan,nan
269.6749,1.545381e-05,0.0,nan,nan,nan
269.7584,1.545557e-05,0.0,nan,nan,nan
269.8419,1.545668e-05,0.0,nan,nan,nan
269.9323,1.545408e-05,0.0,nan,nan,nan
270.0165,1.545238e-05,0.0,nan,nan,nan
270.0999,1.545301e-05,0.0,nan,nan,nan
270.1832,1.54565e-05,0.0,nan,nan,nan
270.267,1.545471e-05,0.0,nan,nan,nan
270.351,1.545756e-05,0.0,nan,nan,nan
270.4348,1.545857e-05,0.0,nan,nan,nan
270.5423,1.545372e-05,0.0,nan,nan,nan
270.626,1.546109e-05,0.0,nan,nan,nan
270.7097,1.54605e-05,0.0,nan,nan,nan
270.7934,1.545742e-05,0.0,nan,nan,nan
270.8771,1.545578e-05,0.0,nan,nan,nan
270.9733,1.545277e-05,0.0,nan,nan,nan
271.0571,1.545205e-05,0.0,nan,nan,nan
271.1706,1.545428e-05,0.0,nan,nan,nan
271.2543,1.545411e-05,0.0,nan,nan,nan
271.3383,1.545441e-05,0.0,nan,nan,nan
271.4222,1.545417e-05,0.0,nan,nan,nan
271.506,1.545491e-05,0.0,nan,nan,nan
271.59,1.545589e-05,0.0,nan,nan,nan
271.6734,1.545343e-05,0.0,nan,nan,nan
271.7617,1.545681e-05,0.0,nan,nan,nan
271.8456,1.545684e-05,0.0,nan,nan,nan
271.9291,1.545558e-05,0.0,nan,nan,nan
272.0129,1.545583e-05,0.0,nan,nan,nan
272.0967,1.545373e-05,0.0,nan,nan,nan
272.1833,1.545171e-05,0.0,nan,nan,nan
272.267,1.545475e-05,0.0,nan,nan,nan
272.3522,1.545014e-05,0.0,nan,nan,nan
272.4361,1.545372e-05,0.0,nan,nan,nan
272.5198,1.545531e-05,0.0,nan,nan,nan
272.6035,1.545405e-05,0.0,nan,nan,nan
272.6873,1.544922e-05,0.0,nan,nan,nan
272.7824,1.545244e-05,0.0,nan,nan,nan
272.8659,1.5449e-05,0.0,nan,nan,nan
272.9495,1.544919e-05,0.0,nan,nan,nan
273.0335,1.544797e-05,0.0,nan,nan,nan
273.1173,1.545117e-05,0.0,nan,nan,nan
273.2097,1.545121e-05,0.0,nan,nan,nan
273.2938,1.545093e-05,0.0,nan,nan,nan
273.3772,1.545479e-05,0.0,nan,nan,nan
273.4609,1.545233e-05,0.0,nan,nan,nan
273.5447,1.545005e-05,0.0,nan,nan,nan
273.6284,1.545116e-05,0.0,nan,nan,nan
273.7441,1.545169e-05,0.0,nan,nan,nan
273.8278,1.545236e-05,0.0,nan,nan,nan
273.9115,1.545348e-05,0.0,nan,nan,nan
274.0113,1.545124e-05,0.0,nan,nan,nan
274.0951,1.545706e-05,0.0,nan,nan,nan
274.1788,1.54531e-05,0.0,nan,nan,nan
274.2627,1.545394e-05,0.0,nan,nan,nan
274.3464,1.545484e-05,0.0,nan,nan,nan
274.4421,1.545181e-05,0.0,nan,nan,nan
274.5259,1.544843e-05,0.0,nan,nan,nan
274.6241,1.544838e-05,0.0,nan,nan,nan
274.7078,1.545337e-05,0.0,nan,nan,nan
274.7935,1.545074e-05,0.0,nan,nan,nan
274.8774,1.54516e-05,0.0,nan,nan,nan
274.9613,1.545003e-05,0.0,nan,nan,nan
275.0449,1.545593e-05,0.0,nan,nan,nan
275.1287,1.54543e-05,0.0,nan,nan,nan
275.2123,1.545213e-05,0.0,nan,nan,nan
275.2961,1.545298e-05,0.0,nan,nan,nan
275.3798,1.545201e-05,0.0,nan,nan,nan
275.4633,1.545064e-05,0.0,nan,nan,nan
275.5471,1.545146e-05,0.0,nan,nan,nan
275.6313,1.545258e-05,0.0,nan,nan,nan
275.7149,1.545166e-05,0.0,nan,nan,nan
275.8244,1.545166e-05,0.0,nan,nan,nan
275.9083,1.545388e-05,0.0,nan,nan,nan
275.9921,1.545499e-05,0.0,nan,nan,nan
276.0756,1.54533e-05,0.0,nan,nan,nan
276.1591,1.545475e-05,0.0,nan,nan,nan
276.2671,1.545541e-05,0.0,nan,nan,nan
276.3508,1.545214e-05,0.0,nan,nan,nan
276.4344,1.545397e-05,0.0,nan,nan,nan
276.5177,1.545444e-05,0.0,nan,nan,nan
276.6012,1.545453e-05,0.0,nan,nan,nan
276.6847,1.545293e-05,0.0,nan,nan,nan
276.7684,1.544902e-05,0.0,nan,nan,nan
276.855,1.545055e-05,0.0,nan,nan,nan
276.9388,1.545573e-05,0.0,nan,nan,nan
277.0222,1.545783e-05,0.0,nan,nan,nan
277.1057,1.545602e-05,0.0,nan,nan,nan
277.1895,1.545331e-05,0.0,nan,nan,nan
277.2784,1.545347e-05,0.0,nan,nan,nan
277.3622,1.545561e-05,0.0,nan,nan,nan
277.4457,1.545025e-05,0.0,nan,nan,nan
277.5297,1.54512e-05,0.0,nan,nan,nan
277.6133,1.545438e-05,0.0,nan,nan,nan
277.6967,1.545175e-05,0.0,nan,nan,nan
277.7807,1.545054e-05,0.0,nan,nan,nan
277.876,1.545537e-05,0.0,nan,nan,nan
277.9595,1.545215e-05,0.0,nan,nan,nan
278.0434,1.545666e-05,0.0,nan,nan,nan
278.1269,1.545812e-05,0.0,nan,nan,nan
278.2108,1.545486e-05,0.0,nan,nan,nan
278.3089,1.545798e-05,0.0,nan,nan,nan
278.3925,1.54559e-05,0.0,nan,nan,nan
278.4762,1.545658e-05,0.0,nan,nan,nan
278.5599,1.545744e-05,0.0,nan,nan,nan
278.6433,1.545827e-05,0.0,nan,nan,nan
278.7271,1.545718e-05,0.0,nan,nan,nan
278.811,1.545605e-05,0.0,nan,nan,nan
278.8946,1.54543e-05,0.0,nan,nan,nan
278.9784,1.545191e-05,0.0,nan,nan,nan
279.0622,1.545368e-05,0.0,nan,nan,nan
279.1462,1.545627e-05,0.0,nan,nan,nan
279.2302,1.545402e-05,0.0,nan,nan,nan
279.3278,1.545328e-05,0.0,nan,nan,nan
279.4116,1.545634e-05,0.0,nan,nan,nan
279.4955,1.545935e-05,0.0,nan,nan,nan
279.5795,1.545555e-05,0.0,nan,nan,nan
279.6631,1.545384e-05,0.0,nan,nan,nan
279.7467,1.545445e-05,0.0,nan,nan,nan
279.8306,1.545516e-05,0.0,nan,nan,nan
279.9491,1.545069e-05,0.0,nan,nan,nan
280.0327,1.545333e-05,0.0,nan,nan,nan
280.1174,1.545396e-05,0.0,nan,nan,nan
280.2013,1.545695e-05,0.0,nan,nan,nan
280.2852,1.545378e-05,0.0,nan,nan,nan
280.3688,1.545945e-05,0.0,nan,nan,nan
280.4527,1.545763e-05,0.0,nan,nan,nan
280.5518,1.54594e-05,0.0,nan,nan,nan
280.6357,1.545745e-05,0.0,nan,nan,nan
280.743,1.545559e-05,0.0,nan,nan,nan
280.8269,1.545379e-05,0.0,nan,nan,nan
280.9106,1.545785e-05,0.0,nan,nan,nan
280.9945,1.545409e-05,0.0,nan,nan,nan
281.0784,1.545454e-05,0.0,nan,nan,nan
281.1663,1.545566e-05,0.0,nan,nan,nan
281.25,1.545472e-05,0.0,nan,nan,nan
281.3334,1.545783e-05,0.0,nan,nan,nan
281.4169,1.545814e-05,0.0,nan,nan,nan
281.5006,1.54585e-05,0.0,nan,nan,nan
281.5844,1.546001e-05,0.0,nan,nan,nan
281.6681,1.546034e-05,0.0,nan,nan,nan
281.7599,1.545492e-05,0.0,nan,nan,nan
281.8437,1.545402e-05,0.0,nan,nan,nan
281.9274,1.545969e-05,0.0,nan,nan,nan
282.0419,1.545939e-05,0.0,nan,nan,nan
282.1257,1.546115e-05,0.0,nan,nan,nan
282.2095,1.546119e-05,0.0,nan,nan,nan
282.293,1.545908e-05,0.0,nan,nan,nan
282.3896,1.545879e-05,0.0,nan,nan,nan
282.4734,1.546056e-05,0.0,nan,nan,nan
282.557,1.545992e-05,0.0,nan,nan,nan
282.6408,1.545844e-05,0.0,nan,nan,nan
282.7246,1.545685e-05,0.0,nan,nan,nan
282.8084,1.545951e-05,0.0,nan,nan,nan
282.8921,1.545615e-05,0.0,nan,nan,nan
282.9949,1.545449e-05,0.0,nan,nan,nan
283.0787,1.545513e-05,0.0,nan,nan,nan
283.1623,1.545655e-05,0.0,nan,nan,nan
283.2461,1.54548e-05,0.0,nan,nan,nan
283.3298,1.545975e-05,0.0,nan,nan,nan
283.414,1.545748e-05,0.0,nan,nan,nan
283.4978,1.545462e-05,0.0,nan,nan,nan
283.5829,1.545704e-05,0.0,nan,nan,nan
283.6669,1.545196e-05,0.0,nan,nan,nan
283.7508,1.545215e-05,0.0,nan,nan,nan
283.8345,1.545612e-05,0.0,nan,nan,nan
283.9184,1.545735e-05,0.0,nan,nan,nan
284.0113,1.54559e-05,0.0,nan,nan,nan
284.118,1.545464e-05,0.0,nan,nan,nan
284.2025,1.545343e-05,0.0,nan,nan,nan
284.2864,1.545774e-05,0.0,nan,nan,nan
284.3702,1.545513e-05,0.0,nan,nan,nan
284.4538,1.54565e-05,0.0,nan,nan,nan
284.5376,1.545532e-05,0.0,nan,nan,nan
284.6341,1.545006e-05,0.0,nan,nan,nan
284.7177,1.545419e-05,0.0,nan,nan,nan
284.8015,1.545402e-05,0.0,nan,nan,nan
284.8853,1.545318e-05,0.0,nan,nan,nan
284.969,1.545342e-05,0.0,nan,nan,nan
285.0528,1.545548e-05,0.0,nan,nan,nan
285.1366,1.545185e-05,0.0,nan,nan,nan
285.2218,1.545421e-05,0.0,nan,nan,nan
285.306,1.54538e-05,0.0,nan,nan,nan
285.3897,1.545572e-05,0.0,nan,nan,nan
285.4736,1.545619e-05,0.0,nan,nan,nan
285.5573,1.545701e-05,0.0,nan,nan,nan
285.6544,1.545388e-05,0.0,nan,nan,nan
285.7383,1.545702e-05,0.0,nan,nan,nan
285.8233,1.545288e-05,0.0,nan,nan,nan
285.9073,1.545058e-05,0.0,nan,nan,nan
285.9912,1.545365e-05,0.0,nan,nan,nan
286.0786,1.545356e-05,0.0,nan,nan,nan
286.1867,1.545458e-05,0.0,nan,nan,nan
286.2703,1.545489e-05,0.0,nan,nan,nan
286.3541,1.545461e-05,0.0,nan,nan,nan
286.4378,1.5456e-05,0.0,nan,nan,nan
286.5214,1.545765e-05,0.0,nan,nan,nan
286.6053,1.54559e-05,0.0,nan,nan,nan
286.689,1.545276e-05,0.0,nan,nan,nan
286.7728,1.545289e-05,0.0,nan,nan,nan
286.8561,1.544995e-05,0.0,nan,nan,nan
286.9399,1.545453e-05,0.0,nan,nan,nan
287.0236,1.54547e-05,0.0,nan,nan,nan
287.1073,1.545144e-05,0.0,nan,nan,nan
287.1912,1.544969e-05,0.0,nan,nan,nan
287.2781,1.545286e-05,0.0,nan,nan,nan
287.362,1.545005e-05,0.0,nan,nan,nan
287.4457,1.544911e-05,0.0,nan,nan,nan
287.5296,1.545371e-05,0.0,nan,nan,nan
287.6133,1.544957e-05,0.0,nan,nan,nan
287.7122,1.545234e-05,0.0,nan,nan,nan
287.796,1.545236e-05,0.0,nan,nan,nan
287.8802,1.545386e-05,0.0,nan,nan,nan
287.9635,1.545185e-05,0.0,nan,nan,nan
288.0475,1.544609e-05,0.0,nan,nan,nan
288.1313,1.545153e-05,0.0,nan,nan,nan
288.2571,1.544945e-05,0.0,nan,nan,nan
288.3409,1.545009e-05,0.0,nan,nan,nan
288.425,1.544993e-05,0.0,nan,nan,nan
288.5125,1.544603e-05,0.0,nan,nan,nan
288.5964,1.545289e-05,0.0,nan,nan,nan
288.68,1.54488e-05,0.0,nan,nan,nan
288.7644,1.544978e-05,0.0,nan,nan,nan
288.848,1.545043e-05,0.0,nan,nan,nan
288.9338,1.545105e-05,0.0,nan,nan,nan
289.0174,1.545515e-05,0.0,nan,nan,nan
289.1009,1.54547e-05,0.0,nan,nan,nan
289.1846,1.545018e-05,0.0,nan,nan,nan
289.2684,1.545277e-05,0.0,nan,nan,nan
289.3521,1.545377e-05,0.0,nan,nan,nan
289.4357,1.545335e-05,0.0,nan,nan,nan
289.5339,1.545402e-05,0.0,nan,nan,nan
289.6176,1.544998e-05,0.0,nan,nan,nan
289.7013,1.545181e-05,0.0,nan,nan,nan
289.7848,1.54553e-05,0.0,nan,nan,nan
289.8684,1.545598e-05,0.0,nan,nan,nan
289.9519,1.545341e-05,0.0,nan,nan,nan
290.0358,1.544874e-05,0.0,nan,nan,nan
290.1193,1.545032e-05,0.0,nan,nan,nan
290.2031,1.544994e-05,0.0,nan,nan,nan
290.3246,1.544925e-05,0.0,nan,nan,nan
290.4084,1.545093e-05,0.0,nan,nan,nan
290.4922,1.545111e-05,0.0,nan,nan,nan
290.5757,1.545468e-05,0.0,nan,nan,nan
290.6593,1.545463e-05,0.0,nan,nan,nan
290.7587,1.545295e-05,0.0,nan,nan,nan
290.8422,1.545143e-05,0.0,nan,nan,nan
290.9261,1.545158e-05,0.0,nan,nan,nan
291.0096,1.545111e-05,0.0,nan,nan,nan
291.0932,1.545077e-05,0.0,nan,nan,nan
291.1767,1.545587e-05,0.0,nan,nan,nan
291.2605,1.544841e-05,0.0,nan,nan,nan
291.3447,1.544923e-05,0.0,nan,nan,nan
291.4286,1.545014e-05,0.0,nan,nan,nan
291.5125,1.545156e-05,0.0,nan,nan,nan
291.5962,1.545146e-05,0.0,nan,nan,nan
291.68,1.545132e-05,0.0,nan,nan,nan
291.7766,1.545568e-05,0.0,nan,nan,nan
291.8604,1.545107e-05,0.0,nan,nan,nan
291.9441,1.544544e-05,0.0,nan,nan,nan
292.0279,1.545018e-05,0.0,nan,nan,nan
292.1115,1.545269e-05,0.0,nan,nan,nan
292.2096,1.545062e-05,0.0,nan,nan,nan
292.2933,1.545612e-05,0.0,nan,nan,nan
292.4013,1.545058e-05,0.0,nan,nan,nan
292.485,1.545241e-05,0.0,nan,nan,nan
292.5687,1.5454e-05,0.0,nan,nan,nan
292.6523,1.54555e-05,0.0,nan,nan,nan
292.7361,1.545277e-05,0.0,nan,nan,nan
292.8197,1.545303e-05,0.0,nan,nan,nan
292.9035,1.545826e-05,0.0,nan,nan,nan
292.9876,1.545252e-05,0.0,nan,nan,nan
293.0714,1.545093e-05,0.0,nan,nan,nan
293.1551,1.54538e-05,0.0,nan,nan,nan
293.2387,1.545716e-05,0.0,nan,nan,nan
293.3224,1.545633e-05,0.0,nan,nan,nan
293.4061,1.545694e-05,0.0,nan,nan,nan
293.4901,1.545543e-05,0.0,nan,nan,nan
293.5738,1.54543e-05,0.0,nan,nan,nan
293.6577,1.545564e-05,0.0,nan,nan,nan
293.7416,1.545272e-05,0.0,nan,nan,nan
293.8251,1.545067e-05,0.0,nan,nan,nan
293.9088,1.54527e-05,0.0,nan,nan,nan
293.993,1.544904e-05,0.0,nan,nan,nan
294.0768,1.544751e-05,0.0,nan,nan,nan
294.1605,1.545191e-05,0.0,nan,nan,nan
294.2512,1.545144e-05,0.0,nan,nan,nan
294.3346,1.544922e-05,0.0,nan,nan,nan
294.4676,1.544997e-05,0.0,nan,nan,nan
294.5513,1.545129e-05,0.0,nan,nan,nan
294.6349,1.545022e-05,0.0,nan,nan,nan
294.7184,1.545188e-05,0.0,nan,nan,nan
294.8021,1.544967e-05,0.0,nan,nan,nan
294.8858,1.545201e-05,0.0,nan,nan,nan
294.9693,1.544788e-05,0.0,nan,nan,nan
295.0617,1.545478e-05,0.0,nan,nan,nan
295.1455,1.545074e-05,0.0,nan,nan,nan
295.2289,1.545202e-05,0.0,nan,nan,nan
295.3126,1.545244e-05,0.0,nan,nan,nan
295.3964,1.545095e-05,0.0,nan,nan,nan
295.4888,1.545116e-05,0.0,nan,nan,nan
295.5726,1.544666e-05,0.0,nan,nan,nan
295.6563,1.544918e-05,0.0,nan,nan,nan
295.7402,1.545445e-05,0.0,nan,nan,nan
295.824,1.545226e-05,0.0,nan,nan,nan
295.9077,1.544938e-05,0.0,nan,nan,nan
295.9916,1.545426e-05,0.0,nan,nan,nan
296.0751,1.545562e-05,0.0,nan,nan,nan
296.1585,1.54534e-05,0.0,nan,nan,nan
296.244,1.545267e-05,0.0,nan,nan,nan
296.3274,1.545282e-05,0.0,nan,nan,nan
296.4109,1.545277e-05,0.0,nan,nan,nan
296.5246,1.545345e-05,0.0,nan,nan,nan
296.608,1.54516e-05,0.0,nan,nan,nan
296.7025,1.545227e-05,0.0,nan,nan,nan
296.786,1.545274e-05,0.0,nan,nan,nan
296.8696,1.545469e-05,0.0,nan,nan,nan
296.9534,1.54501e-05,0.0,nan,nan,nan
297.037,1.54537e-05,0.0,nan,nan,nan
297.1205,1.545241e-05,0.0,nan,nan,nan
297.2043,1.545529e-05,0.0,nan,nan,nan
297.3121,1.545232e-05,0.0,nan,nan,nan
297.3959,1.545246e-05,0.0,nan,nan,nan
297.4794,1.545147e-05,0.0,nan,nan,nan
297.5632,1.545217e-05,0.0,nan,nan,nan
297.6469,1.545095e-05,0.0,nan,nan,nan
297.7304,1.545376e-05,0.0,nan,nan,nan
297.8143,1.545134e-05,0.0,nan,nan,nan
297.8982,1.544885e-05,0.0,nan,nan,nan
297.9819,1.545215e-05,0.0,nan,nan,nan
298.0654,1.545324e-05,0.0,nan,nan,nan
298.1489,1.545167e-05,0.0,nan,nan,nan
298.2326,1.54532e-05,0.0,nan,nan,nan
298.3166,1.54542e-05,0.0,nan,nan,nan
298.4,1.545203e-05,0.0,nan,nan,nan
298.4839,1.545557e-05,0.0,nan,nan,nan
298.5909,1.545656e-05,0.0,nan,nan,nan
298.6748,1.545487e-05,0.0,nan,nan,nan
298.7582,1.545496e-05,0.0,nan,nan,nan
298.8417,1.545672e-05,0.0,nan,nan,nan
298.9251,1.545329e-05,0.0,nan,nan,nan
299.0086,1.545095e-05,0.0,nan,nan,nan
299.092,1.545292e-05,0.0,nan,nan,nan
299.1754,1.545071e-05,0.0,nan,nan,nan
299.2589,1.545003e-05,0.0,nan,nan,nan
299.3714,1.545539e-05,0.0,nan,nan,nan
299.455,1.54512e-05,0.0,nan,nan,nan
299.5384,1.544945e-05,0.0,nan,nan,nan
299.6223,1.544896e-05,0.0,nan,nan,nan
299.7059,1.545421e-05,0.0,nan,nan,nan
299.7896,1.545292e-05,0.0,nan,nan,nan
299.8731,1.544855e-05,0.0,nan,nan,nan
299.9757,1.544733e-05,0.0,nan,nan,nan
300.0595,1.545317e-05,0.0,nan,nan,nan
300.1455,1.545011e-05,0.0,nan,nan,nan
300.2292,1.544767e-05,0.0,nan,nan,nan
300.313,1.544814e-05,0.0,nan,nan,nan
300.3968,1.544891e-05,0.0,nan,nan,nan
300.4807,1.544692e-05,0.0,nan,nan,nan
300.5839,1.544793e-05,0.0,nan,nan,nan
300.6914,1.54516e-05,0.0,nan,nan,nan
300.7791,1.545576e-05,0.0,nan,nan,nan
300.8627,1.545109e-05,0.0,nan,nan,nan
300.9464,1.545244e-05,0.0,nan,nan,nan
301.0302,1.544891e-05,0.0,nan,nan,nan
301.1141,1.545143e-05,0.0,nan,nan,nan
301.2051,1.545129e-05,0.0,nan,nan,nan
301.2889,1.544967e-05,0.0,nan,nan,nan
301.3729,1.545144e-05,0.0,nan,nan,nan
301.4566,1.545168e-05,0.0,nan,nan,nan
301.5403,1.544827e-05,0.0,nan,nan,nan
301.6239,1.544775e-05,0.0,nan,nan,nan
301.7075,1.545122e-05,0.0,nan,nan,nan
301.7914,1.544794e-05,0.0,nan,nan,nan
301.875,1.544703e-05,0.0,nan,nan,nan
301.9589,1.544674e-05,0.0,nan,nan,nan
302.0424,1.544658e-05,0.0,nan,nan,nan
302.1263,1.544791e-05,0.0,nan,nan,nan
302.2374,1.545282e-05,0.0,nan,nan,nan
302.321,1.544855e-05,0.0,nan,nan,nan
302.4246,1.544997e-05,0.0,nan,nan,nan
302.5082,1.544916e-05,0.0,nan,nan,nan
302.5925,1.545054e-05,0.0,nan,nan,nan
302.6763,1.544708e-05,0.0,nan,nan,nan
302.7614,1.544914e-05,0.0,nan,nan,nan
302.845,1.545122e-05,0.0,nan,nan,nan
302.9284,1.544647e-05,0.0,nan,nan,nan
303.0347,1.544953e-05,0.0,nan,nan,nan
303.1184,1.544534e-05,0.0,nan,nan,nan
303.2018,1.544943e-05,0.0,nan,nan,nan
303.2855,1.544931e-05,0.0,nan,nan,nan
303.3692,1.545503e-05,0.0,nan,nan,nan
303.4529,1.544848e-05,0.0,nan,nan,nan
303.5365,1.54494e-05,0.0,nan,nan,nan
303.6443,1.544891e-05,0.0,nan,nan,nan
303.7277,1.544833e-05,0.0,nan,nan,nan
303.8339,1.545199e-05,0.0,nan,nan,nan
303.9175,1.545145e-05,0.0,nan,nan,nan
304.0011,1.545299e-05,0.0,nan,nan,nan
304.0847,1.545126e-05,0.0,nan,nan,nan
304.1682,1.545173e-05,0.0,nan,nan,nan
304.252,1.545385e-05,0.0,nan,nan,nan
304.3357,1.545127e-05,0.0,nan,nan,nan
304.4193,1.545276e-05,0.0,nan,nan,nan
304.5029,1.545583e-05,0.0,nan,nan,nan
304.5869,1.545165e-05,0.0,nan,nan,nan
304.6706,1.545493e-05,0.0,nan,nan,nan
304.7544,1.545116e-05,0.0,nan,nan,nan
304.8379,1.545122e-05,0.0,nan,nan,nan
304.9271,1.545334e-05,0.0,nan,nan,nan
305.0107,1.544924e-05,0.0,nan,nan,nan
305.0941,1.54492e-05,0.0,nan,nan,nan
305.1777,1.545155e-05,0.0,nan,nan,nan
305.2718,1.544727e-05,0.0,nan,nan,nan
305.3555,1.544748e-05,0.0,nan,nan,nan
305.4391,1.544811e-05,0.0,nan,nan,nan
305.5226,1.545134e-05,0.0,nan,nan,nan
305.6063,1.545123e-05,0.0,nan,nan,nan
305.69,1.545247e-05,0.0,nan,nan,nan
305.7739,1.545129e-05,0.0,nan,nan,nan
305.8749,1.544758e-05,0.0,nan,nan,nan
305.9584,1.54485e-05,0.0,nan,nan,nan
306.0427,1.545017e-05,0.0,nan,nan,nan
306.1261,1.544838e-05,0.0,nan,nan,nan
306.2097,1.545171e-05,0.0,nan,nan,nan
306.2933,1.544775e-05,0.0,nan,nan,nan
306.377,1.545152e-05,0.0,nan,nan,nan
306.461,1.54488e-05,0.0,nan,nan,nan
306.5448,1.545268e-05,0.0,nan,nan,nan
306.6286,1.544972e-05,0.0,nan,nan,nan
306.7146,1.544718e-05,0.0,nan,nan,nan
306.7983,1.544969e-05,0.0,nan,nan,nan
306.8986,1.544861e-05,0.0,nan,nan,nan
306.9824,1.545161e-05,0.0,nan,nan,nan
307.066,1.544779e-05,0.0,nan,nan,nan
307.1497,1.544931e-05,0.0,nan,nan,nan
307.2336,1.544957e-05,0.0,nan,nan,nan
307.3174,1.545096e-05,0.0,nan,nan,nan
307.4011,1.545201e-05,0.0,nan,nan,nan
307.4847,1.5449e-05,0.0,nan,nan,nan
307.5685,1.545046e-05,0.0,nan,nan,nan
307.6524,1.544931e-05,0.0,nan,nan,nan
307.7359,1.54491e-05,0.0,nan,nan,nan
307.8197,1.54498e-05,0.0,nan,nan,nan
307.9034,1.544678e-05,0.0,nan,nan,nan
307.9872,1.544757e-05,0.0,nan,nan,nan
308.071,1.544822e-05,0.0,nan,nan,nan
308.1547,1.545077e-05,0.0,nan,nan,nan
308.2384,1.544898e-05,0.0,nan,nan,nan
308.3263,1.544583e-05,0.0,nan,nan,nan
308.41,1.54494e-05,0.0,nan,nan,nan
308.4937,1.544897e-05,0.0,nan,nan,nan
308.5776,1.544753e-05,0.0,nan,nan,nan
308.6614,1.545128e-05,0.0,nan,nan,nan
308.752,1.544833e-05,0.0,nan,nan,nan
308.8358,1.544637e-05,0.0,nan,nan,nan
308.9247,1.545036e-05,0.0,nan,nan,nan
309.008,1.544934e-05,0.0,nan,nan,nan
309.0918,1.544836e-05,0.0,nan,nan,nan
309.1755,1.544848e-05,0.0,nan,nan,nan
309.259,1.545288e-05,0.0,nan,nan,nan
309.3605,1.545211e-05,0.0,nan,nan,nan
309.444,1.54484e-05,0.0,nan,nan,nan
309.5276,1.544783e-05,0.0,nan,nan,nan
309.6112,1.544974e-05,0.0,nan,nan,nan
309.6949,1.545047e-05,0.0,nan,nan,nan
309.7787,1.545087e-05,0.0,nan,nan,nan
309.8624,1.544681e-05,0.0,nan,nan,nan
309.9617,1.544774e-05,0.0,nan,nan,nan
310.0451,1.545171e-05,0.0,nan,nan,nan
310.1287,1.545147e-05,0.0,nan,nan,nan
310.2123,1.545203e-05,0.0,nan,nan,nan
310.2962,1.5447e-05,0.0,nan,nan,nan
310.3799,1.545315e-05,0.0,nan,nan,nan
310.4637,1.54497e-05,0.0,nan,nan,nan
310.5475,1.54488e-05,0.0,nan,nan,nan
310.631,1.544667e-05,0.0,nan,nan,nan
310.7145,1.544828e-05,0.0,nan,nan,nan
310.7982,1.545013e-05,0.0,nan,nan,nan
310.8816,1.544923e-05,0.0,nan,nan,nan
310.9651,1.545005e-05,0.0,nan,nan,nan
311.0641,1.545079e-05,0.0,nan,nan,nan
311.1477,1.54538e-05,0.0,nan,nan,nan
311.2312,1.54502e-05,0.0,nan,nan,nan
311.3148,1.545256e-05,0.0,nan,nan,nan
311.4116,1.544941e-05,0.0,nan,nan,nan
311.4955,1.544935e-05,0.0,nan,nan,nan
311.5791,1.544974e-05,0.0,nan,nan,nan
311.6629,1.544809e-05,0.0,nan,nan,nan
311.7467,1.54472e-05,0.0,nan,nan,nan
311.8307,1.544942e-05,0.0,nan,nan,nan
311.9144,1.545046e-05,0.0,nan,nan,nan
312.0099,1.544867e-05,0.0,nan,nan,nan
312.0936,1.545233e-05,0.0,nan,nan,nan
312.1771,1.544912e-05,0.0,nan,nan,nan
312.2607,1.544578e-05,0.0,nan,nan,nan
312.3442,1.5452e-05,0.0,nan,nan,nan
312.4276,1.544772e-05,0.0,nan,nan,nan
312.5113,1.544596e-05,0.0,nan,nan,nan
312.5958,1.544752e-05,0.0,nan,nan,nan
312.6795,1.54496e-05,0.0,nan,nan,nan
312.7634,1.544778e-05,0.0,nan,nan,nan
312.847,1.544877e-05,0.0,nan,nan,nan
312.931,1.544793e-05,0.0,nan,nan,nan
313.03,1.544889e-05,0.0,nan,nan,nan
313.1137,1.545045e-05,0.0,nan,nan,nan
313.1976,1.544751e-05,0.0,nan,nan,nan
313.2813,1.544728e-05,0.0,nan,nan,nan
313.365,1.544512e-05,0.0,nan,nan,nan
313.4661,1.544397e-05,0.0,nan,nan,nan
313.5501,1.54481e-05,0.0,nan,nan,nan
313.6345,1.544768e-05,0.0,nan,nan,nan
313.7181,1.544759e-05,0.0,nan,nan,nan
313.8019,1.544428e-05,0.0,nan,nan,nan
313.8854,1.544829e-05,0.0,nan,nan,nan
313.9688,1.54485e-05,0.0,nan,nan,nan
314.0595,1.544703e-05,0.0,nan,nan,nan
314.1432,1.544733e-05,0.0,nan,nan,nan
314.227,1.544435e-05,0.0,nan,nan,nan
314.3108,1.544648e-05,0.0,nan,nan,nan
314.3947,1.54447e-05,0.0,nan,nan,nan
314.4782,1.544529e-05,0.0,nan,nan,nan
314.5621,1.544572e-05,0.0,nan,nan,nan
314.6459,1.545082e-05,0.0,nan,nan,nan
314.7298,1.545049e-05,0.0,nan,nan,nan
314.8138,1.544534e-05,0.0,nan,nan,nan
314.8975,1.54454e-05,0.0,nan,nan,nan
314.9812,1.544653e-05,0.0,nan,nan,nan
315.0765,1.544569e-05,0.0,nan,nan,nan
315.161,1.544485e-05,0.0,nan,nan,nan
315.2448,1.544432e-05,0.0,nan,nan,nan
315.3288,1.544692e-05,0.0,nan,nan,nan
315.4126,1.545214e-05,0.0,nan,nan,nan
315.4962,1.544716e-05,0.0,nan,nan,nan
315.5802,1.544581e-05,0.0,nan,nan,nan
315.6641,1.544823e-05,0.0,nan,nan,nan
315.7482,1.544974e-05,0.0,nan,nan,nan
315.8318,1.545335e-05,0.0,nan,nan,nan
315.9169,1.545308e-05,0.0,nan,nan,nan
316.0007,1.544408e-05,0.0,nan,nan,nan
316.0841,1.544355e-05,0.0,nan,nan,nan
316.168,1.54473e-05,0.0,nan,nan,nan
316.2516,1.544469e-05,0.0,nan,nan,nan
316.3352,1.544626e-05,0.0,nan,nan,nan
316.4191,1.544655e-05,0.0,nan,nan,nan
316.5248,1.544834e-05,0.0,nan,nan,nan
316.6082,1.544874e-05,0.0,nan,nan,nan
316.6931,1.544484e-05,0.0,nan,nan,nan
316.7766,1.545145e-05,0.0,nan,nan,nan
316.8605,1.544918e-05,0.0,nan,nan,nan
316.9443,1.545054e-05,0.0,nan,nan,nan
317.0281,1.544701e-05,0.0,nan,nan,nan
317.1217,1.544986e-05,0.0,nan,nan,nan
317.23,1.544829e-05,0.0,nan,nan,nan
317.3243,1.54455e-05,0.0,nan,nan,nan
317.4081,1.544734e-05,0.0,nan,nan,nan
317.4932,1.544684e-05,0.0,nan,nan,nan
317.5767,1.544871e-05,0.0,nan,nan,nan
317.6605,1.544722e-05,0.0,nan,nan,nan
317.7443,1.544763e-05,0.0,nan,nan,nan
317.8281,1.544697e-05,0.0,nan,nan,nan
317.9142,1.54515e-05,0.0,nan,nan,nan
317.998,1.544672e-05,0.0,nan,nan,nan
318.0814,1.544744e-05,0.0,nan,nan,nan
318.1648,1.544601e-05,0.0,nan,nan,nan
318.2485,1.544201e-05,0.0,nan,nan,nan
318.3508,1.544719e-05,0.0,nan,nan,nan
318.4348,1.54495e-05,0.0,nan,nan,nan
318.5372,1.545057e-05,0.0,nan,nan,nan
318.6207,1.544915e-05,0.0,nan,nan,nan
318.7048,1.545114e-05,0.0,nan,nan,nan
318.7887,1.545376e-05,0.0,nan,nan,nan
318.8724,1.545034e-05,0.0,nan,nan,nan
318.9668,1.545434e-05,0.0,nan,nan,nan
319.0505,1.545374e-05,0.0,nan,nan,nan
319.134,1.544885e-05,0.0,nan,nan,nan
319.2178,1.545093e-05,0.0,nan,nan,nan
319.3015,1.545195e-05,0.0,nan,nan,nan
319.3852,1.545093e-05,0.0,nan,nan,nan
319.4691,1.544703e-05,0.0,nan,nan,nan
319.5625,1.545131e-05,0.0,nan,nan,nan
319.6462,1.544393e-05,0.0,nan,nan,nan
319.7301,1.544902e-05,0.0,nan,nan,nan
319.8137,1.544593e-05,0.0,nan,nan,nan
319.8979,1.544716e-05,0.0,nan,nan,nan
319.9814,1.545112e-05,0.0,nan,nan,nan
320.0651,1.544854e-05,0.0,nan,nan,nan
320.1495,1.544963e-05,0.0,nan,nan,nan
320.233,1.544586e-05,0.0,nan,nan,nan
320.317,1.54497e-05,0.0,nan,nan,nan
320.4009,1.544995e-05,0.0,nan,nan,nan
320.4846,1.544944e-05,0.0,nan,nan,nan
320.5758,1.544701e-05,0.0,nan,nan,nan
320.6595,1.545016e-05,0.0,nan,nan,nan
320.7437,1.544699e-05,0.0,nan,nan,nan
320.8276,1.544568e-05,0.0,nan,nan,nan
320.9111,1.544396e-05,0.0,nan,nan,nan
321.0096,1.544413e-05,0.0,nan,nan,nan
321.0935,1.544543e-05,0.0,nan,nan,nan
321.1793,1.544709e-05,0.0,nan,nan,nan
321.263,1.54478e-05,0.0,nan,nan,nan
321.3681,1.54496e-05,0.0,nan,nan,nan
321.4517,1.544589e-05,0.0,nan,nan,nan
321.5355,1.544688e-05,0.0,nan,nan,nan
321.6191,1.543997e-05,0.0,nan,nan,nan
321.7028,1.544823e-05,0.0,nan,nan,nan
321.7874,1.544829e-05,0.0,nan,nan,nan
321.8711,1.544568e-05,0.0,nan,nan,nan
321.9548,1.545053e-05,0.0,nan,nan,nan
322.0386,1.544414e-05,0.0,nan,nan,nan
322.1223,1.544288e-05,0.0,nan,nan,nan
322.2065,1.544771e-05,0.0,nan,nan,nan
322.2904,1.544618e-05,0.0,nan,nan,nan
322.3743,1.544609e-05,0.0,nan,nan,nan
322.4581,1.544875e-05,0.0,nan,nan,nan
322.5418,1.54478e-05,0.0,nan,nan,nan
322.6326,1.544498e-05,0.0,nan,nan,nan
322.7167,1.545018e-05,0.0,nan,nan,nan
322.821,1.545131e-05,0.0,nan,nan,nan
322.905,1.544881e-05,0.0,nan,nan,nan
322.9889,1.545115e-05,0.0,nan,nan,nan
323.0727,1.54464e-05,0.0,nan,nan,nan
323.1566,1.544948e-05,0.0,nan,nan,nan
323.2564,1.544942e-05,0.0,nan,nan,nan
323.3403,1.544756e-05,0.0,nan,nan,nan
323.431,1.544572e-05,0.0,nan,nan,nan
323.5146,1.544434e-05,0.0,nan,nan,nan
323.5984,1.54436e-05,0.0,nan,nan,nan
323.6824,1.544305e-05,0.0,nan,nan,nan
323.7665,1.544481e-05,0.0,nan,nan,nan
323.8568,1.544343e-05,0.0,nan,nan,nan
323.9407,1.544745e-05,0.0,nan,nan,nan
324.0244,1.544726e-05,0.0,nan,nan,nan
324.1079,1.544685e-05,0.0,nan,nan,nan
324.1916,1.544906e-05,0.0,nan,nan,nan
324.2755,1.544591e-05,0.0,nan,nan,nan
324.3592,1.544445e-05,0.0,nan,nan,nan
324.4586,1.544946e-05,0.0,nan,nan,nan
324.5424,1.544689e-05,0.0,nan,nan,nan
324.6262,1.544592e-05,0.0,nan,nan,nan
324.7097,1.544457e-05,0.0,nan,nan,nan
324.7935,1.544846e-05,0.0,nan,nan,nan
324.8773,1.544882e-05,0.0,nan,nan,nan
324.9609,1.544793e-05,0.0,nan,nan,nan
325.0458,1.544759e-05,0.0,nan,nan,nan
325.1297,1.544862e-05,0.0,nan,nan,nan
325.2141,1.54514e-05,0.0,nan,nan,nan
325.2977,1.54497e-05,0.0,nan,nan,nan
325.3814,1.544939e-05,0.0,nan,nan,nan
325.4931,1.54485e-05,0.0,nan,nan,nan
325.577,1.544829e-05,0.0,nan,nan,nan
325.661,1.544917e-05,0.0,nan,nan,nan
325.7448,1.544983e-05,0.0,nan,nan,nan
325.8284,1.544595e-05,0.0,nan,nan,nan
325.9121,1.544693e-05,0.0,nan,nan,nan
325.996,1.544555e-05,0.0,nan,nan,nan
326.0945,1.544792e-05,0.0,nan,nan,nan
326.1782,1.544921e-05,0.0,nan,nan,nan
326.2615,1.54511e-05,0.0,nan,nan,nan
326.3452,1.544224e-05,0.0,nan,nan,nan
326.4288,1.544498e-05,0.0,nan,nan,nan
326.5125,1.544428e-05,0.0,nan,nan,nan
326.5964,1.544536e-05,0.0,nan,nan,nan
326.68,1.545085e-05,0.0,nan,nan,nan
326.764,1.545017e-05,0.0,nan,nan,nan
326.8479,1.545047e-05,0.0,nan,nan,nan
326.9316,1.54488e-05,0.0,nan,nan,nan
327.015,1.544721e-05,0.0,nan,nan,nan
327.121,1.544829e-05,0.0,nan,nan,nan
327.2048,1.544905e-05,0.0,nan,nan,nan
327.3064,1.544659e-05,0.0,nan,nan,nan
327.3901,1.545202e-05,0.0,nan,nan,nan
327.4738,1.545133e-05,0.0,nan,nan,nan
327.5745,1.544896e-05,0.0,nan,nan,nan
327.6582,1.545017e-05,0.0,nan,nan,nan
327.7467,1.545188e-05,0.0,nan,nan,nan
327.8305,1.54516e-05,0.0,nan,nan,nan
327.9277,1.545116e-05,0.0,nan,nan,nan
328.0115,1.544998e-05,0.0,nan,nan,nan
328.0951,1.54472e-05,0.0,nan,nan,nan
328.1787,1.544404e-05,0.0,nan,nan,nan
328.2624,1.544615e-05,0.0,nan,nan,nan
328.3462,1.544779e-05,0.0,nan,nan,nan
328.43,1.545332e-05,0.0,nan,nan,nan
328.5304,1.544876e-05,0.0,nan,nan,nan
328.6146,1.544856e-05,0.0,nan,nan,nan
328.6985,1.544906e-05,0.0,nan,nan,nan
328.7823,1.544815e-05,0.0,nan,nan,nan
328.8661,1.544865e-05,0.0,nan,nan,nan
328.9495,1.544626e-05,0.0,nan,nan,nan
329.0332,1.544788e-05,0.0,nan,nan,nan
329.118,1.544878e-05,0.0,nan,nan,nan
329.202,1.544873e-05,0.0,nan,nan,nan
329.2857,1.545003e-05,0.0,nan,nan,nan
329.3694,1.544868e-05,0.0,nan,nan,nan
329.4529,1.544309e-05,0.0,nan,nan,nan
329.5598,1.544512e-05,0.0,nan,nan,nan
329.6445,1.544458e-05,0.0,nan,nan,nan
329.7456,1.544923e-05,0.0,nan,nan,nan
329.8295,1.544946e-05,0.0,nan,nan,nan
329.9131,1.544782e-05,0.0,nan,nan,nan
329.9967,1.544546e-05,0.0,nan,nan,nan
330.0806,1.544624e-05,0.0,nan,nan,nan
330.1723,1.544519e-05,0.0,nan,nan,nan
330.256,1.544892e-05,0.0,nan,nan,nan
330.358,1.544823e-05,0.0,nan,nan,nan
330.4417,1.54497e-05,0.0,nan,nan,nan
330.5249,1.545195e-05,0.0,nan,nan,nan
330.6084,1.544556e-05,0.0,nan,nan,nan
330.6922,1.544438e-05,0.0,nan,nan,nan
330.776,1.544672e-05,0.0,nan,nan,nan
330.86,1.544355e-05,0.0,nan,nan,nan
330.9507,1.54451e-05,0.0,nan,nan,nan
331.0344,1.544684e-05,0.0,nan,nan,nan
331.1181,1.54429e-05,0.0,nan,nan,nan
331.2019,1.544476e-05,0.0,nan,nan,nan
331.2855,1.544275e-05,0.0,nan,nan,nan
331.3762,1.544494e-05,0.0,nan,nan,nan
331.4599,1.544753e-05,0.0,nan,nan,nan
331.5433,1.544903e-05,0.0,nan,nan,nan
331.6273,1.54512e-05,0.0,nan,nan,nan
331.7162,1.544973e-05,0.0,nan,nan,nan
331.8004,1.544265e-05,0.0,nan,nan,nan
331.8841,1.544535e-05,0.0,nan,nan,nan
331.9675,1.544923e-05,0.0,nan,nan,nan
332.0512,1.544903e-05,0.0,nan,nan,nan
332.1348,1.54454e-05,0.0,nan,nan,nan
332.2183,1.544397e-05,0.0,nan,nan,nan
332.3021,1.544581e-05,0.0,nan,nan,nan
332.4038,1.544258e-05,0.0,nan,nan,nan
332.4875,1.544619e-05,0.0,nan,nan,nan
332.5712,1.544616e-05,0.0,nan,nan,nan
332.6549,1.544208e-05,0.0,nan,nan,nan
332.7387,1.54488e-05,0.0,nan,nan,nan
332.8225,1.544547e-05,0.0,nan,nan,nan
332.9063,1.544601e-05,0.0,nan,nan,nan
333.0209,1.544843e-05,0.0,nan,nan,nan
333.1047,1.544561e-05,0.0,nan,nan,nan
333.2066,1.545047e-05,0.0,nan,nan,nan
333.2903,1.544658e-05,0.0,nan,nan,nan
333.3744,1.544263e-05,0.0,nan,nan,nan
333.4583,1.544454e-05,0.0,nan,nan,nan
333.5421,1.544261e-05,0.0,nan,nan,nan
333.6277,1.544507e-05,0.0,nan,nan,nan
333.7114,1.544682e-05,0.0,nan,nan,nan
333.7963,1.544893e-05,0.0,nan,nan,nan
333.88,1.544705e-05,0.0,nan,nan,nan
333.9635,1.544913e-05,0.0,nan,nan,nan
334.0474,1.544888e-05,0.0,nan,nan,nan
334.1311,1.54509e-05,0.0,nan,nan,nan
334.2154,1.544723e-05,0.0,nan,nan,nan
334.2993,1.544085e-05,0.0,nan,nan,nan
334.3828,1.544798e-05,0.0,nan,nan,nan
334.4669,1.544967e-05,0.0,nan,nan,nan
334.5505,1.545104e-05,0.0,nan,nan,nan
334.634,1.545082e-05,0.0,nan,nan,nan
334.718,1.544502e-05,0.0,nan,nan,nan
334.8016,1.544888e-05,0.0,nan,nan,nan
334.8855,1.544579e-05,0.0,nan,nan,nan
334.9692,1.545027e-05,0.0,nan,nan,nan
335.0568,1.544382e-05,0.0,nan,nan,nan
335.1407,1.544536e-05,0.0,nan,nan,nan
335.2252,1.545025e-05,0.0,nan,nan,nan
335.3087,1.544836e-05,0.0,nan,nan,nan
335.3922,1.544771e-05,0.0,nan,nan,nan
335.5019,1.544954e-05,0.0,nan,nan,nan
335.5856,1.544746e-05,0.0,nan,nan,nan
335.6835,1.544713e-05,0.0,nan,nan,nan
335.7673,1.545017e-05,0.0,nan,nan,nan
335.8712,1.544971e-05,0.0,nan,nan,nan
335.955,1.544592e-05,0.0,nan,nan,nan
336.04,1.54462e-05,0.0,nan,nan,nan
336.1239,1.544555e-05,0.0,nan,nan,nan
336.2077,1.544867e-05,0.0,nan,nan,nan
336.2914,1.544835e-05,0.0,nan,nan,nan
336.3752,1.545331e-05,0.0,nan,nan,nan
336.4585,1.544587e-05,0.0,nan,nan,nan
336.542,1.544924e-05,0.0,nan,nan,nan
336.6257,1.544779e-05,0.0,nan,nan,nan
336.7184,1.544695e-05,0.0,nan,nan,nan
336.802,1.544704e-05,0.0,nan,nan,nan
336.8852,1.544946e-05,0.0,nan,nan,nan
336.969,1.545224e-05,0.0,nan,nan,nan
337.0527,1.545293e-05,0.0,nan,nan,nan
337.1364,1.545333e-05,0.0,nan,nan,nan
337.2202,1.544898e-05,0.0,nan,nan,nan
337.3263,1.545282e-05,0.0,nan,nan,nan
337.4101,1.545095e-05,0.0,nan,nan,nan
337.5107,1.545303e-05,0.0,nan,nan,nan
337.5942,1.545177e-05,0.0,nan,nan,nan
337.6779,1.545109e-05,0.0,nan,nan,nan
337.7617,1.54478e-05,0.0,nan,nan,nan
337.8456,1.544644e-05,0.0,nan,nan,nan
337.9309,1.544692e-05,0.0,nan,nan,nan
338.0147,1.54482e-05,0.0,nan,nan,nan
338.1003,1.544491e-05,0.0,nan,nan,nan
338.1837,1.544591e-05,0.0,nan,nan,nan
338.2674,1.544723e-05,0.0,nan,nan,nan
338.3511,1.544585e-05,0.0,nan,nan,nan
338.4347,1.54452e-05,0.0,nan,nan,nan
338.5309,1.545071e-05,0.0,nan,nan,nan
338.6148,1.544529e-05,0.0,nan,nan,nan
338.6983,1.54449e-05,0.0,nan,nan,nan
338.782,1.544598e-05,0.0,nan,nan,nan
338.8655,1.544582e-05,0.0,nan,nan,nan
338.9625,1.544817e-05,0.0,nan,nan,nan
339.0461,1.544515e-05,0.0,nan,nan,nan
339.1298,1.544159e-05,0.0,nan,nan,nan
339.2136,1.544315e-05,0.0,nan,nan,nan
339.2976,1.544223e-05,0.0,nan,nan,nan
339.3816,1.544674e-05,0.0,nan,nan,nan
339.4655,1.544261e-05,0.0,nan,nan,nan
339.5758,1.544042e-05,0.0,nan,nan,nan
339.6594,1.544363e-05,0.0,nan,nan,nan
339.7597,1.544563e-05,0.0,nan,nan,nan
339.8435,1.544316e-05,0.0,nan,nan,nan
339.9272,1.544402e-05,0.0,nan,nan,nan
340.0106,1.54501e-05,0.0,nan,nan,nan
340.0942,1.545e-05,0.0,nan,nan,nan
340.1779,1.544545e-05,0.0,nan,nan,nan
340.2617,1.544458e-05,0.0,nan,nan,nan
340.345,1.544619e-05,0.0,nan,nan,nan
340.4286,1.544911e-05,0.0,nan,nan,nan
340.5123,1.545172e-05,0.0,nan,nan,nan
340.5961,1.544975e-05,0.0,nan,nan,nan
340.6798,1.544986e-05,0.0,nan,nan,nan
340.777,1.544984e-05,0.0,nan,nan,nan
340.8608,1.545093e-05,0.0,nan,nan,nan
340.9446,1.544627e-05,0.0,nan,nan,nan
341.0285,1.544785e-05,0.0,nan,nan,nan
341.1121,1.54471e-05,0.0,nan,nan,nan
341.1957,1.544647e-05,0.0,nan,nan,nan
341.2794,1.544922e-05,0.0,nan,nan,nan
341.3631,1.544809e-05,0.0,nan,nan,nan
341.4471,1.544667e-05,0.0,nan,nan,nan
341.531,1.544307e-05,0.0,nan,nan,nan
341.6146,1.544764e-05,0.0,nan,nan,nan
341.6984,1.544776e-05,0.0,nan,nan,nan
341.8128,1.544402e-05,0.0,nan,nan,nan
341.8967,1.544006e-05,0.0,nan,nan,nan
341.9838,1.544616e-05,0.0,nan,nan,nan
342.0932,1.544661e-05,0.0,nan,nan,nan
342.1775,1.544178e-05,0.0,nan,nan,nan
342.2609,1.544369e-05,0.0,nan,nan,nan
342.3445,1.544497e-05,0.0,nan,nan,nan
342.4284,1.544561e-05,0.0,nan,nan,nan
342.5122,1.544502e-05,0.0,nan,nan,nan
342.6122,1.544418e-05,0.0,nan,nan,nan
342.6961,1.544289e-05,0.0,nan,nan,nan
342.7803,1.544125e-05,0.0,nan,nan,nan
342.8641,1.544703e-05,0.0,nan,nan,nan
342.9478,1.544439e-05,0.0,nan,nan,nan
343.0316,1.54474e-05,0.0,nan,nan,nan
343.1154,1.54475e-05,0.0,nan,nan,nan
343.1989,1.544584e-05,0.0,nan,nan,nan
343.2828,1.54454e-05,0.0,nan,nan,nan
343.3662,1.544453e-05,0.0,nan,nan,nan
343.4567,1.544653e-05,0.0,nan,nan,nan
343.5406,1.544507e-05,0.0,nan,nan,nan
343.6421,1.54458e-05,0.0,nan,nan,nan
343.726,1.544338e-05,0.0,nan,nan,nan
343.8114,1.544142e-05,0.0,nan,nan,nan
343.8951,1.544582e-05,0.0,nan,nan,nan
343.979,1.544555e-05,0.0,nan,nan,nan
344.0627,1.544679e-05,0.0,nan,nan,nan
344.1581,1.544619e-05,0.0,nan,nan,nan
344.2423,1.544508e-05,0.0,nan,nan,nan
344.3259,1.544314e-05,0.0,nan,nan,nan
344.4095,1.544567e-05,0.0,nan,nan,nan
344.4932,1.544875e-05,0.0,nan,nan,nan
344.577,1.544852e-05,0.0,nan,nan,nan
344.6628,1.545022e-05,0.0,nan,nan,nan
344.7465,1.544725e-05,0.0,nan,nan,nan
344.83,1.544182e-05,0.0,nan,nan,nan
344.9136,1.544417e-05,0.0,nan,nan,nan
344.9977,1.544679e-05,0.0,nan,nan,nan
345.0811,1.544428e-05,0.0,nan,nan,nan
345.165,1.544591e-05,0.0,nan,nan,nan
345.2581,1.544685e-05,0.0,nan,nan,nan
345.342,1.544566e-05,0.0,nan,nan,nan
345.4271,1.5445e-05,0.0,nan,nan,nan
345.511,1.544825e-05,0.0,nan,nan,nan
345.5947,1.544655e-05,0.0,nan,nan,nan
345.6782,1.544573e-05,0.0,nan,nan,nan
345.762,1.544771e-05,0.0,nan,nan,nan
345.8455,1.544797e-05,0.0,nan,nan,nan
345.9291,1.544649e-05,0.0,nan,nan,nan
346.0131,1.544385e-05,0.0,nan,nan,nan
346.0966,1.544697e-05,0.0,nan,nan,nan
346.215,1.544404e-05,0.0,nan,nan,nan
346.2988,1.544841e-05,0.0,nan,nan,nan
346.3825,1.544902e-05,0.0,nan,nan,nan
346.477,1.544502e-05,0.0,nan,nan,nan
346.5608,1.544868e-05,0.0,nan,nan,nan
346.6441,1.545235e-05,0.0,nan,nan,nan
346.7276,1.544534e-05,0.0,nan,nan,nan
346.8111,1.54476e-05,0.0,nan,nan,nan
346.9048,1.544745e-05,0.0,nan,nan,nan
346.9886,1.544838e-05,0.0,nan,nan,nan
347.0722,1.544213e-05,0.0,nan,nan,nan
347.1559,1.544502e-05,0.0,nan,nan,nan
347.2396,1.544538e-05,0.0,nan,nan,nan
347.3234,1.545024e-05,0.0,nan,nan,nan
347.4071,1.544739e-05,0.0,nan,nan,nan
347.4943,1.54464e-05,0.0,nan,nan,nan
347.578,1.544968e-05,0.0,nan,nan,nan
347.6617,1.544894e-05,0.0,nan,nan,nan
347.745,1.544516e-05,0.0,nan,nan,nan
347.8288,1.544645e-05,0.0,nan,nan,nan
347.9192,1.544591e-05,0.0,nan,nan,nan
348.0029,1.544378e-05,0.0,nan,nan,nan
348.0864,1.544723e-05,0.0,nan,nan,nan
348.1703,1.544839e-05,0.0,nan,nan,nan
348.2751,1.544995e-05,0.0,nan,nan,nan
348.3585,1.544426e-05,0.0,nan,nan,nan
348.442,1.544638e-05,0.0,nan,nan,nan
348.5255,1.54493e-05,0.0,nan,nan,nan
348.6094,1.544615e-05,0.0,nan,nan,nan
348.6931,1.54423e-05,0.0,nan,nan,nan
348.7768,1.544878e-05,0.0,nan,nan,nan
348.8604,1.544845e-05,0.0,nan,nan,nan
348.944,1.545172e-05,0.0,nan,nan,nan
349.0278,1.545107e-05,0.0,nan,nan,nan
349.128,1.544851e-05,0.0,nan,nan,nan
349.2117,1.544632e-05,0.0,nan,nan,nan
349.295,1.54494e-05,0.0,nan,nan,nan
349.3788,1.544719e-05,0.0,nan,nan,nan
349.4625,1.544668e-05,0.0,nan,nan,nan
349.5462,1.545069e-05,0.0,nan,nan,nan
349.63,1.544929e-05,0.0,nan,nan,nan
349.7136,1.545194e-05,0.0,nan,nan,nan
349.7975,1.545094e-05,0.0,nan,nan,nan
349.881,1.544912e-05,0.0,nan,nan,nan
349.9645,1.54465e-05,0.0,nan,nan,nan
350.048,1.544947e-05,0.0,nan,nan,nan
350.1324,1.544832e-05,0.0,nan,nan,nan
350.2163,1.545195e-05,0.0,nan,nan,nan
350.3,1.54488e-05,0.0,nan,nan,nan
350.3927,1.544982e-05,0.0,nan,nan,nan
350.4765,1.544635e-05,0.0,nan,nan,nan
350.56,1.544837e-05,0.0,nan,nan,nan
350.6435,1.544941e-05,0.0,nan,nan,nan
350.727,1.544702e-05,0.0,nan,nan,nan
350.8107,1.544502e-05,0.0,nan,nan,nan
350.8942,1.544357e-05,0.0,nan,nan,nan
350.9778,1.544603e-05,0.0,nan,nan,nan
351.0615,1.544547e-05,0.0,nan,nan,nan
351.1466,1.54479e-05,0.0,nan,nan,nan
351.2304,1.544872e-05,0.0,nan,nan,nan
351.3141,1.544837e-05,0.0,nan,nan,nan
351.3976,1.544872e-05,0.0,nan,nan,nan
351.4811,1.54462e-05,0.0,nan,nan,nan
351.5777,1.544695e-05,0.0,nan,nan,nan
351.6615,1.544935e-05,0.0,nan,nan,nan
351.7456,1.544693e-05,0.0,nan,nan,nan
351.8292,1.544682e-05,0.0,nan,nan,nan
351.9127,1.544459e-05,0.0,nan,nan,nan
351.9965,1.544679e-05,0.0,nan,nan,nan
352.08,1.544733e-05,0.0,nan,nan,nan
352.1634,1.54507e-05,0.0,nan,nan,nan
352.2472,1.54434e-05,0.0,nan,nan,nan
352.3307,1.544625e-05,0.0,nan,nan,nan
352.4446,1.544826e-05,0.0,nan,nan,nan
352.528,1.544587e-05,0.0,nan,nan,nan
352.6117,1.544482e-05,0.0,nan,nan,nan
352.6954,1.544402e-05,0.0,nan,nan,nan
352.7794,1.544853e-05,0.0,nan,nan,nan
352.8629,1.544792e-05,0.0,nan,nan,nan
352.9466,1.544927e-05,0.0,nan,nan,nan
353.0301,1.544749e-05,0.0,nan,nan,nan
353.1139,1.544698e-05,0.0,nan,nan,nan
353.1994,1.544653e-05,0.0,nan,nan,nan
353.283,1.544636e-05,0.0,nan,nan,nan
353.3667,1.54489e-05,0.0,nan,nan,nan
353.4502,1.545006e-05,0.0,nan,nan,nan
353.5338,1.545187e-05,0.0,nan,nan,nan
353.6451,1.544963e-05,0.0,nan,nan,nan
353.7289,1.544911e-05,0.0,nan,nan,nan
353.8418,1.544852e-05,0.0,nan,nan,nan
353.9253,1.544419e-05,0.0,nan,nan,nan
354.0088,1.544354e-05,0.0,nan,nan,nan
354.0923,1.544708e-05,0.0,nan,nan,nan
354.1759,1.54441e-05,0.0,nan,nan,nan
354.2593,1.544666e-05,0.0,nan,nan,nan
354.3427,1.545165e-05,0.0,nan,nan,nan
354.4437,1.544888e-05,0.0,nan,nan,nan
354.5274,1.545171e-05,0.0,nan,nan,nan
354.6117,1.544869e-05,0.0,nan,nan,nan
354.6954,1.544904e-05,0.0,nan,nan,nan
354.7789,1.544845e-05,0.0,nan,nan,nan
354.8625,1.544288e-05,0.0,nan,nan,nan
354.9464,1.544817e-05,0.0,nan,nan,nan
355.0518,1.544706e-05,0.0,nan,nan,nan
355.1356,1.544739e-05,0.0,nan,nan,nan
355.2195,1.544914e-05,0.0,nan,nan,nan
355.3031,1.545304e-05,0.0,nan,nan,nan
355.387,1.545136e-05,0.0,nan,nan,nan
355.4705,1.544912e-05,0.0,nan,nan,nan
355.5541,1.544942e-05,0.0,nan,nan,nan
355.6603,1.545413e-05,0.0,nan,nan,nan
355.744,1.545025e-05,0.0,nan,nan,nan
355.8277,1.544997e-05,0.0,nan,nan,nan
355.9113,1.54512e-05,0.0,nan,nan,nan
355.9951,1.545343e-05,0.0,nan,nan,nan
356.0789,1.544734e-05,0.0,nan,nan,nan
356.1624,1.545119e-05,0.0,nan,nan,nan
356.2594,1.544681e-05,0.0,nan,nan,nan
356.3431,1.545242e-05,0.0,nan,nan,nan
356.4266,1.544867e-05,0.0,nan,nan,nan
356.5103,1.54458e-05,0.0,nan,nan,nan
356.5938,1.544802e-05,0.0,nan,nan,nan
356.6773,1.544985e-05,0.0,nan,nan,nan
356.7612,1.544765e-05,0.0,nan,nan,nan
356.8461,1.54464e-05,0.0,nan,nan,nan
356.93,1.54509e-05,0.0,nan,nan,nan
357.0137,1.545073e-05,0.0,nan,nan,nan
357.0976,1.54534e-05,0.0,nan,nan,nan
357.1815,1.545203e-05,0.0,nan,nan,nan
357.2729,1.545164e-05,0.0,nan,nan,nan
357.3565,1.544954e-05,0.0,nan,nan,nan
357.4403,1.545303e-05,0.0,nan,nan,nan
357.5239,1.545402e-05,0.0,nan,nan,nan
357.6077,1.54499e-05,0.0,nan,nan,nan
357.695,1.5451e-05,0.0,nan,nan,nan
357.7788,1.544789e-05,0.0,nan,nan,nan
357.8625,1.544573e-05,0.0,nan,nan,nan
357.9465,1.545162e-05,0.0,nan,nan,nan
358.03,1.544947e-05,0.0,nan,nan,nan
358.1136,1.544733e-05,0.0,nan,nan,nan
358.1975,1.544868e-05,0.0,nan,nan,nan
358.3082,1.545021e-05,0.0,nan,nan,nan
358.3918,1.545374e-05,0.0,nan,nan,nan
358.4756,1.545197e-05,0.0,nan,nan,nan
358.5594,1.544997e-05,0.0,nan,nan,nan
358.653,1.545353e-05,0.0,nan,nan,nan
358.7365,1.544857e-05,0.0,nan,nan,nan
358.8201,1.545069e-05,0.0,nan,nan,nan
358.9159,1.545292e-05,0.0,nan,nan,nan
358.9997,1.545094e-05,0.0,nan,nan,nan
359.0834,1.544944e-05,0.0,nan,nan,nan
359.1671,1.545041e-05,0.0,nan,nan,nan
359.2509,1.544416e-05,0.0,nan,nan,nan
359.3346,1.544247e-05,0.0,nan,nan,nan
359.4182,1.544562e-05,0.0,nan,nan,nan
359.5209,1.545243e-05,0.0,nan,nan,nan
359.6048,1.544779e-05,0.0,nan,nan,nan
359.7087,1.545122e-05,0.0,nan,nan,nan
359.7925,1.544775e-05,0.0,nan,nan,nan
359.8771,1.544994e-05,0.0,nan,nan,nan
359.9606,1.545436e-05,0.0,nan,nan,nan
360.0441,1.54482e-05,0.0,nan,nan,nan
360.1372,1.545331e-05,0.0,nan,nan,nan
360.2212,1.545211e-05,0.0,nan,nan,nan
360.3234,1.544891e-05,0.0,nan,nan,nan
360.4071,1.545415e-05,0.0,nan,nan,nan
360.4915,1.545085e-05,0.0,nan,nan,nan
360.5752,1.544734e-05,0.0,nan,nan,nan
360.7156,1.545278e-05,0.0,nan,nan,nan
360.7997,1.545211e-05,0.0,nan,nan,nan
360.8835,1.545159e-05,0.0,nan,nan,nan
360.9677,1.545365e-05,0.0,nan,nan,nan
361.0515,1.544974e-05,0.0,nan,nan,nan
361.1361,1.545653e-05,0.0,nan,nan,nan
361.2195,1.54518e-05,0.0,nan,nan,nan
361.3032,1.545031e-05,0.0,nan,nan,nan
361.3868,1.544606e-05,0.0,nan,nan,nan
361.4705,1.544681e-05,0.0,nan,nan,nan
361.5569,1.544842e-05,0.0,nan,nan,nan
361.6409,1.544658e-05,0.0,nan,nan,nan
361.7252,1.544653e-05,0.0,nan,nan,nan
361.8087,1.545169e-05,0.0,nan,nan,nan
361.8921,1.544939e-05,0.0,nan,nan,nan
361.9785,1.544784e-05,0.0,nan,nan,nan
362.062,1.54493e-05,0.0,nan,nan,nan
362.1464,1.544543e-05,0.0,nan,nan,nan
362.2302,1.544566e-05,0.0,nan,nan,nan
362.3141,1.544565e-05,0.0,nan,nan,nan
362.3976,1.544799e-05,0.0,nan,nan,nan
362.4814,1.544853e-05,0.0,nan,nan,nan
362.5828,1.544541e-05,0.0,nan,nan,nan
362.6668,1.544777e-05,0.0,nan,nan,nan
362.7908,1.545132e-05,0.0,nan,nan,nan
362.8747,1.544972e-05,0.0,nan,nan,nan
362.9589,1.544699e-05,0.0,nan,nan,nan
363.0427,1.544445e-05,0.0,nan,nan,nan
363.1264,1.544847e-05,0.0,nan,nan,nan
363.2135,1.544746e-05,0.0,nan,nan,nan
363.2973,1.54471e-05,0.0,nan,nan,nan
363.3809,1.544237e-05,0.0,nan,nan,nan
363.4647,1.544727e-05,0.0,nan,nan,nan
363.5482,1.544218e-05,0.0,nan,nan,nan
363.6319,1.544727e-05,0.0,nan,nan,nan
363.7157,1.545052e-05,0.0,nan,nan,nan
363.8222,1.544952e-05,0.0,nan,nan,nan
363.9059,1.545164e-05,0.0,nan,nan,nan
364.0151,1.544613e-05,0.0,nan,nan,nan
364.0985,1.544602e-05,0.0,nan,nan,nan
364.1836,1.544813e-05,0.0,nan,nan,nan
364.267,1.545134e-05,0.0,nan,nan,nan
364.3507,1.544911e-05,0.0,nan,nan,nan
364.4345,1.545101e-05,0.0,nan,nan,nan
364.5181,1.545021e-05,0.0,nan,nan,nan
364.6021,1.54506e-05,0.0,nan,nan,nan
364.6859,1.544993e-05,0.0,nan,nan,nan
364.7695,1.544877e-05,0.0,nan,nan,nan
364.8858,1.545096e-05,0.0,nan,nan,nan
364.9695,1.545217e-05,0.0,nan,nan,nan
365.0531,1.545372e-05,0.0,nan,nan,nan
365.1368,1.545047e-05,0.0,nan,nan,nan
365.2202,1.545423e-05,0.0,nan,nan,nan
365.3037,1.54535e-05,0.0,nan,nan,nan
365.3874,1.545727e-05,0.0,nan,nan,nan
365.4712,1.54485e-05,0.0,nan,nan,nan
365.5549,1.544784e-05,0.0,nan,nan,nan
365.6627,1.545251e-05,0.0,nan,nan,nan
365.7466,1.545287e-05,0.0,nan,nan,nan
365.8307,1.544908e-05,0.0,nan,nan,nan
365.9144,1.544637e-05,0.0,nan,nan,nan
365.998,1.544753e-05,0.0,nan,nan,nan
366.0817,1.545012e-05,0.0,nan,nan,nan
366.1652,1.544723e-05,0.0,nan,nan,nan
366.2584,1.544852e-05,0.0,nan,nan,nan
366.3423,1.544825e-05,0.0,nan,nan,nan
366.4259,1.545093e-05,0.0,nan,nan,nan
366.5095,1.544819e-05,0.0,nan,nan,nan
366.5933,1.544881e-05,0.0,nan,nan,nan
366.6834,1.545228e-05,0.0,nan,nan,nan
366.7671,1.545006e-05,0.0,nan,nan,nan
366.8531,1.545035e-05,0.0,nan,nan,nan
366.9518,1.54488e-05,0.0,nan,nan,nan
367.0351,1.545081e-05,0.0,nan,nan,nan
367.1187,1.545374e-05,0.0,nan,nan,nan
367.2025,1.544711e-05,0.0,nan,nan,nan
367.2864,1.545256e-05,0.0,nan,nan,nan
367.3702,1.545534e-05,0.0,nan,nan,nan
367.4539,1.544806e-05,0.0,nan,nan,nan
367.5379,1.54464e-05,0.0,nan,nan,nan
367.6218,1.545169e-05,0.0,nan,nan,nan
367.7175,1.545105e-05,0.0,nan,nan,nan
367.8014,1.544992e-05,0.0,nan,nan,nan
367.8868,1.545079e-05,0.0,nan,nan,nan
367.9706,1.54521e-05,0.0,nan,nan,nan
368.0544,1.545121e-05,0.0,nan,nan,nan
368.1383,1.545336e-05,0.0,nan,nan,nan
368.2223,1.545045e-05,0.0,nan,nan,nan
368.32,1.545236e-05,0.0,nan,nan,nan
368.4036,1.545272e-05,0.0,nan,nan,nan
368.4871,1.545025e-05,0.0,nan,nan,nan
368.5711,1.545185e-05,0.0,nan,nan,nan
368.6546,1.544901e-05,0.0,nan,nan,nan
368.7383,1.544899e-05,0.0,nan,nan,nan
368.8222,1.545296e-05,0.0,nan,nan,nan
368.9285,1.545515e-05,0.0,nan,nan,nan
369.0121,1.545302e-05,0.0,nan,nan,nan
369.0958,1.545259e-05,0.0,nan,nan,nan
369.1796,1.545099e-05,0.0,nan,nan,nan
369.2634,1.545039e-05,0.0,nan,nan,nan
369.3475,1.544869e-05,0.0,nan,nan,nan
369.431,1.544955e-05,0.0,nan,nan,nan
369.5291,1.544998e-05,0.0,nan,nan,nan
369.6128,1.545082e-05,0.0,nan,nan,nan
369.6965,1.544994e-05,0.0,nan,nan,nan
369.7802,1.545119e-05,0.0,nan,nan,nan
369.8641,1.545073e-05,0.0,nan,nan,nan
369.9587,1.544846e-05,0.0,nan,nan,nan
370.0422,1.545076e-05,0.0,nan,nan,nan
370.1261,1.544925e-05,0.0,nan,nan,nan
370.2098,1.544962e-05,0.0,nan,nan,nan
370.2946,1.544913e-05,0.0,nan,nan,nan
370.3785,1.54511e-05,0.0,nan,nan,nan
370.4621,1.545052e-05,0.0,nan,nan,nan
370.5582,1.544958e-05,0.0,nan,nan,nan
370.6417,1.544622e-05,0.0,nan,nan,nan
370.7255,1.544831e-05,0.0,nan,nan,nan
370.8092,1.54488e-05,0.0,nan,nan,nan
370.8928,1.545072e-05,0.0,nan,nan,nan
370.9784,1.544967e-05,0.0,nan,nan,nan
371.0618,1.544906e-05,0.0,nan,nan,nan
371.1614,1.544931e-05,0.0,nan,nan,nan
371.2451,1.544622e-05,0.0,nan,nan,nan
371.3287,1.544622e-05,0.0,nan,nan,nan
371.4125,1.544464e-05,0.0,nan,nan,nan
371.4964,1.544946e-05,0.0,nan,nan,nan
371.5875,1.54504e-05,0.0,nan,nan,nan
371.6712,1.544792e-05,0.0,nan,nan,nan
371.7547,1.544442e-05,0.0,nan,nan,nan
371.8383,1.545053e-05,0.0,nan,nan,nan
371.9218,1.544676e-05,0.0,nan,nan,nan
372.0054,1.544911e-05,0.0,nan,nan,nan
372.0893,1.544966e-05,0.0,nan,nan,nan
372.1731,1.54496e-05,0.0,nan,nan,nan
372.2568,1.544892e-05,0.0,nan,nan,nan
372.341,1.544779e-05,0.0,nan,nan,nan
372.425,1.544754e-05,0.0,nan,nan,nan
372.5088,1.544795e-05,0.0,nan,nan,nan
372.6016,1.544902e-05,0.0,nan,nan,nan
372.6853,1.544547e-05,0.0,nan,nan,nan
372.7695,1.54494e-05,0.0,nan,nan,nan
372.8531,1.544905e-05,0.0,nan,nan,nan
372.9369,1.545005e-05,0.0,nan,nan,nan
373.0206,1.544973e-05,0.0,nan,nan,nan
373.1245,1.544818e-05,0.0,nan,nan,nan
373.2162,1.544974e-05,0.0,nan,nan,nan
373.2998,1.545278e-05,0.0,nan,nan,nan
373.3841,1.545359e-05,0.0,nan,nan,nan
373.468,1.545374e-05,0.0,nan,nan,nan
373.5516,1.545326e-05,0.0,nan,nan,nan
373.6355,1.545415e-05,0.0,nan,nan,nan
373.7191,1.545437e-05,0.0,nan,nan,nan
373.814,1.545129e-05,0.0,nan,nan,nan
373.8977,1.545508e-05,0.0,nan,nan,nan
373.983,1.54543e-05,0.0,nan,nan,nan
374.0665,1.545334e-05,0.0,nan,nan,nan
374.1503,1.545406e-05,0.0,nan,nan,nan
374.2377,1.545145e-05,0.0,nan,nan,nan
374.3214,1.545392e-05,0.0,nan,nan,nan
374.4049,1.545234e-05,0.0,nan,nan,nan
374.4886,1.544817e-05,0.0,nan,nan,nan
374.5722,1.545089e-05,0.0,nan,nan,nan
374.6561,1.5451e-05,0.0,nan,nan,nan
374.74,1.545132e-05,0.0,nan,nan,nan
374.8252,1.544838e-05,0.0,nan,nan,nan
374.9091,1.545044e-05,0.0,nan,nan,nan
374.9935,1.544941e-05,0.0,nan,nan,nan
375.0773,1.544715e-05,0.0,nan,nan,nan
375.1912,1.544745e-05,0.0,nan,nan,nan
375.2748,1.544844e-05,0.0,nan,nan,nan
375.3582,1.544861e-05,0.0,nan,nan,nan
375.4694,1.545135e-05,0.0,nan,nan,nan
375.5532,1.544899e-05,0.0,nan,nan,nan
375.6551,1.545105e-05,0.0,nan,nan,nan
375.7391,1.544932e-05,0.0,nan,nan,nan
375.8227,1.544992e-05,0.0,nan,nan,nan
375.9065,1.544952e-05,0.0,nan,nan,nan
375.9906,1.544816e-05,0.0,nan,nan,nan
376.0743,1.544658e-05,0.0,nan,nan,nan
376.1578,1.544834e-05,0.0,nan,nan,nan
376.2577,1.544766e-05,0.0,nan,nan,nan
376.3416,1.545094e-05,0.0,nan,nan,nan
376.4255,1.545323e-05,0.0,nan,nan,nan
376.5094,1.545071e-05,0.0,nan,nan,nan
376.5932,1.544918e-05,0.0,nan,nan,nan
376.6801,1.544821e-05,0.0,nan,nan,nan
376.7644,1.545014e-05,0.0,nan,nan,nan
376.8482,1.54515e-05,0.0,nan,nan,nan
376.9318,1.544558e-05,0.0,nan,nan,nan
377.0153,1.545157e-05,0.0,nan,nan,nan
377.0993,1.545131e-05,0.0,nan,nan,nan
377.1832,1.54497e-05,0.0,nan,nan,nan
377.267,1.545082e-05,0.0,nan,nan,nan
377.3506,1.54542e-05,0.0,nan,nan,nan
377.4342,1.545103e-05,0.0,nan,nan,nan
377.5181,1.544724e-05,0.0,nan,nan,nan
377.602,1.544809e-05,0.0,nan,nan,nan
377.6904,1.544737e-05,0.0,nan,nan,nan
377.7742,1.544971e-05,0.0,nan,nan,nan
377.8601,1.544859e-05,0.0,nan,nan,nan
377.9438,1.54511e-05,0.0,nan,nan,nan
378.0277,1.545102e-05,0.0,nan,nan,nan
378.1114,1.544875e-05,0.0,nan,nan,nan
378.1951,1.544615e-05,0.0,nan,nan,nan
378.2937,1.544852e-05,0.0,nan,nan,nan
378.3776,1.544876e-05,0.0,nan,nan,nan
378.4622,1.544819e-05,0.0,nan,nan,nan
378.5458,1.544932e-05,0.0,nan,nan,nan
378.6296,1.544673e-05,0.0,nan,nan,nan
378.7184,1.544816e-05,0.0,nan,nan,nan
378.8021,1.544665e-05,0.0,nan,nan,nan
378.8857,1.544797e-05,0.0,nan,nan,nan
378.9697,1.544828e-05,0.0,nan,nan,nan
379.0542,1.544938e-05,0.0,nan,nan,nan
379.1378,1.544884e-05,0.0,nan,nan,nan
379.2216,1.544794e-05,0.0,nan,nan,nan
379.3223,1.544749e-05,0.0,nan,nan,nan
379.4059,1.54456e-05,0.0,nan,nan,nan
379.4906,1.544862e-05,0.0,nan,nan,nan
379.5744,1.544878e-05,0.0,nan,nan,nan
379.6581,1.544823e-05,0.0,nan,nan,nan
379.7459,1.544578e-05,0.0,nan,nan,nan
379.8296,1.544915e-05,0.0,nan,nan,nan
379.9291,1.544964e-05,0.0,nan,nan,nan
380.013,1.545101e-05,0.0,nan,nan,nan
380.0971,1.544902e-05,0.0,nan,nan,nan
380.1811,1.54538e-05,0.0,nan,nan,nan
380.2647,1.545089e-05,0.0,nan,nan,nan
380.3486,1.54529e-05,0.0,nan,nan,nan
380.4323,1.544777e-05,0.0,nan,nan,nan
380.5255,1.544835e-05,0.0,nan,nan,nan
380.6092,1.544888e-05,0.0,nan,nan,nan
380.6929,1.545041e-05,0.0,nan,nan,nan
380.7766,1.54491e-05,0.0,nan,nan,nan
380.8601,1.544971e-05,0.0,nan,nan,nan
380.9614,1.544791e-05,0.0,nan,nan,nan
381.0452,1.544844e-05,0.0,nan,nan,nan
381.1286,1.544805e-05,0.0,nan,nan,nan
381.2123,1.544921e-05,0.0,nan,nan,nan
381.296,1.544848e-05,0.0,nan,nan,nan
381.3923,1.544646e-05,0.0,nan,nan,nan
381.476,1.544873e-05,0.0,nan,nan,nan
381.5604,1.544911e-05,0.0,nan,nan,nan
381.6443,1.545115e-05,0.0,nan,nan,nan
381.7278,1.544799e-05,0.0,nan,nan,nan
381.8115,1.545141e-05,0.0,nan,nan,nan
381.8952,1.545027e-05,0.0,nan,nan,nan
381.991,1.544996e-05,0.0,nan,nan,nan
382.0749,1.545412e-05,0.0,nan,nan,nan
382.1586,1.544755e-05,0.0,nan,nan,nan
382.2421,1.545266e-05,0.0,nan,nan,nan
382.3256,1.544966e-05,0.0,nan,nan,nan
382.4139,1.545128e-05,0.0,nan,nan,nan
382.4978,1.545352e-05,0.0,nan,nan,nan
382.5829,1.545223e-05,0.0,nan,nan,nan
382.6663,1.545302e-05,0.0,nan,nan,nan
382.75,1.545175e-05,0.0,nan,nan,nan
382.8335,1.54556e-05,0.0,nan,nan,nan
382.917,1.545109e-05,0.0,nan,nan,nan
383.0114,1.545032e-05,0.0,nan,nan,nan
383.0953,1.545141e-05,0.0,nan,nan,nan
383.179,1.545207e-05,0.0,nan,nan,nan
383.2626,1.545431e-05,0.0,nan,nan,nan
383.3464,1.545499e-05,0.0,nan,nan,nan
383.459,1.545654e-05,0.0,nan,nan,nan
383.5428,1.545708e-05,0.0,nan,nan,nan
383.6278,1.545804e-05,0.0,nan,nan,nan
383.7115,1.545377e-05,0.0,nan,nan,nan
383.7953,1.545472e-05,0.0,nan,nan,nan
383.879,1.545233e-05,0.0,nan,nan,nan
383.9627,1.545666e-05,0.0,nan,nan,nan
384.0463,1.545685e-05,0.0,nan,nan,nan
384.1302,1.544988e-05,0.0,nan,nan,nan
384.2136,1.545194e-05,0.0,nan,nan,nan
384.2976,1.545501e-05,0.0,nan,nan,nan
384.3811,1.545232e-05,0.0,nan,nan,nan
384.4646,1.545183e-05,0.0,nan,nan,nan
384.5481,1.545286e-05,0.0,nan,nan,nan
384.6325,1.545024e-05,0.0,nan,nan,nan
384.7163,1.545535e-05,0.0,nan,nan,nan
384.7999,1.544729e-05,0.0,nan,nan,nan
384.8836,1.545021e-05,0.0,nan,nan,nan
384.9673,1.54516e-05,0.0,nan,nan,nan
385.07,1.544943e-05,0.0,nan,nan,nan
385.1536,1.544521e-05,0.0,nan,nan,nan
385.2373,1.544463e-05,0.0,nan,nan,nan
385.3209,1.544789e-05,0.0,nan,nan,nan
385.4046,1.544653e-05,0.0,nan,nan,nan
385.4883,1.544678e-05,0.0,nan,nan,nan
385.572,1.545002e-05,0.0,nan,nan,nan
385.6567,1.544979e-05,0.0,nan,nan,nan
385.7407,1.545378e-05,0.0,nan,nan,nan
385.8246,1.545041e-05,0.0,nan,nan,nan
385.908,1.545524e-05,0.0,nan,nan,nan
385.9918,1.545109e-05,0.0,nan,nan,nan
386.0786,1.545091e-05,0.0,nan,nan,nan
386.1625,1.544742e-05,0.0,nan,nan,nan
386.2478,1.545308e-05,0.0,nan,nan,nan
386.3316,1.545019e-05,0.0,nan,nan,nan
386.4153,1.544892e-05,0.0,nan,nan,nan
386.499,1.544596e-05,0.0,nan,nan,nan
386.5829,1.544868e-05,0.0,nan,nan,nan
386.6665,1.544791e-05,0.0,nan,nan,nan
386.7502,1.544982e-05,0.0,nan,nan,nan
386.8339,1.545003e-05,0.0,nan,nan,nan
386.9175,1.544816e-05,0.0,nan,nan,nan
387.0013,1.545451e-05,0.0,nan,nan,nan
387.1088,1.545674e-05,0.0,nan,nan,nan
387.1924,1.54516e-05,0.0,nan,nan,nan
387.2935,1.545437e-05,0.0,nan,nan,nan
387.3774,1.545299e-05,0.0,nan,nan,nan
387.4611,1.545281e-05,0.0,nan,nan,nan
387.5449,1.545499e-05,0.0,nan,nan,nan
387.6285,1.545527e-05,0.0,nan,nan,nan
387.7193,1.545005e-05,0.0,nan,nan,nan
387.8029,1.544864e-05,0.0,nan,nan,nan
387.8864,1.5449e-05,0.0,nan,nan,nan
387.9702,1.544879e-05,0.0,nan,nan,nan
388.0539,1.545128e-05,0.0,nan,nan,nan
388.1379,1.544954e-05,0.0,nan,nan,nan
388.2218,1.544847e-05,0.0,nan,nan,nan
388.31,1.545207e-05,0.0,nan,nan,nan
388.3936,1.545051e-05,0.0,nan,nan,nan
388.4772,1.545201e-05,0.0,nan,nan,nan
388.561,1.545185e-05,0.0,nan,nan,nan
388.6448,1.545019e-05,0.0,nan,nan,nan
388.7389,1.544923e-05,0.0,nan,nan,nan
388.8228,1.545132e-05,0.0,nan,nan,nan
388.9065,1.544701e-05,0.0,nan,nan,nan
388.9901,1.545294e-05,0.0,nan,nan,nan
389.0738,1.544959e-05,0.0,nan,nan,nan
389.1578,1.544807e-05,0.0,nan,nan,nan
389.2415,1.545093e-05,0.0,nan,nan,nan
389.3301,1.544936e-05,0.0,nan,nan,nan
389.4138,1.544543e-05,0.0,nan,nan,nan
389.4977,1.544839e-05,0.0,nan,nan,nan
389.5812,1.544914e-05,0.0,nan,nan,nan
389.6647,1.544975e-05,0.0,nan,nan,nan
389.7483,1.544707e-05,0.0,nan,nan,nan
389.8319,1.545089e-05,0.0,nan,nan,nan
389.9177,1.545051e-05,0.0,nan,nan,nan
390.0015,1.544682e-05,0.0,nan,nan,nan
390.0853,1.544702e-05,0.0,nan,nan,nan
390.1691,1.544568e-05,0.0,nan,nan,nan
390.253,1.544807e-05,0.0,nan,nan,nan
390.3439,1.544607e-05,0.0,nan,nan,nan
390.4273,1.545059e-05,0.0,nan,nan,nan
390.5118,1.545158e-05,0.0,nan,nan,nan
390.5956,1.544964e-05,0.0,nan,nan,nan
390.6793,1.544711e-05,0.0,nan,nan,nan
390.7629,1.544928e-05,0.0,nan,nan,nan
390.8467,1.545171e-05,0.0,nan,nan,nan
390.9304,1.545053e-05,0.0,nan,nan,nan
391.0143,1.545514e-05,0.0,nan,nan,nan
391.0978,1.545338e-05,0.0,nan,nan,nan
391.1816,1.544843e-05,0.0,nan,nan,nan
391.2655,1.545032e-05,0.0,nan,nan,nan
391.3507,1.545071e-05,0.0,nan,nan,nan
391.4342,1.545473e-05,0.0,nan,nan,nan
391.5179,1.544978e-05,0.0,nan,nan,nan
391.6018,1.545477e-05,0.0,nan,nan,nan
391.7074,1.545301e-05,0.0,nan,nan,nan
391.7911,1.545581e-05,0.0,nan,nan,nan
391.8748,1.545679e-05,0.0,nan,nan,nan
391.9593,1.545179e-05,0.0,nan,nan,nan
392.0428,1.544952e-05,0.0,nan,nan,nan
392.1267,1.545183e-05,0.0,nan,nan,nan
392.2164,1.545213e-05,0.0,nan,nan,nan
392.3002,1.544894e-05,0.0,nan,nan,nan
392.3836,1.544373e-05,0.0,nan,nan,nan
392.4674,1.544443e-05,0.0,nan,nan,nan
392.5511,1.544959e-05,0.0,nan,nan,nan
392.635,1.545094e-05,0.0,nan,nan,nan
392.7189,1.544643e-05,0.0,nan,nan,nan
392.8095,1.544706e-05,0.0,nan,nan,nan
392.8932,1.544822e-05,0.0,nan,nan,nan
392.9774,1.544446e-05,0.0,nan,nan,nan
393.0612,1.544757e-05,0.0,nan,nan,nan
393.1451,1.545141e-05,0.0,nan,nan,nan
393.2288,1.544941e-05,0.0,nan,nan,nan
393.3125,1.544642e-05,0.0,nan,nan,nan
393.3965,1.544574e-05,0.0,nan,nan,nan
393.4803,1.544765e-05,0.0,nan,nan,nan
393.5642,1.544925e-05,0.0,nan,nan,nan
393.648,1.54491e-05,0.0,nan,nan,nan
393.7318,1.545245e-05,0.0,nan,nan,nan
393.817,1.545239e-05,0.0,nan,nan,nan
393.9007,1.545065e-05,0.0,nan,nan,nan
393.9843,1.545219e-05,0.0,nan,nan,nan
394.0682,1.544777e-05,0.0,nan,nan,nan
394.1517,1.544754e-05,0.0,nan,nan,nan
394.2353,1.54424e-05,0.0,nan,nan,nan
394.319,1.544436e-05,0.0,nan,nan,nan
394.4028,1.544815e-05,0.0,nan,nan,nan
394.4863,1.54436e-05,0.0,nan,nan,nan
394.57,1.544611e-05,0.0,nan,nan,nan
394.654,1.545318e-05,0.0,nan,nan,nan
394.7375,1.545256e-05,0.0,nan,nan,nan
394.8445,1.544983e-05,0.0,nan,nan,nan
394.9281,1.545241e-05,0.0,nan,nan,nan
395.0116,1.545159e-05,0.0,nan,nan,nan
395.0954,1.545097e-05,0.0,nan,nan,nan
395.1791,1.545361e-05,0.0,nan,nan,nan
395.2629,1.545113e-05,0.0,nan,nan,nan
395.347,1.545411e-05,0.0,nan,nan,nan
395.4305,1.545231e-05,0.0,nan,nan,nan
395.5139,1.545324e-05,0.0,nan,nan,nan
395.5978,1.545394e-05,0.0,nan,nan,nan
395.6816,1.544929e-05,0.0,nan,nan,nan
395.765,1.544987e-05,0.0,nan,nan,nan
395.8597,1.54535e-05,0.0,nan,nan,nan
395.9433,1.544822e-05,0.0,nan,nan,nan
396.0279,1.545111e-05,0.0,nan,nan,nan
396.1117,1.545131e-05,0.0,nan,nan,nan
396.1964,1.545157e-05,0.0,nan,nan,nan
396.2803,1.54501e-05,0.0,nan,nan,nan
396.364,1.545364e-05,0.0,nan,nan,nan
396.4482,1.545567e-05,0.0,nan,nan,nan
396.532,1.545309e-05,0.0,nan,nan,nan
396.6159,1.54549e-05,0.0,nan,nan,nan
396.6995,1.545177e-05,0.0,nan,nan,nan
396.7831,1.544856e-05,0.0,nan,nan,nan
396.8758,1.545165e-05,0.0,nan,nan,nan
396.9594,1.544718e-05,0.0,nan,nan,nan
397.0446,1.545084e-05,0.0,nan,nan,nan
397.1282,1.544649e-05,0.0,nan,nan,nan
397.2118,1.544773e-05,0.0,nan,nan,nan
397.2956,1.544805e-05,0.0,nan,nan,nan
397.3791,1.544699e-05,0.0,nan,nan,nan
397.463,1.544743e-05,0.0,nan,nan,nan
397.5465,1.544784e-05,0.0,nan,nan,nan
397.6301,1.544769e-05,0.0,nan,nan,nan
397.7142,1.544759e-05,0.0,nan,nan,nan
397.7979,1.545017e-05,0.0,nan,nan,nan
397.8813,1.544868e-05,0.0,nan,nan,nan
397.971,1.54478e-05,0.0,nan,nan,nan
398.0547,1.544914e-05,0.0,nan,nan,nan
398.1383,1.544468e-05,0.0,nan,nan,nan
398.2222,1.544622e-05,0.0,nan,nan,nan
398.3125,1.544425e-05,0.0,nan,nan,nan
398.3961,1.544509e-05,0.0,nan,nan,nan
398.4799,1.544982e-05,0.0,nan,nan,nan
398.5638,1.54474e-05,0.0,nan,nan,nan
398.6476,1.544714e-05,0.0,nan,nan,nan
398.7313,1.544635e-05,0.0,nan,nan,nan
398.8147,1.544911e-05,0.0,nan,nan,nan
398.8998,1.545323e-05,0.0,nan,nan,nan
398.9833,1.544701e-05,0.0,nan,nan,nan
399.067,1.545025e-05,0.0,nan,nan,nan
399.1506,1.545404e-05,0.0,nan,nan,nan
399.2344,1.545003e-05,0.0,nan,nan,nan
399.3394,1.545084e-05,0.0,nan,nan,nan
399.423,1.54487e-05,0.0,nan,nan,nan
399.5084,1.544582e-05,0.0,nan,nan,nan
399.5919,1.544857e-05,0.0,nan,nan,nan
399.6754,1.544535e-05,0.0,nan,nan,nan
399.759,1.544349e-05,0.0,nan,nan,nan
399.8425,1.544633e-05,0.0,nan,nan,nan
399.9263,1.544828e-05,0.0,nan,nan,nan
400.0435,1.545162e-05,0.0,nan,nan,nan
400.1273,1.545097e-05,0.0,nan,nan,nan
400.211,1.544634e-05,0.0,nan,nan,nan
400.2946,1.54461e-05,0.0,nan,nan,nan
400.3784,1.544737e-05,0.0,nan,nan,nan
400.462,1.544803e-05,0.0,nan,nan,nan
400.5455,1.544791e-05,0.0,nan,nan,nan
400.629,1.545034e-05,0.0,nan,nan,nan
400.7134,1.544436e-05,0.0,nan,nan,nan
400.7973,1.54504e-05,0.0,nan,nan,nan
400.8811,1.545222e-05,0.0,nan,nan,nan
400.9647,1.545366e-05,0.0,nan,nan,nan
401.0482,1.54501e-05,0.0,nan,nan,nan
401.1338,1.545206e-05,0.0,nan,nan,nan
401.2173,1.545322e-05,0.0,nan,nan,nan
401.301,1.545141e-05,0.0,nan,nan,nan
401.3846,1.545264e-05,0.0,nan,nan,nan
401.4683,1.54493e-05,0.0,nan,nan,nan
401.5634,1.544905e-05,0.0,nan,nan,nan
401.6473,1.545091e-05,0.0,nan,nan,nan
401.7312,1.545158e-05,0.0,nan,nan,nan
401.8146,1.544711e-05,0.0,nan,nan,nan
401.8983,1.545075e-05,0.0,nan,nan,nan
401.9885,1.54514e-05,0.0,nan,nan,nan
402.1075,1.544808e-05,0.0,nan,nan,nan
402.1912,1.544743e-05,0.0,nan,nan,nan
402.2746,1.544634e-05,0.0,nan,nan,nan
402.3801,1.544549e-05,0.0,nan,nan,nan
402.4638,1.544528e-05,0.0,nan,nan,nan
402.5481,1.544543e-05,0.0,nan,nan,nan
402.6316,1.544632e-05,0.0,nan,nan,nan
402.7158,1.544868e-05,0.0,nan,nan,nan
402.7995,1.544765e-05,0.0,nan,nan,nan
402.8832,1.544792e-05,0.0,nan,nan,nan
402.9678,1.544589e-05,0.0,nan,nan,nan
403.0516,1.544672e-05,0.0,nan,nan,nan
403.1354,1.545211e-05,0.0,nan,nan,nan
403.2191,1.545115e-05,0.0,nan,nan,nan
403.3027,1.544757e-05,0.0,nan,nan,nan
403.3865,1.545009e-05,0.0,nan,nan,nan
403.4703,1.545167e-05,0.0,nan,nan,nan
403.5538,1.544462e-05,0.0,nan,nan,nan
403.6375,1.545164e-05,0.0,nan,nan,nan
403.7213,1.545128e-05,0.0,nan,nan,nan
403.812,1.544959e-05,0.0,nan,nan,nan
403.8958,1.544953e-05,0.0,nan,nan,nan
403.9805,1.545224e-05,0.0,nan,nan,nan
404.0641,1.545271e-05,0.0,nan,nan,nan
404.1835,1.544704e-05,0.0,nan,nan,nan
404.2754,1.545053e-05,0.0,nan,nan,nan
404.3591,1.544643e-05,0.0,nan,nan,nan
404.4571,1.544377e-05,0.0,nan,nan,nan
404.5407,1.54491e-05,0.0,nan,nan,nan
404.6243,1.544497e-05,0.0,nan,nan,nan
404.7078,1.544823e-05,0.0,nan,nan,nan
404.7934,1.544796e-05,0.0,nan,nan,nan
404.8772,1.545093e-05,0.0,nan,nan,nan
404.9609,1.54493e-05,0.0,nan,nan,nan
405.0444,1.545307e-05,0.0,nan,nan,nan
405.1284,1.544647e-05,0.0,nan,nan,nan
405.2294,1.545123e-05,0.0,nan,nan,nan
405.3131,1.545022e-05,0.0,nan,nan,nan
405.3965,1.544751e-05,0.0,nan,nan,nan
405.4802,1.545119e-05,0.0,nan,nan,nan
405.5642,1.54529e-05,0.0,nan,nan,nan
405.648,1.545057e-05,0.0,nan,nan,nan
405.7315,1.545073e-05,0.0,nan,nan,nan
405.8171,1.544967e-05,0.0,nan,nan,nan
405.9007,1.545158e-05,0.0,nan,nan,nan
405.9842,1.545161e-05,0.0,nan,nan,nan
406.0696,1.544831e-05,0.0,nan,nan,nan
406.1533,1.544878e-05,0.0,nan,nan,nan
406.2722,1.545079e-05,0.0,nan,nan,nan
406.3561,1.544568e-05,0.0,nan,nan,nan
406.4397,1.545227e-05,0.0,nan,nan,nan
406.5233,1.54516e-05,0.0,nan,nan,nan
406.607,1.544502e-05,0.0,nan,nan,nan
406.691,1.544766e-05,0.0,nan,nan,nan
406.7747,1.544906e-05,0.0,nan,nan,nan
406.8772,1.544872e-05,0.0,nan,nan,nan
406.961,1.54483e-05,0.0,nan,nan,nan
407.0447,1.544714e-05,0.0,nan,nan,nan
407.1285,1.544525e-05,0.0,nan,nan,nan
407.2124,1.544659e-05,0.0,nan,nan,nan
407.2995,1.544809e-05,0.0,nan,nan,nan
407.3832,1.545011e-05,0.0,nan,nan,nan
407.4674,1.545176e-05,0.0,nan,nan,nan
407.5512,1.544506e-05,0.0,nan,nan,nan
407.635,1.544926e-05,0.0,nan,nan,nan
407.7204,1.544721e-05,0.0,nan,nan,nan
407.804,1.544542e-05,0.0,nan,nan,nan
407.911,1.54491e-05,0.0,nan,nan,nan
407.9949,1.545048e-05,0.0,nan,nan,nan
408.0789,1.545102e-05,0.0,nan,nan,nan
408.1624,1.544555e-05,0.0,nan,nan,nan
408.2462,1.545211e-05,0.0,nan,nan,nan
408.3377,1.545164e-05,0.0,nan,nan,nan
408.4213,1.545199e-05,0.0,nan,nan,nan
408.5154,1.54545e-05,0.0,nan,nan,nan
408.5992,1.544861e-05,0.0,nan,nan,nan
408.6831,1.545013e-05,0.0,nan,nan,nan
408.7669,1.545333e-05,0.0,nan,nan,nan
408.8507,1.545482e-05,0.0,nan,nan,nan
408.9429,1.544876e-05,0.0,nan,nan,nan
409.0267,1.545164e-05,0.0,nan,nan,nan
409.1275,1.545532e-05,0.0,nan,nan,nan
409.2114,1.545266e-05,0.0,nan,nan,nan
409.295,1.545187e-05,0.0,nan,nan,nan
409.3789,1.544934e-05,0.0,nan,nan,nan
409.4627,1.545085e-05,0.0,nan,nan,nan
409.5464,1.545218e-05,0.0,nan,nan,nan
409.6302,1.545238e-05,0.0,nan,nan,nan
409.7145,1.545183e-05,0.0,nan,nan,nan
409.7982,1.544731e-05,0.0,nan,nan,nan
409.8817,1.545128e-05,0.0,nan,nan,nan
409.9656,1.544938e-05,0.0,nan,nan,nan
410.0493,1.544998e-05,0.0,nan,nan,nan
410.151,1.544984e-05,0.0,nan,nan,nan
410.2345,1.545037e-05,0.0,nan,nan,nan
410.3182,1.544909e-05,0.0,nan,nan,nan
410.4023,1.545241e-05,0.0,nan,nan,nan
410.4858,1.545173e-05,0.0,nan,nan,nan
410.5695,1.545353e-05,0.0,nan,nan,nan
410.6535,1.545387e-05,0.0,nan,nan,nan
410.7376,1.545055e-05,0.0,nan,nan,nan
410.8215,1.545012e-05,0.0,nan,nan,nan
410.9053,1.545236e-05,0.0,nan,nan,nan
410.989,1.545301e-05,0.0,nan,nan,nan
411.0728,1.545421e-05,0.0,nan,nan,nan
411.1755,1.545176e-05,0.0,nan,nan,nan
411.2591,1.544882e-05,0.0,nan,nan,nan
411.3467,1.54508e-05,0.0,nan,nan,nan
411.431,1.545096e-05,0.0,nan,nan,nan
411.5146,1.544983e-05,0.0,nan,nan,nan
411.5985,1.545297e-05,0.0,nan,nan,nan
411.6827,1.544922e-05,0.0,nan,nan,nan
411.7757,1.544999e-05,0.0,nan,nan,nan
411.8594,1.544416e-05,0.0,nan,nan,nan
411.9428,1.544703e-05,0.0,nan,nan,nan
412.0264,1.544611e-05,0.0,nan,nan,nan
412.1101,1.544593e-05,0.0,nan,nan,nan
412.2089,1.544771e-05,0.0,nan,nan,nan
412.2925,1.545031e-05,0.0,nan,nan,nan
412.3758,1.544891e-05,0.0,nan,nan,nan
412.4782,1.544462e-05,0.0,nan,nan,nan
412.562,1.544535e-05,0.0,nan,nan,nan
412.6458,1.544759e-05,0.0,nan,nan,nan
412.7297,1.544323e-05,0.0,nan,nan,nan
412.8205,1.544905e-05,0.0,nan,nan,nan
412.9044,1.544944e-05,0.0,nan,nan,nan
412.9884,1.5446e-05,0.0,nan,nan,nan
413.0721,1.54511e-05,0.0,nan,nan,nan
413.1557,1.545245e-05,0.0,nan,nan,nan
413.2393,1.544896e-05,0.0,nan,nan,nan
413.3232,1.544975e-05,0.0,nan,nan,nan
413.4186,1.544876e-05,0.0,nan,nan,nan
413.5021,1.545034e-05,0.0,nan,nan,nan
413.5857,1.545148e-05,0.0,nan,nan,nan
413.6696,1.544594e-05,0.0,nan,nan,nan
413.7535,1.544685e-05,0.0,nan,nan,nan
413.8374,1.545047e-05,0.0,nan,nan,nan
413.9211,1.544422e-05,0.0,nan,nan,nan
414.0045,1.544742e-05,0.0,nan,nan,nan
414.0884,1.54489e-05,0.0,nan,nan,nan
414.1723,1.544765e-05,0.0,nan,nan,nan
414.2559,1.544918e-05,0.0,nan,nan,nan
414.3396,1.545026e-05,0.0,nan,nan,nan
414.4232,1.544673e-05,0.0,nan,nan,nan
414.5568,1.544639e-05,0.0,nan,nan,nan
414.6594,1.54468e-05,0.0,nan,nan,nan
414.7432,1.544582e-05,0.0,nan,nan,nan
414.8267,1.545025e-05,0.0,nan,nan,nan
414.9103,1.545203e-05,0.0,nan,nan,nan
414.9938,1.545175e-05,0.0,nan,nan,nan
415.0775,1.545177e-05,0.0,nan,nan,nan
415.1612,1.545077e-05,0.0,nan,nan,nan
415.2605,1.54488e-05,0.0,nan,nan,nan
415.3443,1.54438e-05,0.0,nan,nan,nan
415.4278,1.544981e-05,0.0,nan,nan,nan
415.5116,1.544675e-05,0.0,nan,nan,nan
415.5953,1.54472e-05,0.0,nan,nan,nan
415.679,1.544826e-05,0.0,nan,nan,nan
415.7629,1.544787e-05,0.0,nan,nan,nan
415.8463,1.544944e-05,0.0,nan,nan,nan
415.9303,1.544947e-05,0.0,nan,nan,nan
416.014,1.54485e-05,0.0,nan,nan,nan
416.0976,1.544948e-05,0.0,nan,nan,nan
416.1813,1.544938e-05,0.0,nan,nan,nan
416.2866,1.545044e-05,0.0,nan,nan,nan
416.3705,1.544801e-05,0.0,nan,nan,nan
416.4761,1.544673e-05,0.0,nan,nan,nan
416.5908,1.545084e-05,0.0,nan,nan,nan
416.6977,1.545024e-05,0.0,nan,nan,nan
416.7811,1.544544e-05,0.0,nan,nan,nan
416.8649,1.544404e-05,0.0,nan,nan,nan
416.9485,1.544938e-05,0.0,nan,nan,nan
417.0319,1.544956e-05,0.0,nan,nan,nan
417.1159,1.54535e-05,0.0,nan,nan,nan
417.1994,1.54515e-05,0.0,nan,nan,nan
417.2988,1.545089e-05,0.0,nan,nan,nan
417.3825,1.544906e-05,0.0,nan,nan,nan
417.4672,1.545031e-05,0.0,nan,nan,nan
417.551,1.545037e-05,0.0,nan,nan,nan
417.6348,1.545e-05,0.0,nan,nan,nan
417.7183,1.544932e-05,0.0,nan,nan,nan
417.8018,1.545034e-05,0.0,nan,nan,nan
417.8854,1.54502e-05,0.0,nan,nan,nan
417.969,1.544873e-05,0.0,nan,nan,nan
418.0525,1.544869e-05,0.0,nan,nan,nan
418.1361,1.545103e-05,0.0,nan,nan,nan
418.22,1.544747e-05,0.0,nan,nan,nan
418.3103,1.54484e-05,0.0,nan,nan,nan
418.3942,1.544935e-05,0.0,nan,nan,nan
418.478,1.545028e-05,0.0,nan,nan,nan
418.5614,1.544839e-05,0.0,nan,nan,nan
418.691,1.544786e-05,0.0,nan,nan,nan
418.7749,1.544842e-05,0.0,nan,nan,nan
418.8587,1.544503e-05,0.0,nan,nan,nan
418.9422,1.544585e-05,0.0,nan,nan,nan
419.0257,1.545011e-05,0.0,nan,nan,nan
419.1486,1.544705e-05,0.0,nan,nan,nan
419.2324,1.545353e-05,0.0,nan,nan,nan
419.3444,1.545321e-05,0.0,nan,nan,nan
419.4282,1.545221e-05,0.0,nan,nan,nan
419.5256,1.545283e-05,0.0,nan,nan,nan
419.6094,1.545393e-05,0.0,nan,nan,nan
419.693,1.545242e-05,0.0,nan,nan,nan
419.7768,1.544803e-05,0.0,nan,nan,nan
419.8602,1.545203e-05,0.0,nan,nan,nan
419.96,1.544958e-05,0.0,nan,nan,nan
420.0434,1.545136e-05,0.0,nan,nan,nan
420.1268,1.545075e-05,0.0,nan,nan,nan
420.2102,1.545091e-05,0.0,nan,nan,nan
420.2939,1.54526e-05,0.0,nan,nan,nan
420.3774,1.544863e-05,0.0,nan,nan,nan
420.4611,1.5449e-05,0.0,nan,nan,nan
420.5661,1.544894e-05,0.0,nan,nan,nan
420.6497,1.544969e-05,0.0,nan,nan,nan
420.7743,1.544801e-05,0.0,nan,nan,nan
420.8579,1.544554e-05,0.0,nan,nan,nan
420.942,1.54533e-05,0.0,nan,nan,nan
421.0254,1.545046e-05,0.0,nan,nan,nan
421.109,1.544949e-05,0.0,nan,nan,nan
421.1925,1.545219e-05,0.0,nan,nan,nan
421.276,1.54535e-05,0.0,nan,nan,nan
421.3797,1.54547e-05,0.0,nan,nan,nan
421.4633,1.545304e-05,0.0,nan,nan,nan
421.5467,1.545384e-05,0.0,nan,nan,nan
421.6304,1.545279e-05,0.0,nan,nan,nan
421.714,1.54524e-05,0.0,nan,nan,nan
421.7977,1.544948e-05,0.0,nan,nan,nan
421.8816,1.544929e-05,0.0,nan,nan,nan
421.9663,1.545307e-05,0.0,nan,nan,nan
422.0499,1.545239e-05,0.0,nan,nan,nan
422.1336,1.544879e-05,0.0,nan,nan,nan
422.2172,1.545292e-05,0.0,nan,nan,nan
422.3008,1.545513e-05,0.0,nan,nan,nan
422.3846,1.544991e-05,0.0,nan,nan,nan
422.4682,1.545099e-05,0.0,nan,nan,nan
422.5518,1.545094e-05,0.0,nan,nan,nan
422.6355,1.545089e-05,0.0,nan,nan,nan
422.7189,1.544742e-05,0.0,nan,nan,nan
422.8245,1.544861e-05,0.0,nan,nan,nan
422.9082,1.544799e-05,0.0,nan,nan,nan
423.0174,1.544746e-05,0.0,nan,nan,nan
423.1011,1.545029e-05,0.0,nan,nan,nan
423.1846,1.544719e-05,0.0,nan,nan,nan
423.2685,1.544551e-05,0.0,nan,nan,nan
423.3521,1.544884e-05,0.0,nan,nan,nan
423.4357,1.544767e-05,0.0,nan,nan,nan
423.5196,1.544704e-05,0.0,nan,nan,nan
423.6037,1.544635e-05,0.0,nan,nan,nan
423.6874,1.54479e-05,0.0,nan,nan,nan
423.7713,1.545183e-05,0.0,nan,nan,nan
423.8554,1.545043e-05,0.0,nan,nan,nan
423.9392,1.544904e-05,0.0,nan,nan,nan
424.0424,1.545185e-05,0.0,nan,nan,nan
424.126,1.544596e-05,0.0,nan,nan,nan
424.2094,1.544914e-05,0.0,nan,nan,nan
424.2928,1.544464e-05,0.0,nan,nan,nan
424.3765,1.545168e-05,0.0,nan,nan,nan
424.4641,1.544685e-05,0.0,nan,nan,nan
424.5478,1.544688e-05,0.0,nan,nan,nan
424.6313,1.544866e-05,0.0,nan,nan,nan
424.715,1.54492e-05,0.0,nan,nan,nan
424.7986,1.54504e-05,0.0,nan,nan,nan
424.9145,1.544458e-05,0.0,nan,nan,nan
424.998,1.544576e-05,0.0,nan,nan,nan
425.0817,1.544975e-05,0.0,nan,nan,nan
425.1653,1.544768e-05,0.0,nan,nan,nan
425.2636,1.545084e-05,0.0,nan,nan,nan
425.3474,1.54495e-05,0.0,nan,nan,nan
425.4313,1.544917e-05,0.0,nan,nan,nan
425.5147,1.544893e-05,0.0,nan,nan,nan
425.5984,1.54514e-05,0.0,nan,nan,nan
425.6822,1.544988e-05,0.0,nan,nan,nan
425.7658,1.545019e-05,0.0,nan,nan,nan
425.8497,1.544901e-05,0.0,nan,nan,nan
425.9333,1.545043e-05,0.0,nan,nan,nan
426.017,1.54482e-05,0.0,nan,nan,nan
426.1007,1.544547e-05,0.0,nan,nan,nan
426.1844,1.544968e-05,0.0,nan,nan,nan
426.2865,1.545049e-05,0.0,nan,nan,nan
426.3703,1.545246e-05,0.0,nan,nan,nan
426.4544,1.544804e-05,0.0,nan,nan,nan
426.5384,1.544909e-05,0.0,nan,nan,nan
426.6222,1.544711e-05,0.0,nan,nan,nan
426.709,1.545068e-05,0.0,nan,nan,nan
426.7926,1.545022e-05,0.0,nan,nan,nan
426.8766,1.544623e-05,0.0,nan,nan,nan
427.0009,1.544559e-05,0.0,nan,nan,nan
427.0844,1.544778e-05,0.0,nan,nan,nan
427.1682,1.544833e-05,0.0,nan,nan,nan
427.252,1.544729e-05,0.0,nan,nan,nan
427.3357,1.544782e-05,0.0,nan,nan,nan
427.4197,1.544987e-05,0.0,nan,nan,nan
427.5191,1.545295e-05,0.0,nan,nan,nan
427.6028,1.54519e-05,0.0,nan,nan,nan
427.7107,1.545074e-05,0.0,nan,nan,nan
427.7947,1.545166e-05,0.0,nan,nan,nan
427.8783,1.545147e-05,0.0,nan,nan,nan
427.9622,1.544956e-05,0.0,nan,nan,nan
428.0458,1.545507e-05,0.0,nan,nan,nan
428.1295,1.545444e-05,0.0,nan,nan,nan
428.2134,1.545344e-05,0.0,nan,nan,nan
428.2971,1.545278e-05,0.0,nan,nan,nan
428.3807,1.545267e-05,0.0,nan,nan,nan
428.4645,1.545071e-05,0.0,nan,nan,nan
428.5482,1.544929e-05,0.0,nan,nan,nan
428.6317,1.544868e-05,0.0,nan,nan,nan
428.7158,1.544735e-05,0.0,nan,nan,nan
428.7992,1.544715e-05,0.0,nan,nan,nan
428.8829,1.545064e-05,0.0,nan,nan,nan
428.9665,1.545184e-05,0.0,nan,nan,nan
429.0733,1.545409e-05,0.0,nan,nan,nan
429.1657,1.545108e-05,0.0,nan,nan,nan
429.2499,1.545144e-05,0.0,nan,nan,nan
429.3334,1.545443e-05,0.0,nan,nan,nan
429.4171,1.544925e-05,0.0,nan,nan,nan
429.5007,1.544981e-05,0.0,nan,nan,nan
429.5843,1.544971e-05,0.0,nan,nan,nan
429.6681,1.544758e-05,0.0,nan,nan,nan
429.7591,1.545039e-05,0.0,nan,nan,nan
429.8428,1.544794e-05,0.0,nan,nan,nan
429.9264,1.54516e-05,0.0,nan,nan,nan
430.0103,1.545366e-05,0.0,nan,nan,nan
430.0941,1.545119e-05,0.0,nan,nan,nan
430.1829,1.544757e-05,0.0,nan,nan,nan
430.2663,1.545137e-05,0.0,nan,nan,nan
430.3503,1.545299e-05,0.0,nan,nan,nan
430.4341,1.545174e-05,0.0,nan,nan,nan
430.5179,1.545081e-05,0.0,nan,nan,nan
430.6015,1.544951e-05,0.0,nan,nan,nan
430.6854,1.545102e-05,0.0,nan,nan,nan
430.7857,1.544807e-05,0.0,nan,nan,nan
430.8696,1.544702e-05,0.0,nan,nan,nan
430.9533,1.544719e-05,0.0,nan,nan,nan
431.037,1.545045e-05,0.0,nan,nan,nan
431.1577,1.544818e-05,0.0,nan,nan,nan
431.2414,1.544992e-05,0.0,nan,nan,nan
431.3248,1.544751e-05,0.0,nan,nan,nan
431.4092,1.544765e-05,0.0,nan,nan,nan
431.4929,1.544956e-05,0.0,nan,nan,nan
431.5764,1.544823e-05,0.0,nan,nan,nan
431.6601,1.544888e-05,0.0,nan,nan,nan
431.7439,1.545067e-05,0.0,nan,nan,nan
431.8276,1.545128e-05,0.0,nan,nan,nan
431.9113,1.545072e-05,0.0,nan,nan,nan
432.0106,1.544925e-05,0.0,nan,nan,nan
432.094,1.544524e-05,0.0,nan,nan,nan
432.1777,1.544807e-05,0.0,nan,nan,nan
432.2611,1.544996e-05,0.0,nan,nan,nan
432.3446,1.544944e-05,0.0,nan,nan,nan
432.4279,1.544798e-05,0.0,nan,nan,nan
432.5113,1.545065e-05,0.0,nan,nan,nan
432.5952,1.545096e-05,0.0,nan,nan,nan
432.679,1.545075e-05,0.0,nan,nan,nan
432.7628,1.544992e-05,0.0,nan,nan,nan
432.8466,1.545281e-05,0.0,nan,nan,nan
432.9309,1.545037e-05,0.0,nan,nan,nan
433.0428,1.544985e-05,0.0,nan,nan,nan
433.1267,1.54531e-05,0.0,nan,nan,nan
433.2257,1.545521e-05,0.0,nan,nan,nan
433.3093,1.545358e-05,0.0,nan,nan,nan
433.3929,1.545703e-05,0.0,nan,nan,nan
433.4767,1.545499e-05,0.0,nan,nan,nan
433.5607,1.544991e-05,0.0,nan,nan,nan
433.6442,1.54529e-05,0.0,nan,nan,nan
433.7281,1.545545e-05,0.0,nan,nan,nan
433.8119,1.544732e-05,0.0,nan,nan,nan
433.8955,1.544907e-05,0.0,nan,nan,nan
433.9794,1.544948e-05,0.0,nan,nan,nan
434.0628,1.545041e-05,0.0,nan,nan,nan
434.1468,1.545513e-05,0.0,nan,nan,nan
434.2307,1.545098e-05,0.0,nan,nan,nan
434.3145,1.545067e-05,0.0,nan,nan,nan
434.3981,1.545187e-05,0.0,nan,nan,nan
434.4868,1.545135e-05,0.0,nan,nan,nan
434.5705,1.544986e-05,0.0,nan,nan,nan
434.6539,1.544994e-05,0.0,nan,nan,nan
434.7378,1.544811e-05,0.0,nan,nan,nan
434.8216,1.544952e-05,0.0,nan,nan,nan
434.9081,1.545057e-05,0.0,nan,nan,nan
434.9916,1.545128e-05,0.0,nan,nan,nan
435.0774,1.545123e-05,0.0,nan,nan,nan
435.1614,1.54546e-05,0.0,nan,nan,nan
435.2743,1.545408e-05,0.0,nan,nan,nan
435.358,1.545331e-05,0.0,nan,nan,nan
435.4414,1.544968e-05,0.0,nan,nan,nan
435.5271,1.544934e-05,0.0,nan,nan,nan
435.6109,1.545534e-05,0.0,nan,nan,nan
435.6951,1.545367e-05,0.0,nan,nan,nan
435.7787,1.545053e-05,0.0,nan,nan,nan
435.8625,1.545259e-05,0.0,nan,nan,nan
435.946,1.544961e-05,0.0,nan,nan,nan
436.0298,1.545023e-05,0.0,nan,nan,nan
436.1138,1.54498e-05,0.0,nan,nan,nan
436.1975,1.545055e-05,0.0,nan,nan,nan
436.281,1.54444e-05,0.0,nan,nan,nan
436.3648,1.544789e-05,0.0,nan,nan,nan
436.4486,1.544903e-05,0.0,nan,nan,nan
436.5325,1.544556e-05,0.0,nan,nan,nan
436.6161,1.544553e-05,0.0,nan,nan,nan
436.6998,1.544907e-05,0.0,nan,nan,nan
436.7835,1.544795e-05,0.0,nan,nan,nan
436.8673,1.54463e-05,0.0,nan,nan,nan
436.9637,1.545018e-05,0.0,nan,nan,nan
437.0477,1.545131e-05,0.0,nan,nan,nan
437.1313,1.545149e-05,0.0,nan,nan,nan
437.2154,1.544807e-05,0.0,nan,nan,nan
437.2993,1.544663e-05,0.0,nan,nan,nan
437.3832,1.544747e-05,0.0,nan,nan,nan
437.4668,1.544655e-05,0.0,nan,nan,nan
437.5605,1.544668e-05,0.0,nan,nan,nan
437.6442,1.54507e-05,0.0,nan,nan,nan
437.7275,1.544756e-05,0.0,nan,nan,nan
437.8114,1.545142e-05,0.0,nan,nan,nan
437.8951,1.544971e-05,0.0,nan,nan,nan
437.9882,1.544751e-05,0.0,nan,nan,nan
438.0721,1.544998e-05,0.0,nan,nan,nan
438.1563,1.544917e-05,0.0,nan,nan,nan
438.2402,1.544644e-05,0.0,nan,nan,nan
438.324,1.544544e-05,0.0,nan,nan,nan
438.4075,1.544869e-05,0.0,nan,nan,nan
438.491,1.544743e-05,0.0,nan,nan,nan
438.5798,1.544507e-05,0.0,nan,nan,nan
438.6637,1.544633e-05,0.0,nan,nan,nan
438.7473,1.545166e-05,0.0,nan,nan,nan
438.8311,1.544753e-05,0.0,nan,nan,nan
438.9149,1.544767e-05,0.0,nan,nan,nan
439.0012,1.544897e-05,0.0,nan,nan,nan
439.0851,1.544733e-05,0.0,nan,nan,nan
439.1687,1.545125e-05,0.0,nan,nan,nan
439.2523,1.544794e-05,0.0,nan,nan,nan
439.3361,1.544792e-05,0.0,nan,nan,nan
439.4213,1.544983e-05,0.0,nan,nan,nan
439.5051,1.545059e-05,0.0,nan,nan,nan
439.5886,1.54505e-05,0.0,nan,nan,nan
439.6724,1.544697e-05,0.0,nan,nan,nan
439.7562,1.545129e-05,0.0,nan,nan,nan
439.8399,1.544612e-05,0.0,nan,nan,nan
439.9236,1.544783e-05,0.0,nan,nan,nan
440.0201,1.544821e-05,0.0,nan,nan,nan
440.1039,1.544956e-05,0.0,nan,nan,nan
440.1875,1.544967e-05,0.0,nan,nan,nan
440.2715,1.54511e-05,0.0,nan,nan,nan
440.3552,1.545087e-05,0.0,nan,nan,nan
440.439,1.545068e-05,0.0,nan,nan,nan
440.5229,1.544976e-05,0.0,nan,nan,nan
440.6259,1.544758e-05,0.0,nan,nan,nan
440.7094,1.544931e-05,0.0,nan,nan,nan
440.7928,1.544783e-05,0.0,nan,nan,nan
440.8766,1.544685e-05,0.0,nan,nan,nan
440.9603,1.544617e-05,0.0,nan,nan,nan
441.0441,1.544466e-05,0.0,nan,nan,nan
441.1281,1.544867e-05,0.0,nan,nan,nan
441.2118,1.544344e-05,0.0,nan,nan,nan
441.2955,1.544908e-05,0.0,nan,nan,nan
441.3795,1.544753e-05,0.0,nan,nan,nan
441.4901,1.544752e-05,0.0,nan,nan,nan
441.574,1.545114e-05,0.0,nan,nan,nan
441.6748,1.545437e-05,0.0,nan,nan,nan
441.7585,1.544926e-05,0.0,nan,nan,nan
441.8696,1.545187e-05,0.0,nan,nan,nan
441.9533,1.544797e-05,0.0,nan,nan,nan
442.0534,1.544704e-05,0.0,nan,nan,nan
442.1371,1.54499e-05,0.0,nan,nan,nan
442.2208,1.545215e-05,0.0,nan,nan,nan
442.3045,1.545394e-05,0.0,nan,nan,nan
442.388,1.545238e-05,0.0,nan,nan,nan
442.4758,1.545461e-05,0.0,nan,nan,nan
442.5597,1.545348e-05,0.0,nan,nan,nan
442.6445,1.545322e-05,0.0,nan,nan,nan
442.7282,1.545332e-05,0.0,nan,nan,nan
442.812,1.545296e-05,0.0,nan,nan,nan
442.8956,1.545448e-05,0.0,nan,nan,nan
442.9795,1.544801e-05,0.0,nan,nan,nan
443.065,1.545169e-05,0.0,nan,nan,nan
443.1492,1.544655e-05,0.0,nan,nan,nan
443.2332,1.544838e-05,0.0,nan,nan,nan
443.3169,1.544767e-05,0.0,nan,nan,nan
443.4005,1.544757e-05,0.0,nan,nan,nan
443.5407,1.545422e-05,0.0,nan,nan,nan
443.6243,1.545231e-05,0.0,nan,nan,nan
443.7162,1.545013e-05,0.0,nan,nan,nan
443.7997,1.545222e-05,0.0,nan,nan,nan
443.8831,1.544852e-05,0.0,nan,nan,nan
443.9668,1.544685e-05,0.0,nan,nan,nan
444.0505,1.544999e-05,0.0,nan,nan,nan
444.1343,1.54517e-05,0.0,nan,nan,nan
444.2181,1.544864e-05,0.0,nan,nan,nan
444.3253,1.544749e-05,0.0,nan,nan,nan
444.4087,1.545262e-05,0.0,nan,nan,nan
444.4922,1.545528e-05,0.0,nan,nan,nan
444.5756,1.545237e-05,0.0,nan,nan,nan
444.6593,1.545679e-05,0.0,nan,nan,nan
444.7429,1.545239e-05,0.0,nan,nan,nan
444.8268,1.544916e-05,0.0,nan,nan,nan
444.9355,1.544969e-05,0.0,nan,nan,nan
445.0193,1.545043e-05,0.0,nan,nan,nan
445.1029,1.544788e-05,0.0,nan,nan,nan
445.1868,1.545095e-05,0.0,nan,nan,nan
445.2706,1.544813e-05,0.0,nan,nan,nan
445.354,1.545072e-05,0.0,nan,nan,nan
445.4377,1.545519e-05,0.0,nan,nan,nan
445.5381,1.545372e-05,0.0,nan,nan,nan
445.6219,1.545146e-05,0.0,nan,nan,nan
445.7057,1.544839e-05,0.0,nan,nan,nan
445.7897,1.544873e-05,0.0,nan,nan,nan
445.8735,1.545576e-05,0.0,nan,nan,nan
445.9742,1.544816e-05,0.0,nan,nan,nan
446.0578,1.545285e-05,0.0,nan,nan,nan
446.1415,1.545242e-05,0.0,nan,nan,nan
446.2251,1.544553e-05,0.0,nan,nan,nan
446.3096,1.544813e-05,0.0,nan,nan,nan
446.3932,1.544714e-05,0.0,nan,nan,nan
446.4767,1.544718e-05,0.0,nan,nan,nan
446.5665,1.545054e-05,0.0,nan,nan,nan
446.65,1.544914e-05,0.0,nan,nan,nan
446.7338,1.545134e-05,0.0,nan,nan,nan
446.8175,1.545105e-05,0.0,nan,nan,nan
446.9012,1.545129e-05,0.0,nan,nan,nan
446.9849,1.545093e-05,0.0,nan,nan,nan
447.0687,1.545102e-05,0.0,nan,nan,nan
447.1521,1.545434e-05,0.0,nan,nan,nan
447.2355,1.545114e-05,0.0,nan,nan,nan
447.319,1.545132e-05,0.0,nan,nan,nan
447.4028,1.545115e-05,0.0,nan,nan,nan
447.4863,1.544676e-05,0.0,nan,nan,nan
447.5836,1.544647e-05,0.0,nan,nan,nan
447.6673,1.544715e-05,0.0,nan,nan,nan
447.7508,1.545088e-05,0.0,nan,nan,nan
447.8347,1.545296e-05,0.0,nan,nan,nan
447.9183,1.545298e-05,0.0,nan,nan,nan
448.0047,1.54524e-05,0.0,nan,nan,nan
448.0885,1.545243e-05,0.0,nan,nan,nan
448.1721,1.545215e-05,0.0,nan,nan,nan
448.256,1.544841e-05,0.0,nan,nan,nan
448.3396,1.54544e-05,0.0,nan,nan,nan
448.4231,1.544618e-05,0.0,nan,nan,nan
448.507,1.544999e-05,0.0,nan,nan,nan
448.5917,1.544634e-05,0.0,nan,nan,nan
448.6756,1.544851e-05,0.0,nan,nan,nan
448.759,1.544966e-05,0.0,nan,nan,nan
448.8426,1.545576e-05,0.0,nan,nan,nan
448.9262,1.545104e-05,0.0,nan,nan,nan
449.0205,1.545331e-05,0.0,nan,nan,nan
449.1043,1.545223e-05,0.0,nan,nan,nan
449.188,1.544679e-05,0.0,nan,nan,nan
449.2716,1.544591e-05,0.0,nan,nan,nan
449.3555,1.544359e-05,0.0,nan,nan,nan
449.4392,1.545075e-05,0.0,nan,nan,nan
449.5232,1.544742e-05,0.0,nan,nan,nan
449.6068,1.54495e-05,0.0,nan,nan,nan
449.7187,1.544586e-05,0.0,nan,nan,nan
449.8027,1.544719e-05,0.0,nan,nan,nan
449.9073,1.544824e-05,0.0,nan,nan,nan
449.9912,1.544881e-05,0.0,nan,nan,nan
450.0748,1.54478e-05,0.0,nan,nan,nan
450.1583,1.544838e-05,0.0,nan,nan,nan
450.2478,1.545022e-05,0.0,nan,nan,nan
450.3314,1.544818e-05,0.0,nan,nan,nan
450.4153,1.54465e-05,0.0,nan,nan,nan
450.4988,1.544795e-05,0.0,nan,nan,nan
450.5828,1.544876e-05,0.0,nan,nan,nan
450.6689,1.545098e-05,0.0,nan,nan,nan
450.7524,1.544771e-05,0.0,nan,nan,nan
450.8366,1.545248e-05,0.0,nan,nan,nan
450.9202,1.544751e-05,0.0,nan,nan,nan
451.004,1.545071e-05,0.0,nan,nan,nan
451.0875,1.544423e-05,0.0,nan,nan,nan
451.1713,1.544618e-05,0.0,nan,nan,nan
451.2765,1.544294e-05,0.0,nan,nan,nan
451.3603,1.544958e-05,0.0,nan,nan,nan
451.4439,1.544648e-05,0.0,nan,nan,nan
451.5276,1.544933e-05,0.0,nan,nan,nan
451.6113,1.544773e-05,0.0,nan,nan,nan
451.7014,1.545015e-05,0.0,nan,nan,nan
451.7849,1.5446e-05,0.0,nan,nan,nan
451.8685,1.544714e-05,0.0,nan,nan,nan
451.9524,1.544686e-05,0.0,nan,nan,nan
452.0359,1.544418e-05,0.0,nan,nan,nan
452.1196,1.544664e-05,0.0,nan,nan,nan
452.2033,1.544431e-05,0.0,nan,nan,nan
452.3016,1.544761e-05,0.0,nan,nan,nan
452.3851,1.544717e-05,0.0,nan,nan,nan
452.4686,1.545168e-05,0.0,nan,nan,nan
452.5521,1.544689e-05,0.0,nan,nan,nan
452.6358,1.544594e-05,0.0,nan,nan,nan
452.7192,1.544294e-05,0.0,nan,nan,nan
452.8029,1.544661e-05,0.0,nan,nan,nan
452.8866,1.544543e-05,0.0,nan,nan,nan
452.9701,1.544297e-05,0.0,nan,nan,nan
453.0536,1.544722e-05,0.0,nan,nan,nan
453.1373,1.544799e-05,0.0,nan,nan,nan
453.2212,1.544564e-05,0.0,nan,nan,nan
453.3234,1.544935e-05,0.0,nan,nan,nan
453.407,1.544335e-05,0.0,nan,nan,nan
453.4904,1.544866e-05,0.0,nan,nan,nan
453.5738,1.544714e-05,0.0,nan,nan,nan
453.6573,1.544545e-05,0.0,nan,nan,nan
453.7412,1.544493e-05,0.0,nan,nan,nan
453.8423,1.544684e-05,0.0,nan,nan,nan
453.9315,1.544569e-05,0.0,nan,nan,nan
454.0153,1.544335e-05,0.0,nan,nan,nan
454.1,1.544726e-05,0.0,nan,nan,nan
454.1838,1.544653e-05,0.0,nan,nan,nan
454.2675,1.544588e-05,0.0,nan,nan,nan
454.3511,1.544566e-05,0.0,nan,nan,nan
454.4345,1.544467e-05,0.0,nan,nan,nan
454.5367,1.544335e-05,0.0,nan,nan,nan
454.6204,1.544719e-05,0.0,nan,nan,nan
454.704,1.544594e-05,0.0,nan,nan,nan
454.7875,1.54479e-05,0.0,nan,nan,nan
454.8711,1.545049e-05,0.0,nan,nan,nan
454.955,1.544806e-05,0.0,nan,nan,nan
455.0386,1.545173e-05,0.0,nan,nan,nan
455.1222,1.545266e-05,0.0,nan,nan,nan
455.2059,1.544886e-05,0.0,nan,nan,nan
455.2897,1.544766e-05,0.0,nan,nan,nan
455.3733,1.545146e-05,0.0,nan,nan,nan
455.457,1.54515e-05,0.0,nan,nan,nan
455.5638,1.545336e-05,0.0,nan,nan,nan
455.6475,1.545522e-05,0.0,nan,nan,nan
455.7313,1.545132e-05,0.0,nan,nan,nan
455.815,1.544934e-05,0.0,nan,nan,nan
455.9209,1.545244e-05,0.0,nan,nan,nan
456.0045,1.545447e-05,0.0,nan,nan,nan
456.0882,1.545347e-05,0.0,nan,nan,nan
456.172,1.545061e-05,0.0,nan,nan,nan
456.2557,1.544796e-05,0.0,nan,nan,nan
456.3597,1.54483e-05,0.0,nan,nan,nan
456.4435,1.545468e-05,0.0,nan,nan,nan
456.5283,1.544924e-05,0.0,nan,nan,nan
456.6121,1.545096e-05,0.0,nan,nan,nan
456.6959,1.54477e-05,0.0,nan,nan,nan
456.7795,1.54484e-05,0.0,nan,nan,nan
456.8633,1.54511e-05,0.0,nan,nan,nan
456.9473,1.545078e-05,0.0,nan,nan,nan
457.0312,1.544897e-05,0.0,nan,nan,nan
457.1148,1.544812e-05,0.0,nan,nan,nan
457.1986,1.544787e-05,0.0,nan,nan,nan
457.2825,1.545028e-05,0.0,nan,nan,nan
457.3779,1.545069e-05,0.0,nan,nan,nan
457.4617,1.544882e-05,0.0,nan,nan,nan
457.5453,1.54505e-05,0.0,nan,nan,nan
457.6294,1.545182e-05,0.0,nan,nan,nan
457.7132,1.545154e-05,0.0,nan,nan,nan
457.7973,1.544877e-05,0.0,nan,nan,nan
457.8811,1.544914e-05,0.0,nan,nan,nan
457.9885,1.544749e-05,0.0,nan,nan,nan
458.0725,1.544801e-05,0.0,nan,nan,nan
458.1564,1.545172e-05,0.0,nan,nan,nan
458.2401,1.545085e-05,0.0,nan,nan,nan
458.3239,1.544857e-05,0.0,nan,nan,nan
458.4174,1.545008e-05,0.0,nan,nan,nan
458.5011,1.545342e-05,0.0,nan,nan,nan
458.5862,1.544776e-05,0.0,nan,nan,nan
458.6695,1.545351e-05,0.0,nan,nan,nan
458.7532,1.545156e-05,0.0,nan,nan,nan
458.8369,1.545275e-05,0.0,nan,nan,nan
458.9205,1.545443e-05,0.0,nan,nan,nan
459.0252,1.54511e-05,0.0,nan,nan,nan
459.1089,1.545486e-05,0.0,nan,nan,nan
459.1929,1.544909e-05,0.0,nan,nan,nan
459.2765,1.544674e-05,0.0,nan,nan,nan
459.3602,1.544542e-05,0.0,nan,nan,nan
459.4438,1.544758e-05,0.0,nan,nan,nan
459.5275,1.544755e-05,0.0,nan,nan,nan
459.611,1.545084e-05,0.0,nan,nan,nan
459.6949,1.545084e-05,0.0,nan,nan,nan
459.7786,1.544799e-05,0.0,nan,nan,nan
459.8622,1.545177e-05,0.0,nan,nan,nan
459.9461,1.544701e-05,0.0,nan,nan,nan
460.056,1.545195e-05,0.0,nan,nan,nan
460.1396,1.545057e-05,0.0,nan,nan,nan
460.2231,1.544873e-05,0.0,nan,nan,nan
460.307,1.54468e-05,0.0,nan,nan,nan
460.3909,1.545408e-05,0.0,nan,nan,nan
460.4746,1.544953e-05,0.0,nan,nan,nan
460.5584,1.545052e-05,0.0,nan,nan,nan
460.663,1.545119e-05,0.0,nan,nan,nan
460.7465,1.545215e-05,0.0,nan,nan,nan
460.8304,1.544899e-05,0.0,nan,nan,nan
460.9142,1.545127e-05,0.0,nan,nan,nan
460.9979,1.544836e-05,0.0,nan,nan,nan
461.0816,1.545282e-05,0.0,nan,nan,nan
461.165,1.544844e-05,0.0,nan,nan,nan
461.2755,1.545035e-05,0.0,nan,nan,nan
461.3592,1.545072e-05,0.0,nan,nan,nan
461.4426,1.544774e-05,0.0,nan,nan,nan
461.5265,1.544419e-05,0.0,nan,nan,nan
461.6103,1.54471e-05,0.0,nan,nan,nan
461.6937,1.544605e-05,0.0,nan,nan,nan
461.7774,1.544146e-05,0.0,nan,nan,nan
461.886,1.544333e-05,0.0,nan,nan,nan
461.9698,1.544398e-05,0.0,nan,nan,nan
462.0533,1.54472e-05,0.0,nan,nan,nan
462.741,1.544596e-05,0.0,nan,nan,nan
462.8297,1.544664e-05,0.0,nan,nan,nan
462.9134,1.544727e-05,0.0,nan,nan,nan
462.9974,1.544842e-05,0.0,nan,nan,nan
463.0958,1.54474e-05,0.0,nan,nan,nan
463.1798,1.544988e-05,0.0,nan,nan,nan
463.2638,1.54467e-05,0.0,nan,nan,nan
463.3474,1.544857e-05,0.0,nan,nan,nan
463.4312,1.544943e-05,0.0,nan,nan,nan
463.515,1.545233e-05,0.0,nan,nan,nan
463.5986,1.544733e-05,0.0,nan,nan,nan
463.6823,1.544736e-05,0.0,nan,nan,nan
463.766,1.544998e-05,0.0,nan,nan,nan
463.8498,1.544779e-05,0.0,nan,nan,nan
463.9334,1.545167e-05,0.0,nan,nan,nan
464.0169,1.54475e-05,0.0,nan,nan,nan
464.1006,1.544702e-05,0.0,nan,nan,nan
464.1845,1.544434e-05,0.0,nan,nan,nan
464.2682,1.544547e-05,0.0,nan,nan,nan
464.3518,1.544845e-05,0.0,nan,nan,nan
464.4357,1.5447e-05,0.0,nan,nan,nan
464.5254,1.5447e-05,0.0,nan,nan,nan
464.6091,1.544913e-05,0.0,nan,nan,nan
464.693,1.544672e-05,0.0,nan,nan,nan
464.7769,1.544504e-05,0.0,nan,nan,nan
464.8608,1.544651e-05,0.0,nan,nan,nan
464.9496,1.544387e-05,0.0,nan,nan,nan
465.0332,1.54441e-05,0.0,nan,nan,nan
465.1168,1.544993e-05,0.0,nan,nan,nan
465.2007,1.544689e-05,0.0,nan,nan,nan
465.2844,1.54466e-05,0.0,nan,nan,nan
465.3681,1.544577e-05,0.0,nan,nan,nan
465.452,1.544541e-05,0.0,nan,nan,nan
465.554,1.545153e-05,0.0,nan,nan,nan
465.6379,1.544688e-05,0.0,nan,nan,nan
465.7216,1.54511e-05,0.0,nan,nan,nan
465.8053,1.545066e-05,0.0,nan,nan,nan
465.8891,1.545116e-05,0.0,nan,nan,nan
465.9817,1.545351e-05,0.0,nan,nan,nan
466.0653,1.545661e-05,0.0,nan,nan,nan
466.164,1.545472e-05,0.0,nan,nan,nan
466.2476,1.545108e-05,0.0,nan,nan,nan
466.3316,1.545314e-05,0.0,nan,nan,nan
466.4154,1.545071e-05,0.0,nan,nan,nan
466.4992,1.545052e-05,0.0,nan,nan,nan
466.5829,1.545989e-05,0.0,nan,nan,nan
466.6665,1.545642e-05,0.0,nan,nan,nan
466.7717,1.545409e-05,0.0,nan,nan,nan
466.8554,1.545288e-05,0.0,nan,nan,nan
466.9423,1.545264e-05,0.0,nan,nan,nan
467.0261,1.545147e-05,0.0,nan,nan,nan
467.1099,1.545117e-05,0.0,nan,nan,nan
467.1935,1.5452e-05,0.0,nan,nan,nan
467.2775,1.544972e-05,0.0,nan,nan,nan
467.3769,1.545133e-05,0.0,nan,nan,nan
467.4607,1.545211e-05,0.0,nan,nan,nan
467.5442,1.545145e-05,0.0,nan,nan,nan
467.628,1.545396e-05,0.0,nan,nan,nan
467.7118,1.545387e-05,0.0,nan,nan,nan
467.7953,1.545387e-05,0.0,nan,nan,nan
467.879,1.545616e-05,0.0,nan,nan,nan
467.9624,1.545836e-05,0.0,nan,nan,nan
468.0461,1.545493e-05,0.0,nan,nan,nan
468.1298,1.54501e-05,0.0,nan,nan,nan
468.215,1.545371e-05,0.0,nan,nan,nan
468.2989,1.545457e-05,0.0,nan,nan,nan
468.3831,1.545413e-05,0.0,nan,nan,nan
468.4667,1.545423e-05,0.0,nan,nan,nan
468.5505,1.545372e-05,0.0,nan,nan,nan
468.634,1.545523e-05,0.0,nan,nan,nan
468.7179,1.545207e-05,0.0,nan,nan,nan
468.8163,1.545455e-05,0.0,nan,nan,nan
468.9001,1.545296e-05,0.0,nan,nan,nan
468.9837,1.545108e-05,0.0,nan,nan,nan
469.0673,1.545398e-05,0.0,nan,nan,nan
469.1512,1.544914e-05,0.0,nan,nan,nan
469.2347,1.545164e-05,0.0,nan,nan,nan
469.3185,1.545483e-05,0.0,nan,nan,nan
469.4021,1.54537e-05,0.0,nan,nan,nan
469.4858,1.545531e-05,0.0,nan,nan,nan
469.5696,1.545205e-05,0.0,nan,nan,nan
469.6532,1.545362e-05,0.0,nan,nan,nan
469.7369,1.545223e-05,0.0,nan,nan,nan
469.8365,1.54532e-05,0.0,nan,nan,nan
469.9202,1.544921e-05,0.0,nan,nan,nan
470.0036,1.545222e-05,0.0,nan,nan,nan
470.0872,1.544904e-05,0.0,nan,nan,nan
470.171,1.545132e-05,0.0,nan,nan,nan
470.2597,1.545097e-05,0.0,nan,nan,nan
470.3433,1.545313e-05,0.0,nan,nan,nan
470.4269,1.545304e-05,0.0,nan,nan,nan
470.5104,1.544926e-05,0.0,nan,nan,nan
470.5942,1.545111e-05,0.0,nan,nan,nan
470.6777,1.544799e-05,0.0,nan,nan,nan
470.7616,1.544739e-05,0.0,nan,nan,nan
470.8454,1.544471e-05,0.0,nan,nan,nan
470.9292,1.544757e-05,0.0,nan,nan,nan
471.0264,1.544656e-05,0.0,nan,nan,nan
471.1098,1.544892e-05,0.0,nan,nan,nan
471.1935,1.544803e-05,0.0,nan,nan,nan
471.2785,1.544862e-05,0.0,nan,nan,nan
471.3621,1.544749e-05,0.0,nan,nan,nan
471.4456,1.544723e-05,0.0,nan,nan,nan
471.5292,1.54453e-05,0.0,nan,nan,nan
471.6129,1.544493e-05,0.0,nan,nan,nan
471.6968,1.544971e-05,0.0,nan,nan,nan
471.7809,1.544584e-05,0.0,nan,nan,nan
471.8646,1.545376e-05,0.0,nan,nan,nan
471.9487,1.545335e-05,0.0,nan,nan,nan
472.0323,1.544735e-05,0.0,nan,nan,nan
472.1161,1.545227e-05,0.0,nan,nan,nan
472.1998,1.54467e-05,0.0,nan,nan,nan
472.2858,1.545057e-05,0.0,nan,nan,nan
472.3696,1.545127e-05,0.0,nan,nan,nan
472.4538,1.544746e-05,0.0,nan,nan,nan
472.5376,1.544844e-05,0.0,nan,nan,nan
472.6215,1.54547e-05,0.0,nan,nan,nan
472.705,1.545086e-05,0.0,nan,nan,nan
472.7885,1.545008e-05,0.0,nan,nan,nan
472.8729,1.544942e-05,0.0,nan,nan,nan
472.9568,1.545033e-05,0.0,nan,nan,nan
473.0406,1.545029e-05,0.0,nan,nan,nan
473.1436,1.545442e-05,0.0,nan,nan,nan
473.2275,1.545613e-05,0.0,nan,nan,nan
473.3113,1.545277e-05,0.0,nan,nan,nan
473.395,1.545191e-05,0.0,nan,nan,nan
473.508,1.544814e-05,0.0,nan,nan,nan
473.5915,1.545184e-05,0.0,nan,nan,nan
473.6752,1.545062e-05,0.0,nan,nan,nan
473.7589,1.545028e-05,0.0,nan,nan,nan
473.8425,1.544769e-05,0.0,nan,nan,nan
473.926,1.544992e-05,0.0,nan,nan,nan
474.0098,1.545095e-05,0.0,nan,nan,nan
474.0933,1.54479e-05,0.0,nan,nan,nan
474.1771,1.545105e-05,0.0,nan,nan,nan
474.2608,1.545093e-05,0.0,nan,nan,nan
474.3442,1.545372e-05,0.0,nan,nan,nan
474.4281,1.545261e-05,0.0,nan,nan,nan
474.5167,1.544916e-05,0.0,nan,nan,nan
474.6005,1.545385e-05,0.0,nan,nan,nan
474.684,1.545495e-05,0.0,nan,nan,nan
474.7678,1.54528e-05,0.0,nan,nan,nan
474.8516,1.545553e-05,0.0,nan,nan,nan
474.937,1.545014e-05,0.0,nan,nan,nan
475.0209,1.545173e-05,0.0,nan,nan,nan
475.1044,1.545579e-05,0.0,nan,nan,nan
475.1957,1.545421e-05,0.0,nan,nan,nan
475.2796,1.545472e-05,0.0,nan,nan,nan
475.3636,1.545131e-05,0.0,nan,nan,nan
475.4474,1.545214e-05,0.0,nan,nan,nan
475.5466,1.545175e-05,0.0,nan,nan,nan
475.6304,1.545418e-05,0.0,nan,nan,nan
475.7265,1.545388e-05,0.0,nan,nan,nan
475.8102,1.545338e-05,0.0,nan,nan,nan
475.8938,1.545282e-05,0.0,nan,nan,nan
475.9773,1.54493e-05,0.0,nan,nan,nan
476.0613,1.544889e-05,0.0,nan,nan,nan
476.1621,1.544992e-05,0.0,nan,nan,nan
476.2457,1.544866e-05,0.0,nan,nan,nan
476.3292,1.545115e-05,0.0,nan,nan,nan
476.4128,1.545272e-05,0.0,nan,nan,nan
476.4965,1.545098e-05,0.0,nan,nan,nan
476.5803,1.545135e-05,0.0,nan,nan,nan
476.6645,1.545384e-05,0.0,nan,nan,nan
476.7572,1.544827e-05,0.0,nan,nan,nan
476.8412,1.545191e-05,0.0,nan,nan,nan
476.9251,1.545106e-05,0.0,nan,nan,nan
477.0085,1.544925e-05,0.0,nan,nan,nan
477.0923,1.545166e-05,0.0,nan,nan,nan
477.1987,1.545046e-05,0.0,nan,nan,nan
477.2824,1.544843e-05,0.0,nan,nan,nan
477.367,1.545045e-05,0.0,nan,nan,nan
477.4505,1.545164e-05,0.0,nan,nan,nan
477.5344,1.54537e-05,0.0,nan,nan,nan
477.6181,1.545277e-05,0.0,nan,nan,nan
477.7019,1.545386e-05,0.0,nan,nan,nan
477.7858,1.545177e-05,0.0,nan,nan,nan
477.8695,1.545355e-05,0.0,nan,nan,nan
477.9543,1.545113e-05,0.0,nan,nan,nan
478.0382,1.544848e-05,0.0,nan,nan,nan
478.1221,1.544454e-05,0.0,nan,nan,nan
478.2057,1.544843e-05,0.0,nan,nan,nan
478.2895,1.544807e-05,0.0,nan,nan,nan
478.3754,1.544454e-05,0.0,nan,nan,nan
478.4591,1.544695e-05,0.0,nan,nan,nan
478.5426,1.54525e-05,0.0,nan,nan,nan
478.6264,1.54484e-05,0.0,nan,nan,nan
478.7102,1.545037e-05,0.0,nan,nan,nan
478.7941,1.544975e-05,0.0,nan,nan,nan
478.8775,1.544805e-05,0.0,nan,nan,nan
478.9636,1.544958e-05,0.0,nan,nan,nan
479.0477,1.545305e-05,0.0,nan,nan,nan
479.1315,1.545203e-05,0.0,nan,nan,nan
479.2211,1.545317e-05,0.0,nan,nan,nan
479.3047,1.545203e-05,0.0,nan,nan,nan
479.3886,1.5453e-05,0.0,nan,nan,nan
479.4724,1.545069e-05,0.0,nan,nan,nan
479.5561,1.545273e-05,0.0,nan,nan,nan
479.6401,1.545321e-05,0.0,nan,nan,nan
479.724,1.544757e-05,0.0,nan,nan,nan
479.815,1.544669e-05,0.0,nan,nan,nan
479.8984,1.544568e-05,0.0,nan,nan,nan
479.9822,1.544524e-05,0.0,nan,nan,nan
480.0658,1.544982e-05,0.0,nan,nan,nan
480.1497,1.545004e-05,0.0,nan,nan,nan
480.2364,1.545422e-05,0.0,nan,nan,nan
480.3201,1.545045e-05,0.0,nan,nan,nan
480.4035,1.545478e-05,0.0,nan,nan,nan
480.4871,1.545317e-05,0.0,nan,nan,nan
480.5709,1.545416e-05,0.0,nan,nan,nan
480.6557,1.544854e-05,0.0,nan,nan,nan
480.7395,1.545345e-05,0.0,nan,nan,nan
480.8233,1.545535e-05,0.0,nan,nan,nan
480.9072,1.545224e-05,0.0,nan,nan,nan
480.9911,1.545304e-05,0.0,nan,nan,nan
481.0744,1.54491e-05,0.0,nan,nan,nan
481.1578,1.545123e-05,0.0,nan,nan,nan
481.2466,1.545668e-05,0.0,nan,nan,nan
481.3305,1.545412e-05,0.0,nan,nan,nan
481.4144,1.545048e-05,0.0,nan,nan,nan
481.498,1.54458e-05,0.0,nan,nan,nan
481.5816,1.544867e-05,0.0,nan,nan,nan
481.6821,1.544708e-05,0.0,nan,nan,nan
481.7658,1.544955e-05,0.0,nan,nan,nan
481.866,1.545004e-05,0.0,nan,nan,nan
481.9496,1.545078e-05,0.0,nan,nan,nan
482.0344,1.545206e-05,0.0,nan,nan,nan
482.1184,1.545219e-05,0.0,nan,nan,nan
482.2023,1.544901e-05,0.0,nan,nan,nan
482.2857,1.545214e-05,0.0,nan,nan,nan
482.3694,1.545154e-05,0.0,nan,nan,nan
482.453,1.544757e-05,0.0,nan,nan,nan
482.5369,1.544748e-05,0.0,nan,nan,nan
482.6208,1.544452e-05,0.0,nan,nan,nan
482.7045,1.544775e-05,0.0,nan,nan,nan
482.7881,1.544615e-05,0.0,nan,nan,nan
482.8917,1.544511e-05,0.0,nan,nan,nan
482.9753,1.544493e-05,0.0,nan,nan,nan
483.0758,1.544572e-05,0.0,nan,nan,nan
483.1595,1.544522e-05,0.0,nan,nan,nan
483.2431,1.544876e-05,0.0,nan,nan,nan
483.3753,1.545103e-05,0.0,nan,nan,nan
483.4589,1.544721e-05,0.0,nan,nan,nan
483.5425,1.544451e-05,0.0,nan,nan,nan
483.6265,1.544792e-05,0.0,nan,nan,nan
483.7259,1.544601e-05,0.0,nan,nan,nan
483.8097,1.544861e-05,0.0,nan,nan,nan
483.893,1.544795e-05,0.0,nan,nan,nan
483.9769,1.544822e-05,0.0,nan,nan,nan
484.0604,1.544667e-05,0.0,nan,nan,nan
484.1439,1.544419e-05,0.0,nan,nan,nan
484.2277,1.544722e-05,0.0,nan,nan,nan
484.3124,1.544799e-05,0.0,nan,nan,nan
484.3963,1.544797e-05,0.0,nan,nan,nan
484.4802,1.544894e-05,0.0,nan,nan,nan
484.5641,1.544978e-05,0.0,nan,nan,nan
484.6477,1.544714e-05,0.0,nan,nan,nan
484.734,1.544838e-05,0.0,nan,nan,nan
484.8175,1.544603e-05,0.0,nan,nan,nan
484.9011,1.544867e-05,0.0,nan,nan,nan
484.9849,1.544637e-05,0.0,nan,nan,nan
485.0686,1.544558e-05,0.0,nan,nan,nan
485.1521,1.544311e-05,0.0,nan,nan,nan
485.2357,1.544602e-05,0.0,nan,nan,nan
485.3366,1.544853e-05,0.0,nan,nan,nan
485.4324,1.544813e-05,0.0,nan,nan,nan
485.536,1.544954e-05,0.0,nan,nan,nan
485.6195,1.544647e-05,0.0,nan,nan,nan
485.703,1.544666e-05,0.0,nan,nan,nan
485.7866,1.544858e-05,0.0,nan,nan,nan
485.8704,1.544959e-05,0.0,nan,nan,nan
485.9743,1.54513e-05,0.0,nan,nan,nan
486.0581,1.544888e-05,0.0,nan,nan,nan
486.1428,1.545058e-05,0.0,nan,nan,nan
486.2264,1.544805e-05,0.0,nan,nan,nan
486.3106,1.545123e-05,0.0,nan,nan,nan
486.3945,1.545151e-05,0.0,nan,nan,nan
486.4778,1.545008e-05,0.0,nan,nan,nan
486.571,1.545039e-05,0.0,nan,nan,nan
486.6547,1.544452e-05,0.0,nan,nan,nan
486.7382,1.545088e-05,0.0,nan,nan,nan
486.8218,1.545169e-05,0.0,nan,nan,nan
486.9056,1.545035e-05,0.0,nan,nan,nan
486.9895,1.545055e-05,0.0,nan,nan,nan
487.073,1.544928e-05,0.0,nan,nan,nan
487.1565,1.545159e-05,0.0,nan,nan,nan
487.2402,1.544863e-05,0.0,nan,nan,nan
487.3237,1.544573e-05,0.0,nan,nan,nan
487.4072,1.544515e-05,0.0,nan,nan,nan
487.5113,1.544952e-05,0.0,nan,nan,nan
487.595,1.544739e-05,0.0,nan,nan,nan
487.6787,1.544805e-05,0.0,nan,nan,nan
487.7858,1.544642e-05,0.0,nan,nan,nan
487.8695,1.544279e-05,0.0,nan,nan,nan
487.9531,1.54489e-05,0.0,nan,nan,nan
488.0369,1.54516e-05,0.0,nan,nan,nan
488.1203,1.545074e-05,0.0,nan,nan,nan
488.2156,1.54467e-05,0.0,nan,nan,nan
488.2993,1.544578e-05,0.0,nan,nan,nan
488.3859,1.544875e-05,0.0,nan,nan,nan
488.4813,1.544675e-05,0.0,nan,nan,nan
488.5648,1.545295e-05,0.0,nan,nan,nan
488.6484,1.544868e-05,0.0,nan,nan,nan
488.7321,1.544943e-05,0.0,nan,nan,nan
488.8184,1.545022e-05,0.0,nan,nan,nan
488.9023,1.544587e-05,0.0,nan,nan,nan
488.9859,1.544371e-05,0.0,nan,nan,nan
489.0698,1.54533e-05,0.0,nan,nan,nan
489.1534,1.545397e-05,0.0,nan,nan,nan
489.237,1.545082e-05,0.0,nan,nan,nan
489.3207,1.544704e-05,0.0,nan,nan,nan
489.4045,1.544961e-05,0.0,nan,nan,nan
489.4883,1.544959e-05,0.0,nan,nan,nan
489.5916,1.545031e-05,0.0,nan,nan,nan
489.6752,1.544928e-05,0.0,nan,nan,nan
489.7586,1.545158e-05,0.0,nan,nan,nan
489.8421,1.544791e-05,0.0,nan,nan,nan
489.9256,1.545062e-05,0.0,nan,nan,nan
490.0246,1.544817e-05,0.0,nan,nan,nan
490.1082,1.545024e-05,0.0,nan,nan,nan
490.1918,1.544827e-05,0.0,nan,nan,nan
490.2753,1.545277e-05,0.0,nan,nan,nan
490.3589,1.545029e-05,0.0,nan,nan,nan
490.443,1.545326e-05,0.0,nan,nan,nan
490.5267,1.545425e-05,0.0,nan,nan,nan
490.6103,1.545122e-05,0.0,nan,nan,nan
490.6938,1.545149e-05,0.0,nan,nan,nan
490.7775,1.545249e-05,0.0,nan,nan,nan
490.8703,1.545019e-05,0.0,nan,nan,nan
490.954,1.545026e-05,0.0,nan,nan,nan
491.0603,1.545028e-05,0.0,nan,nan,nan
491.1442,1.545112e-05,0.0,nan,nan,nan
491.2278,1.544912e-05,0.0,nan,nan,nan
491.3115,1.545139e-05,0.0,nan,nan,nan
491.3951,1.544941e-05,0.0,nan,nan,nan
491.4858,1.544912e-05,0.0,nan,nan,nan
491.5693,1.545249e-05,0.0,nan,nan,nan
491.6671,1.545085e-05,0.0,nan,nan,nan
491.7508,1.544773e-05,0.0,nan,nan,nan
491.8344,1.544838e-05,0.0,nan,nan,nan
491.918,1.544691e-05,0.0,nan,nan,nan
492.0018,1.544477e-05,0.0,nan,nan,nan
492.0881,1.54479e-05,0.0,nan,nan,nan
492.172,1.544898e-05,0.0,nan,nan,nan
492.2554,1.544767e-05,0.0,nan,nan,nan
492.339,1.544711e-05,0.0,nan,nan,nan
492.4226,1.54459e-05,0.0,nan,nan,nan
492.5084,1.544892e-05,0.0,nan,nan,nan
492.5921,1.544654e-05,0.0,nan,nan,nan
492.6765,1.544895e-05,0.0,nan,nan,nan
492.7602,1.544851e-05,0.0,nan,nan,nan
492.844,1.545047e-05,0.0,nan,nan,nan
492.9274,1.544265e-05,0.0,nan,nan,nan
493.0109,1.54433e-05,0.0,nan,nan,nan
493.1158,1.544466e-05,0.0,nan,nan,nan
493.1993,1.544606e-05,0.0,nan,nan,nan
493.2843,1.544853e-05,0.0,nan,nan,nan
493.3681,1.544507e-05,0.0,nan,nan,nan
493.4519,1.544674e-05,0.0,nan,nan,nan
493.5353,1.544984e-05,0.0,nan,nan,nan
493.6188,1.545208e-05,0.0,nan,nan,nan
493.7393,1.54522e-05,0.0,nan,nan,nan
493.823,1.544966e-05,0.0,nan,nan,nan
493.9066,1.544973e-05,0.0,nan,nan,nan
493.9906,1.544733e-05,0.0,nan,nan,nan
494.0743,1.544942e-05,0.0,nan,nan,nan
494.1664,1.545322e-05,0.0,nan,nan,nan
494.2499,1.544975e-05,0.0,nan,nan,nan
494.3336,1.545136e-05,0.0,nan,nan,nan
494.4174,1.544933e-05,0.0,nan,nan,nan
494.5008,1.544683e-05,0.0,nan,nan,nan
494.5848,1.544431e-05,0.0,nan,nan,nan
494.6686,1.545113e-05,0.0,nan,nan,nan
494.7741,1.54536e-05,0.0,nan,nan,nan
494.8579,1.544817e-05,0.0,nan,nan,nan
494.9421,1.544635e-05,0.0,nan,nan,nan
495.0255,1.544839e-05,0.0,nan,nan,nan
495.109,1.545139e-05,0.0,nan,nan,nan
495.1927,1.544962e-05,0.0,nan,nan,nan
495.2761,1.545013e-05,0.0,nan,nan,nan
495.3771,1.544463e-05,0.0,nan,nan,nan
495.4609,1.544497e-05,0.0,nan,nan,nan
495.5446,1.544715e-05,0.0,nan,nan,nan
495.6283,1.54485e-05,0.0,nan,nan,nan
495.712,1.544834e-05,0.0,nan,nan,nan
495.8031,1.544686e-05,0.0,nan,nan,nan
495.8869,1.544754e-05,0.0,nan,nan,nan
495.9704,1.544848e-05,0.0,nan,nan,nan
496.054,1.544543e-05,0.0,nan,nan,nan
496.1376,1.545003e-05,0.0,nan,nan,nan
496.2229,1.544854e-05,0.0,nan,nan,nan
496.3065,1.544969e-05,0.0,nan,nan,nan
496.3907,1.544975e-05,0.0,nan,nan,nan
496.4745,1.545003e-05,0.0,nan,nan,nan
496.5585,1.544967e-05,0.0,nan,nan,nan
496.6418,1.545421e-05,0.0,nan,nan,nan
496.7252,1.544931e-05,0.0,nan,nan,nan
496.8187,1.544705e-05,0.0,nan,nan,nan
496.9026,1.544777e-05,0.0,nan,nan,nan
496.9863,1.544937e-05,0.0,nan,nan,nan
497.0697,1.545121e-05,0.0,nan,nan,nan
497.1535,1.544825e-05,0.0,nan,nan,nan
497.2415,1.544727e-05,0.0,nan,nan,nan
497.3253,1.544583e-05,0.0,nan,nan,nan
497.4087,1.544572e-05,0.0,nan,nan,nan
497.4922,1.544777e-05,0.0,nan,nan,nan
497.5759,1.54471e-05,0.0,nan,nan,nan
497.6595,1.545032e-05,0.0,nan,nan,nan
497.7433,1.544981e-05,0.0,nan,nan,nan
497.8579,1.544914e-05,0.0,nan,nan,nan
497.9414,1.544927e-05,0.0,nan,nan,nan
498.0252,1.544924e-05,0.0,nan,nan,nan
498.1089,1.544883e-05,0.0,nan,nan,nan
498.1925,1.545033e-05,0.0,nan,nan,nan
498.2763,1.544776e-05,0.0,nan,nan,nan
498.3602,1.545425e-05,0.0,nan,nan,nan
498.4666,1.54493e-05,0.0,nan,nan,nan
498.5503,1.54498e-05,0.0,nan,nan,nan
498.6338,1.545055e-05,0.0,nan,nan,nan
498.7175,1.545356e-05,0.0,nan,nan,nan
498.8012,1.545356e-05,0.0,nan,nan,nan
498.8848,1.544779e-05,0.0,nan,nan,nan
498.9684,1.544582e-05,0.0,nan,nan,nan
499.063,1.544858e-05,0.0,nan,nan,nan
499.1469,1.544661e-05,0.0,nan,nan,nan
499.2305,1.544528e-05,0.0,nan,nan,nan
499.314,1.544794e-05,0.0,nan,nan,nan
499.3979,1.544913e-05,0.0,nan,nan,nan
499.4816,1.544706e-05,0.0,nan,nan,nan
499.5651,1.54481e-05,0.0,nan,nan,nan
499.6487,1.545001e-05,0.0,nan,nan,nan
499.7323,1.544329e-05,0.0,nan,nan,nan
499.8162,1.544733e-05,0.0,nan,nan,nan
499.9253,1.544699e-05,0.0,nan,nan,nan
500.0088,1.544742e-05,0.0,nan,nan,nan
500.0925,1.544318e-05,0.0,nan,nan,nan
500.1762,1.545018e-05,0.0,nan,nan,nan
500.2596,1.54475e-05,0.0,nan,nan,nan
500.3434,1.545015e-05,0.0,nan,nan,nan
500.4271,1.545233e-05,0.0,nan,nan,nan
500.5107,1.545595e-05,0.0,nan,nan,nan
500.5942,1.545654e-05,0.0,nan,nan,nan
500.6804,1.545462e-05,0.0,nan,nan,nan
500.764,1.545333e-05,0.0,nan,nan,nan
500.8475,1.545473e-05,0.0,nan,nan,nan
500.931,1.545236e-05,0.0,nan,nan,nan
501.0144,1.544929e-05,0.0,nan,nan,nan
501.0989,1.544753e-05,0.0,nan,nan,nan
501.1827,1.545261e-05,0.0,nan,nan,nan
501.2664,1.545192e-05,0.0,nan,nan,nan
501.3502,1.544739e-05,0.0,nan,nan,nan
501.4338,1.545073e-05,0.0,nan,nan,nan
501.5254,1.545048e-05,0.0,nan,nan,nan
501.6092,1.545117e-05,0.0,nan,nan,nan
501.6929,1.545026e-05,0.0,nan,nan,nan
501.7766,1.545229e-05,0.0,nan,nan,nan
501.8605,1.545101e-05,0.0,nan,nan,nan
501.944,1.545191e-05,0.0,nan,nan,nan
502.0279,1.544712e-05,0.0,nan,nan,nan
502.1127,1.545233e-05,0.0,nan,nan,nan
502.1965,1.545129e-05,0.0,nan,nan,nan
502.2801,1.545071e-05,0.0,nan,nan,nan
502.364,1.544812e-05,0.0,nan,nan,nan
502.4479,1.545174e-05,0.0,nan,nan,nan
502.5318,1.544864e-05,0.0,nan,nan,nan
502.6155,1.545063e-05,0.0,nan,nan,nan
502.6991,1.544807e-05,0.0,nan,nan,nan
502.7826,1.544831e-05,0.0,nan,nan,nan
502.8663,1.545339e-05,0.0,nan,nan,nan
502.9657,1.545417e-05,0.0,nan,nan,nan
503.0497,1.545524e-05,0.0,nan,nan,nan
503.1334,1.545078e-05,0.0,nan,nan,nan
503.2171,1.544894e-05,0.0,nan,nan,nan
503.301,1.544905e-05,0.0,nan,nan,nan
503.3846,1.545024e-05,0.0,nan,nan,nan
503.4683,1.545035e-05,0.0,nan,nan,nan
503.5676,1.545274e-05,0.0,nan,nan,nan
503.6514,1.544656e-05,0.0,nan,nan,nan
503.7358,1.544728e-05,0.0,nan,nan,nan
503.8199,1.545028e-05,0.0,nan,nan,nan
503.9039,1.545035e-05,0.0,nan,nan,nan
503.9875,1.544945e-05,0.0,nan,nan,nan
504.0741,1.545122e-05,0.0,nan,nan,nan
504.1593,1.545084e-05,0.0,nan,nan,nan
504.2432,1.544989e-05,0.0,nan,nan,nan
504.3267,1.54481e-05,0.0,nan,nan,nan
504.4106,1.544807e-05,0.0,nan,nan,nan
504.4943,1.54469e-05,0.0,nan,nan,nan
504.5833,1.544219e-05,0.0,nan,nan,nan
504.6672,1.544579e-05,0.0,nan,nan,nan
504.7516,1.544666e-05,0.0,nan,nan,nan
504.8354,1.54467e-05,0.0,nan,nan,nan
504.919,1.544766e-05,0.0,nan,nan,nan
505.0026,1.545062e-05,0.0,nan,nan,nan
505.0861,1.545085e-05,0.0,nan,nan,nan
505.1696,1.545138e-05,0.0,nan,nan,nan
505.2532,1.544793e-05,0.0,nan,nan,nan
505.3371,1.544593e-05,0.0,nan,nan,nan
505.4208,1.544868e-05,0.0,nan,nan,nan
505.5045,1.544758e-05,0.0,nan,nan,nan
505.6011,1.544944e-05,0.0,nan,nan,nan
505.6849,1.545206e-05,0.0,nan,nan,nan
505.7684,1.544902e-05,0.0,nan,nan,nan
505.8519,1.544792e-05,0.0,nan,nan,nan
505.9358,1.54522e-05,0.0,nan,nan,nan
506.0224,1.545269e-05,0.0,nan,nan,nan
506.1409,1.544804e-05,0.0,nan,nan,nan
506.2291,1.544901e-05,0.0,nan,nan,nan
506.3129,1.544844e-05,0.0,nan,nan,nan
506.3966,1.545036e-05,0.0,nan,nan,nan
506.4804,1.54468e-05,0.0,nan,nan,nan
506.5642,1.54464e-05,0.0,nan,nan,nan
506.6477,1.54436e-05,0.0,nan,nan,nan
506.7312,1.54476e-05,0.0,nan,nan,nan
506.8386,1.544828e-05,0.0,nan,nan,nan
506.9223,1.544425e-05,0.0,nan,nan,nan
507.0075,1.544557e-05,0.0,nan,nan,nan
507.0914,1.544717e-05,0.0,nan,nan,nan
507.1752,1.545168e-05,0.0,nan,nan,nan
507.2588,1.544688e-05,0.0,nan,nan,nan
507.3426,1.545064e-05,0.0,nan,nan,nan
507.4265,1.54475e-05,0.0,nan,nan,nan
507.51,1.54475e-05,0.0,nan,nan,nan
507.5937,1.544582e-05,0.0,nan,nan,nan
507.6775,1.544404e-05,0.0,nan,nan,nan
507.7613,1.544789e-05,0.0,nan,nan,nan
507.8572,1.544492e-05,0.0,nan,nan,nan
507.9409,1.545042e-05,0.0,nan,nan,nan
508.0426,1.544799e-05,0.0,nan,nan,nan
508.1262,1.544736e-05,0.0,nan,nan,nan
508.2121,1.54457e-05,0.0,nan,nan,nan
508.2957,1.544873e-05,0.0,nan,nan,nan
508.3796,1.544822e-05,0.0,nan,nan,nan
508.4685,1.544633e-05,0.0,nan,nan,nan
508.5522,1.54444e-05,0.0,nan,nan,nan
508.636,1.544484e-05,0.0,nan,nan,nan
508.7197,1.544468e-05,0.0,nan,nan,nan
508.8033,1.544711e-05,0.0,nan,nan,nan
508.887,1.544577e-05,0.0,nan,nan,nan
508.9706,1.544701e-05,0.0,nan,nan,nan
509.0544,1.545132e-05,0.0,nan,nan,nan
509.1384,1.544869e-05,0.0,nan,nan,nan
509.2224,1.54484e-05,0.0,nan,nan,nan
509.306,1.544816e-05,0.0,nan,nan,nan
509.3898,1.545241e-05,0.0,nan,nan,nan
509.4732,1.544657e-05,0.0,nan,nan,nan
509.557,1.544917e-05,0.0,nan,nan,nan
509.6409,1.544497e-05,0.0,nan,nan,nan
509.7243,1.544311e-05,0.0,nan,nan,nan
509.8081,1.544365e-05,0.0,nan,nan,nan
509.8915,1.544496e-05,0.0,nan,nan,nan
509.9752,1.544395e-05,0.0,nan,nan,nan
510.0588,1.544625e-05,0.0,nan,nan,nan
510.1426,1.544522e-05,0.0,nan,nan,nan
510.2573,1.544736e-05,0.0,nan,nan,nan
510.3409,1.544234e-05,0.0,nan,nan,nan
510.4246,1.544208e-05,0.0,nan,nan,nan
510.5276,1.544313e-05,0.0,nan,nan,nan
510.6115,1.54474e-05,0.0,nan,nan,nan
510.6964,1.544685e-05,0.0,nan,nan,nan
510.7805,1.544634e-05,0.0,nan,nan,nan
510.8643,1.544771e-05,0.0,nan,nan,nan
510.948,1.544545e-05,0.0,nan,nan,nan
511.0319,1.544869e-05,0.0,nan,nan,nan
511.1322,1.54499e-05,0.0,nan,nan,nan
511.2158,1.544633e-05,0.0,nan,nan,nan
511.2996,1.544544e-05,0.0,nan,nan,nan
511.3834,1.544619e-05,0.0,nan,nan,nan
511.4671,1.544399e-05,0.0,nan,nan,nan
511.5507,1.544804e-05,0.0,nan,nan,nan
511.6344,1.544934e-05,0.0,nan,nan,nan
511.7181,1.544721e-05,0.0,nan,nan,nan
511.8016,1.544721e-05,0.0,nan,nan,nan
511.8854,1.544784e-05,0.0,nan,nan,nan
511.9691,1.544745e-05,0.0,nan,nan,nan
512.0528,1.544614e-05,0.0,nan,nan,nan
512.1363,1.5441e-05,0.0,nan,nan,nan
512.2203,1.544656e-05,0.0,nan,nan,nan
512.3239,1.544838e-05,0.0,nan,nan,nan
512.4075,1.544545e-05,0.0,nan,nan,nan
512.4914,1.544652e-05,0.0,nan,nan,nan
512.5784,1.544679e-05,0.0,nan,nan,nan
512.6621,1.544614e-05,0.0,nan,nan,nan
512.7659,1.544486e-05,0.0,nan,nan,nan
512.8497,1.544494e-05,0.0,nan,nan,nan
512.9331,1.544487e-05,0.0,nan,nan,nan
513.0169,1.544535e-05,0.0,nan,nan,nan
513.1003,1.544734e-05,0.0,nan,nan,nan
513.1881,1.544342e-05,0.0,nan,nan,nan
513.2717,1.544359e-05,0.0,nan,nan,nan
513.3559,1.544653e-05,0.0,nan,nan,nan
513.4398,1.544624e-05,0.0,nan,nan,nan
513.5236,1.544644e-05,0.0,nan,nan,nan
513.6075,1.544778e-05,0.0,nan,nan,nan
513.6912,1.544776e-05,0.0,nan,nan,nan
513.7879,1.544605e-05,0.0,nan,nan,nan
513.8717,1.544626e-05,0.0,nan,nan,nan
513.9556,1.544447e-05,0.0,nan,nan,nan
514.0392,1.544869e-05,0.0,nan,nan,nan
514.1231,1.544807e-05,0.0,nan,nan,nan
514.2177,1.544764e-05,0.0,nan,nan,nan
514.3014,1.544466e-05,0.0,nan,nan,nan
514.4141,1.544745e-05,0.0,nan,nan,nan
514.4978,1.544635e-05,0.0,nan,nan,nan
514.5814,1.544253e-05,0.0,nan,nan,nan
514.665,1.544557e-05,0.0,nan,nan,nan
514.7487,1.544672e-05,0.0,nan,nan,nan
514.8325,1.544473e-05,0.0,nan,nan,nan
514.9163,1.544477e-05,0.0,nan,nan,nan
515.0216,1.544391e-05,0.0,nan,nan,nan
515.1054,1.544536e-05,0.0,nan,nan,nan
515.1891,1.544654e-05,0.0,nan,nan,nan
515.2728,1.544504e-05,0.0,nan,nan,nan
515.3565,1.544745e-05,0.0,nan,nan,nan
515.4415,1.544739e-05,0.0,nan,nan,nan
515.5252,1.544504e-05,0.0,nan,nan,nan
515.6243,1.54472e-05,0.0,nan,nan,nan
515.7081,1.5445e-05,0.0,nan,nan,nan
515.7917,1.544648e-05,0.0,nan,nan,nan
515.8752,1.544301e-05,0.0,nan,nan,nan
515.9588,1.544861e-05,0.0,nan,nan,nan
516.0425,1.544865e-05,0.0,nan,nan,nan
516.1262,1.544894e-05,0.0,nan,nan,nan
516.2097,1.544707e-05,0.0,nan,nan,nan
516.2934,1.54443e-05,0.0,nan,nan,nan
516.377,1.544496e-05,0.0,nan,nan,nan
516.491,1.544574e-05,0.0,nan,nan,nan
516.5745,1.544208e-05,0.0,nan,nan,nan
516.6581,1.544553e-05,0.0,nan,nan,nan
516.7419,1.544281e-05,0.0,nan,nan,nan
516.8434,1.544338e-05,0.0,nan,nan,nan
516.927,1.544476e-05,0.0,nan,nan,nan
517.0104,1.544729e-05,0.0,nan,nan,nan
517.0941,1.544568e-05,0.0,nan,nan,nan
517.1776,1.544472e-05,0.0,nan,nan,nan
517.2613,1.544274e-05,0.0,nan,nan,nan
517.3452,1.545151e-05,0.0,nan,nan,nan
517.4305,1.544456e-05,0.0,nan,nan,nan
517.5141,1.544924e-05,0.0,nan,nan,nan
517.5979,1.544711e-05,0.0,nan,nan,nan
517.6813,1.544853e-05,0.0,nan,nan,nan
517.7653,1.544559e-05,0.0,nan,nan,nan
517.8595,1.544293e-05,0.0,nan,nan,nan
517.9433,1.544571e-05,0.0,nan,nan,nan
518.028,1.544388e-05,0.0,nan,nan,nan
518.1118,1.544257e-05,0.0,nan,nan,nan
518.1956,1.544658e-05,0.0,nan,nan,nan
518.2794,1.544614e-05,0.0,nan,nan,nan
518.3632,1.544725e-05,0.0,nan,nan,nan
518.4489,1.545028e-05,0.0,nan,nan,nan
518.5621,1.54444e-05,0.0,nan,nan,nan
518.6456,1.544775e-05,0.0,nan,nan,nan
518.7295,1.544562e-05,0.0,nan,nan,nan
518.8137,1.544303e-05,0.0,nan,nan,nan
518.8974,1.544564e-05,0.0,nan,nan,nan
518.9812,1.544657e-05,0.0,nan,nan,nan
519.0894,1.544265e-05,0.0,nan,nan,nan
519.1732,1.544852e-05,0.0,nan,nan,nan
519.258,1.544564e-05,0.0,nan,nan,nan
519.3415,1.54452e-05,0.0,nan,nan,nan
519.4251,1.544583e-05,0.0,nan,nan,nan
519.514,1.544691e-05,0.0,nan,nan,nan
519.5978,1.544596e-05,0.0,nan,nan,nan
519.6818,1.544625e-05,0.0,nan,nan,nan
519.7657,1.544527e-05,0.0,nan,nan,nan
519.849,1.544539e-05,0.0,nan,nan,nan
519.9326,1.544408e-05,0.0,nan,nan,nan
520.0165,1.544391e-05,0.0,nan,nan,nan
520.1123,1.544386e-05,0.0,nan,nan,nan
520.1961,1.544474e-05,0.0,nan,nan,nan
520.2795,1.544894e-05,0.0,nan,nan,nan
520.3637,1.545007e-05,0.0,nan,nan,nan
520.4474,1.54493e-05,0.0,nan,nan,nan
520.531,1.545044e-05,0.0,nan,nan,nan
520.631,1.54452e-05,0.0,nan,nan,nan
520.7334,1.545118e-05,0.0,nan,nan,nan
520.817,1.544619e-05,0.0,nan,nan,nan
520.9016,1.544883e-05,0.0,nan,nan,nan
520.985,1.544802e-05,0.0,nan,nan,nan
521.0686,1.544849e-05,0.0,nan,nan,nan
521.1521,1.544489e-05,0.0,nan,nan,nan
521.2358,1.544636e-05,0.0,nan,nan,nan
521.344,1.544853e-05,0.0,nan,nan,nan
521.4279,1.544849e-05,0.0,nan,nan,nan
521.5112,1.545024e-05,0.0,nan,nan,nan
521.5951,1.545084e-05,0.0,nan,nan,nan
521.679,1.545237e-05,0.0,nan,nan,nan
521.7627,1.54474e-05,0.0,nan,nan,nan
521.8465,1.544492e-05,0.0,nan,nan,nan
521.955,1.544571e-05,0.0,nan,nan,nan
522.0388,1.544593e-05,0.0,nan,nan,nan
522.1226,1.544408e-05,0.0,nan,nan,nan
522.2061,1.544859e-05,0.0,nan,nan,nan
522.2897,1.54465e-05,0.0,nan,nan,nan
522.3737,1.54436e-05,0.0,nan,nan,nan
522.4576,1.544175e-05,0.0,nan,nan,nan
522.5485,1.544165e-05,0.0,nan,nan,nan
522.6323,1.543791e-05,0.0,nan,nan,nan
522.7305,1.544472e-05,0.0,nan,nan,nan
522.8144,1.544942e-05,0.0,nan,nan,nan
522.898,1.544614e-05,0.0,nan,nan,nan
522.982,1.544462e-05,0.0,nan,nan,nan
523.0658,1.544696e-05,0.0,nan,nan,nan
523.1659,1.545132e-05,0.0,nan,nan,nan
523.2498,1.544223e-05,0.0,nan,nan,nan
523.3333,1.544666e-05,0.0,nan,nan,nan
523.4167,1.544346e-05,0.0,nan,nan,nan
523.5001,1.54478e-05,0.0,nan,nan,nan
523.5837,1.544941e-05,0.0,nan,nan,nan
523.6676,1.544716e-05,0.0,nan,nan,nan
523.7606,1.544961e-05,0.0,nan,nan,nan
523.8442,1.545066e-05,0.0,nan,nan,nan
523.9277,1.544958e-05,0.0,nan,nan,nan
524.0115,1.544914e-05,0.0,nan,nan,nan
524.0952,1.544451e-05,0.0,nan,nan,nan
524.191,1.544777e-05,0.0,nan,nan,nan
524.2747,1.545089e-05,0.0,nan,nan,nan
524.3582,1.545131e-05,0.0,nan,nan,nan
524.4421,1.545091e-05,0.0,nan,nan,nan
524.5256,1.544979e-05,0.0,nan,nan,nan
524.609,1.545102e-05,0.0,nan,nan,nan
524.6928,1.545459e-05,0.0,nan,nan,nan
524.8078,1.545258e-05,0.0,nan,nan,nan
524.8912,1.545223e-05,0.0,nan,nan,nan
524.9746,1.544951e-05,0.0,nan,nan,nan
525.0583,1.5452e-05,0.0,nan,nan,nan
525.1418,1.545144e-05,0.0,nan,nan,nan
525.2254,1.54488e-05,0.0,nan,nan,nan
525.3092,1.545218e-05,0.0,nan,nan,nan
525.4209,1.545117e-05,0.0,nan,nan,nan
525.5046,1.545253e-05,0.0,nan,nan,nan
525.5881,1.544969e-05,0.0,nan,nan,nan
525.672,1.544691e-05,0.0,nan,nan,nan
525.7556,1.54494e-05,0.0,nan,nan,nan
525.8394,1.545264e-05,0.0,nan,nan,nan
525.9231,1.544964e-05,0.0,nan,nan,nan
526.0102,1.545105e-05,0.0,nan,nan,nan
526.0937,1.544821e-05,0.0,nan,nan,nan
526.1773,1.545085e-05,0.0,nan,nan,nan
526.2611,1.544903e-05,0.0,nan,nan,nan
526.3446,1.545099e-05,0.0,nan,nan,nan
526.4436,1.54482e-05,0.0,nan,nan,nan
526.5273,1.545051e-05,0.0,nan,nan,nan
526.612,1.544595e-05,0.0,nan,nan,nan
526.6959,1.544953e-05,0.0,nan,nan,nan
526.7797,1.54504e-05,0.0,nan,nan,nan
526.8991,1.544661e-05,0.0,nan,nan,nan
526.9829,1.545305e-05,0.0,nan,nan,nan
527.0666,1.545119e-05,0.0,nan,nan,nan
527.1503,1.544842e-05,0.0,nan,nan,nan
527.2338,1.545246e-05,0.0,nan,nan,nan
527.3172,1.544683e-05,0.0,nan,nan,nan
527.401,1.544593e-05,0.0,nan,nan,nan
527.4848,1.544652e-05,0.0,nan,nan,nan
527.5687,1.544906e-05,0.0,nan,nan,nan
527.6523,1.544841e-05,0.0,nan,nan,nan
527.7363,1.544954e-05,0.0,nan,nan,nan
527.8201,1.545147e-05,0.0,nan,nan,nan
527.9039,1.544925e-05,0.0,nan,nan,nan
527.9878,1.544868e-05,0.0,nan,nan,nan
528.0839,1.545028e-05,0.0,nan,nan,nan
528.1675,1.545101e-05,0.0,nan,nan,nan
528.2514,1.54474e-05,0.0,nan,nan,nan
528.3352,1.545085e-05,0.0,nan,nan,nan
528.419,1.545e-05,0.0,nan,nan,nan
528.5025,1.5449e-05,0.0,nan,nan,nan
528.5864,1.544865e-05,0.0,nan,nan,nan
528.6701,1.544825e-05,0.0,nan,nan,nan
528.7539,1.544774e-05,0.0,nan,nan,nan
528.8376,1.544968e-05,0.0,nan,nan,nan
528.9648,1.54523e-05,0.0,nan,nan,nan
529.0488,1.545203e-05,0.0,nan,nan,nan
529.1386,1.544865e-05,0.0,nan,nan,nan
529.2221,1.544728e-05,0.0,nan,nan,nan
529.3055,1.544778e-05,0.0,nan,nan,nan
529.3891,1.54477e-05,0.0,nan,nan,nan
529.4726,1.544799e-05,0.0,nan,nan,nan
529.556,1.545206e-05,0.0,nan,nan,nan
529.6396,1.545135e-05,0.0,nan,nan,nan
529.7274,1.545044e-05,0.0,nan,nan,nan
529.811,1.545432e-05,0.0,nan,nan,nan
529.8945,1.545388e-05,0.0,nan,nan,nan
529.9779,1.54545e-05,0.0,nan,nan,nan
530.0616,1.545357e-05,0.0,nan,nan,nan
530.1587,1.545095e-05,0.0,nan,nan,nan
530.2425,1.544915e-05,0.0,nan,nan,nan
530.3261,1.545452e-05,0.0,nan,nan,nan
530.4096,1.545263e-05,0.0,nan,nan,nan
530.4933,1.545286e-05,0.0,nan,nan,nan
530.5768,1.545547e-05,0.0,nan,nan,nan
530.6605,1.545281e-05,0.0,nan,nan,nan
530.7575,1.54536e-05,0.0,nan,nan,nan
530.8411,1.545356e-05,0.0,nan,nan,nan
530.9244,1.545263e-05,0.0,nan,nan,nan
531.0332,1.545366e-05,0.0,nan,nan,nan
531.1168,1.545246e-05,0.0,nan,nan,nan
531.2002,1.545605e-05,0.0,nan,nan,nan
531.2839,1.545462e-05,0.0,nan,nan,nan
531.3741,1.54527e-05,0.0,nan,nan,nan
531.4576,1.545153e-05,0.0,nan,nan,nan
531.5412,1.544821e-05,0.0,nan,nan,nan
531.6247,1.544735e-05,0.0,nan,nan,nan
531.708,1.54508e-05,0.0,nan,nan,nan
531.7915,1.545174e-05,0.0,nan,nan,nan
531.8749,1.545248e-05,0.0,nan,nan,nan
531.9587,1.545379e-05,0.0,nan,nan,nan
532.042,1.545236e-05,0.0,nan,nan,nan
532.1256,1.545739e-05,0.0,nan,nan,nan
532.209,1.545201e-05,0.0,nan,nan,nan
532.2927,1.545281e-05,0.0,nan,nan,nan
532.3765,1.545221e-05,0.0,nan,nan,nan
532.46,1.545037e-05,0.0,nan,nan,nan
532.5439,1.545237e-05,0.0,nan,nan,nan
532.6275,1.545494e-05,0.0,nan,nan,nan
532.711,1.5454e-05,0.0,nan,nan,nan
532.8009,1.545256e-05,0.0,nan,nan,nan
532.8846,1.544819e-05,0.0,nan,nan,nan
532.968,1.545438e-05,0.0,nan,nan,nan
533.0573,1.545088e-05,0.0,nan,nan,nan
533.141,1.545013e-05,0.0,nan,nan,nan
533.2264,1.545312e-05,0.0,nan,nan,nan
533.3099,1.545038e-05,0.0,nan,nan,nan
533.3944,1.544985e-05,0.0,nan,nan,nan
533.4779,1.544681e-05,0.0,nan,nan,nan
533.5616,1.544823e-05,0.0,nan,nan,nan
533.6453,1.54462e-05,0.0,nan,nan,nan
533.729,1.544593e-05,0.0,nan,nan,nan
533.8262,1.545002e-05,0.0,nan,nan,nan
533.9098,1.54509e-05,0.0,nan,nan,nan
533.994,1.545235e-05,0.0,nan,nan,nan
534.0775,1.544786e-05,0.0,nan,nan,nan
534.1614,1.544791e-05,0.0,nan,nan,nan
534.26,1.545383e-05,0.0,nan,nan,nan
534.3437,1.545301e-05,0.0,nan,nan,nan
534.4272,1.545296e-05,0.0,nan,nan,nan
534.5108,1.545371e-05,0.0,nan,nan,nan
534.5946,1.545203e-05,0.0,nan,nan,nan
534.6785,1.545337e-05,0.0,nan,nan,nan
534.7623,1.545345e-05,0.0,nan,nan,nan
534.8603,1.545427e-05,0.0,nan,nan,nan
534.9438,1.545153e-05,0.0,nan,nan,nan
535.0274,1.545279e-05,0.0,nan,nan,nan
535.1417,1.545281e-05,0.0,nan,nan,nan
535.227,1.544804e-05,0.0,nan,nan,nan
535.3108,1.54524e-05,0.0,nan,nan,nan
535.3946,1.544901e-05,0.0,nan,nan,nan
535.4783,1.54508e-05,0.0,nan,nan,nan
535.5618,1.545366e-05,0.0,nan,nan,nan
535.6476,1.544906e-05,0.0,nan,nan,nan
535.7313,1.545031e-05,0.0,nan,nan,nan
535.8148,1.545026e-05,0.0,nan,nan,nan
535.8984,1.544945e-05,0.0,nan,nan,nan
535.9825,1.545061e-05,0.0,nan,nan,nan
536.091,1.545238e-05,0.0,nan,nan,nan
536.1745,1.545378e-05,0.0,nan,nan,nan
536.2582,1.545014e-05,0.0,nan,nan,nan
536.3418,1.545365e-05,0.0,nan,nan,nan
536.4255,1.545621e-05,0.0,nan,nan,nan
536.5089,1.545209e-05,0.0,nan,nan,nan
536.5925,1.545306e-05,0.0,nan,nan,nan
536.6761,1.545226e-05,0.0,nan,nan,nan
536.76,1.545097e-05,0.0,nan,nan,nan
536.8446,1.545299e-05,0.0,nan,nan,nan
536.9283,1.545447e-05,0.0,nan,nan,nan
537.0121,1.544901e-05,0.0,nan,nan,nan
537.1261,1.545289e-05,0.0,nan,nan,nan
537.2155,1.545364e-05,0.0,nan,nan,nan
537.3167,1.544777e-05,0.0,nan,nan,nan
537.4005,1.54502e-05,0.0,nan,nan,nan
537.4841,1.544938e-05,0.0,nan,nan,nan
537.5677,1.54493e-05,0.0,nan,nan,nan
537.6513,1.544615e-05,0.0,nan,nan,nan
537.7348,1.544587e-05,0.0,nan,nan,nan
537.8187,1.545009e-05,0.0,nan,nan,nan
537.9022,1.544805e-05,0.0,nan,nan,nan
537.986,1.54502e-05,0.0,nan,nan,nan
538.0695,1.54447e-05,0.0,nan,nan,nan
538.1531,1.544895e-05,0.0,nan,nan,nan
538.2369,1.544845e-05,0.0,nan,nan,nan
538.3418,1.544787e-05,0.0,nan,nan,nan
538.4253,1.545015e-05,0.0,nan,nan,nan
538.5407,1.544763e-05,0.0,nan,nan,nan
538.6242,1.545014e-05,0.0,nan,nan,nan
538.7077,1.545108e-05,0.0,nan,nan,nan
538.7912,1.545088e-05,0.0,nan,nan,nan
538.8747,1.545319e-05,0.0,nan,nan,nan
538.9659,1.545099e-05,0.0,nan,nan,nan
539.0497,1.545292e-05,0.0,nan,nan,nan
539.1333,1.54509e-05,0.0,nan,nan,nan
539.217,1.545018e-05,0.0,nan,nan,nan
539.3008,1.544702e-05,0.0,nan,nan,nan
539.3846,1.544667e-05,0.0,nan,nan,nan
539.4683,1.544838e-05,0.0,nan,nan,nan
539.5667,1.544468e-05,0.0,nan,nan,nan
539.6502,1.544537e-05,0.0,nan,nan,nan
539.7338,1.544272e-05,0.0,nan,nan,nan
539.8174,1.544724e-05,0.0,nan,nan,nan
539.9012,1.544776e-05,0.0,nan,nan,nan
539.9847,1.544973e-05,0.0,nan,nan,nan
540.0683,1.545106e-05,0.0,nan,nan,nan
540.1518,1.544933e-05,0.0,nan,nan,nan
540.2357,1.545135e-05,0.0,nan,nan,nan
540.3193,1.545191e-05,0.0,nan,nan,nan
540.403,1.544879e-05,0.0,nan,nan,nan
540.4869,1.545356e-05,0.0,nan,nan,nan
540.5835,1.545326e-05,0.0,nan,nan,nan
540.6675,1.545373e-05,0.0,nan,nan,nan
540.7514,1.544885e-05,0.0,nan,nan,nan
540.8349,1.544881e-05,0.0,nan,nan,nan
540.9184,1.544756e-05,0.0,nan,nan,nan
541.002,1.544884e-05,0.0,nan,nan,nan
541.0855,1.545174e-05,0.0,nan,nan,nan
541.17,1.544853e-05,0.0,nan,nan,nan
541.2537,1.54486e-05,0.0,nan,nan,nan
541.3484,1.545004e-05,0.0,nan,nan,nan
541.4319,1.544465e-05,0.0,nan,nan,nan
541.5157,1.544737e-05,0.0,nan,nan,nan
541.6106,1.545353e-05,0.0,nan,nan,nan
541.6944,1.544742e-05,0.0,nan,nan,nan
541.8065,1.544893e-05,0.0,nan,nan,nan
541.8902,1.545065e-05,0.0,nan,nan,nan
541.9739,1.544577e-05,0.0,nan,nan,nan
542.0574,1.544873e-05,0.0,nan,nan,nan
542.1412,1.544583e-05,0.0,nan,nan,nan
542.2247,1.544577e-05,0.0,nan,nan,nan
542.3083,1.54488e-05,0.0,nan,nan,nan
542.4122,1.544719e-05,0.0,nan,nan,nan
542.4958,1.545143e-05,0.0,nan,nan,nan
542.5793,1.544655e-05,0.0,nan,nan,nan
542.6628,1.544838e-05,0.0,nan,nan,nan
542.7468,1.544656e-05,0.0,nan,nan,nan
542.8305,1.545112e-05,0.0,nan,nan,nan
542.9143,1.544895e-05,0.0,nan,nan,nan
543.0114,1.545028e-05,0.0,nan,nan,nan
543.0953,1.544755e-05,0.0,nan,nan,nan
543.1787,1.544778e-05,0.0,nan,nan,nan
543.2625,1.544496e-05,0.0,nan,nan,nan
543.346,1.544962e-05,0.0,nan,nan,nan
543.432,1.544765e-05,0.0,nan,nan,nan
543.5158,1.54489e-05,0.0,nan,nan,nan
543.5993,1.54535e-05,0.0,nan,nan,nan
543.6832,1.545333e-05,0.0,nan,nan,nan
543.767,1.545398e-05,0.0,nan,nan,nan
543.8506,1.54477e-05,0.0,nan,nan,nan
543.9343,1.545128e-05,0.0,nan,nan,nan
544.0245,1.54529e-05,0.0,nan,nan,nan
544.1079,1.544932e-05,0.0,nan,nan,nan
544.1924,1.545219e-05,0.0,nan,nan,nan
544.2758,1.545416e-05,0.0,nan,nan,nan
544.3595,1.545587e-05,0.0,nan,nan,nan
544.4644,1.545487e-05,0.0,nan,nan,nan
544.5479,1.5452e-05,0.0,nan,nan,nan
544.6314,1.545274e-05,0.0,nan,nan,nan
544.7153,1.545177e-05,0.0,nan,nan,nan
544.7988,1.545215e-05,0.0,nan,nan,nan
544.8823,1.545443e-05,0.0,nan,nan,nan
544.9657,1.545272e-05,0.0,nan,nan,nan
545.0607,1.544653e-05,0.0,nan,nan,nan
545.1444,1.54502e-05,0.0,nan,nan,nan
545.2277,1.545373e-05,0.0,nan,nan,nan
545.3113,1.545109e-05,0.0,nan,nan,nan
545.3948,1.545367e-05,0.0,nan,nan,nan
545.4914,1.544956e-05,0.0,nan,nan,nan
545.5749,1.545073e-05,0.0,nan,nan,nan
545.6583,1.545418e-05,0.0,nan,nan,nan
545.7417,1.54498e-05,0.0,nan,nan,nan
545.8251,1.544843e-05,0.0,nan,nan,nan
545.9089,1.545531e-05,0.0,nan,nan,nan
545.9926,1.545309e-05,0.0,nan,nan,nan
546.0914,1.545657e-05,0.0,nan,nan,nan
546.175,1.545588e-05,0.0,nan,nan,nan
546.2582,1.545668e-05,0.0,nan,nan,nan
546.3419,1.54586e-05,0.0,nan,nan,nan
546.4254,1.545944e-05,0.0,nan,nan,nan
546.5096,1.545724e-05,0.0,nan,nan,nan
546.5934,1.545462e-05,0.0,nan,nan,nan
546.677,1.545707e-05,0.0,nan,nan,nan
546.7609,1.545133e-05,0.0,nan,nan,nan
546.8445,1.545456e-05,0.0,nan,nan,nan
546.928,1.54538e-05,0.0,nan,nan,nan
547.0118,1.545364e-05,0.0,nan,nan,nan
547.1125,1.545127e-05,0.0,nan,nan,nan
547.1964,1.545453e-05,0.0,nan,nan,nan
547.2806,1.545355e-05,0.0,nan,nan,nan
547.3646,1.545402e-05,0.0,nan,nan,nan
547.4483,1.545141e-05,0.0,nan,nan,nan
547.5412,1.544792e-05,0.0,nan,nan,nan
547.625,1.544711e-05,0.0,nan,nan,nan
547.7338,1.545303e-05,0.0,nan,nan,nan
547.8173,1.545319e-05,0.0,nan,nan,nan
547.9007,1.545037e-05,0.0,nan,nan,nan
547.9845,1.545077e-05,0.0,nan,nan,nan
548.0682,1.545006e-05,0.0,nan,nan,nan
548.1519,1.545096e-05,0.0,nan,nan,nan
548.2357,1.54584e-05,0.0,nan,nan,nan
548.3284,1.54568e-05,0.0,nan,nan,nan
548.4121,1.545115e-05,0.0,nan,nan,nan
548.4959,1.545493e-05,0.0,nan,nan,nan
548.5798,1.545375e-05,0.0,nan,nan,nan
548.6639,1.545099e-05,0.0,nan,nan,nan
548.7575,1.545712e-05,0.0,nan,nan,nan
548.8412,1.545209e-05,0.0,nan,nan,nan
548.9256,1.545122e-05,0.0,nan,nan,nan
549.0094,1.545066e-05,0.0,nan,nan,nan
549.0934,1.545091e-05,0.0,nan,nan,nan
549.1772,1.544924e-05,0.0,nan,nan,nan
549.261,1.545063e-05,0.0,nan,nan,nan
549.3444,1.545444e-05,0.0,nan,nan,nan
549.4284,1.545253e-05,0.0,nan,nan,nan
549.5119,1.545296e-05,0.0,nan,nan,nan
549.6071,1.545558e-05,0.0,nan,nan,nan
549.6911,1.545489e-05,0.0,nan,nan,nan
549.7744,1.544482e-05,0.0,nan,nan,nan
549.8581,1.544998e-05,0.0,nan,nan,nan
549.9421,1.544918e-05,0.0,nan,nan,nan
550.0258,1.544918e-05,0.0,nan,nan,nan
550.1096,1.544871e-05,0.0,nan,nan,nan
550.1931,1.544945e-05,0.0,nan,nan,nan
550.2769,1.544974e-05,0.0,nan,nan,nan
550.3605,1.544882e-05,0.0,nan,nan,nan
550.4444,1.544635e-05,0.0,nan,nan,nan
550.5282,1.544859e-05,0.0,nan,nan,nan
550.612,1.544996e-05,0.0,nan,nan,nan
550.6958,1.545168e-05,0.0,nan,nan,nan
550.7827,1.545451e-05,0.0,nan,nan,nan
550.8664,1.545446e-05,0.0,nan,nan,nan
550.9498,1.545662e-05,0.0,nan,nan,nan
551.0333,1.545246e-05,0.0,nan,nan,nan
551.1171,1.545114e-05,0.0,nan,nan,nan
551.2221,1.545304e-05,0.0,nan,nan,nan
551.3058,1.545563e-05,0.0,nan,nan,nan
551.3895,1.545298e-05,0.0,nan,nan,nan
551.4733,1.545213e-05,0.0,nan,nan,nan
551.557,1.545525e-05,0.0,nan,nan,nan
551.6406,1.545195e-05,0.0,nan,nan,nan
551.7242,1.545501e-05,0.0,nan,nan,nan
551.8134,1.545471e-05,0.0,nan,nan,nan
551.8974,1.545365e-05,0.0,nan,nan,nan
551.9808,1.545598e-05,0.0,nan,nan,nan
552.0646,1.545528e-05,0.0,nan,nan,nan
552.148,1.54551e-05,0.0,nan,nan,nan
552.2332,1.545026e-05,0.0,nan,nan,nan
552.317,1.545177e-05,0.0,nan,nan,nan
552.4016,1.544889e-05,0.0,nan,nan,nan
552.4855,1.545065e-05,0.0,nan,nan,nan
552.5691,1.545448e-05,0.0,nan,nan,nan
552.6528,1.544986e-05,0.0,nan,nan,nan
552.7366,1.544813e-05,0.0,nan,nan,nan
552.8328,1.54509e-05,0.0,nan,nan,nan
552.9164,1.544702e-05,0.0,nan,nan,nan
552.9999,1.545337e-05,0.0,nan,nan,nan
553.0838,1.545261e-05,0.0,nan,nan,nan
553.1675,1.545486e-05,0.0,nan,nan,nan
553.2512,1.54539e-05,0.0,nan,nan,nan
553.335,1.545254e-05,0.0,nan,nan,nan
553.4189,1.54512e-05,0.0,nan,nan,nan
553.5026,1.544883e-05,0.0,nan,nan,nan
553.5864,1.544821e-05,0.0,nan,nan,nan
553.6717,1.545085e-05,0.0,nan,nan,nan
553.7642,1.545282e-05,0.0,nan,nan,nan
553.8652,1.545497e-05,0.0,nan,nan,nan
553.9492,1.545398e-05,0.0,nan,nan,nan
554.0326,1.545233e-05,0.0,nan,nan,nan
554.1164,1.545119e-05,0.0,nan,nan,nan
554.2001,1.545234e-05,0.0,nan,nan,nan
554.2838,1.545258e-05,0.0,nan,nan,nan
554.3677,1.544952e-05,0.0,nan,nan,nan
554.4512,1.54496e-05,0.0,nan,nan,nan
554.5347,1.545163e-05,0.0,nan,nan,nan
554.6187,1.545349e-05,0.0,nan,nan,nan
554.7025,1.545107e-05,0.0,nan,nan,nan
554.7864,1.545183e-05,0.0,nan,nan,nan
554.885,1.545187e-05,0.0,nan,nan,nan
554.9686,1.545429e-05,0.0,nan,nan,nan
555.0521,1.545406e-05,0.0,nan,nan,nan
555.1359,1.545155e-05,0.0,nan,nan,nan
555.2196,1.544932e-05,0.0,nan,nan,nan
555.3033,1.544911e-05,0.0,nan,nan,nan
555.3872,1.545196e-05,0.0,nan,nan,nan
555.4722,1.545512e-05,0.0,nan,nan,nan
555.5559,1.545082e-05,0.0,nan,nan,nan
555.6394,1.544836e-05,0.0,nan,nan,nan
555.7229,1.545068e-05,0.0,nan,nan,nan
555.8404,1.544663e-05,0.0,nan,nan,nan
555.9243,1.544851e-05,0.0,nan,nan,nan
556.0079,1.545045e-05,0.0,nan,nan,nan
556.0934,1.545038e-05,0.0,nan,nan,nan
556.1772,1.544949e-05,0.0,nan,nan,nan
556.2607,1.544982e-05,0.0,nan,nan,nan
556.3443,1.544961e-05,0.0,nan,nan,nan
556.4282,1.544916e-05,0.0,nan,nan,nan
556.5184,1.545282e-05,0.0,nan,nan,nan
556.6023,1.544751e-05,0.0,nan,nan,nan
556.686,1.544841e-05,0.0,nan,nan,nan
556.77,1.545108e-05,0.0,nan,nan,nan
556.8537,1.544586e-05,0.0,nan,nan,nan
556.9543,1.544894e-05,0.0,nan,nan,nan
557.0376,1.54494e-05,0.0,nan,nan,nan
557.1222,1.545035e-05,0.0,nan,nan,nan
557.2059,1.545052e-05,0.0,nan,nan,nan
557.2898,1.545225e-05,0.0,nan,nan,nan
557.3735,1.545349e-05,0.0,nan,nan,nan
557.4572,1.545169e-05,0.0,nan,nan,nan
557.5569,1.545219e-05,0.0,nan,nan,nan
557.6407,1.545116e-05,0.0,nan,nan,nan
557.7246,1.544861e-05,0.0,nan,nan,nan
557.8081,1.545067e-05,0.0,nan,nan,nan
557.9218,1.544874e-05,0.0,nan,nan,nan
558.0055,1.54484e-05,0.0,nan,nan,nan
558.0893,1.54505e-05,0.0,nan,nan,nan
558.1733,1.544811e-05,0.0,nan,nan,nan
558.2571,1.54493e-05,0.0,nan,nan,nan
558.3407,1.544408e-05,0.0,nan,nan,nan
558.4247,1.544831e-05,0.0,nan,nan,nan
558.5086,1.545096e-05,0.0,nan,nan,nan
558.5923,1.544763e-05,0.0,nan,nan,nan
558.6761,1.544964e-05,0.0,nan,nan,nan
558.7665,1.545026e-05,0.0,nan,nan,nan
558.8499,1.545277e-05,0.0,nan,nan,nan
558.9334,1.545009e-05,0.0,nan,nan,nan
559.0168,1.545435e-05,0.0,nan,nan,nan
559.1004,1.545194e-05,0.0,nan,nan,nan
559.1849,1.545152e-05,0.0,nan,nan,nan
559.2687,1.544992e-05,0.0,nan,nan,nan
559.3526,1.544911e-05,0.0,nan,nan,nan
559.4362,1.545501e-05,0.0,nan,nan,nan
559.5201,1.544932e-05,0.0,nan,nan,nan
559.604,1.545112e-05,0.0,nan,nan,nan
559.6877,1.544781e-05,0.0,nan,nan,nan
559.7866,1.544673e-05,0.0,nan,nan,nan
559.8704,1.54505e-05,0.0,nan,nan,nan
559.9743,1.544884e-05,0.0,nan,nan,nan
560.0577,1.544961e-05,0.0,nan,nan,nan
560.1415,1.545219e-05,0.0,nan,nan,nan
560.2249,1.544761e-05,0.0,nan,nan,nan
560.3085,1.544931e-05,0.0,nan,nan,nan
560.3921,1.545089e-05,0.0,nan,nan,nan
560.4759,1.545096e-05,0.0,nan,nan,nan
560.5595,1.544772e-05,0.0,nan,nan,nan
560.6432,1.545116e-05,0.0,nan,nan,nan
560.727,1.545004e-05,0.0,nan,nan,nan
560.8164,1.544786e-05,0.0,nan,nan,nan
560.8998,1.544653e-05,0.0,nan,nan,nan
560.9839,1.544936e-05,0.0,nan,nan,nan
561.0675,1.545084e-05,0.0,nan,nan,nan
561.1511,1.544854e-05,0.0,nan,nan,nan
561.2376,1.544662e-05,0.0,nan,nan,nan
561.3215,1.544876e-05,0.0,nan,nan,nan
561.4051,1.544602e-05,0.0,nan,nan,nan
561.489,1.54489e-05,0.0,nan,nan,nan
561.5728,1.545062e-05,0.0,nan,nan,nan
561.6589,1.544674e-05,0.0,nan,nan,nan
561.7427,1.544957e-05,0.0,nan,nan,nan
561.8262,1.544772e-05,0.0,nan,nan,nan
561.9098,1.544355e-05,0.0,nan,nan,nan
562.0093,1.544621e-05,0.0,nan,nan,nan
562.1022,1.544681e-05,0.0,nan,nan,nan
562.1859,1.544647e-05,0.0,nan,nan,nan
562.275,1.544502e-05,0.0,nan,nan,nan
562.3587,1.544407e-05,0.0,nan,nan,nan
562.4425,1.544939e-05,0.0,nan,nan,nan
562.5262,1.544759e-05,0.0,nan,nan,nan
562.6098,1.544836e-05,0.0,nan,nan,nan
562.6937,1.544502e-05,0.0,nan,nan,nan
562.7777,1.544987e-05,0.0,nan,nan,nan
562.8801,1.544726e-05,0.0,nan,nan,nan
562.9639,1.544432e-05,0.0,nan,nan,nan
563.0479,1.544237e-05,0.0,nan,nan,nan
563.1317,1.544434e-05,0.0,nan,nan,nan
563.2156,1.544248e-05,0.0,nan,nan,nan
563.2993,1.544472e-05,0.0,nan,nan,nan
563.383,1.544558e-05,0.0,nan,nan,nan
563.4666,1.544935e-05,0.0,nan,nan,nan
563.5502,1.544729e-05,0.0,nan,nan,nan
563.6339,1.544759e-05,0.0,nan,nan,nan
563.7177,1.544686e-05,0.0,nan,nan,nan
563.8011,1.544852e-05,0.0,nan,nan,nan
563.8848,1.544908e-05,0.0,nan,nan,nan
563.9686,1.545269e-05,0.0,nan,nan,nan
564.0525,1.544678e-05,0.0,nan,nan,nan
564.1361,1.544402e-05,0.0,nan,nan,nan
564.2198,1.544839e-05,0.0,nan,nan,nan
564.3277,1.544477e-05,0.0,nan,nan,nan
564.4117,1.544377e-05,0.0,nan,nan,nan
564.495,1.544446e-05,0.0,nan,nan,nan
564.5787,1.54472e-05,0.0,nan,nan,nan
564.6626,1.545007e-05,0.0,nan,nan,nan
564.7461,1.545029e-05,0.0,nan,nan,nan
564.8301,1.544919e-05,0.0,nan,nan,nan
564.9139,1.544713e-05,0.0,nan,nan,nan
564.9978,1.544945e-05,0.0,nan,nan,nan
565.0816,1.544699e-05,0.0,nan,nan,nan
565.1652,1.544721e-05,0.0,nan,nan,nan
565.2485,1.544569e-05,0.0,nan,nan,nan
565.351,1.544942e-05,0.0,nan,nan,nan
565.4345,1.544475e-05,0.0,nan,nan,nan
565.518,1.544769e-05,0.0,nan,nan,nan
565.6017,1.544883e-05,0.0,nan,nan,nan
565.6856,1.544536e-05,0.0,nan,nan,nan
565.7708,1.545023e-05,0.0,nan,nan,nan
565.8545,1.544935e-05,0.0,nan,nan,nan
565.938,1.544639e-05,0.0,nan,nan,nan
566.0218,1.544509e-05,0.0,nan,nan,nan
566.1056,1.544532e-05,0.0,nan,nan,nan
566.1911,1.544725e-05,0.0,nan,nan,nan
566.2744,1.544512e-05,0.0,nan,nan,nan
566.3592,1.544571e-05,0.0,nan,nan,nan
566.4431,1.544382e-05,0.0,nan,nan,nan
566.5267,1.544656e-05,0.0,nan,nan,nan
566.6105,1.544717e-05,0.0,nan,nan,nan
566.6943,1.544697e-05,0.0,nan,nan,nan
566.7907,1.545145e-05,0.0,nan,nan,nan
566.8743,1.544522e-05,0.0,nan,nan,nan
566.9586,1.544795e-05,0.0,nan,nan,nan
567.0423,1.545075e-05,0.0,nan,nan,nan
567.1257,1.545349e-05,0.0,nan,nan,nan
567.2206,1.544755e-05,0.0,nan,nan,nan
567.3043,1.54443e-05,0.0,nan,nan,nan
567.3879,1.544756e-05,0.0,nan,nan,nan
567.4717,1.544685e-05,0.0,nan,nan,nan
567.5556,1.544717e-05,0.0,nan,nan,nan
567.6404,1.544619e-05,0.0,nan,nan,nan
567.7243,1.54485e-05,0.0,nan,nan,nan
567.8248,1.544986e-05,0.0,nan,nan,nan
567.9082,1.545248e-05,0.0,nan,nan,nan
567.9916,1.545273e-05,0.0,nan,nan,nan
568.0753,1.544573e-05,0.0,nan,nan,nan
568.159,1.544652e-05,0.0,nan,nan,nan
568.3204,1.544986e-05,0.0,nan,nan,nan
568.424,1.544703e-05,0.0,nan,nan,nan
568.5075,1.544569e-05,0.0,nan,nan,nan
568.5919,1.544739e-05,0.0,nan,nan,nan
568.6757,1.545048e-05,0.0,nan,nan,nan
568.7594,1.544763e-05,0.0,nan,nan,nan
568.843,1.544589e-05,0.0,nan,nan,nan
568.9265,1.544602e-05,0.0,nan,nan,nan
569.01,1.544809e-05,0.0,nan,nan,nan
569.0937,1.54432e-05,0.0,nan,nan,nan
569.1774,1.544645e-05,0.0,nan,nan,nan
569.261,1.544478e-05,0.0,nan,nan,nan
569.3445,1.544784e-05,0.0,nan,nan,nan
569.4279,1.5445e-05,0.0,nan,nan,nan
569.5117,1.54458e-05,0.0,nan,nan,nan
569.5951,1.544765e-05,0.0,nan,nan,nan
569.6789,1.545087e-05,0.0,nan,nan,nan
569.7626,1.544635e-05,0.0,nan,nan,nan
569.8582,1.545078e-05,0.0,nan,nan,nan
569.9417,1.545267e-05,0.0,nan,nan,nan
570.0435,1.545137e-05,0.0,nan,nan,nan
570.1272,1.54496e-05,0.0,nan,nan,nan
570.2112,1.545026e-05,0.0,nan,nan,nan
570.295,1.545319e-05,0.0,nan,nan,nan
570.3817,1.545052e-05,0.0,nan,nan,nan
570.4663,1.54524e-05,0.0,nan,nan,nan
570.5497,1.544924e-05,0.0,nan,nan,nan
570.6347,1.54544e-05,0.0,nan,nan,nan
570.7184,1.545109e-05,0.0,nan,nan,nan
570.8022,1.545289e-05,0.0,nan,nan,nan
570.8861,1.545324e-05,0.0,nan,nan,nan
570.9697,1.544684e-05,0.0,nan,nan,nan
571.0723,1.544816e-05,0.0,nan,nan,nan
571.156,1.545284e-05,0.0,nan,nan,nan
571.2402,1.545037e-05,0.0,nan,nan,nan
571.3238,1.544889e-05,0.0,nan,nan,nan
571.4078,1.545048e-05,0.0,nan,nan,nan
571.4914,1.544522e-05,0.0,nan,nan,nan
571.5752,1.545026e-05,0.0,nan,nan,nan
571.6588,1.544501e-05,0.0,nan,nan,nan
571.7427,1.544656e-05,0.0,nan,nan,nan
571.8276,1.544496e-05,0.0,nan,nan,nan
571.9113,1.545099e-05,0.0,nan,nan,nan
571.9951,1.544759e-05,0.0,nan,nan,nan
572.0925,1.544833e-05,0.0,nan,nan,nan
572.176,1.544615e-05,0.0,nan,nan,nan
572.2596,1.545141e-05,0.0,nan,nan,nan
572.3436,1.544622e-05,0.0,nan,nan,nan
572.4491,1.544521e-05,0.0,nan,nan,nan
572.5327,1.544564e-05,0.0,nan,nan,nan
572.6165,1.544543e-05,0.0,nan,nan,nan
572.7189,1.544473e-05,0.0,nan,nan,nan
572.8026,1.545068e-05,0.0,nan,nan,nan
572.8862,1.544965e-05,0.0,nan,nan,nan
572.9699,1.54486e-05,0.0,nan,nan,nan
573.0535,1.544563e-05,0.0,nan,nan,nan
573.1375,1.544633e-05,0.0,nan,nan,nan
573.2215,1.544434e-05,0.0,nan,nan,nan
573.3233,1.544649e-05,0.0,nan,nan,nan
573.4069,1.544548e-05,0.0,nan,nan,nan
573.4904,1.544755e-05,0.0,nan,nan,nan
573.5741,1.54502e-05,0.0,nan,nan,nan
573.6576,1.544932e-05,0.0,nan,nan,nan
573.7412,1.545263e-05,0.0,nan,nan,nan
573.8247,1.545059e-05,0.0,nan,nan,nan
573.9098,1.545131e-05,0.0,nan,nan,nan
573.9938,1.54518e-05,0.0,nan,nan,nan
574.0777,1.544699e-05,0.0,nan,nan,nan
574.1613,1.545213e-05,0.0,nan,nan,nan
574.2448,1.545366e-05,0.0,nan,nan,nan
574.3312,1.545058e-05,0.0,nan,nan,nan
574.4148,1.545083e-05,0.0,nan,nan,nan
574.5256,1.544701e-05,0.0,nan,nan,nan
574.6094,1.544748e-05,0.0,nan,nan,nan
574.6931,1.544727e-05,0.0,nan,nan,nan
574.7768,1.544815e-05,0.0,nan,nan,nan
574.8607,1.544856e-05,0.0,nan,nan,nan
574.9459,1.544741e-05,0.0,nan,nan,nan
575.0296,1.544825e-05,0.0,nan,nan,nan
575.1133,1.544656e-05,0.0,nan,nan,nan
575.197,1.544306e-05,0.0,nan,nan,nan
575.2806,1.544762e-05,0.0,nan,nan,nan
575.3644,1.544715e-05,0.0,nan,nan,nan
575.4479,1.545014e-05,0.0,nan,nan,nan
575.5323,1.544871e-05,0.0,nan,nan,nan
575.6158,1.544431e-05,0.0,nan,nan,nan
575.6997,1.544684e-05,0.0,nan,nan,nan
575.7833,1.5449e-05,0.0,nan,nan,nan
575.8669,1.544754e-05,0.0,nan,nan,nan
575.9506,1.544601e-05,0.0,nan,nan,nan
576.0344,1.544714e-05,0.0,nan,nan,nan
576.1182,1.544678e-05,0.0,nan,nan,nan
576.2018,1.544058e-05,0.0,nan,nan,nan
576.2854,1.544504e-05,0.0,nan,nan,nan
576.3828,1.544876e-05,0.0,nan,nan,nan
576.4664,1.544446e-05,0.0,nan,nan,nan
576.5659,1.544926e-05,0.0,nan,nan,nan
576.6496,1.544616e-05,0.0,nan,nan,nan
576.7331,1.54489e-05,0.0,nan,nan,nan
576.817,1.545158e-05,0.0,nan,nan,nan
576.9008,1.544679e-05,0.0,nan,nan,nan
576.9849,1.54521e-05,0.0,nan,nan,nan
577.0686,1.544454e-05,0.0,nan,nan,nan
577.1522,1.544401e-05,0.0,nan,nan,nan
577.2358,1.54474e-05,0.0,nan,nan,nan
577.3197,1.544606e-05,0.0,nan,nan,nan
577.4033,1.54476e-05,0.0,nan,nan,nan
577.4871,1.544423e-05,0.0,nan,nan,nan
577.5707,1.544572e-05,0.0,nan,nan,nan
577.6546,1.544653e-05,0.0,nan,nan,nan
577.7385,1.544868e-05,0.0,nan,nan,nan
577.8224,1.544839e-05,0.0,nan,nan,nan
577.9062,1.544813e-05,0.0,nan,nan,nan
577.9957,1.544972e-05,0.0,nan,nan,nan
578.0796,1.54486e-05,0.0,nan,nan,nan
578.1635,1.544716e-05,0.0,nan,nan,nan
578.2473,1.544575e-05,0.0,nan,nan,nan
578.3312,1.544922e-05,0.0,nan,nan,nan
578.4147,1.545108e-05,0.0,nan,nan,nan
578.4984,1.544876e-05,0.0,nan,nan,nan
578.5841,1.54453e-05,0.0,nan,nan,nan
578.6769,1.544766e-05,0.0,nan,nan,nan
578.7606,1.544547e-05,0.0,nan,nan,nan
578.8446,1.544521e-05,0.0,nan,nan,nan
578.9284,1.544559e-05,0.0,nan,nan,nan
579.0234,1.544943e-05,0.0,nan,nan,nan
579.1073,1.545088e-05,0.0,nan,nan,nan
579.1909,1.544774e-05,0.0,nan,nan,nan
579.2744,1.545557e-05,0.0,nan,nan,nan
579.3579,1.545542e-05,0.0,nan,nan,nan
579.4417,1.545585e-05,0.0,nan,nan,nan
579.5252,1.545544e-05,0.0,nan,nan,nan
579.6383,1.545445e-05,0.0,nan,nan,nan
579.7222,1.545114e-05,0.0,nan,nan,nan
579.8056,1.544984e-05,0.0,nan,nan,nan
579.8893,1.545229e-05,0.0,nan,nan,nan
579.9732,1.544756e-05,0.0,nan,nan,nan
580.057,1.544946e-05,0.0,nan,nan,nan
580.1409,1.545304e-05,0.0,nan,nan,nan
580.2246,1.544958e-05,0.0,nan,nan,nan
580.3082,1.544383e-05,0.0,nan,nan,nan
580.3921,1.544796e-05,0.0,nan,nan,nan
580.4756,1.544717e-05,0.0,nan,nan,nan
580.5592,1.544348e-05,0.0,nan,nan,nan
580.6628,1.544805e-05,0.0,nan,nan,nan
580.7467,1.544665e-05,0.0,nan,nan,nan
580.8301,1.544568e-05,0.0,nan,nan,nan
580.914,1.544585e-05,0.0,nan,nan,nan
580.9979,1.544473e-05,0.0,nan,nan,nan
581.0815,1.54479e-05,0.0,nan,nan,nan
581.1653,1.544861e-05,0.0,nan,nan,nan
581.2492,1.544655e-05,0.0,nan,nan,nan
581.3326,1.544726e-05,0.0,nan,nan,nan
581.4163,1.545119e-05,0.0,nan,nan,nan
581.4998,1.544791e-05,0.0,nan,nan,nan
581.5837,1.544804e-05,0.0,nan,nan,nan
581.677,1.544752e-05,0.0,nan,nan,nan
581.7608,1.544736e-05,0.0,nan,nan,nan
581.8445,1.544638e-05,0.0,nan,nan,nan
581.9284,1.544841e-05,0.0,nan,nan,nan
582.0123,1.544357e-05,0.0,nan,nan,nan
582.096,1.544339e-05,0.0,nan,nan,nan
582.1798,1.545201e-05,0.0,nan,nan,nan
582.2874,1.544714e-05,0.0,nan,nan,nan
582.3713,1.545393e-05,0.0,nan,nan,nan
582.455,1.544743e-05,0.0,nan,nan,nan
582.5386,1.544693e-05,0.0,nan,nan,nan
582.6224,1.544644e-05,0.0,nan,nan,nan
582.7224,1.544613e-05,0.0,nan,nan,nan
582.8248,1.544653e-05,0.0,nan,nan,nan
582.9157,1.544608e-05,0.0,nan,nan,nan
582.9993,1.545031e-05,0.0,nan,nan,nan
583.0829,1.544886e-05,0.0,nan,nan,nan
583.1669,1.544725e-05,0.0,nan,nan,nan
583.2506,1.544727e-05,0.0,nan,nan,nan
583.3342,1.54484e-05,0.0,nan,nan,nan
583.418,1.54509e-05,0.0,nan,nan,nan
583.5217,1.544462e-05,0.0,nan,nan,nan
583.6056,1.54455e-05,0.0,nan,nan,nan
583.6892,1.544721e-05,0.0,nan,nan,nan
583.7729,1.544732e-05,0.0,nan,nan,nan
583.8569,1.545214e-05,0.0,nan,nan,nan
583.9495,1.545014e-05,0.0,nan,nan,nan
584.033,1.545098e-05,0.0,nan,nan,nan
584.1169,1.544732e-05,0.0,nan,nan,nan
584.2004,1.544861e-05,0.0,nan,nan,nan
584.2842,1.544914e-05,0.0,nan,nan,nan
584.3678,1.54497e-05,0.0,nan,nan,nan
584.4516,1.544709e-05,0.0,nan,nan,nan
584.535,1.54494e-05,0.0,nan,nan,nan
584.6189,1.545038e-05,0.0,nan,nan,nan
584.7033,1.544914e-05,0.0,nan,nan,nan
584.7869,1.545086e-05,0.0,nan,nan,nan
584.8903,1.544952e-05,0.0,nan,nan,nan
584.9737,1.544856e-05,0.0,nan,nan,nan
585.0576,1.544969e-05,0.0,nan,nan,nan
585.1412,1.544591e-05,0.0,nan,nan,nan
585.2246,1.545151e-05,0.0,nan,nan,nan
585.3088,1.544717e-05,0.0,nan,nan,nan
585.3923,1.544745e-05,0.0,nan,nan,nan
585.4759,1.54526e-05,0.0,nan,nan,nan
585.5739,1.545144e-05,0.0,nan,nan,nan
585.6577,1.544737e-05,0.0,nan,nan,nan
585.7411,1.544782e-05,0.0,nan,nan,nan
585.8248,1.544549e-05,0.0,nan,nan,nan
585.9086,1.544383e-05,0.0,nan,nan,nan
585.9922,1.544942e-05,0.0,nan,nan,nan
586.0759,1.544859e-05,0.0,nan,nan,nan
586.1848,1.544556e-05,0.0,nan,nan,nan
586.2685,1.544949e-05,0.0,nan,nan,nan
586.3519,1.544852e-05,0.0,nan,nan,nan
586.4354,1.544793e-05,0.0,nan,nan,nan
586.519,1.545004e-05,0.0,nan,nan,nan
586.6024,1.545181e-05,0.0,nan,nan,nan
586.6859,1.544725e-05,0.0,nan,nan,nan
586.7857,1.544917e-05,0.0,nan,nan,nan
586.8694,1.544792e-05,0.0,nan,nan,nan
586.9737,1.54503e-05,0.0,nan,nan,nan
587.0572,1.544612e-05,0.0,nan,nan,nan
587.1414,1.544814e-05,0.0,nan,nan,nan
587.2248,1.544808e-05,0.0,nan,nan,nan
587.3083,1.544739e-05,0.0,nan,nan,nan
587.3993,1.544645e-05,0.0,nan,nan,nan
587.4831,1.54497e-05,0.0,nan,nan,nan
587.5673,1.54514e-05,0.0,nan,nan,nan
587.6509,1.544785e-05,0.0,nan,nan,nan
587.7347,1.544535e-05,0.0,nan,nan,nan
587.8183,1.544372e-05,0.0,nan,nan,nan
587.902,1.544757e-05,0.0,nan,nan,nan
588.0062,1.544826e-05,0.0,nan,nan,nan
588.09,1.545079e-05,0.0,nan,nan,nan
588.1753,1.545286e-05,0.0,nan,nan,nan
588.2588,1.544821e-05,0.0,nan,nan,nan
588.3423,1.545135e-05,0.0,nan,nan,nan
588.426,1.545094e-05,0.0,nan,nan,nan
588.5095,1.545535e-05,0.0,nan,nan,nan
588.5932,1.545187e-05,0.0,nan,nan,nan
588.677,1.545096e-05,0.0,nan,nan,nan
588.7604,1.54537e-05,0.0,nan,nan,nan
588.844,1.545679e-05,0.0,nan,nan,nan
588.9279,1.545398e-05,0.0,nan,nan,nan
589.0299,1.545195e-05,0.0,nan,nan,nan
589.1136,1.545523e-05,0.0,nan,nan,nan
589.1976,1.545183e-05,0.0,nan,nan,nan
589.2811,1.545152e-05,0.0,nan,nan,nan
589.3648,1.545249e-05,0.0,nan,nan,nan
589.4487,1.544817e-05,0.0,nan,nan,nan
589.5324,1.545409e-05,0.0,nan,nan,nan
589.6297,1.545471e-05,0.0,nan,nan,nan
589.7135,1.54541e-05,0.0,nan,nan,nan
589.7977,1.545257e-05,0.0,nan,nan,nan
589.8816,1.545474e-05,0.0,nan,nan,nan
589.9654,1.545422e-05,0.0,nan,nan,nan
590.0488,1.545611e-05,0.0,nan,nan,nan
590.1323,1.545217e-05,0.0,nan,nan,nan
590.2363,1.545405e-05,0.0,nan,nan,nan
590.3201,1.545232e-05,0.0,nan,nan,nan
590.4036,1.545345e-05,0.0,nan,nan,nan
590.4875,1.54532e-05,0.0,nan,nan,nan
590.5711,1.544909e-05,0.0,nan,nan,nan
590.6733,1.544945e-05,0.0,nan,nan,nan
590.7572,1.545231e-05,0.0,nan,nan,nan
590.8414,1.545047e-05,0.0,nan,nan,nan
590.9251,1.545677e-05,0.0,nan,nan,nan
591.0087,1.545398e-05,0.0,nan,nan,nan
591.127,1.544919e-05,0.0,nan,nan,nan
591.2107,1.545245e-05,0.0,nan,nan,nan
591.2943,1.544836e-05,0.0,nan,nan,nan
591.3778,1.545132e-05,0.0,nan,nan,nan
591.4808,1.544918e-05,0.0,nan,nan,nan
591.5644,1.544972e-05,0.0,nan,nan,nan
591.6708,1.545091e-05,0.0,nan,nan,nan
591.7546,1.544634e-05,0.0,nan,nan,nan
591.838,1.544932e-05,0.0,nan,nan,nan
591.9217,1.545052e-05,0.0,nan,nan,nan
592.0054,1.545046e-05,0.0,nan,nan,nan
592.089,1.545165e-05,0.0,nan,nan,nan
592.1728,1.545087e-05,0.0,nan,nan,nan
592.2695,1.545144e-05,0.0,nan,nan,nan
592.353,1.544978e-05,0.0,nan,nan,nan
592.4367,1.545345e-05,0.0,nan,nan,nan
592.5203,1.544835e-05,0.0,nan,nan,nan
592.6042,1.545322e-05,0.0,nan,nan,nan
592.6903,1.545217e-05,0.0,nan,nan,nan
592.774,1.545168e-05,0.0,nan,nan,nan
592.8574,1.545149e-05,0.0,nan,nan,nan
592.941,1.544806e-05,0.0,nan,nan,nan
593.0258,1.545219e-05,0.0,nan,nan,nan
593.1096,1.545057e-05,0.0,nan,nan,nan
593.2033,1.545003e-05,0.0,nan,nan,nan
593.2931,1.545089e-05,0.0,nan,nan,nan
593.3768,1.544956e-05,0.0,nan,nan,nan
593.4605,1.545128e-05,0.0,nan,nan,nan
593.544,1.54509e-05,0.0,nan,nan,nan
593.6278,1.545077e-05,0.0,nan,nan,nan
593.7255,1.544784e-05,0.0,nan,nan,nan
593.809,1.545038e-05,0.0,nan,nan,nan
593.8924,1.544924e-05,0.0,nan,nan,nan
593.9761,1.54509e-05,0.0,nan,nan,nan
594.0598,1.544727e-05,0.0,nan,nan,nan
594.1433,1.544736e-05,0.0,nan,nan,nan
594.2268,1.544712e-05,0.0,nan,nan,nan
594.3229,1.544883e-05,0.0,nan,nan,nan
594.4065,1.544848e-05,0.0,nan,nan,nan
594.4902,1.544964e-05,0.0,nan,nan,nan
594.5736,1.545474e-05,0.0,nan,nan,nan
594.6575,1.544832e-05,0.0,nan,nan,nan
594.7415,1.544483e-05,0.0,nan,nan,nan
594.825,1.544727e-05,0.0,nan,nan,nan
594.9086,1.544794e-05,0.0,nan,nan,nan
594.9921,1.545218e-05,0.0,nan,nan,nan
595.0758,1.544819e-05,0.0,nan,nan,nan
595.1596,1.544801e-05,0.0,nan,nan,nan
595.2595,1.544662e-05,0.0,nan,nan,nan
595.3429,1.544703e-05,0.0,nan,nan,nan
595.4265,1.545048e-05,0.0,nan,nan,nan
595.5101,1.544907e-05,0.0,nan,nan,nan
595.5935,1.544908e-05,0.0,nan,nan,nan
595.677,1.544855e-05,0.0,nan,nan,nan
595.7789,1.544721e-05,0.0,nan,nan,nan
595.8625,1.544931e-05,0.0,nan,nan,nan
595.9763,1.544908e-05,0.0,nan,nan,nan
596.0599,1.545152e-05,0.0,nan,nan,nan
596.1695,1.54497e-05,0.0,nan,nan,nan
596.2531,1.544778e-05,0.0,nan,nan,nan
596.339,1.545004e-05,0.0,nan,nan,nan
596.4225,1.544655e-05,0.0,nan,nan,nan
596.5061,1.544683e-05,0.0,nan,nan,nan
596.59,1.544929e-05,0.0,nan,nan,nan
596.6739,1.544749e-05,0.0,nan,nan,nan
596.7628,1.545283e-05,0.0,nan,nan,nan
596.8469,1.544931e-05,0.0,nan,nan,nan
596.932,1.545004e-05,0.0,nan,nan,nan
597.0157,1.54509e-05,0.0,nan,nan,nan
597.0994,1.54507e-05,0.0,nan,nan,nan
597.1832,1.544853e-05,0.0,nan,nan,nan
597.2666,1.544928e-05,0.0,nan,nan,nan
597.351,1.545093e-05,0.0,nan,nan,nan
597.4345,1.544987e-05,0.0,nan,nan,nan
597.5185,1.54507e-05,0.0,nan,nan,nan
597.6024,1.545146e-05,0.0,nan,nan,nan
597.6863,1.544793e-05,0.0,nan,nan,nan
597.7714,1.544967e-05,0.0,nan,nan,nan
597.8552,1.545062e-05,0.0,nan,nan,nan
597.9388,1.545179e-05,0.0,nan,nan,nan
598.0226,1.545037e-05,0.0,nan,nan,nan
598.1062,1.544618e-05,0.0,nan,nan,nan
598.1899,1.544842e-05,0.0,nan,nan,nan
598.2736,1.544816e-05,0.0,nan,nan,nan
598.3585,1.544851e-05,0.0,nan,nan,nan
598.4421,1.544898e-05,0.0,nan,nan,nan
598.5259,1.545495e-05,0.0,nan,nan,nan
598.6097,1.545091e-05,0.0,nan,nan,nan
598.6935,1.544647e-05,0.0,nan,nan,nan
598.7846,1.54499e-05,0.0,nan,nan,nan
598.8683,1.545025e-05,0.0,nan,nan,nan
598.952,1.544716e-05,0.0,nan,nan,nan
599.0358,1.544976e-05,0.0,nan,nan,nan
599.1195,1.545059e-05,0.0,nan,nan,nan
599.2122,1.544693e-05,0.0,nan,nan,nan
599.2961,1.544591e-05,0.0,nan,nan,nan
599.3814,1.544933e-05,0.0,nan,nan,nan
599.465,1.544858e-05,0.0,nan,nan,nan
599.5486,1.544739e-05,0.0,nan,nan,nan
599.6324,1.544584e-05,0.0,nan,nan,nan
599.7159,1.544822e-05,0.0,nan,nan,nan
599.8202,1.544632e-05,0.0,nan,nan,nan
599.9041,1.544655e-05,0.0,nan,nan,nan
599.989,1.544751e-05,0.0,nan,nan,nan
600.0728,1.544867e-05,0.0,nan,nan,nan
600.1568,1.544647e-05,0.0,nan,nan,nan
600.2534,1.545007e-05,0.0,nan,nan,nan
600.3373,1.544958e-05,0.0,nan,nan,nan
600.4409,1.544857e-05,0.0,nan,nan,nan
600.5245,1.544499e-05,0.0,nan,nan,nan
600.608,1.544502e-05,0.0,nan,nan,nan
600.6915,1.544593e-05,0.0,nan,nan,nan
600.7755,1.544538e-05,0.0,nan,nan,nan
600.8592,1.544783e-05,0.0,nan,nan,nan
600.9428,1.544691e-05,0.0,nan,nan,nan
601.0371,1.54474e-05,0.0,nan,nan,nan
601.121,1.544714e-05,0.0,nan,nan,nan
601.2045,1.544809e-05,0.0,nan,nan,nan
601.2882,1.545229e-05,0.0,nan,nan,nan
601.3719,1.544902e-05,0.0,nan,nan,nan
601.4562,1.545383e-05,0.0,nan,nan,nan
601.5402,1.544868e-05,0.0,nan,nan,nan
601.6236,1.544894e-05,0.0,nan,nan,nan
601.7073,1.544584e-05,0.0,nan,nan,nan
601.7911,1.544683e-05,0.0,nan,nan,nan
601.8783,1.54454e-05,0.0,nan,nan,nan
601.962,1.545015e-05,0.0,nan,nan,nan
602.0715,1.54472e-05,0.0,nan,nan,nan
602.1555,1.545189e-05,0.0,nan,nan,nan
602.2388,1.545126e-05,0.0,nan,nan,nan
602.3226,1.544816e-05,0.0,nan,nan,nan
602.4064,1.544768e-05,0.0,nan,nan,nan
602.4906,1.544693e-05,0.0,nan,nan,nan
602.574,1.545335e-05,0.0,nan,nan,nan
602.6575,1.545135e-05,0.0,nan,nan,nan
602.7412,1.545464e-05,0.0,nan,nan,nan
602.8253,1.544794e-05,0.0,nan,nan,nan
602.9087,1.544874e-05,0.0,nan,nan,nan
602.9925,1.545042e-05,0.0,nan,nan,nan
603.0835,1.544838e-05,0.0,nan,nan,nan
603.167,1.544815e-05,0.0,nan,nan,nan
603.2504,1.545082e-05,0.0,nan,nan,nan
603.3341,1.544733e-05,0.0,nan,nan,nan
603.4177,1.545093e-05,0.0,nan,nan,nan
603.5073,1.545211e-05,0.0,nan,nan,nan
603.5909,1.545065e-05,0.0,nan,nan,nan
603.6743,1.54465e-05,0.0,nan,nan,nan
603.7579,1.54496e-05,0.0,nan,nan,nan
603.8414,1.544503e-05,0.0,nan,nan,nan
603.925,1.545032e-05,0.0,nan,nan,nan
604.0086,1.545331e-05,0.0,nan,nan,nan
604.0926,1.544745e-05,0.0,nan,nan,nan
604.1762,1.54485e-05,0.0,nan,nan,nan
604.2596,1.545025e-05,0.0,nan,nan,nan
604.3431,1.544628e-05,0.0,nan,nan,nan
604.4269,1.544841e-05,0.0,nan,nan,nan
604.5178,1.545101e-05,0.0,nan,nan,nan
604.6013,1.544685e-05,0.0,nan,nan,nan
604.6851,1.544952e-05,0.0,nan,nan,nan
604.7689,1.544727e-05,0.0,nan,nan,nan
604.8526,1.544846e-05,0.0,nan,nan,nan
604.9368,1.544875e-05,0.0,nan,nan,nan
605.0205,1.544718e-05,0.0,nan,nan,nan
605.1063,1.544793e-05,0.0,nan,nan,nan
605.1899,1.545055e-05,0.0,nan,nan,nan
605.2743,1.544936e-05,0.0,nan,nan,nan
605.3578,1.544231e-05,0.0,nan,nan,nan
605.4415,1.544928e-05,0.0,nan,nan,nan
605.5726,1.544589e-05,0.0,nan,nan,nan
605.6565,1.545174e-05,0.0,nan,nan,nan
605.7449,1.545018e-05,0.0,nan,nan,nan
605.8287,1.544737e-05,0.0,nan,nan,nan
605.9123,1.544608e-05,0.0,nan,nan,nan
605.996,1.545153e-05,0.0,nan,nan,nan
606.08,1.545095e-05,0.0,nan,nan,nan
606.169,1.545428e-05,0.0,nan,nan,nan
606.2527,1.545323e-05,0.0,nan,nan,nan
606.3361,1.545423e-05,0.0,nan,nan,nan
606.4197,1.54516e-05,0.0,nan,nan,nan
606.5036,1.54532e-05,0.0,nan,nan,nan
606.5876,1.545055e-05,0.0,nan,nan,nan
606.6714,1.544909e-05,0.0,nan,nan,nan
606.755,1.545023e-05,0.0,nan,nan,nan
606.8388,1.544574e-05,0.0,nan,nan,nan
606.9227,1.544937e-05,0.0,nan,nan,nan
607.0064,1.544596e-05,0.0,nan,nan,nan
607.09,1.544793e-05,0.0,nan,nan,nan
607.1792,1.544924e-05,0.0,nan,nan,nan
607.2631,1.545308e-05,0.0,nan,nan,nan
607.3467,1.544873e-05,0.0,nan,nan,nan
607.4308,1.544906e-05,0.0,nan,nan,nan
607.5143,1.544751e-05,0.0,nan,nan,nan
607.6075,1.544538e-05,0.0,nan,nan,nan
607.6909,1.544715e-05,0.0,nan,nan,nan
607.7744,1.544835e-05,0.0,nan,nan,nan
607.8582,1.545001e-05,0.0,nan,nan,nan
607.9421,1.544877e-05,0.0,nan,nan,nan
608.0258,1.544937e-05,0.0,nan,nan,nan
608.1096,1.544868e-05,0.0,nan,nan,nan
608.2185,1.545057e-05,0.0,nan,nan,nan
608.3022,1.544688e-05,0.0,nan,nan,nan
608.3857,1.544988e-05,0.0,nan,nan,nan
608.4694,1.545297e-05,0.0,nan,nan,nan
608.5533,1.545031e-05,0.0,nan,nan,nan
608.6372,1.545372e-05,0.0,nan,nan,nan
608.7208,1.545295e-05,0.0,nan,nan,nan
608.8156,1.545148e-05,0.0,nan,nan,nan
608.8992,1.545664e-05,0.0,nan,nan,nan
608.9826,1.545386e-05,0.0,nan,nan,nan
609.0662,1.545731e-05,0.0,nan,nan,nan
609.1497,1.545497e-05,0.0,nan,nan,nan
609.2334,1.545059e-05,0.0,nan,nan,nan
609.317,1.544862e-05,0.0,nan,nan,nan
609.4004,1.545466e-05,0.0,nan,nan,nan
609.4839,1.545018e-05,0.0,nan,nan,nan
609.5678,1.54473e-05,0.0,nan,nan,nan
609.6737,1.544811e-05,0.0,nan,nan,nan
609.7572,1.544773e-05,0.0,nan,nan,nan
609.8409,1.54494e-05,0.0,nan,nan,nan
609.9247,1.544896e-05,0.0,nan,nan,nan
610.0082,1.545039e-05,0.0,nan,nan,nan
610.0921,1.545164e-05,0.0,nan,nan,nan
610.1759,1.545262e-05,0.0,nan,nan,nan
610.2622,1.545247e-05,0.0,nan,nan,nan
610.3459,1.545403e-05,0.0,nan,nan,nan
610.4329,1.545719e-05,0.0,nan,nan,nan
610.5167,1.545346e-05,0.0,nan,nan,nan
610.6004,1.545244e-05,0.0,nan,nan,nan
610.6841,1.54558e-05,0.0,nan,nan,nan
610.7678,1.545534e-05,0.0,nan,nan,nan
610.8716,1.545686e-05,0.0,nan,nan,nan
610.9554,1.545055e-05,0.0,nan,nan,nan
611.04,1.545462e-05,0.0,nan,nan,nan
611.1237,1.545163e-05,0.0,nan,nan,nan
611.2076,1.545677e-05,0.0,nan,nan,nan
611.2914,1.545322e-05,0.0,nan,nan,nan
611.3748,1.545332e-05,0.0,nan,nan,nan
611.4585,1.545301e-05,0.0,nan,nan,nan
611.5419,1.545593e-05,0.0,nan,nan,nan
611.6256,1.545026e-05,0.0,nan,nan,nan
611.7571,1.544938e-05,0.0,nan,nan,nan
611.8411,1.544778e-05,0.0,nan,nan,nan
611.9246,1.544892e-05,0.0,nan,nan,nan
612.0083,1.544633e-05,0.0,nan,nan,nan
612.0918,1.54505e-05,0.0,nan,nan,nan
612.1757,1.544858e-05,0.0,nan,nan,nan
612.2593,1.545527e-05,0.0,nan,nan,nan
612.3431,1.544956e-05,0.0,nan,nan,nan
612.4267,1.545288e-05,0.0,nan,nan,nan
612.5103,1.545029e-05,0.0,nan,nan,nan
612.5941,1.545246e-05,0.0,nan,nan,nan
612.6777,1.54547e-05,0.0,nan,nan,nan
612.7615,1.545303e-05,0.0,nan,nan,nan
612.8453,1.544868e-05,0.0,nan,nan,nan
612.9289,1.545287e-05,0.0,nan,nan,nan
613.0127,1.545292e-05,0.0,nan,nan,nan
613.0988,1.545166e-05,0.0,nan,nan,nan
613.1828,1.545122e-05,0.0,nan,nan,nan
613.2665,1.544779e-05,0.0,nan,nan,nan
613.3503,1.544521e-05,0.0,nan,nan,nan
613.4339,1.544651e-05,0.0,nan,nan,nan
613.5178,1.545396e-05,0.0,nan,nan,nan
613.6014,1.545278e-05,0.0,nan,nan,nan
613.6852,1.544607e-05,0.0,nan,nan,nan
613.7689,1.544881e-05,0.0,nan,nan,nan
613.8524,1.545056e-05,0.0,nan,nan,nan
613.9361,1.544848e-05,0.0,nan,nan,nan
614.0196,1.544547e-05,0.0,nan,nan,nan
614.1077,1.544569e-05,0.0,nan,nan,nan
614.1913,1.544833e-05,0.0,nan,nan,nan
614.2748,1.544939e-05,0.0,nan,nan,nan
614.3586,1.544494e-05,0.0,nan,nan,nan
614.4422,1.544868e-05,0.0,nan,nan,nan
614.526,1.545146e-05,0.0,nan,nan,nan
614.6098,1.544845e-05,0.0,nan,nan,nan
614.6946,1.545043e-05,0.0,nan,nan,nan
614.7785,1.544915e-05,0.0,nan,nan,nan
614.8622,1.544955e-05,0.0,nan,nan,nan
614.9461,1.544737e-05,0.0,nan,nan,nan
615.0302,1.544809e-05,0.0,nan,nan,nan
615.1317,1.545017e-05,0.0,nan,nan,nan
615.2158,1.545117e-05,0.0,nan,nan,nan
615.2992,1.545369e-05,0.0,nan,nan,nan
615.383,1.545469e-05,0.0,nan,nan,nan
615.4667,1.545465e-05,0.0,nan,nan,nan
615.5503,1.545132e-05,0.0,nan,nan,nan
615.634,1.544829e-05,0.0,nan,nan,nan
615.7176,1.544963e-05,0.0,nan,nan,nan
615.801,1.544981e-05,0.0,nan,nan,nan
615.8908,1.544708e-05,0.0,nan,nan,nan
615.9745,1.545137e-05,0.0,nan,nan,nan
616.0582,1.545081e-05,0.0,nan,nan,nan
616.1426,1.544725e-05,0.0,nan,nan,nan
616.2262,1.544749e-05,0.0,nan,nan,nan
616.3098,1.544903e-05,0.0,nan,nan,nan
616.3932,1.545077e-05,0.0,nan,nan,nan
616.4771,1.545075e-05,0.0,nan,nan,nan
616.5695,1.545155e-05,0.0,nan,nan,nan
616.6532,1.544661e-05,0.0,nan,nan,nan
616.7367,1.544905e-05,0.0,nan,nan,nan
616.8204,1.544986e-05,0.0,nan,nan,nan
616.9042,1.544915e-05,0.0,nan,nan,nan
616.9879,1.545037e-05,0.0,nan,nan,nan
617.0717,1.545084e-05,0.0,nan,nan,nan
617.1555,1.544903e-05,0.0,nan,nan,nan
617.2393,1.545339e-05,0.0,nan,nan,nan
617.3231,1.545229e-05,0.0,nan,nan,nan
617.4069,1.545002e-05,0.0,nan,nan,nan
617.4906,1.545073e-05,0.0,nan,nan,nan
617.5866,1.544895e-05,0.0,nan,nan,nan
617.6705,1.544634e-05,0.0,nan,nan,nan
617.7549,1.544569e-05,0.0,nan,nan,nan
617.8387,1.545089e-05,0.0,nan,nan,nan
617.9225,1.544735e-05,0.0,nan,nan,nan
618.0211,1.54504e-05,0.0,nan,nan,nan
618.1048,1.545324e-05,0.0,nan,nan,nan
618.2099,1.544678e-05,0.0,nan,nan,nan
618.2936,1.544625e-05,0.0,nan,nan,nan
618.3777,1.544984e-05,0.0,nan,nan,nan
618.4617,1.544773e-05,0.0,nan,nan,nan
618.5454,1.544447e-05,0.0,nan,nan,nan
618.6291,1.544472e-05,0.0,nan,nan,nan
618.7129,1.544695e-05,0.0,nan,nan,nan
618.8088,1.545145e-05,0.0,nan,nan,nan
618.8925,1.544815e-05,0.0,nan,nan,nan
618.9763,1.544349e-05,0.0,nan,nan,nan
619.0601,1.544381e-05,0.0,nan,nan,nan
619.1437,1.544418e-05,0.0,nan,nan,nan
619.2282,1.544549e-05,0.0,nan,nan,nan
619.3119,1.544523e-05,0.0,nan,nan,nan
619.417,1.544352e-05,0.0,nan,nan,nan
619.5012,1.54482e-05,0.0,nan,nan,nan
619.5863,1.544831e-05,0.0,nan,nan,nan
619.6702,1.544784e-05,0.0,nan,nan,nan
619.7541,1.544801e-05,0.0,nan,nan,nan
619.8375,1.54469e-05,0.0,nan,nan,nan
619.9213,1.545128e-05,0.0,nan,nan,nan
620.0571,1.544776e-05,0.0,nan,nan,nan
620.1405,1.54438e-05,0.0,nan,nan,nan
620.2375,1.544773e-05,0.0,nan,nan,nan
620.3213,1.544153e-05,0.0,nan,nan,nan
620.4051,1.544942e-05,0.0,nan,nan,nan
620.4889,1.544562e-05,0.0,nan,nan,nan
620.5727,1.545153e-05,0.0,nan,nan,nan
620.6562,1.544785e-05,0.0,nan,nan,nan
620.7401,1.544763e-05,0.0,nan,nan,nan
620.8334,1.544867e-05,0.0,nan,nan,nan
620.9171,1.544877e-05,0.0,nan,nan,nan
621.0006,1.54464e-05,0.0,nan,nan,nan
621.0842,1.54459e-05,0.0,nan,nan,nan
621.1679,1.544733e-05,0.0,nan,nan,nan
621.2605,1.544615e-05,0.0,nan,nan,nan
621.344,1.544755e-05,0.0,nan,nan,nan
621.4295,1.545222e-05,0.0,nan,nan,nan
621.5136,1.544995e-05,0.0,nan,nan,nan
621.5972,1.544892e-05,0.0,nan,nan,nan
621.6807,1.545086e-05,0.0,nan,nan,nan
621.7645,1.545051e-05,0.0,nan,nan,nan
621.8666,1.545194e-05,0.0,nan,nan,nan
621.9503,1.544857e-05,0.0,nan,nan,nan
622.0345,1.545249e-05,0.0,nan,nan,nan
622.1256,1.544944e-05,0.0,nan,nan,nan
622.2092,1.544986e-05,0.0,nan,nan,nan
622.2948,1.544661e-05,0.0,nan,nan,nan
622.3786,1.544976e-05,0.0,nan,nan,nan
622.4724,1.545032e-05,0.0,nan,nan,nan
622.5563,1.544943e-05,0.0,nan,nan,nan
622.6399,1.544782e-05,0.0,nan,nan,nan
622.7238,1.544778e-05,0.0,nan,nan,nan
622.8075,1.544665e-05,0.0,nan,nan,nan
622.8911,1.544397e-05,0.0,nan,nan,nan
622.9745,1.544286e-05,0.0,nan,nan,nan
623.058,1.544682e-05,0.0,nan,nan,nan
623.1418,1.544932e-05,0.0,nan,nan,nan
623.2256,1.544522e-05,0.0,nan,nan,nan
623.3093,1.545025e-05,0.0,nan,nan,nan
623.393,1.545241e-05,0.0,nan,nan,nan
623.4768,1.544987e-05,0.0,nan,nan,nan
623.5604,1.544537e-05,0.0,nan,nan,nan
623.6444,1.54495e-05,0.0,nan,nan,nan
623.728,1.544922e-05,0.0,nan,nan,nan
623.8118,1.544489e-05,0.0,nan,nan,nan
623.8953,1.545229e-05,0.0,nan,nan,nan
623.9792,1.544813e-05,0.0,nan,nan,nan
624.0628,1.545382e-05,0.0,nan,nan,nan
624.1585,1.545219e-05,0.0,nan,nan,nan
624.2421,1.545045e-05,0.0,nan,nan,nan
624.3256,1.545071e-05,0.0,nan,nan,nan
624.4093,1.545248e-05,0.0,nan,nan,nan
624.4927,1.545031e-05,0.0,nan,nan,nan
624.5766,1.545261e-05,0.0,nan,nan,nan
624.6604,1.545309e-05,0.0,nan,nan,nan
624.744,1.544851e-05,0.0,nan,nan,nan
624.8277,1.54521e-05,0.0,nan,nan,nan
624.9325,1.544987e-05,0.0,nan,nan,nan
625.016,1.545163e-05,0.0,nan,nan,nan
625.0996,1.544709e-05,0.0,nan,nan,nan
625.1833,1.544519e-05,0.0,nan,nan,nan
625.2671,1.544765e-05,0.0,nan,nan,nan
625.3507,1.545165e-05,0.0,nan,nan,nan
625.4344,1.54494e-05,0.0,nan,nan,nan
625.5398,1.54497e-05,0.0,nan,nan,nan
625.6237,1.544535e-05,0.0,nan,nan,nan
625.7076,1.544538e-05,0.0,nan,nan,nan
625.7912,1.544634e-05,0.0,nan,nan,nan
625.8748,1.545025e-05,0.0,nan,nan,nan
625.9785,1.544905e-05,0.0,nan,nan,nan
626.0624,1.544434e-05,0.0,nan,nan,nan
626.1464,1.544646e-05,0.0,nan,nan,nan
626.2737,1.544504e-05,0.0,nan,nan,nan
626.3682,1.544918e-05,0.0,nan,nan,nan
626.4519,1.544926e-05,0.0,nan,nan,nan
626.5357,1.544685e-05,0.0,nan,nan,nan
626.6194,1.544453e-05,0.0,nan,nan,nan
626.703,1.544794e-05,0.0,nan,nan,nan
626.7866,1.545101e-05,0.0,nan,nan,nan
626.8705,1.544954e-05,0.0,nan,nan,nan
626.9542,1.545183e-05,0.0,nan,nan,nan
627.0376,1.544646e-05,0.0,nan,nan,nan
627.1214,1.544649e-05,0.0,nan,nan,nan
627.2051,1.544724e-05,0.0,nan,nan,nan
627.2888,1.544731e-05,0.0,nan,nan,nan
627.3868,1.544779e-05,0.0,nan,nan,nan
627.4706,1.544528e-05,0.0,nan,nan,nan
627.5543,1.544502e-05,0.0,nan,nan,nan
627.6379,1.544957e-05,0.0,nan,nan,nan
627.7218,1.544865e-05,0.0,nan,nan,nan
627.8052,1.544894e-05,0.0,nan,nan,nan
627.8892,1.544715e-05,0.0,nan,nan,nan
627.9728,1.544805e-05,0.0,nan,nan,nan
628.0567,1.544644e-05,0.0,nan,nan,nan
628.1404,1.544429e-05,0.0,nan,nan,nan
628.2241,1.545041e-05,0.0,nan,nan,nan
628.3405,1.544406e-05,0.0,nan,nan,nan
628.4241,1.544667e-05,0.0,nan,nan,nan
628.5076,1.544587e-05,0.0,nan,nan,nan
628.6045,1.544865e-05,0.0,nan,nan,nan
628.6883,1.544964e-05,0.0,nan,nan,nan
628.7718,1.544613e-05,0.0,nan,nan,nan
628.8557,1.544419e-05,0.0,nan,nan,nan
628.9396,1.544722e-05,0.0,nan,nan,nan
629.0233,1.545039e-05,0.0,nan,nan,nan
629.1071,1.544847e-05,0.0,nan,nan,nan
629.1905,1.544593e-05,0.0,nan,nan,nan
629.2742,1.54465e-05,0.0,nan,nan,nan
629.3579,1.544666e-05,0.0,nan,nan,nan
629.4412,1.544892e-05,0.0,nan,nan,nan
629.5248,1.544924e-05,0.0,nan,nan,nan
629.6081,1.544887e-05,0.0,nan,nan,nan
629.6917,1.544684e-05,0.0,nan,nan,nan
629.7758,1.54493e-05,0.0,nan,nan,nan
629.8594,1.544988e-05,0.0,nan,nan,nan
629.9432,1.544642e-05,0.0,nan,nan,nan
630.0446,1.544632e-05,0.0,nan,nan,nan
630.1283,1.544797e-05,0.0,nan,nan,nan
630.2131,1.544648e-05,0.0,nan,nan,nan
630.2971,1.544732e-05,0.0,nan,nan,nan
630.4238,1.545091e-05,0.0,nan,nan,nan
630.5075,1.544839e-05,0.0,nan,nan,nan
630.5912,1.544497e-05,0.0,nan,nan,nan
630.6748,1.544776e-05,0.0,nan,nan,nan
630.7583,1.545095e-05,0.0,nan,nan,nan
630.8417,1.544779e-05,0.0,nan,nan,nan
630.9253,1.544792e-05,0.0,nan,nan,nan
631.009,1.544828e-05,0.0,nan,nan,nan
631.0924,1.545144e-05,0.0,nan,nan,nan
631.1761,1.545228e-05,0.0,nan,nan,nan
631.2627,1.54508e-05,0.0,nan,nan,nan
631.347,1.544806e-05,0.0,nan,nan,nan
631.4308,1.544626e-05,0.0,nan,nan,nan
631.5143,1.545003e-05,0.0,nan,nan,nan
631.5984,1.545036e-05,0.0,nan,nan,nan
631.693,1.545278e-05,0.0,nan,nan,nan
631.7764,1.544937e-05,0.0,nan,nan,nan
631.8602,1.54497e-05,0.0,nan,nan,nan
631.9438,1.544572e-05,0.0,nan,nan,nan
632.0276,1.544823e-05,0.0,nan,nan,nan
632.1115,1.544888e-05,0.0,nan,nan,nan
632.1953,1.544498e-05,0.0,nan,nan,nan
632.2865,1.544755e-05,0.0,nan,nan,nan
632.3704,1.545165e-05,0.0,nan,nan,nan
632.4942,1.545117e-05,0.0,nan,nan,nan
632.5777,1.545093e-05,0.0,nan,nan,nan
632.6618,1.544642e-05,0.0,nan,nan,nan
632.7455,1.544791e-05,0.0,nan,nan,nan
632.8291,1.544769e-05,0.0,nan,nan,nan
632.9131,1.544976e-05,0.0,nan,nan,nan
632.9968,1.545294e-05,0.0,nan,nan,nan
633.0808,1.544973e-05,0.0,nan,nan,nan
633.1644,1.54502e-05,0.0,nan,nan,nan
633.2484,1.545351e-05,0.0,nan,nan,nan
633.332,1.545252e-05,0.0,nan,nan,nan
633.4155,1.54517e-05,0.0,nan,nan,nan
633.5053,1.545011e-05,0.0,nan,nan,nan
633.5891,1.544842e-05,0.0,nan,nan,nan
633.6728,1.544849e-05,0.0,nan,nan,nan
633.7563,1.544898e-05,0.0,nan,nan,nan
633.8399,1.544864e-05,0.0,nan,nan,nan
633.9449,1.545408e-05,0.0,nan,nan,nan
634.0288,1.545154e-05,0.0,nan,nan,nan
634.1213,1.545659e-05,0.0,nan,nan,nan
634.2048,1.545445e-05,0.0,nan,nan,nan
634.2884,1.545064e-05,0.0,nan,nan,nan
634.3722,1.54508e-05,0.0,nan,nan,nan
634.4561,1.545432e-05,0.0,nan,nan,nan
634.5736,1.545424e-05,0.0,nan,nan,nan
634.6574,1.545391e-05,0.0,nan,nan,nan
634.7579,1.545486e-05,0.0,nan,nan,nan
634.8418,1.54487e-05,0.0,nan,nan,nan
634.9345,1.544887e-05,0.0,nan,nan,nan
635.0184,1.545072e-05,0.0,nan,nan,nan
635.1027,1.54499e-05,0.0,nan,nan,nan
635.1864,1.544899e-05,0.0,nan,nan,nan
635.2703,1.54499e-05,0.0,nan,nan,nan
635.3541,1.544877e-05,0.0,nan,nan,nan
635.4377,1.544682e-05,0.0,nan,nan,nan
635.5392,1.545056e-05,0.0,nan,nan,nan
635.623,1.545191e-05,0.0,nan,nan,nan
635.7068,1.545034e-05,0.0,nan,nan,nan
635.7905,1.544579e-05,0.0,nan,nan,nan
635.8745,1.545061e-05,0.0,nan,nan,nan
635.9749,1.545224e-05,0.0,nan,nan,nan
636.0582,1.544962e-05,0.0,nan,nan,nan
636.1416,1.54485e-05,0.0,nan,nan,nan
636.2253,1.544976e-05,0.0,nan,nan,nan
636.3089,1.54496e-05,0.0,nan,nan,nan
636.3923,1.544962e-05,0.0,nan,nan,nan
636.4761,1.544973e-05,0.0,nan,nan,nan
636.5613,1.544985e-05,0.0,nan,nan,nan
636.6891,1.544734e-05,0.0,nan,nan,nan
636.7728,1.544998e-05,0.0,nan,nan,nan
636.8565,1.545121e-05,0.0,nan,nan,nan
636.9408,1.545223e-05,0.0,nan,nan,nan
637.0243,1.544735e-05,0.0,nan,nan,nan
637.1079,1.545189e-05,0.0,nan,nan,nan
637.1913,1.545133e-05,0.0,nan,nan,nan
637.275,1.545083e-05,0.0,nan,nan,nan
637.3586,1.544759e-05,0.0,nan,nan,nan
637.4421,1.545203e-05,0.0,nan,nan,nan
637.5259,1.544667e-05,0.0,nan,nan,nan
637.6169,1.544544e-05,0.0,nan,nan,nan
637.7004,1.544768e-05,0.0,nan,nan,nan
637.8164,1.544736e-05,0.0,nan,nan,nan
637.9,1.54454e-05,0.0,nan,nan,nan
638.0074,1.544896e-05,0.0,nan,nan,nan
638.091,1.544715e-05,0.0,nan,nan,nan
638.176,1.544812e-05,0.0,nan,nan,nan
638.2598,1.544865e-05,0.0,nan,nan,nan
638.3433,1.545101e-05,0.0,nan,nan,nan
638.427,1.545008e-05,0.0,nan,nan,nan
638.5104,1.544493e-05,0.0,nan,nan,nan
638.6212,1.544944e-05,0.0,nan,nan,nan
638.7488,1.544326e-05,0.0,nan,nan,nan
638.8324,1.544726e-05,0.0,nan,nan,nan
638.9162,1.544733e-05,0.0,nan,nan,nan
639.0205,1.544982e-05,0.0,nan,nan,nan
639.1039,1.544893e-05,0.0,nan,nan,nan
639.1874,1.544508e-05,0.0,nan,nan,nan
639.2709,1.544769e-05,0.0,nan,nan,nan
639.3546,1.544993e-05,0.0,nan,nan,nan
639.4382,1.544947e-05,0.0,nan,nan,nan
639.5218,1.545267e-05,0.0,nan,nan,nan
639.6052,1.545279e-05,0.0,nan,nan,nan
639.6889,1.54522e-05,0.0,nan,nan,nan
639.7728,1.544695e-05,0.0,nan,nan,nan
639.8565,1.545197e-05,0.0,nan,nan,nan
639.9401,1.545194e-05,0.0,nan,nan,nan
640.0256,1.545247e-05,0.0,nan,nan,nan
640.1093,1.544909e-05,0.0,nan,nan,nan
640.193,1.545122e-05,0.0,nan,nan,nan
640.2768,1.545067e-05,0.0,nan,nan,nan
640.3603,1.544885e-05,0.0,nan,nan,nan
640.4451,1.544435e-05,0.0,nan,nan,nan
640.5286,1.544477e-05,0.0,nan,nan,nan
640.612,1.545295e-05,0.0,nan,nan,nan
640.6956,1.545071e-05,0.0,nan,nan,nan
640.8239,1.545535e-05,0.0,nan,nan,nan
640.9074,1.545027e-05,0.0,nan,nan,nan
640.9909,1.54495e-05,0.0,nan,nan,nan
641.0743,1.544787e-05,0.0,nan,nan,nan
641.1578,1.544717e-05,0.0,nan,nan,nan
641.2411,1.54505e-05,0.0,nan,nan,nan
641.3249,1.544649e-05,0.0,nan,nan,nan
641.4085,1.545166e-05,0.0,nan,nan,nan
641.492,1.54547e-05,0.0,nan,nan,nan
641.5757,1.545102e-05,0.0,nan,nan,nan
641.6594,1.545067e-05,0.0,nan,nan,nan
641.7431,1.544725e-05,0.0,nan,nan,nan
641.8267,1.544823e-05,0.0,nan,nan,nan
641.9102,1.544633e-05,0.0,nan,nan,nan
641.9939,1.544532e-05,0.0,nan,nan,nan
642.0866,1.544744e-05,0.0,nan,nan,nan
642.1706,1.545176e-05,0.0,nan,nan,nan
642.2541,1.544693e-05,0.0,nan,nan,nan
642.3381,1.544804e-05,0.0,nan,nan,nan
642.4218,1.544671e-05,0.0,nan,nan,nan
642.5098,1.54488e-05,0.0,nan,nan,nan
642.5936,1.544687e-05,0.0,nan,nan,nan
642.6783,1.544812e-05,0.0,nan,nan,nan
642.7619,1.544966e-05,0.0,nan,nan,nan
642.8903,1.545315e-05,0.0,nan,nan,nan
642.9736,1.545634e-05,0.0,nan,nan,nan
643.0584,1.545238e-05,0.0,nan,nan,nan
643.1419,1.54531e-05,0.0,nan,nan,nan
643.2257,1.545283e-05,0.0,nan,nan,nan
643.3305,1.545262e-05,0.0,nan,nan,nan
643.414,1.54494e-05,0.0,nan,nan,nan
643.52,1.545471e-05,0.0,nan,nan,nan
643.6037,1.545477e-05,0.0,nan,nan,nan
643.6871,1.545119e-05,0.0,nan,nan,nan
643.7711,1.545198e-05,0.0,nan,nan,nan
643.8547,1.5454e-05,0.0,nan,nan,nan
643.9423,1.545377e-05,0.0,nan,nan,nan
644.026,1.545223e-05,0.0,nan,nan,nan
644.1317,1.545081e-05,0.0,nan,nan,nan
644.2155,1.544932e-05,0.0,nan,nan,nan
644.2993,1.54526e-05,0.0,nan,nan,nan
644.3829,1.54509e-05,0.0,nan,nan,nan
644.4663,1.544858e-05,0.0,nan,nan,nan
644.5499,1.544928e-05,0.0,nan,nan,nan
644.6334,1.544972e-05,0.0,nan,nan,nan
644.7173,1.54512e-05,0.0,nan,nan,nan
644.801,1.544989e-05,0.0,nan,nan,nan
644.8847,1.545048e-05,0.0,nan,nan,nan
644.9981,1.544995e-05,0.0,nan,nan,nan
645.0818,1.54521e-05,0.0,nan,nan,nan
645.1654,1.545078e-05,0.0,nan,nan,nan
645.2488,1.545012e-05,0.0,nan,nan,nan
645.3534,1.544995e-05,0.0,nan,nan,nan
645.4371,1.545285e-05,0.0,nan,nan,nan
645.5206,1.54527e-05,0.0,nan,nan,nan
645.6042,1.544802e-05,0.0,nan,nan,nan
645.6879,1.544679e-05,0.0,nan,nan,nan
645.7718,1.545092e-05,0.0,nan,nan,nan
645.8554,1.544933e-05,0.0,nan,nan,nan
645.941,1.545345e-05,0.0,nan,nan,nan
646.0246,1.54517e-05,0.0,nan,nan,nan
646.1091,1.545051e-05,0.0,nan,nan,nan
646.193,1.545156e-05,0.0,nan,nan,nan
646.2766,1.545115e-05,0.0,nan,nan,nan
646.376,1.545086e-05,0.0,nan,nan,nan
646.4595,1.545304e-05,0.0,nan,nan,nan
646.578,1.544959e-05,0.0,nan,nan,nan
646.6619,1.545067e-05,0.0,nan,nan,nan
646.7456,1.545321e-05,0.0,nan,nan,nan
646.8293,1.544796e-05,0.0,nan,nan,nan
646.913,1.545256e-05,0.0,nan,nan,nan
647.0088,1.545343e-05,0.0,nan,nan,nan
647.0922,1.545318e-05,0.0,nan,nan,nan
647.2016,1.54502e-05,0.0,nan,nan,nan
647.2853,1.544859e-05,0.0,nan,nan,nan
647.38,1.544946e-05,0.0,nan,nan,nan
647.4635,1.545003e-05,0.0,nan,nan,nan
647.5483,1.544736e-05,0.0,nan,nan,nan
647.6323,1.544855e-05,0.0,nan,nan,nan
647.716,1.544658e-05,0.0,nan,nan,nan
647.7996,1.54479e-05,0.0,nan,nan,nan
647.8834,1.544993e-05,0.0,nan,nan,nan
647.967,1.544764e-05,0.0,nan,nan,nan
648.0508,1.544749e-05,0.0,nan,nan,nan
648.1346,1.545055e-05,0.0,nan,nan,nan
648.2208,1.545258e-05,0.0,nan,nan,nan
648.3045,1.545182e-05,0.0,nan,nan,nan
648.388,1.544816e-05,0.0,nan,nan,nan
648.4717,1.544647e-05,0.0,nan,nan,nan
648.5553,1.544853e-05,0.0,nan,nan,nan
648.639,1.544753e-05,0.0,nan,nan,nan
648.7227,1.545163e-05,0.0,nan,nan,nan
648.8079,1.544586e-05,0.0,nan,nan,nan
648.8913,1.545218e-05,0.0,nan,nan,nan
648.9766,1.545163e-05,0.0,nan,nan,nan
649.0904,1.545023e-05,0.0,nan,nan,nan
649.1742,1.544844e-05,0.0,nan,nan,nan
649.2578,1.544805e-05,0.0,nan,nan,nan
649.3416,1.544914e-05,0.0,nan,nan,nan
649.4312,1.544893e-05,0.0,nan,nan,nan
649.5148,1.544669e-05,0.0,nan,nan,nan
649.5989,1.545039e-05,0.0,nan,nan,nan
649.6827,1.545148e-05,0.0,nan,nan,nan
649.7661,1.544755e-05,0.0,nan,nan,nan
649.8498,1.545098e-05,0.0,nan,nan,nan
649.9333,1.545179e-05,0.0,nan,nan,nan
650.0407,1.545619e-05,0.0,nan,nan,nan
650.1243,1.54523e-05,0.0,nan,nan,nan
650.2078,1.545495e-05,0.0,nan,nan,nan
650.2914,1.545496e-05,0.0,nan,nan,nan
650.3748,1.545428e-05,0.0,nan,nan,nan
650.4628,1.545139e-05,0.0,nan,nan,nan
650.5466,1.545207e-05,0.0,nan,nan,nan
650.6542,1.544741e-05,0.0,nan,nan,nan
650.7379,1.545272e-05,0.0,nan,nan,nan
650.8218,1.54506e-05,0.0,nan,nan,nan
650.9054,1.544837e-05,0.0,nan,nan,nan
650.9893,1.54496e-05,0.0,nan,nan,nan
651.0729,1.54483e-05,0.0,nan,nan,nan
651.1707,1.544867e-05,0.0,nan,nan,nan
651.2545,1.54504e-05,0.0,nan,nan,nan
651.3383,1.544704e-05,0.0,nan,nan,nan
651.4218,1.54456e-05,0.0,nan,nan,nan
651.5055,1.544941e-05,0.0,nan,nan,nan
651.5892,1.545233e-05,0.0,nan,nan,nan
651.6858,1.54529e-05,0.0,nan,nan,nan
651.7694,1.544823e-05,0.0,nan,nan,nan
651.8736,1.545393e-05,0.0,nan,nan,nan
651.9574,1.544937e-05,0.0,nan,nan,nan
652.0415,1.544784e-05,0.0,nan,nan,nan
652.1252,1.544629e-05,0.0,nan,nan,nan
652.2087,1.54511e-05,0.0,nan,nan,nan
652.2926,1.544798e-05,0.0,nan,nan,nan
652.3765,1.545135e-05,0.0,nan,nan,nan
652.4832,1.544789e-05,0.0,nan,nan,nan
652.5669,1.545119e-05,0.0,nan,nan,nan
652.6503,1.544868e-05,0.0,nan,nan,nan
652.7339,1.544816e-05,0.0,nan,nan,nan
652.8176,1.544551e-05,0.0,nan,nan,nan
652.9011,1.544564e-05,0.0,nan,nan,nan
652.9848,1.545086e-05,0.0,nan,nan,nan
653.0854,1.545183e-05,0.0,nan,nan,nan
653.1691,1.54466e-05,0.0,nan,nan,nan
653.2525,1.545107e-05,0.0,nan,nan,nan
653.336,1.544867e-05,0.0,nan,nan,nan
653.4196,1.544587e-05,0.0,nan,nan,nan
653.5033,1.545032e-05,0.0,nan,nan,nan
653.5868,1.54528e-05,0.0,nan,nan,nan
653.6702,1.545264e-05,0.0,nan,nan,nan
653.7537,1.544993e-05,0.0,nan,nan,nan
653.8373,1.544934e-05,0.0,nan,nan,nan
653.921,1.545054e-05,0.0,nan,nan,nan
654.0046,1.545178e-05,0.0,nan,nan,nan
654.0998,1.545031e-05,0.0,nan,nan,nan
654.1836,1.545057e-05,0.0,nan,nan,nan
654.2677,1.545135e-05,0.0,nan,nan,nan
654.3515,1.54522e-05,0.0,nan,nan,nan
654.4353,1.545552e-05,0.0,nan,nan,nan
654.519,1.545009e-05,0.0,nan,nan,nan
654.6027,1.545082e-05,0.0,nan,nan,nan
654.6862,1.545113e-05,0.0,nan,nan,nan
654.7698,1.545022e-05,0.0,nan,nan,nan
654.8537,1.544975e-05,0.0,nan,nan,nan
654.9373,1.54496e-05,0.0,nan,nan,nan
655.0211,1.545453e-05,0.0,nan,nan,nan
655.1178,1.545533e-05,0.0,nan,nan,nan
655.2014,1.545089e-05,0.0,nan,nan,nan
655.299,1.54532e-05,0.0,nan,nan,nan
655.383,1.545294e-05,0.0,nan,nan,nan
655.4666,1.545317e-05,0.0,nan,nan,nan
655.5502,1.545326e-05,0.0,nan,nan,nan
655.6338,1.545357e-05,0.0,nan,nan,nan
655.7355,1.545466e-05,0.0,nan,nan,nan
655.819,1.545309e-05,0.0,nan,nan,nan
655.9037,1.545013e-05,0.0,nan,nan,nan
655.9871,1.545402e-05,0.0,nan,nan,nan
656.071,1.545476e-05,0.0,nan,nan,nan
656.1546,1.545413e-05,0.0,nan,nan,nan
656.2384,1.54522e-05,0.0,nan,nan,nan
656.3273,1.545169e-05,0.0,nan,nan,nan
656.4109,1.545286e-05,0.0,nan,nan,nan
656.495,1.545226e-05,0.0,nan,nan,nan
656.5787,1.545357e-05,0.0,nan,nan,nan
656.6627,1.544956e-05,0.0,nan,nan,nan
656.7542,1.545071e-05,0.0,nan,nan,nan
656.838,1.54489e-05,0.0,nan,nan,nan
656.9221,1.544948e-05,0.0,nan,nan,nan
657.0056,1.54528e-05,0.0,nan,nan,nan
657.0894,1.545299e-05,0.0,nan,nan,nan
657.1742,1.545416e-05,0.0,nan,nan,nan
657.2577,1.545509e-05,0.0,nan,nan,nan
657.3691,1.545232e-05,0.0,nan,nan,nan
657.453,1.544832e-05,0.0,nan,nan,nan
657.5367,1.544888e-05,0.0,nan,nan,nan
657.6207,1.545031e-05,0.0,nan,nan,nan
657.7046,1.545218e-05,0.0,nan,nan,nan
657.7882,1.544809e-05,0.0,nan,nan,nan
657.872,1.544813e-05,0.0,nan,nan,nan
657.9556,1.545349e-05,0.0,nan,nan,nan
658.0392,1.544955e-05,0.0,nan,nan,nan
658.1231,1.545219e-05,0.0,nan,nan,nan
658.2069,1.544958e-05,0.0,nan,nan,nan
658.2905,1.545051e-05,0.0,nan,nan,nan
658.3811,1.545007e-05,0.0,nan,nan,nan
658.4649,1.544973e-05,0.0,nan,nan,nan
658.5486,1.544968e-05,0.0,nan,nan,nan
658.6322,1.545379e-05,0.0,nan,nan,nan
658.7161,1.544761e-05,0.0,nan,nan,nan
658.8008,1.545043e-05,0.0,nan,nan,nan
658.8846,1.544571e-05,0.0,nan,nan,nan
658.9681,1.544512e-05,0.0,nan,nan,nan
659.0516,1.545285e-05,0.0,nan,nan,nan
659.1351,1.545205e-05,0.0,nan,nan,nan
659.2255,1.545129e-05,0.0,nan,nan,nan
659.3093,1.545337e-05,0.0,nan,nan,nan
659.4095,1.545408e-05,0.0,nan,nan,nan
659.4928,1.545589e-05,0.0,nan,nan,nan
659.5769,1.545376e-05,0.0,nan,nan,nan
659.6608,1.544925e-05,0.0,nan,nan,nan
659.7445,1.545128e-05,0.0,nan,nan,nan
659.8282,1.545391e-05,0.0,nan,nan,nan
659.912,1.545376e-05,0.0,nan,nan,nan
660.0212,1.545393e-05,0.0,nan,nan,nan
660.1048,1.54525e-05,0.0,nan,nan,nan
660.2076,1.5452e-05,0.0,nan,nan,nan
660.2912,1.545306e-05,0.0,nan,nan,nan
660.3749,1.545368e-05,0.0,nan,nan,nan
660.4584,1.545545e-05,0.0,nan,nan,nan
660.5422,1.545697e-05,0.0,nan,nan,nan
660.6321,1.545283e-05,0.0,nan,nan,nan
660.7157,1.545256e-05,0.0,nan,nan,nan
660.8021,1.54567e-05,0.0,nan,nan,nan
660.8859,1.545407e-05,0.0,nan,nan,nan
660.9697,1.545528e-05,0.0,nan,nan,nan
661.0563,1.545754e-05,0.0,nan,nan,nan
661.1399,1.545615e-05,0.0,nan,nan,nan
661.2247,1.545443e-05,0.0,nan,nan,nan
661.3083,1.545318e-05,0.0,nan,nan,nan
661.3921,1.545324e-05,0.0,nan,nan,nan
661.4896,1.545858e-05,0.0,nan,nan,nan
661.5733,1.54577e-05,0.0,nan,nan,nan
661.6586,1.545637e-05,0.0,nan,nan,nan
661.7425,1.545975e-05,0.0,nan,nan,nan
661.826,1.545756e-05,0.0,nan,nan,nan
661.9098,1.545376e-05,0.0,nan,nan,nan
661.9935,1.545834e-05,0.0,nan,nan,nan
662.091,1.545429e-05,0.0,nan,nan,nan
662.1747,1.54535e-05,0.0,nan,nan,nan
662.258,1.545669e-05,0.0,nan,nan,nan
662.3416,1.545403e-05,0.0,nan,nan,nan
662.4259,1.545459e-05,0.0,nan,nan,nan
662.5095,1.545166e-05,0.0,nan,nan,nan
662.5932,1.54546e-05,0.0,nan,nan,nan
662.7063,1.544954e-05,0.0,nan,nan,nan
662.7904,1.545408e-05,0.0,nan,nan,nan
662.8753,1.545441e-05,0.0,nan,nan,nan
662.9591,1.545083e-05,0.0,nan,nan,nan
663.0426,1.545028e-05,0.0,nan,nan,nan
663.1264,1.545087e-05,0.0,nan,nan,nan
663.2101,1.545275e-05,0.0,nan,nan,nan
663.3091,1.544952e-05,0.0,nan,nan,nan
663.3927,1.54486e-05,0.0,nan,nan,nan
663.4762,1.545091e-05,0.0,nan,nan,nan
663.5742,1.545229e-05,0.0,nan,nan,nan
663.6592,1.545187e-05,0.0,nan,nan,nan
663.7427,1.545435e-05,0.0,nan,nan,nan
663.8265,1.545241e-05,0.0,nan,nan,nan
663.9255,1.545249e-05,0.0,nan,nan,nan
664.0094,1.545235e-05,0.0,nan,nan,nan
664.0944,1.545013e-05,0.0,nan,nan,nan
664.178,1.545063e-05,0.0,nan,nan,nan
664.2618,1.545046e-05,0.0,nan,nan,nan
664.3455,1.544966e-05,0.0,nan,nan,nan
664.4292,1.545441e-05,0.0,nan,nan,nan
664.5127,1.545158e-05,0.0,nan,nan,nan
664.5965,1.545421e-05,0.0,nan,nan,nan
664.6802,1.545299e-05,0.0,nan,nan,nan
664.7637,1.545023e-05,0.0,nan,nan,nan
664.8475,1.545126e-05,0.0,nan,nan,nan
664.9312,1.54529e-05,0.0,nan,nan,nan
665.0149,1.544827e-05,0.0,nan,nan,nan
665.0991,1.545089e-05,0.0,nan,nan,nan
665.1827,1.545351e-05,0.0,nan,nan,nan
665.2666,1.544884e-05,0.0,nan,nan,nan
665.3503,1.545196e-05,0.0,nan,nan,nan
665.4342,1.545348e-05,0.0,nan,nan,nan
665.5176,1.544756e-05,0.0,nan,nan,nan
665.6239,1.544906e-05,0.0,nan,nan,nan
665.7075,1.544751e-05,0.0,nan,nan,nan
665.7911,1.545007e-05,0.0,nan,nan,nan
665.8747,1.545003e-05,0.0,nan,nan,nan
665.9697,1.544774e-05,0.0,nan,nan,nan
666.0535,1.545261e-05,0.0,nan,nan,nan
666.1374,1.544811e-05,0.0,nan,nan,nan
666.2214,1.545328e-05,0.0,nan,nan,nan
666.3052,1.545444e-05,0.0,nan,nan,nan
666.3891,1.545322e-05,0.0,nan,nan,nan
666.473,1.545304e-05,0.0,nan,nan,nan
666.5664,1.545016e-05,0.0,nan,nan,nan
666.6504,1.54526e-05,0.0,nan,nan,nan
666.7341,1.545244e-05,0.0,nan,nan,nan
666.8179,1.545233e-05,0.0,nan,nan,nan
666.9016,1.54522e-05,0.0,nan,nan,nan
666.9899,1.54495e-05,0.0,nan,nan,nan
667.0738,1.545242e-05,0.0,nan,nan,nan
667.1574,1.545515e-05,0.0,nan,nan,nan
667.2411,1.545004e-05,0.0,nan,nan,nan
667.3248,1.545176e-05,0.0,nan,nan,nan
667.4084,1.544795e-05,0.0,nan,nan,nan
667.492,1.544913e-05,0.0,nan,nan,nan
667.5782,1.544642e-05,0.0,nan,nan,nan
667.6986,1.544882e-05,0.0,nan,nan,nan
667.795,1.544674e-05,0.0,nan,nan,nan
667.8788,1.544756e-05,0.0,nan,nan,nan
667.9622,1.544848e-05,0.0,nan,nan,nan
668.0457,1.544931e-05,0.0,nan,nan,nan
668.1294,1.54517e-05,0.0,nan,nan,nan
668.2131,1.545368e-05,0.0,nan,nan,nan
668.2966,1.54471e-05,0.0,nan,nan,nan
668.3801,1.54489e-05,0.0,nan,nan,nan
668.4637,1.544883e-05,0.0,nan,nan,nan
668.5474,1.545117e-05,0.0,nan,nan,nan
668.6309,1.545017e-05,0.0,nan,nan,nan
668.7147,1.545047e-05,0.0,nan,nan,nan
668.8169,1.544411e-05,0.0,nan,nan,nan
668.9005,1.545014e-05,0.0,nan,nan,nan
668.9843,1.544736e-05,0.0,nan,nan,nan
669.068,1.544614e-05,0.0,nan,nan,nan
669.1517,1.544998e-05,0.0,nan,nan,nan
669.2364,1.544873e-05,0.0,nan,nan,nan
669.3203,1.54514e-05,0.0,nan,nan,nan
669.4041,1.545177e-05,0.0,nan,nan,nan
669.4879,1.544902e-05,0.0,nan,nan,nan
669.5715,1.544915e-05,0.0,nan,nan,nan
669.6556,1.544802e-05,0.0,nan,nan,nan
669.7393,1.545344e-05,0.0,nan,nan,nan
669.8231,1.545127e-05,0.0,nan,nan,nan
669.9068,1.545374e-05,0.0,nan,nan,nan
669.9927,1.544907e-05,0.0,nan,nan,nan
670.0764,1.54516e-05,0.0,nan,nan,nan
670.163,1.545012e-05,0.0,nan,nan,nan
670.2516,1.544735e-05,0.0,nan,nan,nan
670.3353,1.544873e-05,0.0,nan,nan,nan
670.4189,1.545119e-05,0.0,nan,nan,nan
670.5026,1.544978e-05,0.0,nan,nan,nan
670.5866,1.545295e-05,0.0,nan,nan,nan
670.67,1.545304e-05,0.0,nan,nan,nan
670.7537,1.544824e-05,0.0,nan,nan,nan
670.8378,1.545266e-05,0.0,nan,nan,nan
670.9216,1.544869e-05,0.0,nan,nan,nan
671.0054,1.545049e-05,0.0,nan,nan,nan
671.0891,1.545142e-05,0.0,nan,nan,nan
671.173,1.545072e-05,0.0,nan,nan,nan
671.2687,1.545163e-05,0.0,nan,nan,nan
671.3526,1.545007e-05,0.0,nan,nan,nan
671.4362,1.545312e-05,0.0,nan,nan,nan
671.5198,1.544861e-05,0.0,nan,nan,nan
671.6035,1.545068e-05,0.0,nan,nan,nan
671.687,1.545144e-05,0.0,nan,nan,nan
671.7709,1.54513e-05,0.0,nan,nan,nan
671.8735,1.545135e-05,0.0,nan,nan,nan
671.9572,1.545293e-05,0.0,nan,nan,nan
672.0426,1.545151e-05,0.0,nan,nan,nan
672.126,1.54536e-05,0.0,nan,nan,nan
672.2096,1.544754e-05,0.0,nan,nan,nan
672.2932,1.545031e-05,0.0,nan,nan,nan
672.3769,1.544782e-05,0.0,nan,nan,nan
672.4607,1.545277e-05,0.0,nan,nan,nan
672.5445,1.545497e-05,0.0,nan,nan,nan
672.6283,1.544853e-05,0.0,nan,nan,nan
672.712,1.54535e-05,0.0,nan,nan,nan
672.7957,1.544923e-05,0.0,nan,nan,nan
672.8933,1.544892e-05,0.0,nan,nan,nan
672.9771,1.545156e-05,0.0,nan,nan,nan
673.0607,1.544946e-05,0.0,nan,nan,nan
673.1445,1.544916e-05,0.0,nan,nan,nan
673.2282,1.545007e-05,0.0,nan,nan,nan
673.3118,1.54509e-05,0.0,nan,nan,nan
673.3955,1.544947e-05,0.0,nan,nan,nan
673.479,1.544908e-05,0.0,nan,nan,nan
673.5624,1.544982e-05,0.0,nan,nan,nan
673.6461,1.545248e-05,0.0,nan,nan,nan
673.7301,1.545034e-05,0.0,nan,nan,nan
673.814,1.544777e-05,0.0,nan,nan,nan
673.9403,1.544618e-05,0.0,nan,nan,nan
674.0241,1.545074e-05,0.0,nan,nan,nan
674.123,1.544739e-05,0.0,nan,nan,nan
674.2068,1.544966e-05,0.0,nan,nan,nan
674.2907,1.545104e-05,0.0,nan,nan,nan
674.3743,1.544933e-05,0.0,nan,nan,nan
674.4588,1.544593e-05,0.0,nan,nan,nan
674.5425,1.544694e-05,0.0,nan,nan,nan
674.6262,1.544632e-05,0.0,nan,nan,nan
674.71,1.544606e-05,0.0,nan,nan,nan
674.7939,1.544513e-05,0.0,nan,nan,nan
674.8774,1.54454e-05,0.0,nan,nan,nan
674.961,1.544757e-05,0.0,nan,nan,nan
675.0447,1.544684e-05,0.0,nan,nan,nan
675.1284,1.54449e-05,0.0,nan,nan,nan
675.2121,1.544654e-05,0.0,nan,nan,nan
675.2957,1.544446e-05,0.0,nan,nan,nan
675.3793,1.544384e-05,0.0,nan,nan,nan
675.4634,1.544621e-05,0.0,nan,nan,nan
675.5607,1.544975e-05,0.0,nan,nan,nan
675.6446,1.545336e-05,0.0,nan,nan,nan
675.728,1.54537e-05,0.0,nan,nan,nan
675.8118,1.544799e-05,0.0,nan,nan,nan
675.8953,1.54495e-05,0.0,nan,nan,nan
676.0355,1.54495e-05,0.0,nan,nan,nan
676.1196,1.545489e-05,0.0,nan,nan,nan
676.2033,1.544815e-05,0.0,nan,nan,nan
676.2871,1.544659e-05,0.0,nan,nan,nan
676.3705,1.545087e-05,0.0,nan,nan,nan
676.4544,1.54477e-05,0.0,nan,nan,nan
676.5383,1.54489e-05,0.0,nan,nan,nan
676.6223,1.545244e-05,0.0,nan,nan,nan
676.706,1.544869e-05,0.0,nan,nan,nan
676.7897,1.544977e-05,0.0,nan,nan,nan
676.8737,1.544976e-05,0.0,nan,nan,nan
676.9582,1.545098e-05,0.0,nan,nan,nan
677.0417,1.545228e-05,0.0,nan,nan,nan
677.1261,1.544767e-05,0.0,nan,nan,nan
677.2097,1.544836e-05,0.0,nan,nan,nan
677.2934,1.544912e-05,0.0,nan,nan,nan
677.388,1.545441e-05,0.0,nan,nan,nan
677.4717,1.545136e-05,0.0,nan,nan,nan
677.5553,1.545281e-05,0.0,nan,nan,nan
677.639,1.545046e-05,0.0,nan,nan,nan
677.7228,1.544967e-05,0.0,nan,nan,nan
677.8063,1.544498e-05,0.0,nan,nan,nan
677.8899,1.544853e-05,0.0,nan,nan,nan
677.9734,1.544952e-05,0.0,nan,nan,nan
678.0903,1.544975e-05,0.0,nan,nan,nan
678.1752,1.545073e-05,0.0,nan,nan,nan
678.2589,1.544944e-05,0.0,nan,nan,nan
678.3437,1.545354e-05,0.0,nan,nan,nan
678.432,1.545186e-05,0.0,nan,nan,nan
678.5158,1.544439e-05,0.0,nan,nan,nan
678.6183,1.545237e-05,0.0,nan,nan,nan
678.7022,1.545062e-05,0.0,nan,nan,nan
678.7858,1.545112e-05,0.0,nan,nan,nan
678.8695,1.544554e-05,0.0,nan,nan,nan
678.9535,1.544823e-05,0.0,nan,nan,nan
679.0374,1.544536e-05,0.0,nan,nan,nan
679.1211,1.544695e-05,0.0,nan,nan,nan
679.2052,1.545115e-05,0.0,nan,nan,nan
679.2891,1.545213e-05,0.0,nan,nan,nan
679.3725,1.545018e-05,0.0,nan,nan,nan
679.4561,1.54456e-05,0.0,nan,nan,nan
679.5397,1.544297e-05,0.0,nan,nan,nan
679.6501,1.545155e-05,0.0,nan,nan,nan
679.7335,1.545182e-05,0.0,nan,nan,nan
679.831,1.545145e-05,0.0,nan,nan,nan
679.9147,1.545089e-05,0.0,nan,nan,nan
679.9986,1.545061e-05,0.0,nan,nan,nan
680.0821,1.545264e-05,0.0,nan,nan,nan
680.1656,1.545276e-05,0.0,nan,nan,nan
680.261,1.545076e-05,0.0,nan,nan,nan
680.3448,1.544978e-05,0.0,nan,nan,nan
680.4285,1.544896e-05,0.0,nan,nan,nan
680.5125,1.544649e-05,0.0,nan,nan,nan
680.5961,1.544618e-05,0.0,nan,nan,nan
680.6799,1.544788e-05,0.0,nan,nan,nan
680.7639,1.544493e-05,0.0,nan,nan,nan
680.8676,1.544727e-05,0.0,nan,nan,nan
680.9515,1.544509e-05,0.0,nan,nan,nan
681.0348,1.544872e-05,0.0,nan,nan,nan
681.1188,1.545115e-05,0.0,nan,nan,nan
681.2026,1.54475e-05,0.0,nan,nan,nan
681.2862,1.545008e-05,0.0,nan,nan,nan
681.3701,1.544608e-05,0.0,nan,nan,nan
681.4542,1.54525e-05,0.0,nan,nan,nan
681.5382,1.545172e-05,0.0,nan,nan,nan
681.6219,1.545068e-05,0.0,nan,nan,nan
681.7055,1.544794e-05,0.0,nan,nan,nan
681.7893,1.544926e-05,0.0,nan,nan,nan
681.8933,1.544703e-05,0.0,nan,nan,nan
681.9771,1.544836e-05,0.0,nan,nan,nan
682.0808,1.544646e-05,0.0,nan,nan,nan
682.2071,1.544627e-05,0.0,nan,nan,nan
682.2912,1.544876e-05,0.0,nan,nan,nan
682.3748,1.544852e-05,0.0,nan,nan,nan
682.4606,1.544789e-05,0.0,nan,nan,nan
682.5444,1.544771e-05,0.0,nan,nan,nan
682.6282,1.545072e-05,0.0,nan,nan,nan
682.7306,1.544961e-05,0.0,nan,nan,nan
682.8144,1.545262e-05,0.0,nan,nan,nan
682.9286,1.544783e-05,0.0,nan,nan,nan
683.0123,1.544914e-05,0.0,nan,nan,nan
683.096,1.5446e-05,0.0,nan,nan,nan
683.1801,1.544534e-05,0.0,nan,nan,nan
683.2637,1.54506e-05,0.0,nan,nan,nan
683.3472,1.544877e-05,0.0,nan,nan,nan
683.4307,1.544655e-05,0.0,nan,nan,nan
683.5321,1.544999e-05,0.0,nan,nan,nan
683.616,1.544968e-05,0.0,nan,nan,nan
683.6994,1.544915e-05,0.0,nan,nan,nan
683.7831,1.545059e-05,0.0,nan,nan,nan
683.8668,1.545206e-05,0.0,nan,nan,nan
683.9504,1.545274e-05,0.0,nan,nan,nan
684.0342,1.545356e-05,0.0,nan,nan,nan
684.1183,1.545199e-05,0.0,nan,nan,nan
684.2019,1.545182e-05,0.0,nan,nan,nan
684.2879,1.545391e-05,0.0,nan,nan,nan
684.3716,1.544986e-05,0.0,nan,nan,nan
684.4553,1.544861e-05,0.0,nan,nan,nan
684.5388,1.545154e-05,0.0,nan,nan,nan
684.6226,1.54519e-05,0.0,nan,nan,nan
684.7061,1.545061e-05,0.0,nan,nan,nan
684.79,1.545211e-05,0.0,nan,nan,nan
684.8738,1.545385e-05,0.0,nan,nan,nan
684.9643,1.54516e-05,0.0,nan,nan,nan
685.0477,1.545093e-05,0.0,nan,nan,nan
685.1319,1.545336e-05,0.0,nan,nan,nan
685.2158,1.545124e-05,0.0,nan,nan,nan
685.2995,1.545493e-05,0.0,nan,nan,nan
685.3834,1.545029e-05,0.0,nan,nan,nan
685.4671,1.54527e-05,0.0,nan,nan,nan
685.5734,1.545307e-05,0.0,nan,nan,nan
685.6573,1.545097e-05,0.0,nan,nan,nan
685.7408,1.545667e-05,0.0,nan,nan,nan
685.8243,1.544906e-05,0.0,nan,nan,nan
685.9081,1.544794e-05,0.0,nan,nan,nan
685.9919,1.544739e-05,0.0,nan,nan,nan
686.0758,1.544918e-05,0.0,nan,nan,nan
686.1611,1.545415e-05,0.0,nan,nan,nan
686.2449,1.54519e-05,0.0,nan,nan,nan
686.3551,1.545409e-05,0.0,nan,nan,nan
686.4388,1.545087e-05,0.0,nan,nan,nan
686.5227,1.544813e-05,0.0,nan,nan,nan
686.6065,1.545175e-05,0.0,nan,nan,nan
686.6903,1.545342e-05,0.0,nan,nan,nan
686.7887,1.544929e-05,0.0,nan,nan,nan
686.8725,1.545411e-05,0.0,nan,nan,nan
686.956,1.545208e-05,0.0,nan,nan,nan
687.0396,1.545237e-05,0.0,nan,nan,nan
687.1234,1.54529e-05,0.0,nan,nan,nan
687.221,1.545531e-05,0.0,nan,nan,nan
687.305,1.545655e-05,0.0,nan,nan,nan
687.3886,1.545382e-05,0.0,nan,nan,nan
687.472,1.545233e-05,0.0,nan,nan,nan
687.5558,1.545108e-05,0.0,nan,nan,nan
687.6396,1.545512e-05,0.0,nan,nan,nan
687.7233,1.545604e-05,0.0,nan,nan,nan
687.8255,1.545259e-05,0.0,nan,nan,nan
687.9123,1.545606e-05,0.0,nan,nan,nan
687.9974,1.54514e-05,0.0,nan,nan,nan
688.0811,1.5453e-05,0.0,nan,nan,nan
688.1645,1.545532e-05,0.0,nan,nan,nan
688.2481,1.545489e-05,0.0,nan,nan,nan
688.3319,1.544948e-05,0.0,nan,nan,nan
688.4196,1.545064e-05,0.0,nan,nan,nan
688.5032,1.545382e-05,0.0,nan,nan,nan
688.5867,1.545312e-05,0.0,nan,nan,nan
688.6702,1.545534e-05,0.0,nan,nan,nan
688.754,1.54554e-05,0.0,nan,nan,nan
688.848,1.545422e-05,0.0,nan,nan,nan
688.9317,1.54564e-05,0.0,nan,nan,nan
689.0166,1.545081e-05,0.0,nan,nan,nan
689.1002,1.545442e-05,0.0,nan,nan,nan
689.1837,1.545444e-05,0.0,nan,nan,nan
689.2673,1.544754e-05,0.0,nan,nan,nan
689.3508,1.545085e-05,0.0,nan,nan,nan
689.4528,1.544803e-05,0.0,nan,nan,nan
689.5364,1.545231e-05,0.0,nan,nan,nan
689.6203,1.545376e-05,0.0,nan,nan,nan
689.704,1.544707e-05,0.0,nan,nan,nan
689.7878,1.545189e-05,0.0,nan,nan,nan
689.8715,1.545101e-05,0.0,nan,nan,nan
689.9552,1.545264e-05,0.0,nan,nan,nan
690.0602,1.545118e-05,0.0,nan,nan,nan
690.144,1.545141e-05,0.0,nan,nan,nan
690.2274,1.544973e-05,0.0,nan,nan,nan
690.3109,1.544779e-05,0.0,nan,nan,nan
690.3944,1.545192e-05,0.0,nan,nan,nan
690.4802,1.545141e-05,0.0,nan,nan,nan
690.5639,1.545181e-05,0.0,nan,nan,nan
690.6694,1.545471e-05,0.0,nan,nan,nan
690.7533,1.545436e-05,0.0,nan,nan,nan
690.8368,1.545371e-05,0.0,nan,nan,nan
690.9203,1.545099e-05,0.0,nan,nan,nan
691.0041,1.544893e-05,0.0,nan,nan,nan
691.0877,1.545235e-05,0.0,nan,nan,nan
691.1713,1.545218e-05,0.0,nan,nan,nan
691.2614,1.545325e-05,0.0,nan,nan,nan
691.345,1.545534e-05,0.0,nan,nan,nan
691.4286,1.545086e-05,0.0,nan,nan,nan
691.5123,1.545032e-05,0.0,nan,nan,nan
691.5961,1.545471e-05,0.0,nan,nan,nan
691.6908,1.544926e-05,0.0,nan,nan,nan
691.7742,1.545407e-05,0.0,nan,nan,nan
691.8577,1.545268e-05,0.0,nan,nan,nan
691.9416,1.544913e-05,0.0,nan,nan,nan
692.0253,1.544853e-05,0.0,nan,nan,nan
692.1381,1.54468e-05,0.0,nan,nan,nan
692.2218,1.544769e-05,0.0,nan,nan,nan
692.3055,1.545251e-05,0.0,nan,nan,nan
692.3893,1.544864e-05,0.0,nan,nan,nan
692.4728,1.545383e-05,0.0,nan,nan,nan
692.5572,1.544788e-05,0.0,nan,nan,nan
692.6406,1.544758e-05,0.0,nan,nan,nan
692.7247,1.544954e-05,0.0,nan,nan,nan
692.8082,1.544649e-05,0.0,nan,nan,nan
692.8916,1.544777e-05,0.0,nan,nan,nan
692.9753,1.544765e-05,0.0,nan,nan,nan
693.0588,1.544908e-05,0.0,nan,nan,nan
693.1423,1.545179e-05,0.0,nan,nan,nan
693.2257,1.545002e-05,0.0,nan,nan,nan
693.3223,1.545069e-05,0.0,nan,nan,nan
693.4061,1.544858e-05,0.0,nan,nan,nan
693.4897,1.545172e-05,0.0,nan,nan,nan
693.5736,1.545251e-05,0.0,nan,nan,nan
693.6572,1.544704e-05,0.0,nan,nan,nan
693.7413,1.544876e-05,0.0,nan,nan,nan
693.8248,1.545192e-05,0.0,nan,nan,nan
693.9083,1.545376e-05,0.0,nan,nan,nan
693.9918,1.544835e-05,0.0,nan,nan,nan
694.0753,1.544866e-05,0.0,nan,nan,nan
694.1588,1.54494e-05,0.0,nan,nan,nan
694.2424,1.545048e-05,0.0,nan,nan,nan
694.326,1.544835e-05,0.0,nan,nan,nan
694.4098,1.544779e-05,0.0,nan,nan,nan
694.4935,1.544944e-05,0.0,nan,nan,nan
694.5771,1.544503e-05,0.0,nan,nan,nan
694.6608,1.544921e-05,0.0,nan,nan,nan
694.7502,1.544976e-05,0.0,nan,nan,nan
694.834,1.544912e-05,0.0,nan,nan,nan
694.9179,1.544643e-05,0.0,nan,nan,nan
695.0016,1.544686e-05,0.0,nan,nan,nan
695.0853,1.544846e-05,0.0,nan,nan,nan
695.1699,1.54508e-05,0.0,nan,nan,nan
695.2534,1.54501e-05,0.0,nan,nan,nan
695.337,1.544794e-05,0.0,nan,nan,nan
695.4207,1.544964e-05,0.0,nan,nan,nan
695.5043,1.545247e-05,0.0,nan,nan,nan
695.5881,1.544862e-05,0.0,nan,nan,nan
695.6716,1.545243e-05,0.0,nan,nan,nan
695.7756,1.544824e-05,0.0,nan,nan,nan
695.8592,1.545031e-05,0.0,nan,nan,nan
695.9428,1.544717e-05,0.0,nan,nan,nan
696.0264,1.544462e-05,0.0,nan,nan,nan
696.1101,1.544259e-05,0.0,nan,nan,nan
696.1936,1.544681e-05,0.0,nan,nan,nan
696.2771,1.544651e-05,0.0,nan,nan,nan
696.3614,1.544524e-05,0.0,nan,nan,nan
696.4452,1.544516e-05,0.0,nan,nan,nan
696.5289,1.544359e-05,0.0,nan,nan,nan
696.6126,1.544466e-05,0.0,nan,nan,nan
696.7147,1.544729e-05,0.0,nan,nan,nan
696.8034,1.544545e-05,0.0,nan,nan,nan
696.8873,1.544564e-05,0.0,nan,nan,nan
696.9707,1.544835e-05,0.0,nan,nan,nan
697.0545,1.54492e-05,0.0,nan,nan,nan
697.1382,1.544941e-05,0.0,nan,nan,nan
697.2342,1.544623e-05,0.0,nan,nan,nan
697.3179,1.544767e-05,0.0,nan,nan,nan
697.4025,1.544935e-05,0.0,nan,nan,nan
697.4864,1.544979e-05,0.0,nan,nan,nan
697.5702,1.545457e-05,0.0,nan,nan,nan
697.6539,1.545289e-05,0.0,nan,nan,nan
697.7375,1.545446e-05,0.0,nan,nan,nan
697.8502,1.545013e-05,0.0,nan,nan,nan
697.9337,1.544851e-05,0.0,nan,nan,nan
698.0413,1.544956e-05,0.0,nan,nan,nan
698.1251,1.545117e-05,0.0,nan,nan,nan
698.2099,1.544932e-05,0.0,nan,nan,nan
698.2936,1.545169e-05,0.0,nan,nan,nan
698.3773,1.54512e-05,0.0,nan,nan,nan
698.4688,1.54541e-05,0.0,nan,nan,nan
698.5528,1.54498e-05,0.0,nan,nan,nan
698.6367,1.545248e-05,0.0,nan,nan,nan
698.7205,1.545532e-05,0.0,nan,nan,nan
698.8042,1.544955e-05,0.0,nan,nan,nan
698.8881,1.544863e-05,0.0,nan,nan,nan
698.9718,1.545178e-05,0.0,nan,nan,nan
699.0736,1.54484e-05,0.0,nan,nan,nan
699.1572,1.545301e-05,0.0,nan,nan,nan
699.2614,1.544888e-05,0.0,nan,nan,nan
699.3449,1.545048e-05,0.0,nan,nan,nan
699.4285,1.545177e-05,0.0,nan,nan,nan
699.5125,1.544984e-05,0.0,nan,nan,nan
699.5966,1.545253e-05,0.0,nan,nan,nan
699.6829,1.54499e-05,0.0,nan,nan,nan
699.7668,1.544704e-05,0.0,nan,nan,nan
699.8503,1.544933e-05,0.0,nan,nan,nan
699.9343,1.544811e-05,0.0,nan,nan,nan
700.0181,1.544278e-05,0.0,nan,nan,nan
700.1016,1.544963e-05,0.0,nan,nan,nan
700.1855,1.54485e-05,0.0,nan,nan,nan
700.2741,1.544904e-05,0.0,nan,nan,nan
700.3575,1.544811e-05,0.0,nan,nan,nan
700.441,1.545001e-05,0.0,nan,nan,nan
700.5245,1.544758e-05,0.0,nan,nan,nan
700.6083,1.544815e-05,0.0,nan,nan,nan
700.7089,1.544853e-05,0.0,nan,nan,nan
700.7927,1.545143e-05,0.0,nan,nan,nan
700.8761,1.544908e-05,0.0,nan,nan,nan
700.9598,1.545011e-05,0.0,nan,nan,nan
701.0434,1.544533e-05,0.0,nan,nan,nan
701.1271,1.544624e-05,0.0,nan,nan,nan
701.2107,1.544346e-05,0.0,nan,nan,nan
701.3045,1.544562e-05,0.0,nan,nan,nan
701.3884,1.544575e-05,0.0,nan,nan,nan
701.4731,1.54445e-05,0.0,nan,nan,nan
701.5569,1.544793e-05,0.0,nan,nan,nan
701.6402,1.544736e-05,0.0,nan,nan,nan
701.7237,1.545018e-05,0.0,nan,nan,nan
701.8074,1.544996e-05,0.0,nan,nan,nan
701.8929,1.544857e-05,0.0,nan,nan,nan
701.9766,1.544288e-05,0.0,nan,nan,nan
702.0605,1.544452e-05,0.0,nan,nan,nan
702.1444,1.544795e-05,0.0,nan,nan,nan
702.228,1.544262e-05,0.0,nan,nan,nan
702.3215,1.544363e-05,0.0,nan,nan,nan
702.4053,1.544914e-05,0.0,nan,nan,nan
702.4889,1.54449e-05,0.0,nan,nan,nan
702.5725,1.545008e-05,0.0,nan,nan,nan
702.6563,1.544295e-05,0.0,nan,nan,nan
702.74,1.54476e-05,0.0,nan,nan,nan
702.8235,1.544745e-05,0.0,nan,nan,nan
702.9241,1.544774e-05,0.0,nan,nan,nan
703.0079,1.544928e-05,0.0,nan,nan,nan
703.0933,1.544984e-05,0.0,nan,nan,nan
703.1772,1.545111e-05,0.0,nan,nan,nan
703.2609,1.545227e-05,0.0,nan,nan,nan
703.3443,1.545038e-05,0.0,nan,nan,nan
703.4281,1.54509e-05,0.0,nan,nan,nan
703.5134,1.545071e-05,0.0,nan,nan,nan
703.5971,1.545028e-05,0.0,nan,nan,nan
703.6806,1.544689e-05,0.0,nan,nan,nan
703.7644,1.545139e-05,0.0,nan,nan,nan
703.8479,1.545089e-05,0.0,nan,nan,nan
703.9319,1.544832e-05,0.0,nan,nan,nan
704.0155,1.545158e-05,0.0,nan,nan,nan
704.0994,1.544611e-05,0.0,nan,nan,nan
704.1833,1.54447e-05,0.0,nan,nan,nan
704.2669,1.544846e-05,0.0,nan,nan,nan
704.3569,1.545071e-05,0.0,nan,nan,nan
704.4409,1.544817e-05,0.0,nan,nan,nan
704.5272,1.544944e-05,0.0,nan,nan,nan
704.611,1.544934e-05,0.0,nan,nan,nan
704.6947,1.545328e-05,0.0,nan,nan,nan
704.7784,1.544996e-05,0.0,nan,nan,nan
704.8622,1.545012e-05,0.0,nan,nan,nan
705.0079,1.545348e-05,0.0,nan,nan,nan
705.0914,1.545489e-05,0.0,nan,nan,nan
705.1748,1.545121e-05,0.0,nan,nan,nan
705.2582,1.545218e-05,0.0,nan,nan,nan
705.3419,1.544857e-05,0.0,nan,nan,nan
705.4254,1.545131e-05,0.0,nan,nan,nan
705.5091,1.545342e-05,0.0,nan,nan,nan
705.5929,1.544901e-05,0.0,nan,nan,nan
705.6765,1.545001e-05,0.0,nan,nan,nan
705.778,1.544937e-05,0.0,nan,nan,nan
705.8616,1.544875e-05,0.0,nan,nan,nan
705.9454,1.544924e-05,0.0,nan,nan,nan
706.0291,1.544814e-05,0.0,nan,nan,nan
706.113,1.54484e-05,0.0,nan,nan,nan
706.1969,1.545095e-05,0.0,nan,nan,nan
706.2808,1.545221e-05,0.0,nan,nan,nan
706.3848,1.54489e-05,0.0,nan,nan,nan
706.4683,1.544892e-05,0.0,nan,nan,nan
706.5528,1.545331e-05,0.0,nan,nan,nan
706.6364,1.545131e-05,0.0,nan,nan,nan
706.72,1.544862e-05,0.0,nan,nan,nan
706.8037,1.545418e-05,0.0,nan,nan,nan
706.8875,1.545328e-05,0.0,nan,nan,nan
706.9709,1.545323e-05,0.0,nan,nan,nan
707.0902,1.545277e-05,0.0,nan,nan,nan
707.1751,1.545533e-05,0.0,nan,nan,nan
707.2587,1.545308e-05,0.0,nan,nan,nan
707.3423,1.545118e-05,0.0,nan,nan,nan
707.4263,1.545837e-05,0.0,nan,nan,nan
707.5101,1.545304e-05,0.0,nan,nan,nan
707.6165,1.544737e-05,0.0,nan,nan,nan
707.7,1.545038e-05,0.0,nan,nan,nan
707.7834,1.544785e-05,0.0,nan,nan,nan
707.867,1.545095e-05,0.0,nan,nan,nan
707.9508,1.545203e-05,0.0,nan,nan,nan
708.0344,1.54503e-05,0.0,nan,nan,nan
708.1182,1.544938e-05,0.0,nan,nan,nan
708.2017,1.545317e-05,0.0,nan,nan,nan
708.2853,1.545202e-05,0.0,nan,nan,nan
708.369,1.545158e-05,0.0,nan,nan,nan
708.4529,1.545519e-05,0.0,nan,nan,nan
708.5366,1.545064e-05,0.0,nan,nan,nan
708.6405,1.545012e-05,0.0,nan,nan,nan
708.7242,1.544681e-05,0.0,nan,nan,nan
708.8076,1.545088e-05,0.0,nan,nan,nan
708.8913,1.545099e-05,0.0,nan,nan,nan
708.975,1.545221e-05,0.0,nan,nan,nan
709.0584,1.544825e-05,0.0,nan,nan,nan
709.1525,1.544998e-05,0.0,nan,nan,nan
709.2368,1.544839e-05,0.0,nan,nan,nan
709.3207,1.544759e-05,0.0,nan,nan,nan
709.4041,1.545224e-05,0.0,nan,nan,nan
709.488,1.545345e-05,0.0,nan,nan,nan
709.5717,1.545576e-05,0.0,nan,nan,nan
709.6553,1.545431e-05,0.0,nan,nan,nan
709.739,1.545087e-05,0.0,nan,nan,nan
709.8229,1.545652e-05,0.0,nan,nan,nan
709.9065,1.545234e-05,0.0,nan,nan,nan
709.9904,1.545171e-05,0.0,nan,nan,nan
710.0741,1.545085e-05,0.0,nan,nan,nan
710.1577,1.545151e-05,0.0,nan,nan,nan
710.2586,1.544988e-05,0.0,nan,nan,nan
710.3423,1.545252e-05,0.0,nan,nan,nan
710.4268,1.545334e-05,0.0,nan,nan,nan
710.5107,1.54522e-05,0.0,nan,nan,nan
710.5942,1.545332e-05,0.0,nan,nan,nan
710.6778,1.5451e-05,0.0,nan,nan,nan
710.7616,1.545003e-05,0.0,nan,nan,nan
710.8693,1.544935e-05,0.0,nan,nan,nan
710.9532,1.544853e-05,0.0,nan,nan,nan
711.0366,1.545041e-05,0.0,nan,nan,nan
711.1201,1.545067e-05,0.0,nan,nan,nan
711.2089,1.545092e-05,0.0,nan,nan,nan
711.3098,1.544817e-05,0.0,nan,nan,nan
711.3933,1.544712e-05,0.0,nan,nan,nan
711.4767,1.544814e-05,0.0,nan,nan,nan
711.5604,1.544631e-05,0.0,nan,nan,nan
711.6446,1.544956e-05,0.0,nan,nan,nan
711.7285,1.544936e-05,0.0,nan,nan,nan
711.8123,1.545061e-05,0.0,nan,nan,nan
711.8963,1.545236e-05,0.0,nan,nan,nan
711.9805,1.544958e-05,0.0,nan,nan,nan
712.0641,1.544934e-05,0.0,nan,nan,nan
712.1476,1.545343e-05,0.0,nan,nan,nan
712.231,1.545242e-05,0.0,nan,nan,nan
712.315,1.544776e-05,0.0,nan,nan,nan
712.3986,1.54432e-05,0.0,nan,nan,nan
712.4825,1.544435e-05,0.0,nan,nan,nan
712.566,1.545039e-05,0.0,nan,nan,nan
712.6495,1.544444e-05,0.0,nan,nan,nan
712.7333,1.544634e-05,0.0,nan,nan,nan
712.8171,1.544471e-05,0.0,nan,nan,nan
712.9139,1.544842e-05,0.0,nan,nan,nan
712.9975,1.545149e-05,0.0,nan,nan,nan
713.0814,1.544736e-05,0.0,nan,nan,nan
713.1651,1.545064e-05,0.0,nan,nan,nan
713.2486,1.545075e-05,0.0,nan,nan,nan
713.3369,1.544827e-05,0.0,nan,nan,nan
713.4207,1.544807e-05,0.0,nan,nan,nan
713.5138,1.544707e-05,0.0,nan,nan,nan
713.5971,1.544772e-05,0.0,nan,nan,nan
713.6807,1.545373e-05,0.0,nan,nan,nan
713.7645,1.545057e-05,0.0,nan,nan,nan
713.8485,1.545121e-05,0.0,nan,nan,nan
713.947,1.544857e-05,0.0,nan,nan,nan
714.0308,1.544932e-05,0.0,nan,nan,nan
714.1389,1.545146e-05,0.0,nan,nan,nan
714.2227,1.544588e-05,0.0,nan,nan,nan
714.306,1.545338e-05,0.0,nan,nan,nan
714.3899,1.545115e-05,0.0,nan,nan,nan
714.4747,1.544892e-05,0.0,nan,nan,nan
714.5586,1.545137e-05,0.0,nan,nan,nan
714.6423,1.544898e-05,0.0,nan,nan,nan
714.7263,1.544937e-05,0.0,nan,nan,nan
714.81,1.544703e-05,0.0,nan,nan,nan
714.8938,1.54462e-05,0.0,nan,nan,nan
714.9775,1.545152e-05,0.0,nan,nan,nan
715.0614,1.545116e-05,0.0,nan,nan,nan
715.1713,1.545057e-05,0.0,nan,nan,nan
715.2551,1.545224e-05,0.0,nan,nan,nan
715.3398,1.545134e-05,0.0,nan,nan,nan
715.4279,1.54532e-05,0.0,nan,nan,nan
715.5115,1.545284e-05,0.0,nan,nan,nan
715.5951,1.545369e-05,0.0,nan,nan,nan
715.6788,1.544945e-05,0.0,nan,nan,nan
715.7697,1.544775e-05,0.0,nan,nan,nan
715.8534,1.544899e-05,0.0,nan,nan,nan
715.9371,1.544708e-05,0.0,nan,nan,nan
716.0208,1.544827e-05,0.0,nan,nan,nan
716.1045,1.545081e-05,0.0,nan,nan,nan
716.1885,1.545047e-05,0.0,nan,nan,nan
716.2723,1.545263e-05,0.0,nan,nan,nan
716.3569,1.544857e-05,0.0,nan,nan,nan
716.4403,1.545232e-05,0.0,nan,nan,nan
716.5251,1.544844e-05,0.0,nan,nan,nan
716.609,1.545088e-05,0.0,nan,nan,nan
716.6927,1.545476e-05,0.0,nan,nan,nan
716.7905,1.545199e-05,0.0,nan,nan,nan
716.8741,1.545071e-05,0.0,nan,nan,nan
716.9577,1.545381e-05,0.0,nan,nan,nan
717.0416,1.545062e-05,0.0,nan,nan,nan
717.1253,1.545024e-05,0.0,nan,nan,nan
717.2089,1.545141e-05,0.0,nan,nan,nan
717.2925,1.544885e-05,0.0,nan,nan,nan
717.3993,1.544597e-05,0.0,nan,nan,nan
717.4829,1.545233e-05,0.0,nan,nan,nan
717.5665,1.54492e-05,0.0,nan,nan,nan
717.6503,1.544957e-05,0.0,nan,nan,nan
717.734,1.544885e-05,0.0,nan,nan,nan
717.8175,1.544746e-05,0.0,nan,nan,nan
717.9012,1.545092e-05,0.0,nan,nan,nan
717.9922,1.545298e-05,0.0,nan,nan,nan
718.0764,1.545048e-05,0.0,nan,nan,nan
718.1603,1.545229e-05,0.0,nan,nan,nan
718.2439,1.545054e-05,0.0,nan,nan,nan
718.3276,1.544997e-05,0.0,nan,nan,nan
718.4218,1.544999e-05,0.0,nan,nan,nan
718.5056,1.545166e-05,0.0,nan,nan,nan
718.5897,1.544992e-05,0.0,nan,nan,nan
718.6736,1.545039e-05,0.0,nan,nan,nan
718.7584,1.545198e-05,0.0,nan,nan,nan
718.8419,1.54534e-05,0.0,nan,nan,nan
718.9257,1.544925e-05,0.0,nan,nan,nan
719.0246,1.545527e-05,0.0,nan,nan,nan
719.1084,1.545213e-05,0.0,nan,nan,nan
719.1922,1.545445e-05,0.0,nan,nan,nan
719.276,1.545042e-05,0.0,nan,nan,nan
719.3594,1.545208e-05,0.0,nan,nan,nan
719.4533,1.545193e-05,0.0,nan,nan,nan
719.537,1.545119e-05,0.0,nan,nan,nan
719.6234,1.545316e-05,0.0,nan,nan,nan
719.7072,1.545262e-05,0.0,nan,nan,nan
719.791,1.54557e-05,0.0,nan,nan,nan
719.8743,1.545186e-05,0.0,nan,nan,nan
719.9581,1.545386e-05,0.0,nan,nan,nan
720.0725,1.5456e-05,0.0,nan,nan,nan
720.1564,1.545468e-05,0.0,nan,nan,nan
720.2562,1.54498e-05,0.0,nan,nan,nan
720.34,1.544868e-05,0.0,nan,nan,nan
720.4236,1.544926e-05,0.0,nan,nan,nan
720.5075,1.545053e-05,0.0,nan,nan,nan
720.5911,1.545075e-05,0.0,nan,nan,nan
720.6745,1.545257e-05,0.0,nan,nan,nan
720.7581,1.545067e-05,0.0,nan,nan,nan
720.8423,1.545233e-05,0.0,nan,nan,nan
720.9258,1.545219e-05,0.0,nan,nan,nan
721.0095,1.54481e-05,0.0,nan,nan,nan
721.0933,1.54501e-05,0.0,nan,nan,nan
721.1772,1.545847e-05,0.0,nan,nan,nan
721.2643,1.545378e-05,0.0,nan,nan,nan
721.3478,1.545435e-05,0.0,nan,nan,nan
721.4315,1.545162e-05,0.0,nan,nan,nan
721.5149,1.545022e-05,0.0,nan,nan,nan
721.5991,1.545451e-05,0.0,nan,nan,nan
721.6826,1.545206e-05,0.0,nan,nan,nan
721.7662,1.54543e-05,0.0,nan,nan,nan
721.8498,1.545587e-05,0.0,nan,nan,nan
721.9332,1.544778e-05,0.0,nan,nan,nan
722.0169,1.545718e-05,0.0,nan,nan,nan
722.1006,1.545272e-05,0.0,nan,nan,nan
722.1845,1.545457e-05,0.0,nan,nan,nan
722.2883,1.545575e-05,0.0,nan,nan,nan
722.372,1.545225e-05,0.0,nan,nan,nan
722.4556,1.545429e-05,0.0,nan,nan,nan
722.5393,1.544995e-05,0.0,nan,nan,nan
722.623,1.545328e-05,0.0,nan,nan,nan
722.711,1.545087e-05,0.0,nan,nan,nan
722.7947,1.545414e-05,0.0,nan,nan,nan
722.878,1.545083e-05,0.0,nan,nan,nan
722.9617,1.545509e-05,0.0,nan,nan,nan
723.0456,1.545244e-05,0.0,nan,nan,nan
723.1291,1.5455e-05,0.0,nan,nan,nan
723.213,1.5449e-05,0.0,nan,nan,nan
723.3235,1.544767e-05,0.0,nan,nan,nan
723.4072,1.544758e-05,0.0,nan,nan,nan
723.4913,1.544825e-05,0.0,nan,nan,nan
723.5751,1.545055e-05,0.0,nan,nan,nan
723.6589,1.544725e-05,0.0,nan,nan,nan
723.7424,1.544961e-05,0.0,nan,nan,nan
723.8263,1.5447e-05,0.0,nan,nan,nan
723.9101,1.544415e-05,0.0,nan,nan,nan
723.994,1.54465e-05,0.0,nan,nan,nan
724.0777,1.544976e-05,0.0,nan,nan,nan
724.1613,1.545159e-05,0.0,nan,nan,nan
724.2451,1.544882e-05,0.0,nan,nan,nan
724.3491,1.544691e-05,0.0,nan,nan,nan
724.4331,1.544981e-05,0.0,nan,nan,nan
724.5326,1.545196e-05,0.0,nan,nan,nan
724.6163,1.545082e-05,0.0,nan,nan,nan
724.6998,1.544847e-05,0.0,nan,nan,nan
724.7836,1.545323e-05,0.0,nan,nan,nan
724.8673,1.545028e-05,0.0,nan,nan,nan
724.9732,1.545052e-05,0.0,nan,nan,nan
725.0571,1.545168e-05,0.0,nan,nan,nan
725.1406,1.545009e-05,0.0,nan,nan,nan
725.2245,1.544972e-05,0.0,nan,nan,nan
725.3083,1.544915e-05,0.0,nan,nan,nan
725.392,1.544806e-05,0.0,nan,nan,nan
725.4754,1.544616e-05,0.0,nan,nan,nan
725.5677,1.545072e-05,0.0,nan,nan,nan
725.6512,1.544561e-05,0.0,nan,nan,nan
725.7346,1.544842e-05,0.0,nan,nan,nan
725.8185,1.544953e-05,0.0,nan,nan,nan
725.9022,1.544541e-05,0.0,nan,nan,nan
725.9887,1.544593e-05,0.0,nan,nan,nan
726.0724,1.544649e-05,0.0,nan,nan,nan
726.1561,1.545119e-05,0.0,nan,nan,nan
726.2399,1.544853e-05,0.0,nan,nan,nan
726.3238,1.544654e-05,0.0,nan,nan,nan
726.4084,1.544689e-05,0.0,nan,nan,nan
726.4921,1.544651e-05,0.0,nan,nan,nan
726.5756,1.544785e-05,0.0,nan,nan,nan
726.6591,1.544856e-05,0.0,nan,nan,nan
726.743,1.544843e-05,0.0,nan,nan,nan
726.8267,1.544914e-05,0.0,nan,nan,nan
726.9103,1.545048e-05,0.0,nan,nan,nan
727.011,1.544321e-05,0.0,nan,nan,nan
727.0948,1.544729e-05,0.0,nan,nan,nan
727.1791,1.54447e-05,0.0,nan,nan,nan
727.2629,1.54455e-05,0.0,nan,nan,nan
727.347,1.544246e-05,0.0,nan,nan,nan
727.4308,1.544837e-05,0.0,nan,nan,nan
727.5151,1.544836e-05,0.0,nan,nan,nan
727.6106,1.545055e-05,0.0,nan,nan,nan
727.6944,1.545087e-05,0.0,nan,nan,nan
727.7973,1.544831e-05,0.0,nan,nan,nan
727.8811,1.545047e-05,0.0,nan,nan,nan
727.9648,1.544872e-05,0.0,nan,nan,nan
728.0487,1.544778e-05,0.0,nan,nan,nan
728.1321,1.544614e-05,0.0,nan,nan,nan
728.2343,1.544669e-05,0.0,nan,nan,nan
728.3177,1.544875e-05,0.0,nan,nan,nan
728.4013,1.544917e-05,0.0,nan,nan,nan
728.485,1.545111e-05,0.0,nan,nan,nan
728.5686,1.545016e-05,0.0,nan,nan,nan
728.6524,1.544757e-05,0.0,nan,nan,nan
728.7362,1.54468e-05,0.0,nan,nan,nan
728.8277,1.545022e-05,0.0,nan,nan,nan
728.9115,1.544996e-05,0.0,nan,nan,nan
728.9969,1.54482e-05,0.0,nan,nan,nan
729.0806,1.544829e-05,0.0,nan,nan,nan
729.1642,1.544497e-05,0.0,nan,nan,nan
729.2648,1.544872e-05,0.0,nan,nan,nan
729.3486,1.544519e-05,0.0,nan,nan,nan
729.4321,1.544539e-05,0.0,nan,nan,nan
729.5157,1.544556e-05,0.0,nan,nan,nan
729.5996,1.544604e-05,0.0,nan,nan,nan
729.6834,1.54443e-05,0.0,nan,nan,nan
729.7672,1.544681e-05,0.0,nan,nan,nan
729.8721,1.54454e-05,0.0,nan,nan,nan
729.9561,1.544891e-05,0.0,nan,nan,nan
730.0396,1.544856e-05,0.0,nan,nan,nan
730.1235,1.544693e-05,0.0,nan,nan,nan
730.2073,1.544838e-05,0.0,nan,nan,nan
730.2909,1.544649e-05,0.0,nan,nan,nan
730.3746,1.544645e-05,0.0,nan,nan,nan
730.4767,1.544984e-05,0.0,nan,nan,nan
730.5606,1.54486e-05,0.0,nan,nan,nan
730.6443,1.544557e-05,0.0,nan,nan,nan
730.728,1.544739e-05,0.0,nan,nan,nan
730.8117,1.545046e-05,0.0,nan,nan,nan
730.8994,1.545152e-05,0.0,nan,nan,nan
730.9832,1.54487e-05,0.0,nan,nan,nan
731.0678,1.54522e-05,0.0,nan,nan,nan
731.1515,1.545146e-05,0.0,nan,nan,nan
731.2352,1.544621e-05,0.0,nan,nan,nan
731.319,1.545191e-05,0.0,nan,nan,nan
731.4026,1.544422e-05,0.0,nan,nan,nan
731.4862,1.544943e-05,0.0,nan,nan,nan
731.5699,1.544869e-05,0.0,nan,nan,nan
731.6538,1.545024e-05,0.0,nan,nan,nan
731.7376,1.545151e-05,0.0,nan,nan,nan
731.8214,1.54506e-05,0.0,nan,nan,nan
731.9063,1.545207e-05,0.0,nan,nan,nan
731.9934,1.545413e-05,0.0,nan,nan,nan
732.0791,1.544996e-05,0.0,nan,nan,nan
732.1633,1.545364e-05,0.0,nan,nan,nan
732.2469,1.545064e-05,0.0,nan,nan,nan
732.3303,1.544858e-05,0.0,nan,nan,nan
732.414,1.544828e-05,0.0,nan,nan,nan
732.4973,1.544712e-05,0.0,nan,nan,nan
732.5809,1.544898e-05,0.0,nan,nan,nan
732.6644,1.544932e-05,0.0,nan,nan,nan
732.7481,1.544899e-05,0.0,nan,nan,nan
732.832,1.544819e-05,0.0,nan,nan,nan
732.9409,1.545322e-05,0.0,nan,nan,nan
733.0245,1.545036e-05,0.0,nan,nan,nan
733.1096,1.544905e-05,0.0,nan,nan,nan
733.1934,1.545033e-05,0.0,nan,nan,nan
733.2772,1.544686e-05,0.0,nan,nan,nan
733.361,1.544982e-05,0.0,nan,nan,nan
733.4447,1.545413e-05,0.0,nan,nan,nan
733.5472,1.544753e-05,0.0,nan,nan,nan
733.6312,1.544633e-05,0.0,nan,nan,nan
733.7149,1.544724e-05,0.0,nan,nan,nan
733.7985,1.54483e-05,0.0,nan,nan,nan
733.8823,1.544646e-05,0.0,nan,nan,nan
733.9907,1.545382e-05,0.0,nan,nan,nan
734.0746,1.545078e-05,0.0,nan,nan,nan
734.1767,1.544936e-05,0.0,nan,nan,nan
734.2604,1.54528e-05,0.0,nan,nan,nan
734.3444,1.545487e-05,0.0,nan,nan,nan
734.4279,1.544965e-05,0.0,nan,nan,nan
734.5116,1.545193e-05,0.0,nan,nan,nan
734.5956,1.545132e-05,0.0,nan,nan,nan
734.6792,1.544824e-05,0.0,nan,nan,nan
734.7687,1.545081e-05,0.0,nan,nan,nan
734.8522,1.545155e-05,0.0,nan,nan,nan
734.9356,1.545358e-05,0.0,nan,nan,nan
735.0194,1.545487e-05,0.0,nan,nan,nan
735.1031,1.545185e-05,0.0,nan,nan,nan
735.1868,1.545343e-05,0.0,nan,nan,nan
735.2702,1.545357e-05,0.0,nan,nan,nan
735.3553,1.545017e-05,0.0,nan,nan,nan
735.4391,1.545134e-05,0.0,nan,nan,nan
735.523,1.54487e-05,0.0,nan,nan,nan
735.6068,1.544832e-05,0.0,nan,nan,nan
735.6907,1.545004e-05,0.0,nan,nan,nan
735.7922,1.54512e-05,0.0,nan,nan,nan
735.8759,1.545217e-05,0.0,nan,nan,nan
735.9603,1.545085e-05,0.0,nan,nan,nan
736.0898,1.54484e-05,0.0,nan,nan,nan
736.1733,1.544725e-05,0.0,nan,nan,nan
736.2573,1.544507e-05,0.0,nan,nan,nan
736.3408,1.54461e-05,0.0,nan,nan,nan
736.4243,1.544536e-05,0.0,nan,nan,nan
736.508,1.544634e-05,0.0,nan,nan,nan
736.5923,1.544861e-05,0.0,nan,nan,nan
736.6758,1.5446e-05,0.0,nan,nan,nan
736.7592,1.544842e-05,0.0,nan,nan,nan
736.8429,1.544895e-05,0.0,nan,nan,nan
736.9266,1.544525e-05,0.0,nan,nan,nan
737.024,1.544635e-05,0.0,nan,nan,nan
737.1075,1.544426e-05,0.0,nan,nan,nan
737.191,1.544923e-05,0.0,nan,nan,nan
737.2745,1.544764e-05,0.0,nan,nan,nan
737.358,1.544492e-05,0.0,nan,nan,nan
737.4552,1.544992e-05,0.0,nan,nan,nan
737.539,1.545188e-05,0.0,nan,nan,nan
737.6226,1.545019e-05,0.0,nan,nan,nan
737.7064,1.544957e-05,0.0,nan,nan,nan
737.7913,1.544428e-05,0.0,nan,nan,nan
737.875,1.544694e-05,0.0,nan,nan,nan
737.9587,1.544971e-05,0.0,nan,nan,nan
738.0494,1.544863e-05,0.0,nan,nan,nan
738.1679,1.545297e-05,0.0,nan,nan,nan
738.2552,1.545311e-05,0.0,nan,nan,nan
738.3389,1.545363e-05,0.0,nan,nan,nan
738.4223,1.545039e-05,0.0,nan,nan,nan
738.5061,1.545081e-05,0.0,nan,nan,nan
738.5898,1.545084e-05,0.0,nan,nan,nan
738.6734,1.54485e-05,0.0,nan,nan,nan
738.7572,1.5446e-05,0.0,nan,nan,nan
738.8406,1.544901e-05,0.0,nan,nan,nan
738.9242,1.54499e-05,0.0,nan,nan,nan
739.0078,1.545165e-05,0.0,nan,nan,nan
739.0915,1.544633e-05,0.0,nan,nan,nan
739.1752,1.544632e-05,0.0,nan,nan,nan
739.2721,1.545049e-05,0.0,nan,nan,nan
739.3558,1.544618e-05,0.0,nan,nan,nan
739.4395,1.544596e-05,0.0,nan,nan,nan
739.5233,1.544836e-05,0.0,nan,nan,nan
739.6071,1.544848e-05,0.0,nan,nan,nan
739.6906,1.544837e-05,0.0,nan,nan,nan
739.7743,1.545016e-05,0.0,nan,nan,nan
739.8583,1.544667e-05,0.0,nan,nan,nan
739.9418,1.544445e-05,0.0,nan,nan,nan
740.0257,1.54542e-05,0.0,nan,nan,nan
740.1094,1.544661e-05,0.0,nan,nan,nan
740.2234,1.545142e-05,0.0,nan,nan,nan
740.3178,1.544807e-05,0.0,nan,nan,nan
740.4016,1.544696e-05,0.0,nan,nan,nan
740.485,1.544811e-05,0.0,nan,nan,nan
740.5689,1.544935e-05,0.0,nan,nan,nan
740.6525,1.545004e-05,0.0,nan,nan,nan
740.7364,1.545039e-05,0.0,nan,nan,nan
740.8202,1.544535e-05,0.0,nan,nan,nan
740.9249,1.54456e-05,0.0,nan,nan,nan
741.0085,1.544981e-05,0.0,nan,nan,nan
741.0946,1.544419e-05,0.0,nan,nan,nan
741.1781,1.545165e-05,0.0,nan,nan,nan
741.2618,1.544851e-05,0.0,nan,nan,nan
741.3453,1.545168e-05,0.0,nan,nan,nan
741.4289,1.544882e-05,0.0,nan,nan,nan
741.5314,1.544955e-05,0.0,nan,nan,nan
741.6152,1.545008e-05,0.0,nan,nan,nan
741.699,1.544928e-05,0.0,nan,nan,nan
741.7826,1.544988e-05,0.0,nan,nan,nan
741.8664,1.545074e-05,0.0,nan,nan,nan
741.9499,1.544841e-05,0.0,nan,nan,nan
742.0337,1.544707e-05,0.0,nan,nan,nan
742.1349,1.544399e-05,0.0,nan,nan,nan
742.2185,1.54477e-05,0.0,nan,nan,nan
742.3446,1.544434e-05,0.0,nan,nan,nan
742.428,1.544988e-05,0.0,nan,nan,nan
742.5354,1.544511e-05,0.0,nan,nan,nan
742.6191,1.544454e-05,0.0,nan,nan,nan
742.7032,1.544285e-05,0.0,nan,nan,nan
742.7867,1.54484e-05,0.0,nan,nan,nan
742.8704,1.544672e-05,0.0,nan,nan,nan
742.9676,1.545007e-05,0.0,nan,nan,nan
743.0512,1.544377e-05,0.0,nan,nan,nan
743.1346,1.544639e-05,0.0,nan,nan,nan
743.2181,1.544879e-05,0.0,nan,nan,nan
743.3018,1.54488e-05,0.0,nan,nan,nan
743.3855,1.545136e-05,0.0,nan,nan,nan
743.469,1.544943e-05,0.0,nan,nan,nan
743.5679,1.544903e-05,0.0,nan,nan,nan
743.6514,1.544746e-05,0.0,nan,nan,nan
743.7349,1.544661e-05,0.0,nan,nan,nan
743.8184,1.544865e-05,0.0,nan,nan,nan
743.9019,1.544791e-05,0.0,nan,nan,nan
743.9854,1.544859e-05,0.0,nan,nan,nan
744.0691,1.54519e-05,0.0,nan,nan,nan
744.1525,1.544634e-05,0.0,nan,nan,nan
744.2363,1.544784e-05,0.0,nan,nan,nan
744.3199,1.544737e-05,0.0,nan,nan,nan
744.421,1.544916e-05,0.0,nan,nan,nan
744.5047,1.544832e-05,0.0,nan,nan,nan
744.5883,1.545076e-05,0.0,nan,nan,nan
744.672,1.544792e-05,0.0,nan,nan,nan
744.7555,1.544819e-05,0.0,nan,nan,nan
744.8392,1.544585e-05,0.0,nan,nan,nan
744.9229,1.544867e-05,0.0,nan,nan,nan
745.0163,1.544692e-05,0.0,nan,nan,nan
745.0999,1.545093e-05,0.0,nan,nan,nan
745.1841,1.545004e-05,0.0,nan,nan,nan
745.2799,1.544693e-05,0.0,nan,nan,nan
745.3637,1.544981e-05,0.0,nan,nan,nan
745.4704,1.544983e-05,0.0,nan,nan,nan
745.554,1.54463e-05,0.0,nan,nan,nan
745.6377,1.545268e-05,0.0,nan,nan,nan
745.7215,1.544989e-05,0.0,nan,nan,nan
745.8269,1.544706e-05,0.0,nan,nan,nan
745.9108,1.544703e-05,0.0,nan,nan,nan
745.995,1.544532e-05,0.0,nan,nan,nan
746.0786,1.544522e-05,0.0,nan,nan,nan
746.1624,1.544338e-05,0.0,nan,nan,nan
746.246,1.544597e-05,0.0,nan,nan,nan
746.3298,1.544286e-05,0.0,nan,nan,nan
746.4557,1.544817e-05,0.0,nan,nan,nan
746.5395,1.544719e-05,0.0,nan,nan,nan
746.6306,1.544545e-05,0.0,nan,nan,nan
746.7142,1.54477e-05,0.0,nan,nan,nan
746.7981,1.54463e-05,0.0,nan,nan,nan
746.8819,1.544428e-05,0.0,nan,nan,nan
746.9655,1.544568e-05,0.0,nan,nan,nan
747.0493,1.544245e-05,0.0,nan,nan,nan
747.1333,1.544245e-05,0.0,nan,nan,nan
747.242,1.544396e-05,0.0,nan,nan,nan
747.3256,1.54454e-05,0.0,nan,nan,nan
747.4134,1.544311e-05,0.0,nan,nan,nan
747.4973,1.544799e-05,0.0,nan,nan,nan
747.5808,1.544366e-05,0.0,nan,nan,nan
747.6645,1.544553e-05,0.0,nan,nan,nan
747.748,1.544729e-05,0.0,nan,nan,nan
747.8315,1.544346e-05,0.0,nan,nan,nan
747.9154,1.544451e-05,0.0,nan,nan,nan
747.9991,1.544594e-05,0.0,nan,nan,nan
748.0829,1.544502e-05,0.0,nan,nan,nan
748.1666,1.544513e-05,0.0,nan,nan,nan
748.2565,1.544663e-05,0.0,nan,nan,nan
748.3404,1.544288e-05,0.0,nan,nan,nan
748.4241,1.544661e-05,0.0,nan,nan,nan
748.5401,1.544608e-05,0.0,nan,nan,nan
748.6237,1.544715e-05,0.0,nan,nan,nan
748.7074,1.545169e-05,0.0,nan,nan,nan
748.7914,1.544658e-05,0.0,nan,nan,nan
748.8749,1.545117e-05,0.0,nan,nan,nan
748.9584,1.545184e-05,0.0,nan,nan,nan
749.0418,1.544489e-05,0.0,nan,nan,nan
749.1259,1.544827e-05,0.0,nan,nan,nan
749.2095,1.545097e-05,0.0,nan,nan,nan
749.2932,1.54499e-05,0.0,nan,nan,nan
749.3769,1.544658e-05,0.0,nan,nan,nan
749.4607,1.545127e-05,0.0,nan,nan,nan
749.5446,1.545136e-05,0.0,nan,nan,nan
749.6283,1.544811e-05,0.0,nan,nan,nan
749.712,1.545233e-05,0.0,nan,nan,nan
749.7958,1.545213e-05,0.0,nan,nan,nan
749.8878,1.544857e-05,0.0,nan,nan,nan
749.9716,1.544576e-05,0.0,nan,nan,nan
750.0561,1.544651e-05,0.0,nan,nan,nan
750.1398,1.544924e-05,0.0,nan,nan,nan
750.2235,1.544706e-05,0.0,nan,nan,nan
750.3072,1.544998e-05,0.0,nan,nan,nan
750.3909,1.544701e-05,0.0,nan,nan,nan
750.4746,1.544432e-05,0.0,nan,nan,nan
750.5582,1.544774e-05,0.0,nan,nan,nan
750.6426,1.545281e-05,0.0,nan,nan,nan
750.7264,1.545012e-05,0.0,nan,nan,nan
750.8098,1.544975e-05,0.0,nan,nan,nan
750.9161,1.544836e-05,0.0,nan,nan,nan
750.9999,1.54513e-05,0.0,nan,nan,nan
751.085,1.545076e-05,0.0,nan,nan,nan
751.1689,1.545094e-05,0.0,nan,nan,nan
751.2524,1.544901e-05,0.0,nan,nan,nan
751.3361,1.545011e-05,0.0,nan,nan,nan
751.42,1.544791e-05,0.0,nan,nan,nan
751.5233,1.54524e-05,0.0,nan,nan,nan
751.6074,1.545461e-05,0.0,nan,nan,nan
751.6908,1.545068e-05,0.0,nan,nan,nan
751.7743,1.545481e-05,0.0,nan,nan,nan
751.858,1.545287e-05,0.0,nan,nan,nan
751.958,1.545311e-05,0.0,nan,nan,nan
752.0415,1.545213e-05,0.0,nan,nan,nan
752.1249,1.54542e-05,0.0,nan,nan,nan
752.2087,1.545236e-05,0.0,nan,nan,nan
752.2924,1.545239e-05,0.0,nan,nan,nan
752.3759,1.54526e-05,0.0,nan,nan,nan
752.4598,1.545465e-05,0.0,nan,nan,nan
752.5578,1.545281e-05,0.0,nan,nan,nan
752.6413,1.545313e-05,0.0,nan,nan,nan
752.7286,1.545038e-05,0.0,nan,nan,nan
752.8125,1.544979e-05,0.0,nan,nan,nan
752.8962,1.544862e-05,0.0,nan,nan,nan
752.9799,1.544757e-05,0.0,nan,nan,nan
753.0635,1.545459e-05,0.0,nan,nan,nan
753.1738,1.545212e-05,0.0,nan,nan,nan
753.2577,1.54488e-05,0.0,nan,nan,nan
753.3428,1.545096e-05,0.0,nan,nan,nan
753.4264,1.544592e-05,0.0,nan,nan,nan
753.51,1.544931e-05,0.0,nan,nan,nan
753.5937,1.545036e-05,0.0,nan,nan,nan
753.6772,1.544759e-05,0.0,nan,nan,nan
753.7663,1.544503e-05,0.0,nan,nan,nan
753.8502,1.54455e-05,0.0,nan,nan,nan
753.9341,1.544498e-05,0.0,nan,nan,nan
754.0178,1.545275e-05,0.0,nan,nan,nan
754.1012,1.544567e-05,0.0,nan,nan,nan
754.1973,1.544998e-05,0.0,nan,nan,nan
754.2809,1.54473e-05,0.0,nan,nan,nan
754.3831,1.545054e-05,0.0,nan,nan,nan
754.4666,1.545163e-05,0.0,nan,nan,nan
754.5501,1.545279e-05,0.0,nan,nan,nan
754.6338,1.545225e-05,0.0,nan,nan,nan
754.7172,1.544982e-05,0.0,nan,nan,nan
754.8006,1.544937e-05,0.0,nan,nan,nan
754.8841,1.544982e-05,0.0,nan,nan,nan
754.9886,1.544924e-05,0.0,nan,nan,nan
755.0725,1.544972e-05,0.0,nan,nan,nan
755.156,1.545055e-05,0.0,nan,nan,nan
755.2399,1.544832e-05,0.0,nan,nan,nan
755.3237,1.544948e-05,0.0,nan,nan,nan
755.4137,1.545061e-05,0.0,nan,nan,nan
755.4974,1.544573e-05,0.0,nan,nan,nan
755.6053,1.5447e-05,0.0,nan,nan,nan
755.6893,1.544796e-05,0.0,nan,nan,nan
755.7738,1.54452e-05,0.0,nan,nan,nan
755.8578,1.544849e-05,0.0,nan,nan,nan
755.9417,1.544661e-05,0.0,nan,nan,nan
756.0252,1.544694e-05,0.0,nan,nan,nan
756.1091,1.545011e-05,0.0,nan,nan,nan
756.1929,1.54503e-05,0.0,nan,nan,nan
756.2764,1.545192e-05,0.0,nan,nan,nan
756.3601,1.545144e-05,0.0,nan,nan,nan
756.4436,1.545351e-05,0.0,nan,nan,nan
756.5274,1.544955e-05,0.0,nan,nan,nan
756.6226,1.544816e-05,0.0,nan,nan,nan
756.7067,1.544833e-05,0.0,nan,nan,nan
756.7909,1.544762e-05,0.0,nan,nan,nan
756.8998,1.544681e-05,0.0,nan,nan,nan
756.9834,1.544418e-05,0.0,nan,nan,nan
757.0673,1.544736e-05,0.0,nan,nan,nan
757.1511,1.544645e-05,0.0,nan,nan,nan
757.2407,1.545068e-05,0.0,nan,nan,nan
757.3244,1.544877e-05,0.0,nan,nan,nan
757.4407,1.545273e-05,0.0,nan,nan,nan
757.5244,1.545356e-05,0.0,nan,nan,nan
757.6088,1.545226e-05,0.0,nan,nan,nan
757.6927,1.544565e-05,0.0,nan,nan,nan
757.7765,1.545109e-05,0.0,nan,nan,nan
757.8602,1.544872e-05,0.0,nan,nan,nan
757.9439,1.544708e-05,0.0,nan,nan,nan
758.0354,1.544916e-05,0.0,nan,nan,nan
758.1192,1.544894e-05,0.0,nan,nan,nan
758.203,1.544996e-05,0.0,nan,nan,nan
758.2866,1.545393e-05,0.0,nan,nan,nan
758.3704,1.545073e-05,0.0,nan,nan,nan
758.4691,1.545412e-05,0.0,nan,nan,nan
758.553,1.545475e-05,0.0,nan,nan,nan
758.6364,1.545308e-05,0.0,nan,nan,nan
758.72,1.544955e-05,0.0,nan,nan,nan
758.8038,1.544615e-05,0.0,nan,nan,nan
758.8878,1.545039e-05,0.0,nan,nan,nan
758.9715,1.544697e-05,0.0,nan,nan,nan
759.0737,1.545258e-05,0.0,nan,nan,nan
759.1575,1.545366e-05,0.0,nan,nan,nan
759.2409,1.544781e-05,0.0,nan,nan,nan
759.3247,1.544865e-05,0.0,nan,nan,nan
759.4083,1.545301e-05,0.0,nan,nan,nan
759.492,1.545107e-05,0.0,nan,nan,nan
759.5757,1.545233e-05,0.0,nan,nan,nan
759.6594,1.545265e-05,0.0,nan,nan,nan
759.7432,1.545206e-05,0.0,nan,nan,nan
759.8269,1.545194e-05,0.0,nan,nan,nan
759.9105,1.545126e-05,0.0,nan,nan,nan
759.9945,1.545259e-05,0.0,nan,nan,nan
760.0878,1.545213e-05,0.0,nan,nan,nan
760.1717,1.544957e-05,0.0,nan,nan,nan
760.2554,1.545388e-05,0.0,nan,nan,nan
760.339,1.545389e-05,0.0,nan,nan,nan
760.4228,1.544788e-05,0.0,nan,nan,nan
760.5063,1.544952e-05,0.0,nan,nan,nan
760.5903,1.545243e-05,0.0,nan,nan,nan
760.6739,1.545048e-05,0.0,nan,nan,nan
760.7576,1.545114e-05,0.0,nan,nan,nan
760.8414,1.545366e-05,0.0,nan,nan,nan
760.9248,1.544688e-05,0.0,nan,nan,nan
761.0244,1.545008e-05,0.0,nan,nan,nan
761.1192,1.545417e-05,0.0,nan,nan,nan
761.2028,1.545226e-05,0.0,nan,nan,nan
761.2864,1.544856e-05,0.0,nan,nan,nan
761.37,1.545222e-05,0.0,nan,nan,nan
761.4538,1.545625e-05,0.0,nan,nan,nan
761.5374,1.545576e-05,0.0,nan,nan,nan
761.6212,1.545087e-05,0.0,nan,nan,nan
761.7057,1.545347e-05,0.0,nan,nan,nan
761.7895,1.54524e-05,0.0,nan,nan,nan
761.8734,1.545147e-05,0.0,nan,nan,nan
761.957,1.544763e-05,0.0,nan,nan,nan
762.0404,1.545001e-05,0.0,nan,nan,nan
762.1344,1.545049e-05,0.0,nan,nan,nan
762.218,1.545136e-05,0.0,nan,nan,nan
762.302,1.544952e-05,0.0,nan,nan,nan
762.3859,1.545005e-05,0.0,nan,nan,nan
762.4695,1.5445e-05,0.0,nan,nan,nan
762.5532,1.544628e-05,0.0,nan,nan,nan
762.6372,1.544911e-05,0.0,nan,nan,nan
762.7218,1.545191e-05,0.0,nan,nan,nan
762.8056,1.545208e-05,0.0,nan,nan,nan
762.889,1.545088e-05,0.0,nan,nan,nan
762.9726,1.545135e-05,0.0,nan,nan,nan
763.0745,1.544527e-05,0.0,nan,nan,nan
763.1757,1.544833e-05,0.0,nan,nan,nan
763.2594,1.544738e-05,0.0,nan,nan,nan
763.3428,1.544995e-05,0.0,nan,nan,nan
763.4264,1.544772e-05,0.0,nan,nan,nan
763.5101,1.544795e-05,0.0,nan,nan,nan
763.5995,1.545005e-05,0.0,nan,nan,nan
763.6832,1.545298e-05,0.0,nan,nan,nan
763.7837,1.544755e-05,0.0,nan,nan,nan
763.8677,1.545001e-05,0.0,nan,nan,nan
763.9512,1.54502e-05,0.0,nan,nan,nan
764.0348,1.545161e-05,0.0,nan,nan,nan
764.1184,1.544897e-05,0.0,nan,nan,nan
764.2101,1.545131e-05,0.0,nan,nan,nan
764.2939,1.544928e-05,0.0,nan,nan,nan
764.3772,1.545205e-05,0.0,nan,nan,nan
764.461,1.544849e-05,0.0,nan,nan,nan
764.5448,1.545116e-05,0.0,nan,nan,nan
764.6285,1.545305e-05,0.0,nan,nan,nan
764.7125,1.544816e-05,0.0,nan,nan,nan
764.8236,1.54456e-05,0.0,nan,nan,nan
764.9071,1.545348e-05,0.0,nan,nan,nan
764.9907,1.544735e-05,0.0,nan,nan,nan
765.0741,1.54492e-05,0.0,nan,nan,nan
765.1788,1.545442e-05,0.0,nan,nan,nan
765.2625,1.544982e-05,0.0,nan,nan,nan
765.3465,1.545149e-05,0.0,nan,nan,nan
765.4301,1.545131e-05,0.0,nan,nan,nan
765.5136,1.545009e-05,0.0,nan,nan,nan
765.6008,1.544884e-05,0.0,nan,nan,nan
765.6845,1.545055e-05,0.0,nan,nan,nan
765.7684,1.544896e-05,0.0,nan,nan,nan
765.8521,1.544766e-05,0.0,nan,nan,nan
765.9357,1.54506e-05,0.0,nan,nan,nan
766.0309,1.544923e-05,0.0,nan,nan,nan
766.1144,1.544643e-05,0.0,nan,nan,nan
766.1982,1.544771e-05,0.0,nan,nan,nan
766.2821,1.544488e-05,0.0,nan,nan,nan
766.366,1.544738e-05,0.0,nan,nan,nan
766.468,1.544711e-05,0.0,nan,nan,nan
766.5519,1.544431e-05,0.0,nan,nan,nan
766.6353,1.544582e-05,0.0,nan,nan,nan
766.7191,1.544883e-05,0.0,nan,nan,nan
766.8029,1.544371e-05,0.0,nan,nan,nan
766.8867,1.544156e-05,0.0,nan,nan,nan
766.9706,1.544974e-05,0.0,nan,nan,nan
767.0734,1.544925e-05,0.0,nan,nan,nan
767.157,1.54484e-05,0.0,nan,nan,nan
767.2443,1.544435e-05,0.0,nan,nan,nan
767.3281,1.54475e-05,0.0,nan,nan,nan
767.4119,1.544595e-05,0.0,nan,nan,nan
767.4958,1.544575e-05,0.0,nan,nan,nan
767.5801,1.544457e-05,0.0,nan,nan,nan
767.6636,1.544229e-05,0.0,nan,nan,nan
767.7471,1.54502e-05,0.0,nan,nan,nan
767.8307,1.5446e-05,0.0,nan,nan,nan
767.9147,1.544081e-05,0.0,nan,nan,nan
767.9987,1.544447e-05,0.0,nan,nan,nan
768.0887,1.544524e-05,0.0,nan,nan,nan
768.1723,1.544853e-05,0.0,nan,nan,nan
768.2568,1.545002e-05,0.0,nan,nan,nan
768.3404,1.544812e-05,0.0,nan,nan,nan
768.4242,1.544685e-05,0.0,nan,nan,nan
768.5079,1.544627e-05,0.0,nan,nan,nan
768.5916,1.544787e-05,0.0,nan,nan,nan
768.675,1.544844e-05,0.0,nan,nan,nan
768.7586,1.545242e-05,0.0,nan,nan,nan
768.8423,1.545229e-05,0.0,nan,nan,nan
768.9259,1.544697e-05,0.0,nan,nan,nan
769.0097,1.544783e-05,0.0,nan,nan,nan
769.0981,1.545116e-05,0.0,nan,nan,nan
769.1819,1.544581e-05,0.0,nan,nan,nan
769.3086,1.545023e-05,0.0,nan,nan,nan
769.3925,1.545185e-05,0.0,nan,nan,nan
769.476,1.544906e-05,0.0,nan,nan,nan
769.5597,1.544863e-05,0.0,nan,nan,nan
769.6435,1.545129e-05,0.0,nan,nan,nan
769.7272,1.544912e-05,0.0,nan,nan,nan
769.8108,1.544863e-05,0.0,nan,nan,nan
769.9183,1.545189e-05,0.0,nan,nan,nan
770.0022,1.544782e-05,0.0,nan,nan,nan
770.0856,1.544992e-05,0.0,nan,nan,nan
770.1692,1.545205e-05,0.0,nan,nan,nan
770.2531,1.544858e-05,0.0,nan,nan,nan
770.3371,1.545169e-05,0.0,nan,nan,nan
770.4206,1.545021e-05,0.0,nan,nan,nan
770.5104,1.545309e-05,0.0,nan,nan,nan
770.5942,1.54507e-05,0.0,nan,nan,nan
770.6778,1.545053e-05,0.0,nan,nan,nan
770.7613,1.544977e-05,0.0,nan,nan,nan
770.8448,1.545016e-05,0.0,nan,nan,nan
770.9283,1.54447e-05,0.0,nan,nan,nan
771.0122,1.544748e-05,0.0,nan,nan,nan
771.0961,1.544727e-05,0.0,nan,nan,nan
771.1803,1.544941e-05,0.0,nan,nan,nan
771.2638,1.544876e-05,0.0,nan,nan,nan
771.377,1.545105e-05,0.0,nan,nan,nan
771.4607,1.54455e-05,0.0,nan,nan,nan
771.5624,1.544936e-05,0.0,nan,nan,nan
771.6463,1.545193e-05,0.0,nan,nan,nan
771.7309,1.545001e-05,0.0,nan,nan,nan
771.8149,1.544781e-05,0.0,nan,nan,nan
771.8987,1.544631e-05,0.0,nan,nan,nan
771.9825,1.544674e-05,0.0,nan,nan,nan
772.066,1.544697e-05,0.0,nan,nan,nan
772.1728,1.544435e-05,0.0,nan,nan,nan
772.2564,1.544695e-05,0.0,nan,nan,nan
772.3401,1.544711e-05,0.0,nan,nan,nan
772.4265,1.544723e-05,0.0,nan,nan,nan
772.5101,1.544746e-05,0.0,nan,nan,nan
772.5937,1.544793e-05,0.0,nan,nan,nan
772.6775,1.544915e-05,0.0,nan,nan,nan
772.7742,1.54536e-05,0.0,nan,nan,nan
772.8577,1.54504e-05,0.0,nan,nan,nan
772.9414,1.544597e-05,0.0,nan,nan,nan
773.0251,1.544942e-05,0.0,nan,nan,nan
773.1086,1.545066e-05,0.0,nan,nan,nan
773.1923,1.545357e-05,0.0,nan,nan,nan
773.2761,1.545685e-05,0.0,nan,nan,nan
773.3601,1.544957e-05,0.0,nan,nan,nan
773.449,1.54504e-05,0.0,nan,nan,nan
773.5325,1.544697e-05,0.0,nan,nan,nan
773.6163,1.544908e-05,0.0,nan,nan,nan
773.7001,1.544815e-05,0.0,nan,nan,nan
773.7996,1.545097e-05,0.0,nan,nan,nan
773.8832,1.545199e-05,0.0,nan,nan,nan
773.9685,1.544764e-05,0.0,nan,nan,nan
774.0521,1.544779e-05,0.0,nan,nan,nan
774.1357,1.544657e-05,0.0,nan,nan,nan
774.2237,1.544764e-05,0.0,nan,nan,nan
774.3073,1.544842e-05,0.0,nan,nan,nan
774.3927,1.544861e-05,0.0,nan,nan,nan
774.4763,1.544816e-05,0.0,nan,nan,nan
774.5598,1.544841e-05,0.0,nan,nan,nan
774.6481,1.544637e-05,0.0,nan,nan,nan
774.7318,1.544852e-05,0.0,nan,nan,nan
774.8212,1.545203e-05,0.0,nan,nan,nan
774.9051,1.545104e-05,0.0,nan,nan,nan
774.9895,1.544988e-05,0.0,nan,nan,nan
775.0734,1.544831e-05,0.0,nan,nan,nan
775.1571,1.545198e-05,0.0,nan,nan,nan
775.2405,1.545186e-05,0.0,nan,nan,nan
775.3244,1.545128e-05,0.0,nan,nan,nan
775.4079,1.545279e-05,0.0,nan,nan,nan
775.505,1.545466e-05,0.0,nan,nan,nan
775.5885,1.544889e-05,0.0,nan,nan,nan
775.6722,1.545182e-05,0.0,nan,nan,nan
775.7561,1.54498e-05,0.0,nan,nan,nan
775.8397,1.545414e-05,0.0,nan,nan,nan
775.9235,1.545253e-05,0.0,nan,nan,nan
776.0068,1.545692e-05,0.0,nan,nan,nan
776.0907,1.545737e-05,0.0,nan,nan,nan
776.1742,1.545564e-05,0.0,nan,nan,nan
776.2582,1.545151e-05,0.0,nan,nan,nan
776.3418,1.545713e-05,0.0,nan,nan,nan
776.4261,1.545734e-05,0.0,nan,nan,nan
776.5123,1.545534e-05,0.0,nan,nan,nan
776.5962,1.545349e-05,0.0,nan,nan,nan
776.6802,1.545365e-05,0.0,nan,nan,nan
776.7638,1.545517e-05,0.0,nan,nan,nan
776.8474,1.545617e-05,0.0,nan,nan,nan
776.9311,1.545461e-05,0.0,nan,nan,nan
777.015,1.545476e-05,0.0,nan,nan,nan
777.0987,1.545465e-05,0.0,nan,nan,nan
777.1825,1.545144e-05,0.0,nan,nan,nan
777.2747,1.545489e-05,0.0,nan,nan,nan
777.3587,1.54513e-05,0.0,nan,nan,nan
777.4428,1.545229e-05,0.0,nan,nan,nan
777.557,1.544979e-05,0.0,nan,nan,nan
777.6403,1.545052e-05,0.0,nan,nan,nan
777.7242,1.545109e-05,0.0,nan,nan,nan
777.8077,1.545266e-05,0.0,nan,nan,nan
777.8913,1.545529e-05,0.0,nan,nan,nan
777.975,1.54549e-05,0.0,nan,nan,nan
778.0588,1.545323e-05,0.0,nan,nan,nan
778.1427,1.545477e-05,0.0,nan,nan,nan
778.2264,1.545575e-05,0.0,nan,nan,nan
778.3102,1.545283e-05,0.0,nan,nan,nan
778.394,1.54538e-05,0.0,nan,nan,nan
778.4774,1.545235e-05,0.0,nan,nan,nan
778.5613,1.54519e-05,0.0,nan,nan,nan
778.6451,1.545331e-05,0.0,nan,nan,nan
778.7289,1.545279e-05,0.0,nan,nan,nan
778.813,1.545015e-05,0.0,nan,nan,nan
778.9175,1.545099e-05,0.0,nan,nan,nan
779.0011,1.545056e-05,0.0,nan,nan,nan
779.0854,1.54528e-05,0.0,nan,nan,nan
779.1692,1.545311e-05,0.0,nan,nan,nan
779.253,1.545722e-05,0.0,nan,nan,nan
779.3366,1.545449e-05,0.0,nan,nan,nan
779.4201,1.545538e-05,0.0,nan,nan,nan
779.5182,1.545432e-05,0.0,nan,nan,nan
779.6232,1.545012e-05,0.0,nan,nan,nan
779.7408,1.545238e-05,0.0,nan,nan,nan
779.8245,1.545584e-05,0.0,nan,nan,nan
779.9082,1.545098e-05,0.0,nan,nan,nan
779.9918,1.545002e-05,0.0,nan,nan,nan
780.0752,1.545106e-05,0.0,nan,nan,nan
780.1589,1.545185e-05,0.0,nan,nan,nan
780.2427,1.54558e-05,0.0,nan,nan,nan
780.3535,1.54536e-05,0.0,nan,nan,nan
780.4371,1.545154e-05,0.0,nan,nan,nan
780.5445,1.545608e-05,0.0,nan,nan,nan
780.6283,1.545428e-05,0.0,nan,nan,nan
780.7125,1.545503e-05,0.0,nan,nan,nan
780.7967,1.545615e-05,0.0,nan,nan,nan
780.8804,1.545423e-05,0.0,nan,nan,nan
780.9756,1.545264e-05,0.0,nan,nan,nan
781.0593,1.545358e-05,0.0,nan,nan,nan
781.1433,1.545472e-05,0.0,nan,nan,nan
781.2273,1.545272e-05,0.0,nan,nan,nan
781.311,1.545331e-05,0.0,nan,nan,nan
781.3947,1.544982e-05,0.0,nan,nan,nan
781.4786,1.545128e-05,0.0,nan,nan,nan
781.565,1.54515e-05,0.0,nan,nan,nan
781.6487,1.544926e-05,0.0,nan,nan,nan
781.7322,1.545285e-05,0.0,nan,nan,nan
781.8156,1.545386e-05,0.0,nan,nan,nan
781.8994,1.545057e-05,0.0,nan,nan,nan
782.0,1.545203e-05,0.0,nan,nan,nan
782.0835,1.545193e-05,0.0,nan,nan,nan
782.1669,1.54512e-05,0.0,nan,nan,nan
782.2505,1.544986e-05,0.0,nan,nan,nan
782.3343,1.54544e-05,0.0,nan,nan,nan
782.4181,1.545735e-05,0.0,nan,nan,nan
782.5018,1.54536e-05,0.0,nan,nan,nan
782.5956,1.545259e-05,0.0,nan,nan,nan
782.6795,1.545188e-05,0.0,nan,nan,nan
782.7632,1.545246e-05,0.0,nan,nan,nan
782.8468,1.545354e-05,0.0,nan,nan,nan
782.9303,1.545227e-05,0.0,nan,nan,nan
783.0199,1.545436e-05,0.0,nan,nan,nan
783.1037,1.545555e-05,0.0,nan,nan,nan
783.1873,1.545322e-05,0.0,nan,nan,nan
783.2709,1.545245e-05,0.0,nan,nan,nan
783.3549,1.545396e-05,0.0,nan,nan,nan
783.4502,1.545502e-05,0.0,nan,nan,nan
783.5336,1.545557e-05,0.0,nan,nan,nan
783.6415,1.545459e-05,0.0,nan,nan,nan
783.773,1.546072e-05,0.0,nan,nan,nan
783.8569,1.54536e-05,0.0,nan,nan,nan
783.9405,1.545606e-05,0.0,nan,nan,nan
784.0358,1.54531e-05,0.0,nan,nan,nan
784.1194,1.544947e-05,0.0,nan,nan,nan
784.204,1.54503e-05,0.0,nan,nan,nan
784.2875,1.545177e-05,0.0,nan,nan,nan
784.371,1.545071e-05,0.0,nan,nan,nan
784.4545,1.545699e-05,0.0,nan,nan,nan
784.5384,1.545719e-05,0.0,nan,nan,nan
784.6229,1.545213e-05,0.0,nan,nan,nan
784.7068,1.545514e-05,0.0,nan,nan,nan
784.7913,1.545395e-05,0.0,nan,nan,nan
784.8749,1.545237e-05,0.0,nan,nan,nan
784.9583,1.545154e-05,0.0,nan,nan,nan
785.0593,1.545202e-05,0.0,nan,nan,nan
785.1432,1.545059e-05,0.0,nan,nan,nan
785.2271,1.545689e-05,0.0,nan,nan,nan
785.3107,1.545553e-05,0.0,nan,nan,nan
785.3944,1.545363e-05,0.0,nan,nan,nan
785.4779,1.544848e-05,0.0,nan,nan,nan
785.5617,1.545288e-05,0.0,nan,nan,nan
785.6653,1.545848e-05,0.0,nan,nan,nan
785.749,1.545796e-05,0.0,nan,nan,nan
785.8529,1.545531e-05,0.0,nan,nan,nan
785.9366,1.545311e-05,0.0,nan,nan,nan
786.0201,1.545588e-05,0.0,nan,nan,nan
786.1037,1.545018e-05,0.0,nan,nan,nan
786.1877,1.545342e-05,0.0,nan,nan,nan
786.2973,1.545485e-05,0.0,nan,nan,nan
786.3806,1.545361e-05,0.0,nan,nan,nan
786.4645,1.545314e-05,0.0,nan,nan,nan
786.5483,1.545039e-05,0.0,nan,nan,nan
786.6318,1.545251e-05,0.0,nan,nan,nan
786.7158,1.54496e-05,0.0,nan,nan,nan
786.7995,1.545111e-05,0.0,nan,nan,nan
786.8883,1.545268e-05,0.0,nan,nan,nan
786.9721,1.544957e-05,0.0,nan,nan,nan
787.0557,1.544684e-05,0.0,nan,nan,nan
787.1396,1.544834e-05,0.0,nan,nan,nan
787.2236,1.54495e-05,0.0,nan,nan,nan
787.3072,1.544946e-05,0.0,nan,nan,nan
787.3908,1.544605e-05,0.0,nan,nan,nan
787.4745,1.544881e-05,0.0,nan,nan,nan
787.5582,1.545132e-05,0.0,nan,nan,nan
787.6419,1.544866e-05,0.0,nan,nan,nan
787.7254,1.544733e-05,0.0,nan,nan,nan
787.8092,1.545041e-05,0.0,nan,nan,nan
787.9237,1.545064e-05,0.0,nan,nan,nan
788.0075,1.545196e-05,0.0,nan,nan,nan
788.091,1.545088e-05,0.0,nan,nan,nan
788.1745,1.545462e-05,0.0,nan,nan,nan
788.2578,1.544989e-05,0.0,nan,nan,nan
788.3414,1.544972e-05,0.0,nan,nan,nan
788.4251,1.545213e-05,0.0,nan,nan,nan
788.5193,1.545526e-05,0.0,nan,nan,nan
788.603,1.545177e-05,0.0,nan,nan,nan
788.6866,1.545251e-05,0.0,nan,nan,nan
788.7702,1.545087e-05,0.0,nan,nan,nan
788.8538,1.545105e-05,0.0,nan,nan,nan
788.9374,1.545094e-05,0.0,nan,nan,nan
789.0211,1.544808e-05,0.0,nan,nan,nan
789.1065,1.545148e-05,0.0,nan,nan,nan
789.1903,1.544836e-05,0.0,nan,nan,nan
789.2746,1.544863e-05,0.0,nan,nan,nan
789.3581,1.54534e-05,0.0,nan,nan,nan
789.4418,1.545153e-05,0.0,nan,nan,nan
789.5334,1.544797e-05,0.0,nan,nan,nan
789.6169,1.54532e-05,0.0,nan,nan,nan
789.7005,1.544894e-05,0.0,nan,nan,nan
789.7839,1.545127e-05,0.0,nan,nan,nan
789.8677,1.545258e-05,0.0,nan,nan,nan
789.958,1.545323e-05,0.0,nan,nan,nan
790.0423,1.54541e-05,0.0,nan,nan,nan
790.1258,1.545421e-05,0.0,nan,nan,nan
790.2095,1.545246e-05,0.0,nan,nan,nan
790.293,1.545001e-05,0.0,nan,nan,nan
790.3827,1.545055e-05,0.0,nan,nan,nan
790.4664,1.545453e-05,0.0,nan,nan,nan
790.5648,1.544962e-05,0.0,nan,nan,nan
790.6485,1.545411e-05,0.0,nan,nan,nan
790.7324,1.545575e-05,0.0,nan,nan,nan
790.816,1.54528e-05,0.0,nan,nan,nan
790.8995,1.545024e-05,0.0,nan,nan,nan
790.9962,1.544915e-05,0.0,nan,nan,nan
791.0799,1.545155e-05,0.0,nan,nan,nan
791.1834,1.545974e-05,0.0,nan,nan,nan
791.2671,1.545773e-05,0.0,nan,nan,nan
791.3514,1.545444e-05,0.0,nan,nan,nan
791.4352,1.545226e-05,0.0,nan,nan,nan
791.5189,1.545002e-05,0.0,nan,nan,nan
791.6248,1.545264e-05,0.0,nan,nan,nan
791.7087,1.545106e-05,0.0,nan,nan,nan
791.7925,1.545222e-05,0.0,nan,nan,nan
791.8763,1.545215e-05,0.0,nan,nan,nan
791.9597,1.54551e-05,0.0,nan,nan,nan
792.0774,1.545175e-05,0.0,nan,nan,nan
792.1611,1.544727e-05,0.0,nan,nan,nan
792.2446,1.544988e-05,0.0,nan,nan,nan
792.3282,1.545042e-05,0.0,nan,nan,nan
792.4195,1.54506e-05,0.0,nan,nan,nan
792.5032,1.54491e-05,0.0,nan,nan,nan
792.5872,1.544802e-05,0.0,nan,nan,nan
792.671,1.544812e-05,0.0,nan,nan,nan
792.7547,1.545139e-05,0.0,nan,nan,nan
792.8383,1.545141e-05,0.0,nan,nan,nan
792.9219,1.545506e-05,0.0,nan,nan,nan
793.0201,1.545331e-05,0.0,nan,nan,nan
793.1039,1.545046e-05,0.0,nan,nan,nan
793.1878,1.545481e-05,0.0,nan,nan,nan
793.2715,1.545222e-05,0.0,nan,nan,nan
793.3551,1.54518e-05,0.0,nan,nan,nan
793.4455,1.545012e-05,0.0,nan,nan,nan
793.5294,1.544975e-05,0.0,nan,nan,nan
793.6132,1.54534e-05,0.0,nan,nan,nan
793.6969,1.544966e-05,0.0,nan,nan,nan
793.7805,1.544805e-05,0.0,nan,nan,nan
793.8643,1.544964e-05,0.0,nan,nan,nan
793.9484,1.544995e-05,0.0,nan,nan,nan
794.0485,1.544769e-05,0.0,nan,nan,nan
794.1732,1.545115e-05,0.0,nan,nan,nan
794.2584,1.544932e-05,0.0,nan,nan,nan
794.3439,1.544831e-05,0.0,nan,nan,nan
794.428,1.544749e-05,0.0,nan,nan,nan
794.5116,1.545101e-05,0.0,nan,nan,nan
794.5954,1.544836e-05,0.0,nan,nan,nan
794.6792,1.544849e-05,0.0,nan,nan,nan
794.763,1.545293e-05,0.0,nan,nan,nan
794.847,1.54502e-05,0.0,nan,nan,nan
794.9307,1.545267e-05,0.0,nan,nan,nan
795.0146,1.545144e-05,0.0,nan,nan,nan
795.0984,1.545479e-05,0.0,nan,nan,nan
795.1822,1.545101e-05,0.0,nan,nan,nan
795.2742,1.545572e-05,0.0,nan,nan,nan
795.358,1.545007e-05,0.0,nan,nan,nan
795.4424,1.545404e-05,0.0,nan,nan,nan
795.5259,1.54524e-05,0.0,nan,nan,nan
795.6097,1.545699e-05,0.0,nan,nan,nan
795.6963,1.545632e-05,0.0,nan,nan,nan
795.7802,1.545677e-05,0.0,nan,nan,nan
795.8903,1.545301e-05,0.0,nan,nan,nan
795.974,1.545493e-05,0.0,nan,nan,nan
796.0585,1.544945e-05,0.0,nan,nan,nan
796.1419,1.54546e-05,0.0,nan,nan,nan
796.273,1.545079e-05,0.0,nan,nan,nan
796.3577,1.545518e-05,0.0,nan,nan,nan
796.4414,1.545455e-05,0.0,nan,nan,nan
796.5367,1.545389e-05,0.0,nan,nan,nan
796.6204,1.545278e-05,0.0,nan,nan,nan
796.7043,1.545516e-05,0.0,nan,nan,nan
796.7882,1.5453e-05,0.0,nan,nan,nan
796.8719,1.545416e-05,0.0,nan,nan,nan
796.9555,1.54553e-05,0.0,nan,nan,nan
797.0393,1.546061e-05,0.0,nan,nan,nan
797.1309,1.545972e-05,0.0,nan,nan,nan
797.2145,1.545132e-05,0.0,nan,nan,nan
797.2985,1.545345e-05,0.0,nan,nan,nan
797.382,1.545189e-05,0.0,nan,nan,nan
797.4659,1.545167e-05,0.0,nan,nan,nan
797.5492,1.545764e-05,0.0,nan,nan,nan
797.633,1.545428e-05,0.0,nan,nan,nan
797.7267,1.545379e-05,0.0,nan,nan,nan
797.8105,1.545386e-05,0.0,nan,nan,nan
797.8941,1.545359e-05,0.0,nan,nan,nan
797.9777,1.545683e-05,0.0,nan,nan,nan
798.0614,1.545403e-05,0.0,nan,nan,nan
798.1452,1.545189e-05,0.0,nan,nan,nan
798.229,1.545688e-05,0.0,nan,nan,nan
798.3403,1.545391e-05,0.0,nan,nan,nan
798.4239,1.545706e-05,0.0,nan,nan,nan
798.5073,1.545526e-05,0.0,nan,nan,nan
798.5908,1.545451e-05,0.0,nan,nan,nan
798.6747,1.545503e-05,0.0,nan,nan,nan
798.7581,1.545249e-05,0.0,nan,nan,nan
798.842,1.545438e-05,0.0,nan,nan,nan
798.9255,1.54528e-05,0.0,nan,nan,nan
799.0093,1.545713e-05,0.0,nan,nan,nan
799.0931,1.545469e-05,0.0,nan,nan,nan
799.1874,1.54568e-05,0.0,nan,nan,nan
799.271,1.545624e-05,0.0,nan,nan,nan
799.3763,1.545626e-05,0.0,nan,nan,nan
799.4601,1.545511e-05,0.0,nan,nan,nan
799.5445,1.545647e-05,0.0,nan,nan,nan
799.6282,1.54598e-05,0.0,nan,nan,nan
799.7118,1.545893e-05,0.0,nan,nan,nan
799.7954,1.546034e-05,0.0,nan,nan,nan
799.8791,1.545569e-05,0.0,nan,nan,nan
799.9652,1.545649e-05,0.0,nan,nan,nan
800.0491,1.545316e-05,0.0,nan,nan,nan
800.1327,1.545289e-05,0.0,nan,nan,nan
800.2165,1.545616e-05,0.0,nan,nan,nan
800.3002,1.545909e-05,0.0,nan,nan,nan
800.4064,1.546092e-05,0.0,nan,nan,nan
800.4903,1.545077e-05,0.0,nan,nan,nan
800.5892,1.545756e-05,0.0,nan,nan,nan
800.6729,1.545615e-05,0.0,nan,nan,nan
800.7573,1.545585e-05,0.0,nan,nan,nan
800.8407,1.545925e-05,0.0,nan,nan,nan
800.9244,1.545876e-05,0.0,nan,nan,nan
801.0078,1.545753e-05,0.0,nan,nan,nan
801.0915,1.546035e-05,0.0,nan,nan,nan
801.175,1.545623e-05,0.0,nan,nan,nan
801.2585,1.545453e-05,0.0,nan,nan,nan
801.342,1.545578e-05,0.0,nan,nan,nan
801.4256,1.545707e-05,0.0,nan,nan,nan
801.5094,1.54558e-05,0.0,nan,nan,nan
801.5934,1.545594e-05,0.0,nan,nan,nan
801.6772,1.545918e-05,0.0,nan,nan,nan
801.7609,1.545342e-05,0.0,nan,nan,nan
801.8444,1.545967e-05,0.0,nan,nan,nan
801.9281,1.54571e-05,0.0,nan,nan,nan
802.0316,1.545441e-05,0.0,nan,nan,nan
802.1155,1.545122e-05,0.0,nan,nan,nan
802.199,1.545188e-05,0.0,nan,nan,nan
802.2826,1.545217e-05,0.0,nan,nan,nan
802.3665,1.545372e-05,0.0,nan,nan,nan
802.4839,1.545885e-05,0.0,nan,nan,nan
802.5675,1.545518e-05,0.0,nan,nan,nan
802.6513,1.545441e-05,0.0,nan,nan,nan
802.7348,1.545474e-05,0.0,nan,nan,nan
802.8338,1.545131e-05,0.0,nan,nan,nan
802.9176,1.545084e-05,0.0,nan,nan,nan
803.001,1.545287e-05,0.0,nan,nan,nan
803.0847,1.545256e-05,0.0,nan,nan,nan
803.1685,1.545556e-05,0.0,nan,nan,nan
803.2522,1.545467e-05,0.0,nan,nan,nan
803.3358,1.545143e-05,0.0,nan,nan,nan
803.4194,1.544944e-05,0.0,nan,nan,nan
803.5031,1.545363e-05,0.0,nan,nan,nan
803.587,1.545118e-05,0.0,nan,nan,nan
803.6706,1.545191e-05,0.0,nan,nan,nan
803.7543,1.545458e-05,0.0,nan,nan,nan
803.8381,1.545169e-05,0.0,nan,nan,nan
803.922,1.545281e-05,0.0,nan,nan,nan
804.0059,1.545092e-05,0.0,nan,nan,nan
804.0897,1.54509e-05,0.0,nan,nan,nan
804.1732,1.545223e-05,0.0,nan,nan,nan
804.2755,1.545164e-05,0.0,nan,nan,nan
804.3592,1.544993e-05,0.0,nan,nan,nan
804.443,1.544945e-05,0.0,nan,nan,nan
804.5609,1.545091e-05,0.0,nan,nan,nan
804.645,1.545379e-05,0.0,nan,nan,nan
804.7291,1.545574e-05,0.0,nan,nan,nan
804.8131,1.545275e-05,0.0,nan,nan,nan
804.897,1.545272e-05,0.0,nan,nan,nan
804.9805,1.545397e-05,0.0,nan,nan,nan
805.0916,1.545501e-05,0.0,nan,nan,nan
805.1754,1.544671e-05,0.0,nan,nan,nan
805.2605,1.544979e-05,0.0,nan,nan,nan
805.3442,1.54478e-05,0.0,nan,nan,nan
805.4282,1.544712e-05,0.0,nan,nan,nan
805.5119,1.545211e-05,0.0,nan,nan,nan
805.5958,1.544933e-05,0.0,nan,nan,nan
805.6796,1.544999e-05,0.0,nan,nan,nan
805.7632,1.545505e-05,0.0,nan,nan,nan
805.847,1.545129e-05,0.0,nan,nan,nan
805.9306,1.545101e-05,0.0,nan,nan,nan
806.0141,1.545383e-05,0.0,nan,nan,nan
806.1237,1.545121e-05,0.0,nan,nan,nan
806.2074,1.545346e-05,0.0,nan,nan,nan
806.2909,1.54538e-05,0.0,nan,nan,nan
806.3744,1.545152e-05,0.0,nan,nan,nan
806.4579,1.545476e-05,0.0,nan,nan,nan
806.5412,1.545506e-05,0.0,nan,nan,nan
806.6259,1.544913e-05,0.0,nan,nan,nan
806.7099,1.545473e-05,0.0,nan,nan,nan
806.7936,1.545191e-05,0.0,nan,nan,nan
806.8772,1.545191e-05,0.0,nan,nan,nan
806.9609,1.54526e-05,0.0,nan,nan,nan
807.0446,1.545011e-05,0.0,nan,nan,nan
807.1286,1.544992e-05,0.0,nan,nan,nan
807.213,1.545092e-05,0.0,nan,nan,nan
807.2966,1.545447e-05,0.0,nan,nan,nan
807.38,1.54552e-05,0.0,nan,nan,nan
807.4634,1.545312e-05,0.0,nan,nan,nan
807.5637,1.545003e-05,0.0,nan,nan,nan
807.6472,1.545283e-05,0.0,nan,nan,nan
807.731,1.545121e-05,0.0,nan,nan,nan
807.8148,1.545138e-05,0.0,nan,nan,nan
807.899,1.545566e-05,0.0,nan,nan,nan
807.9828,1.545209e-05,0.0,nan,nan,nan
808.0666,1.545623e-05,0.0,nan,nan,nan
808.1735,1.545198e-05,0.0,nan,nan,nan
808.2571,1.545792e-05,0.0,nan,nan,nan
808.3413,1.54556e-05,0.0,nan,nan,nan
808.425,1.545454e-05,0.0,nan,nan,nan
808.5088,1.545579e-05,0.0,nan,nan,nan
808.5926,1.545227e-05,0.0,nan,nan,nan
808.7062,1.545343e-05,0.0,nan,nan,nan
808.7899,1.5456e-05,0.0,nan,nan,nan
808.8736,1.545362e-05,0.0,nan,nan,nan
808.9598,1.545489e-05,0.0,nan,nan,nan
809.0436,1.545192e-05,0.0,nan,nan,nan
809.1272,1.545385e-05,0.0,nan,nan,nan
809.2108,1.545459e-05,0.0,nan,nan,nan
809.2945,1.545304e-05,0.0,nan,nan,nan
809.3881,1.54557e-05,0.0,nan,nan,nan
809.4719,1.545129e-05,0.0,nan,nan,nan
809.5562,1.545428e-05,0.0,nan,nan,nan
809.64,1.545338e-05,0.0,nan,nan,nan
809.7237,1.545724e-05,0.0,nan,nan,nan
809.8072,1.545323e-05,0.0,nan,nan,nan
809.8908,1.54565e-05,0.0,nan,nan,nan
809.9757,1.545739e-05,0.0,nan,nan,nan
810.0596,1.545518e-05,0.0,nan,nan,nan
810.1431,1.545832e-05,0.0,nan,nan,nan
810.2266,1.545562e-05,0.0,nan,nan,nan
810.3102,1.545668e-05,0.0,nan,nan,nan
810.4072,1.545445e-05,0.0,nan,nan,nan
810.4909,1.545532e-05,0.0,nan,nan,nan
810.5747,1.545446e-05,0.0,nan,nan,nan
810.6582,1.545614e-05,0.0,nan,nan,nan
810.7733,1.545541e-05,0.0,nan,nan,nan
810.8636,1.545315e-05,0.0,nan,nan,nan
810.9471,1.545283e-05,0.0,nan,nan,nan
811.0308,1.545508e-05,0.0,nan,nan,nan
811.1147,1.545213e-05,0.0,nan,nan,nan
811.1985,1.54574e-05,0.0,nan,nan,nan
811.2822,1.545211e-05,0.0,nan,nan,nan
811.3657,1.545129e-05,0.0,nan,nan,nan
811.4495,1.54557e-05,0.0,nan,nan,nan
811.5332,1.545403e-05,0.0,nan,nan,nan
811.6176,1.545611e-05,0.0,nan,nan,nan
811.7014,1.545391e-05,0.0,nan,nan,nan
811.7851,1.545773e-05,0.0,nan,nan,nan
811.869,1.54519e-05,0.0,nan,nan,nan
811.9524,1.545436e-05,0.0,nan,nan,nan
812.044,1.545251e-05,0.0,nan,nan,nan
812.1277,1.544941e-05,0.0,nan,nan,nan
812.2111,1.545339e-05,0.0,nan,nan,nan
812.2947,1.545601e-05,0.0,nan,nan,nan
812.3785,1.544986e-05,0.0,nan,nan,nan
812.4676,1.545184e-05,0.0,nan,nan,nan
812.5514,1.545179e-05,0.0,nan,nan,nan
812.6352,1.54523e-05,0.0,nan,nan,nan
812.7189,1.545057e-05,0.0,nan,nan,nan
812.8431,1.545016e-05,0.0,nan,nan,nan
812.9268,1.545108e-05,0.0,nan,nan,nan
813.0105,1.545335e-05,0.0,nan,nan,nan
813.0984,1.545216e-05,0.0,nan,nan,nan
813.182,1.54539e-05,0.0,nan,nan,nan
813.2854,1.54543e-05,0.0,nan,nan,nan
813.3694,1.545231e-05,0.0,nan,nan,nan
813.4533,1.54561e-05,0.0,nan,nan,nan
813.5372,1.545171e-05,0.0,nan,nan,nan
813.6211,1.545537e-05,0.0,nan,nan,nan
813.7048,1.545393e-05,0.0,nan,nan,nan
813.7886,1.545268e-05,0.0,nan,nan,nan
813.8858,1.545541e-05,0.0,nan,nan,nan
813.9694,1.545809e-05,0.0,nan,nan,nan
814.0529,1.545224e-05,0.0,nan,nan,nan
814.1363,1.545273e-05,0.0,nan,nan,nan
814.2199,1.545509e-05,0.0,nan,nan,nan
814.3036,1.545176e-05,0.0,nan,nan,nan
814.3874,1.54508e-05,0.0,nan,nan,nan
814.471,1.545342e-05,0.0,nan,nan,nan
814.5545,1.545483e-05,0.0,nan,nan,nan
814.6382,1.545453e-05,0.0,nan,nan,nan
814.7328,1.545283e-05,0.0,nan,nan,nan
814.8165,1.545262e-05,0.0,nan,nan,nan
814.9068,1.545128e-05,0.0,nan,nan,nan
814.9905,1.545387e-05,0.0,nan,nan,nan
815.0743,1.545111e-05,0.0,nan,nan,nan
815.1578,1.545142e-05,0.0,nan,nan,nan
815.2414,1.544756e-05,0.0,nan,nan,nan
815.325,1.54502e-05,0.0,nan,nan,nan
815.4085,1.545154e-05,0.0,nan,nan,nan
815.4921,1.545154e-05,0.0,nan,nan,nan
815.5758,1.544825e-05,0.0,nan,nan,nan
815.6597,1.54472e-05,0.0,nan,nan,nan
815.7433,1.545378e-05,0.0,nan,nan,nan
815.8271,1.545255e-05,0.0,nan,nan,nan
815.9106,1.545481e-05,0.0,nan,nan,nan
815.9945,1.545232e-05,0.0,nan,nan,nan
816.0782,1.545244e-05,0.0,nan,nan,nan
816.1618,1.545611e-05,0.0,nan,nan,nan
816.2457,1.545238e-05,0.0,nan,nan,nan
816.3358,1.544955e-05,0.0,nan,nan,nan
816.4197,1.545425e-05,0.0,nan,nan,nan
816.5031,1.545127e-05,0.0,nan,nan,nan
816.5869,1.544978e-05,0.0,nan,nan,nan
816.6707,1.545007e-05,0.0,nan,nan,nan
816.7587,1.544887e-05,0.0,nan,nan,nan
816.8425,1.545094e-05,0.0,nan,nan,nan
816.9897,1.545311e-05,0.0,nan,nan,nan
817.0735,1.545316e-05,0.0,nan,nan,nan
817.1754,1.544814e-05,0.0,nan,nan,nan
817.2592,1.545341e-05,0.0,nan,nan,nan
817.3429,1.545871e-05,0.0,nan,nan,nan
817.4266,1.54576e-05,0.0,nan,nan,nan
817.5105,1.545346e-05,0.0,nan,nan,nan
817.5941,1.545645e-05,0.0,nan,nan,nan
817.6779,1.545291e-05,0.0,nan,nan,nan
817.7802,1.545346e-05,0.0,nan,nan,nan
817.8639,1.545537e-05,0.0,nan,nan,nan
817.9487,1.545488e-05,0.0,nan,nan,nan
818.0323,1.545502e-05,0.0,nan,nan,nan
818.1161,1.545705e-05,0.0,nan,nan,nan
818.1998,1.545436e-05,0.0,nan,nan,nan
818.2834,1.545499e-05,0.0,nan,nan,nan
818.3669,1.545209e-05,0.0,nan,nan,nan
818.4504,1.544916e-05,0.0,nan,nan,nan
818.5339,1.545272e-05,0.0,nan,nan,nan
818.6179,1.54491e-05,0.0,nan,nan,nan
818.7014,1.54544e-05,0.0,nan,nan,nan
818.7926,1.545509e-05,0.0,nan,nan,nan
818.8768,1.545605e-05,0.0,nan,nan,nan
818.9607,1.545569e-05,0.0,nan,nan,nan
819.0581,1.545104e-05,0.0,nan,nan,nan
819.1414,1.544907e-05,0.0,nan,nan,nan
819.225,1.545555e-05,0.0,nan,nan,nan
819.3088,1.544894e-05,0.0,nan,nan,nan
819.3925,1.544851e-05,0.0,nan,nan,nan
819.4763,1.545029e-05,0.0,nan,nan,nan
819.5599,1.545253e-05,0.0,nan,nan,nan
819.6436,1.545227e-05,0.0,nan,nan,nan
819.7273,1.545237e-05,0.0,nan,nan,nan
819.8242,1.545338e-05,0.0,nan,nan,nan
819.9078,1.545382e-05,0.0,nan,nan,nan
819.9912,1.545387e-05,0.0,nan,nan,nan
820.075,1.545451e-05,0.0,nan,nan,nan
820.1586,1.545237e-05,0.0,nan,nan,nan
820.2423,1.54509e-05,0.0,nan,nan,nan
820.326,1.545072e-05,0.0,nan,nan,nan
820.4094,1.545288e-05,0.0,nan,nan,nan
820.4932,1.545117e-05,0.0,nan,nan,nan
820.5768,1.545684e-05,0.0,nan,nan,nan
820.6605,1.546017e-05,0.0,nan,nan,nan
820.7443,1.545755e-05,0.0,nan,nan,nan
820.8405,1.54567e-05,0.0,nan,nan,nan
820.9242,1.545522e-05,0.0,nan,nan,nan
821.0092,1.545904e-05,0.0,nan,nan,nan
821.1225,1.545266e-05,0.0,nan,nan,nan
821.2063,1.545582e-05,0.0,nan,nan,nan
821.2901,1.545712e-05,0.0,nan,nan,nan
821.3741,1.5457e-05,0.0,nan,nan,nan
821.4713,1.545449e-05,0.0,nan,nan,nan
821.5551,1.545197e-05,0.0,nan,nan,nan
821.6387,1.545066e-05,0.0,nan,nan,nan
821.7223,1.5453e-05,0.0,nan,nan,nan
821.8062,1.545715e-05,0.0,nan,nan,nan
821.8901,1.54526e-05,0.0,nan,nan,nan
821.9741,1.545293e-05,0.0,nan,nan,nan
822.0577,1.545187e-05,0.0,nan,nan,nan
822.1414,1.545378e-05,0.0,nan,nan,nan
822.2251,1.545793e-05,0.0,nan,nan,nan
822.3086,1.545335e-05,0.0,nan,nan,nan
822.3925,1.545133e-05,0.0,nan,nan,nan
822.4858,1.54521e-05,0.0,nan,nan,nan
822.5697,1.545376e-05,0.0,nan,nan,nan
822.6532,1.545441e-05,0.0,nan,nan,nan
822.737,1.545348e-05,0.0,nan,nan,nan
822.8208,1.545029e-05,0.0,nan,nan,nan
822.9045,1.545333e-05,0.0,nan,nan,nan
822.9884,1.54469e-05,0.0,nan,nan,nan
823.0881,1.545075e-05,0.0,nan,nan,nan
823.1816,1.545639e-05,0.0,nan,nan,nan
823.2844,1.545332e-05,0.0,nan,nan,nan
823.368,1.545398e-05,0.0,nan,nan,nan
823.4514,1.545071e-05,0.0,nan,nan,nan
823.5351,1.545298e-05,0.0,nan,nan,nan
823.619,1.54531e-05,0.0,nan,nan,nan
823.7027,1.545572e-05,0.0,nan,nan,nan
823.7866,1.545702e-05,0.0,nan,nan,nan
823.8701,1.545423e-05,0.0,nan,nan,nan
823.9537,1.545313e-05,0.0,nan,nan,nan
824.0376,1.545691e-05,0.0,nan,nan,nan
824.1211,1.545782e-05,0.0,nan,nan,nan
824.2047,1.545806e-05,0.0,nan,nan,nan
824.3004,1.545418e-05,0.0,nan,nan,nan
824.3842,1.54528e-05,0.0,nan,nan,nan
824.4681,1.545346e-05,0.0,nan,nan,nan
824.552,1.545128e-05,0.0,nan,nan,nan
824.6356,1.545381e-05,0.0,nan,nan,nan
824.7326,1.545582e-05,0.0,nan,nan,nan
824.8164,1.545528e-05,0.0,nan,nan,nan
824.9172,1.545111e-05,0.0,nan,nan,nan
825.001,1.545062e-05,0.0,nan,nan,nan
825.0845,1.545065e-05,0.0,nan,nan,nan
825.1683,1.545032e-05,0.0,nan,nan,nan
825.2718,1.545576e-05,0.0,nan,nan,nan
825.3554,1.54544e-05,0.0,nan,nan,nan
825.4391,1.545389e-05,0.0,nan,nan,nan
825.5226,1.545383e-05,0.0,nan,nan,nan
825.6063,1.545716e-05,0.0,nan,nan,nan
825.6899,1.545869e-05,0.0,nan,nan,nan
825.7734,1.545629e-05,0.0,nan,nan,nan
825.8573,1.545114e-05,0.0,nan,nan,nan
825.9501,1.545667e-05,0.0,nan,nan,nan
826.034,1.545545e-05,0.0,nan,nan,nan
826.1193,1.545673e-05,0.0,nan,nan,nan
826.2032,1.545991e-05,0.0,nan,nan,nan
826.2869,1.545549e-05,0.0,nan,nan,nan
826.3708,1.545617e-05,0.0,nan,nan,nan
826.4546,1.545174e-05,0.0,nan,nan,nan
826.5538,1.5455e-05,0.0,nan,nan,nan
826.6377,1.545708e-05,0.0,nan,nan,nan
826.7225,1.54541e-05,0.0,nan,nan,nan
826.8062,1.545328e-05,0.0,nan,nan,nan
826.8901,1.544988e-05,0.0,nan,nan,nan
826.9809,1.545351e-05,0.0,nan,nan,nan
827.0647,1.545524e-05,0.0,nan,nan,nan
827.1484,1.545454e-05,0.0,nan,nan,nan
827.2317,1.544906e-05,0.0,nan,nan,nan
827.3263,1.545404e-05,0.0,nan,nan,nan
827.4101,1.545645e-05,0.0,nan,nan,nan
827.4938,1.545303e-05,0.0,nan,nan,nan
827.5775,1.54518e-05,0.0,nan,nan,nan
827.6614,1.545344e-05,0.0,nan,nan,nan
827.7709,1.545209e-05,0.0,nan,nan,nan
827.8546,1.545107e-05,0.0,nan,nan,nan
827.9383,1.545268e-05,0.0,nan,nan,nan
828.0221,1.54547e-05,0.0,nan,nan,nan
828.1059,1.545482e-05,0.0,nan,nan,nan
828.1972,1.545395e-05,0.0,nan,nan,nan
828.2808,1.545193e-05,0.0,nan,nan,nan
828.3644,1.545196e-05,0.0,nan,nan,nan
828.4483,1.545218e-05,0.0,nan,nan,nan
828.532,1.545404e-05,0.0,nan,nan,nan
828.6159,1.545373e-05,0.0,nan,nan,nan
828.6998,1.545068e-05,0.0,nan,nan,nan
828.8046,1.545224e-05,0.0,nan,nan,nan
828.8885,1.545023e-05,0.0,nan,nan,nan
828.9719,1.545208e-05,0.0,nan,nan,nan
829.0554,1.54544e-05,0.0,nan,nan,nan
829.1391,1.544933e-05,0.0,nan,nan,nan
829.2229,1.544908e-05,0.0,nan,nan,nan
829.3067,1.545543e-05,0.0,nan,nan,nan
829.3959,1.545416e-05,0.0,nan,nan,nan
829.4799,1.545051e-05,0.0,nan,nan,nan
829.5635,1.545312e-05,0.0,nan,nan,nan
829.6471,1.545474e-05,0.0,nan,nan,nan
829.7311,1.544934e-05,0.0,nan,nan,nan
829.8282,1.54514e-05,0.0,nan,nan,nan
829.9119,1.54522e-05,0.0,nan,nan,nan
829.9954,1.545321e-05,0.0,nan,nan,nan
830.0788,1.544814e-05,0.0,nan,nan,nan
830.1628,1.545021e-05,0.0,nan,nan,nan
830.2464,1.545035e-05,0.0,nan,nan,nan
830.33,1.545139e-05,0.0,nan,nan,nan
830.4138,1.544787e-05,0.0,nan,nan,nan
830.4973,1.545033e-05,0.0,nan,nan,nan
830.5807,1.54524e-05,0.0,nan,nan,nan
830.6644,1.54523e-05,0.0,nan,nan,nan
830.7479,1.545118e-05,0.0,nan,nan,nan
830.8517,1.545043e-05,0.0,nan,nan,nan
830.9353,1.545023e-05,0.0,nan,nan,nan
831.0276,1.54465e-05,0.0,nan,nan,nan
831.1114,1.545e-05,0.0,nan,nan,nan
831.1952,1.545159e-05,0.0,nan,nan,nan
831.2795,1.544684e-05,0.0,nan,nan,nan
831.3631,1.54498e-05,0.0,nan,nan,nan
831.4732,1.544814e-05,0.0,nan,nan,nan
831.5573,1.545015e-05,0.0,nan,nan,nan
831.6408,1.544502e-05,0.0,nan,nan,nan
831.7244,1.544961e-05,0.0,nan,nan,nan
831.8084,1.544707e-05,0.0,nan,nan,nan
831.892,1.545166e-05,0.0,nan,nan,nan
831.9758,1.544953e-05,0.0,nan,nan,nan
832.0707,1.544713e-05,0.0,nan,nan,nan
832.1546,1.545087e-05,0.0,nan,nan,nan
832.2389,1.545113e-05,0.0,nan,nan,nan
832.3228,1.544914e-05,0.0,nan,nan,nan
832.4065,1.54476e-05,0.0,nan,nan,nan
832.4945,1.545246e-05,0.0,nan,nan,nan
832.5783,1.544819e-05,0.0,nan,nan,nan
832.6809,1.545132e-05,0.0,nan,nan,nan
832.7649,1.545209e-05,0.0,nan,nan,nan
832.8484,1.545222e-05,0.0,nan,nan,nan
832.9324,1.545255e-05,0.0,nan,nan,nan
833.016,1.544634e-05,0.0,nan,nan,nan
833.0995,1.544676e-05,0.0,nan,nan,nan
833.1834,1.545078e-05,0.0,nan,nan,nan
833.289,1.545137e-05,0.0,nan,nan,nan
833.3727,1.544504e-05,0.0,nan,nan,nan
833.4562,1.544846e-05,0.0,nan,nan,nan
833.542,1.544795e-05,0.0,nan,nan,nan
833.6259,1.545037e-05,0.0,nan,nan,nan
833.7096,1.544671e-05,0.0,nan,nan,nan
833.7931,1.544782e-05,0.0,nan,nan,nan
833.8766,1.544793e-05,0.0,nan,nan,nan
833.9605,1.545015e-05,0.0,nan,nan,nan
834.044,1.54507e-05,0.0,nan,nan,nan
834.1276,1.544705e-05,0.0,nan,nan,nan
834.2114,1.54521e-05,0.0,nan,nan,nan
834.3095,1.544581e-05,0.0,nan,nan,nan
834.3933,1.545162e-05,0.0,nan,nan,nan
834.5039,1.544687e-05,0.0,nan,nan,nan
834.5878,1.544747e-05,0.0,nan,nan,nan
834.6716,1.544982e-05,0.0,nan,nan,nan
834.7551,1.545005e-05,0.0,nan,nan,nan
834.8385,1.545002e-05,0.0,nan,nan,nan
834.9222,1.545512e-05,0.0,nan,nan,nan
835.0059,1.54524e-05,0.0,nan,nan,nan
835.0896,1.545294e-05,0.0,nan,nan,nan
835.1732,1.54552e-05,0.0,nan,nan,nan
835.257,1.545637e-05,0.0,nan,nan,nan
835.3405,1.545362e-05,0.0,nan,nan,nan
835.4241,1.545438e-05,0.0,nan,nan,nan
835.5236,1.545345e-05,0.0,nan,nan,nan
835.6338,1.545378e-05,0.0,nan,nan,nan
835.7175,1.545456e-05,0.0,nan,nan,nan
835.8014,1.545493e-05,0.0,nan,nan,nan
835.8849,1.545578e-05,0.0,nan,nan,nan
835.9688,1.545507e-05,0.0,nan,nan,nan
836.0528,1.545368e-05,0.0,nan,nan,nan
836.1424,1.545275e-05,0.0,nan,nan,nan
836.2262,1.545507e-05,0.0,nan,nan,nan
836.3104,1.545596e-05,0.0,nan,nan,nan
836.3943,1.545344e-05,0.0,nan,nan,nan
836.4779,1.545268e-05,0.0,nan,nan,nan
836.5617,1.54565e-05,0.0,nan,nan,nan
836.6454,1.545163e-05,0.0,nan,nan,nan
836.7299,1.545577e-05,0.0,nan,nan,nan
836.8137,1.544867e-05,0.0,nan,nan,nan
836.8972,1.545392e-05,0.0,nan,nan,nan
836.9815,1.545035e-05,0.0,nan,nan,nan
837.0651,1.545179e-05,0.0,nan,nan,nan
837.1588,1.545419e-05,0.0,nan,nan,nan
837.2423,1.545262e-05,0.0,nan,nan,nan
837.3258,1.545317e-05,0.0,nan,nan,nan
837.4096,1.544838e-05,0.0,nan,nan,nan
837.4931,1.545031e-05,0.0,nan,nan,nan
837.5769,1.544931e-05,0.0,nan,nan,nan
837.6979,1.545e-05,0.0,nan,nan,nan
837.7815,1.545227e-05,0.0,nan,nan,nan
837.8652,1.544899e-05,0.0,nan,nan,nan
837.9486,1.545242e-05,0.0,nan,nan,nan
838.0321,1.545046e-05,0.0,nan,nan,nan
838.1156,1.544773e-05,0.0,nan,nan,nan
838.1993,1.544807e-05,0.0,nan,nan,nan
838.2828,1.545065e-05,0.0,nan,nan,nan
838.3873,1.544957e-05,0.0,nan,nan,nan
838.4712,1.545003e-05,0.0,nan,nan,nan
838.5546,1.544897e-05,0.0,nan,nan,nan
838.6382,1.544998e-05,0.0,nan,nan,nan
838.7217,1.545221e-05,0.0,nan,nan,nan
838.8056,1.544713e-05,0.0,nan,nan,nan
838.8893,1.54489e-05,0.0,nan,nan,nan
838.9773,1.54497e-05,0.0,nan,nan,nan
839.0611,1.544875e-05,0.0,nan,nan,nan
839.1448,1.544872e-05,0.0,nan,nan,nan
839.2284,1.544994e-05,0.0,nan,nan,nan
839.3122,1.54485e-05,0.0,nan,nan,nan
839.4032,1.545152e-05,0.0,nan,nan,nan
839.4867,1.544929e-05,0.0,nan,nan,nan
839.5702,1.545263e-05,0.0,nan,nan,nan
839.6538,1.545265e-05,0.0,nan,nan,nan
839.7679,1.545317e-05,0.0,nan,nan,nan
839.8518,1.545073e-05,0.0,nan,nan,nan
839.9356,1.544949e-05,0.0,nan,nan,nan
840.0192,1.545288e-05,0.0,nan,nan,nan
840.1032,1.545207e-05,0.0,nan,nan,nan
840.1869,1.545601e-05,0.0,nan,nan,nan
840.2706,1.545258e-05,0.0,nan,nan,nan
840.3542,1.545588e-05,0.0,nan,nan,nan
840.4401,1.545385e-05,0.0,nan,nan,nan
840.5235,1.545337e-05,0.0,nan,nan,nan
840.6069,1.54525e-05,0.0,nan,nan,nan
840.6903,1.545212e-05,0.0,nan,nan,nan
840.7738,1.54535e-05,0.0,nan,nan,nan
840.8574,1.545085e-05,0.0,nan,nan,nan
840.9409,1.545127e-05,0.0,nan,nan,nan
841.0397,1.544915e-05,0.0,nan,nan,nan
841.1232,1.545347e-05,0.0,nan,nan,nan
841.2068,1.545081e-05,0.0,nan,nan,nan
841.2905,1.545288e-05,0.0,nan,nan,nan
841.3743,1.545013e-05,0.0,nan,nan,nan
841.4637,1.545123e-05,0.0,nan,nan,nan
841.5473,1.545351e-05,0.0,nan,nan,nan
841.6435,1.545478e-05,0.0,nan,nan,nan
841.7272,1.545235e-05,0.0,nan,nan,nan
841.8609,1.545382e-05,0.0,nan,nan,nan
841.9447,1.545221e-05,0.0,nan,nan,nan
842.052,1.545056e-05,0.0,nan,nan,nan
842.1359,1.545162e-05,0.0,nan,nan,nan
842.2194,1.545257e-05,0.0,nan,nan,nan
842.303,1.545033e-05,0.0,nan,nan,nan
842.3865,1.545003e-05,0.0,nan,nan,nan
842.4705,1.545278e-05,0.0,nan,nan,nan
842.5541,1.545167e-05,0.0,nan,nan,nan
842.6388,1.545177e-05,0.0,nan,nan,nan
842.7224,1.545039e-05,0.0,nan,nan,nan
842.8059,1.545083e-05,0.0,nan,nan,nan
842.8895,1.545278e-05,0.0,nan,nan,nan
842.9734,1.545279e-05,0.0,nan,nan,nan
843.0758,1.545095e-05,0.0,nan,nan,nan
843.1594,1.544992e-05,0.0,nan,nan,nan
843.2429,1.545208e-05,0.0,nan,nan,nan
843.3266,1.545007e-05,0.0,nan,nan,nan
843.4102,1.545242e-05,0.0,nan,nan,nan
843.4941,1.545203e-05,0.0,nan,nan,nan
843.5778,1.54555e-05,0.0,nan,nan,nan
843.6615,1.545347e-05,0.0,nan,nan,nan
843.7452,1.545374e-05,0.0,nan,nan,nan
843.8289,1.545768e-05,0.0,nan,nan,nan
843.9235,1.545244e-05,0.0,nan,nan,nan
844.0069,1.545332e-05,0.0,nan,nan,nan
844.0902,1.545027e-05,0.0,nan,nan,nan
844.1739,1.544958e-05,0.0,nan,nan,nan
844.2576,1.544961e-05,0.0,nan,nan,nan
844.3412,1.545173e-05,0.0,nan,nan,nan
844.4248,1.545515e-05,0.0,nan,nan,nan
844.5095,1.545402e-05,0.0,nan,nan,nan
844.5932,1.545258e-05,0.0,nan,nan,nan
844.677,1.545521e-05,0.0,nan,nan,nan
844.7608,1.545119e-05,0.0,nan,nan,nan
844.8445,1.54577e-05,0.0,nan,nan,nan
844.9304,1.545186e-05,0.0,nan,nan,nan
845.0142,1.54528e-05,0.0,nan,nan,nan
845.1257,1.545496e-05,0.0,nan,nan,nan
845.2092,1.545613e-05,0.0,nan,nan,nan
845.2924,1.545658e-05,0.0,nan,nan,nan
845.3758,1.545325e-05,0.0,nan,nan,nan
845.4596,1.544917e-05,0.0,nan,nan,nan
845.5433,1.545118e-05,0.0,nan,nan,nan
845.627,1.545617e-05,0.0,nan,nan,nan
845.7125,1.545671e-05,0.0,nan,nan,nan
845.7963,1.545582e-05,0.0,nan,nan,nan
845.88,1.545266e-05,0.0,nan,nan,nan
845.9748,1.545507e-05,0.0,nan,nan,nan
846.0582,1.545272e-05,0.0,nan,nan,nan
846.1441,1.545238e-05,0.0,nan,nan,nan
846.2278,1.545206e-05,0.0,nan,nan,nan
846.3113,1.545251e-05,0.0,nan,nan,nan
846.3948,1.544882e-05,0.0,nan,nan,nan
846.4785,1.545317e-05,0.0,nan,nan,nan
846.562,1.545223e-05,0.0,nan,nan,nan
846.6456,1.54511e-05,0.0,nan,nan,nan
846.7293,1.545356e-05,0.0,nan,nan,nan
846.8131,1.54532e-05,0.0,nan,nan,nan
846.8967,1.545361e-05,0.0,nan,nan,nan
846.9805,1.545424e-05,0.0,nan,nan,nan
847.0641,1.545177e-05,0.0,nan,nan,nan
847.1497,1.545471e-05,0.0,nan,nan,nan
847.2333,1.545012e-05,0.0,nan,nan,nan
847.3179,1.545421e-05,0.0,nan,nan,nan
847.4014,1.545327e-05,0.0,nan,nan,nan
847.4852,1.545356e-05,0.0,nan,nan,nan
847.5701,1.545293e-05,0.0,nan,nan,nan
847.6537,1.545146e-05,0.0,nan,nan,nan
847.738,1.54525e-05,0.0,nan,nan,nan
847.8217,1.544998e-05,0.0,nan,nan,nan
847.9054,1.545031e-05,0.0,nan,nan,nan
848.0056,1.545088e-05,0.0,nan,nan,nan
848.0893,1.545404e-05,0.0,nan,nan,nan
848.1896,1.545045e-05,0.0,nan,nan,nan
848.2732,1.544983e-05,0.0,nan,nan,nan
848.3568,1.545192e-05,0.0,nan,nan,nan
848.4405,1.545641e-05,0.0,nan,nan,nan
848.524,1.545326e-05,0.0,nan,nan,nan
848.6082,1.54558e-05,0.0,nan,nan,nan
848.6918,1.545527e-05,0.0,nan,nan,nan
848.809,1.545734e-05,0.0,nan,nan,nan
848.893,1.54573e-05,0.0,nan,nan,nan
848.9992,1.545664e-05,0.0,nan,nan,nan
849.0827,1.545276e-05,0.0,nan,nan,nan
849.1663,1.545468e-05,0.0,nan,nan,nan
849.2501,1.545666e-05,0.0,nan,nan,nan
849.334,1.545406e-05,0.0,nan,nan,nan
849.4261,1.545182e-05,0.0,nan,nan,nan
849.5099,1.544965e-05,0.0,nan,nan,nan
849.5942,1.544922e-05,0.0,nan,nan,nan
849.678,1.545104e-05,0.0,nan,nan,nan
849.7618,1.54543e-05,0.0,nan,nan,nan
849.8458,1.545327e-05,0.0,nan,nan,nan
849.9296,1.544894e-05,0.0,nan,nan,nan
850.0145,1.545196e-05,0.0,nan,nan,nan
850.1398,1.544833e-05,0.0,nan,nan,nan
850.2231,1.544832e-05,0.0,nan,nan,nan
850.3069,1.545043e-05,0.0,nan,nan,nan
850.3902,1.545275e-05,0.0,nan,nan,nan
850.4737,1.545442e-05,0.0,nan,nan,nan
850.5573,1.545385e-05,0.0,nan,nan,nan
850.6416,1.54521e-05,0.0,nan,nan,nan
850.7252,1.545091e-05,0.0,nan,nan,nan
850.809,1.545067e-05,0.0,nan,nan,nan
850.8925,1.544992e-05,0.0,nan,nan,nan
850.9761,1.545078e-05,0.0,nan,nan,nan
851.0652,1.545019e-05,0.0,nan,nan,nan
851.1486,1.545029e-05,0.0,nan,nan,nan
851.2319,1.54531e-05,0.0,nan,nan,nan
851.3157,1.544922e-05,0.0,nan,nan,nan
851.3992,1.545027e-05,0.0,nan,nan,nan
851.4828,1.544809e-05,0.0,nan,nan,nan
851.5666,1.545291e-05,0.0,nan,nan,nan
851.6685,1.545453e-05,0.0,nan,nan,nan
851.7522,1.545102e-05,0.0,nan,nan,nan
851.8359,1.545096e-05,0.0,nan,nan,nan
851.9198,1.545232e-05,0.0,nan,nan,nan
852.0037,1.544957e-05,0.0,nan,nan,nan
852.0876,1.545414e-05,0.0,nan,nan,nan
852.1713,1.544961e-05,0.0,nan,nan,nan
852.2565,1.54545e-05,0.0,nan,nan,nan
852.3406,1.545132e-05,0.0,nan,nan,nan
852.4257,1.544905e-05,0.0,nan,nan,nan
852.5092,1.54519e-05,0.0,nan,nan,nan
852.5929,1.544776e-05,0.0,nan,nan,nan
852.681,1.545408e-05,0.0,nan,nan,nan
852.7649,1.544964e-05,0.0,nan,nan,nan
852.8489,1.545032e-05,0.0,nan,nan,nan
852.9327,1.544759e-05,0.0,nan,nan,nan
853.0163,1.544934e-05,0.0,nan,nan,nan
853.1001,1.545127e-05,0.0,nan,nan,nan
853.1838,1.545173e-05,0.0,nan,nan,nan
853.29,1.545072e-05,0.0,nan,nan,nan
853.3737,1.545127e-05,0.0,nan,nan,nan
853.4576,1.544963e-05,0.0,nan,nan,nan
853.5412,1.544855e-05,0.0,nan,nan,nan
853.6252,1.545264e-05,0.0,nan,nan,nan
853.7089,1.545594e-05,0.0,nan,nan,nan
853.7925,1.544967e-05,0.0,nan,nan,nan
853.8759,1.544731e-05,0.0,nan,nan,nan
853.9596,1.545301e-05,0.0,nan,nan,nan
854.0433,1.54514e-05,0.0,nan,nan,nan
854.127,1.545039e-05,0.0,nan,nan,nan
854.2109,1.545235e-05,0.0,nan,nan,nan
854.3144,1.545386e-05,0.0,nan,nan,nan
854.398,1.5449e-05,0.0,nan,nan,nan
854.4817,1.545098e-05,0.0,nan,nan,nan
854.5653,1.545051e-05,0.0,nan,nan,nan
854.6492,1.544716e-05,0.0,nan,nan,nan
854.7327,1.544982e-05,0.0,nan,nan,nan
854.8165,1.54457e-05,0.0,nan,nan,nan
854.9002,1.54491e-05,0.0,nan,nan,nan
854.984,1.545176e-05,0.0,nan,nan,nan
855.068,1.544631e-05,0.0,nan,nan,nan
855.1518,1.5451e-05,0.0,nan,nan,nan
855.2356,1.545333e-05,0.0,nan,nan,nan
855.3235,1.544783e-05,0.0,nan,nan,nan
855.4073,1.544723e-05,0.0,nan,nan,nan
855.4908,1.545286e-05,0.0,nan,nan,nan
855.5744,1.545454e-05,0.0,nan,nan,nan
855.6584,1.545419e-05,0.0,nan,nan,nan
855.742,1.545739e-05,0.0,nan,nan,nan
855.8256,1.545144e-05,0.0,nan,nan,nan
855.9089,1.545081e-05,0.0,nan,nan,nan
855.9928,1.545157e-05,0.0,nan,nan,nan
856.0765,1.545103e-05,0.0,nan,nan,nan
856.1603,1.545582e-05,0.0,nan,nan,nan
856.2441,1.545441e-05,0.0,nan,nan,nan
856.3399,1.545313e-05,0.0,nan,nan,nan
856.4236,1.54517e-05,0.0,nan,nan,nan
856.5069,1.545335e-05,0.0,nan,nan,nan
856.5907,1.545286e-05,0.0,nan,nan,nan
856.6744,1.545136e-05,0.0,nan,nan,nan
856.758,1.545749e-05,0.0,nan,nan,nan
856.8417,1.545022e-05,0.0,nan,nan,nan
856.9254,1.54542e-05,0.0,nan,nan,nan
857.0093,1.545274e-05,0.0,nan,nan,nan
857.0929,1.54528e-05,0.0,nan,nan,nan
857.1766,1.545218e-05,0.0,nan,nan,nan
857.2605,1.545098e-05,0.0,nan,nan,nan
857.3623,1.545148e-05,0.0,nan,nan,nan
857.4464,1.54559e-05,0.0,nan,nan,nan
857.5301,1.545469e-05,0.0,nan,nan,nan
857.6138,1.545377e-05,0.0,nan,nan,nan
857.6975,1.54567e-05,0.0,nan,nan,nan
857.7814,1.545719e-05,0.0,nan,nan,nan
857.8653,1.545589e-05,0.0,nan,nan,nan
857.9725,1.545429e-05,0.0,nan,nan,nan
858.0563,1.545665e-05,0.0,nan,nan,nan
858.1409,1.545312e-05,0.0,nan,nan,nan
858.2248,1.545081e-05,0.0,nan,nan,nan
858.3084,1.545308e-05,0.0,nan,nan,nan
858.3919,1.545655e-05,0.0,nan,nan,nan
858.4754,1.544839e-05,0.0,nan,nan,nan
858.5688,1.545289e-05,0.0,nan,nan,nan
858.6525,1.545246e-05,0.0,nan,nan,nan
858.7364,1.545268e-05,0.0,nan,nan,nan
858.8203,1.54513e-05,0.0,nan,nan,nan
858.904,1.545453e-05,0.0,nan,nan,nan
858.9878,1.545468e-05,0.0,nan,nan,nan
859.0715,1.545368e-05,0.0,nan,nan,nan
859.1551,1.545561e-05,0.0,nan,nan,nan
859.2389,1.545588e-05,0.0,nan,nan,nan
859.3229,1.545746e-05,0.0,nan,nan,nan
859.4064,1.545501e-05,0.0,nan,nan,nan
859.4901,1.545497e-05,0.0,nan,nan,nan
859.6031,1.545143e-05,0.0,nan,nan,nan
859.6867,1.545127e-05,0.0,nan,nan,nan
859.7887,1.54559e-05,0.0,nan,nan,nan
859.8724,1.545137e-05,0.0,nan,nan,nan
859.956,1.545382e-05,0.0,nan,nan,nan
860.0398,1.545274e-05,0.0,nan,nan,nan
860.1235,1.545153e-05,0.0,nan,nan,nan
860.2209,1.545218e-05,0.0,nan,nan,nan
860.3048,1.54492e-05,0.0,nan,nan,nan
860.3884,1.545596e-05,0.0,nan,nan,nan
860.4898,1.545675e-05,0.0,nan,nan,nan
860.5735,1.545426e-05,0.0,nan,nan,nan
860.6572,1.545274e-05,0.0,nan,nan,nan
860.741,1.545741e-05,0.0,nan,nan,nan
860.8271,1.54533e-05,0.0,nan,nan,nan
860.9108,1.545852e-05,0.0,nan,nan,nan
860.9961,1.545706e-05,0.0,nan,nan,nan
861.0798,1.546086e-05,0.0,nan,nan,nan
861.1644,1.54546e-05,0.0,nan,nan,nan
861.2479,1.545322e-05,0.0,nan,nan,nan
861.3318,1.5457e-05,0.0,nan,nan,nan
861.4411,1.545599e-05,0.0,nan,nan,nan
861.5247,1.545397e-05,0.0,nan,nan,nan
861.6082,1.545551e-05,0.0,nan,nan,nan
861.692,1.545613e-05,0.0,nan,nan,nan
861.7755,1.545451e-05,0.0,nan,nan,nan
861.8593,1.545386e-05,0.0,nan,nan,nan
861.943,1.54538e-05,0.0,nan,nan,nan
862.0401,1.545478e-05,0.0,nan,nan,nan
862.1237,1.545639e-05,0.0,nan,nan,nan
862.2071,1.544905e-05,0.0,nan,nan,nan
862.2907,1.54526e-05,0.0,nan,nan,nan
862.3742,1.545465e-05,0.0,nan,nan,nan
862.4807,1.54522e-05,0.0,nan,nan,nan
862.5901,1.546157e-05,0.0,nan,nan,nan
862.6749,1.545484e-05,0.0,nan,nan,nan
862.7587,1.545963e-05,0.0,nan,nan,nan
862.8421,1.545624e-05,0.0,nan,nan,nan
862.9256,1.545631e-05,0.0,nan,nan,nan
863.009,1.545949e-05,0.0,nan,nan,nan
863.0925,1.545937e-05,0.0,nan,nan,nan
863.1762,1.545286e-05,0.0,nan,nan,nan
863.274,1.545667e-05,0.0,nan,nan,nan
863.3578,1.546122e-05,0.0,nan,nan,nan
863.4426,1.545496e-05,0.0,nan,nan,nan
863.5264,1.545878e-05,0.0,nan,nan,nan
863.6103,1.545605e-05,0.0,nan,nan,nan
863.6942,1.545585e-05,0.0,nan,nan,nan
863.778,1.545924e-05,0.0,nan,nan,nan
863.883,1.545973e-05,0.0,nan,nan,nan
863.9669,1.545649e-05,0.0,nan,nan,nan
864.0503,1.5463e-05,0.0,nan,nan,nan
864.1338,1.545839e-05,0.0,nan,nan,nan
864.2174,1.545492e-05,0.0,nan,nan,nan
864.3009,1.545992e-05,0.0,nan,nan,nan
864.3843,1.545784e-05,0.0,nan,nan,nan
864.4678,1.545378e-05,0.0,nan,nan,nan
864.5517,1.545779e-05,0.0,nan,nan,nan
864.672,1.545699e-05,0.0,nan,nan,nan
864.7556,1.54603e-05,0.0,nan,nan,nan
864.8394,1.54587e-05,0.0,nan,nan,nan
864.9232,1.545949e-05,0.0,nan,nan,nan
865.0068,1.545313e-05,0.0,nan,nan,nan
865.1095,1.545573e-05,0.0,nan,nan,nan
865.1933,1.545251e-05,0.0,nan,nan,nan
865.2769,1.54497e-05,0.0,nan,nan,nan
865.3609,1.545639e-05,0.0,nan,nan,nan
865.4446,1.545619e-05,0.0,nan,nan,nan
865.5284,1.545322e-05,0.0,nan,nan,nan
865.6125,1.545662e-05,0.0,nan,nan,nan
865.6964,1.544911e-05,0.0,nan,nan,nan
865.78,1.545288e-05,0.0,nan,nan,nan
865.8635,1.545135e-05,0.0,nan,nan,nan
865.947,1.545747e-05,0.0,nan,nan,nan
866.031,1.545405e-05,0.0,nan,nan,nan
866.1215,1.545274e-05,0.0,nan,nan,nan
866.2051,1.545422e-05,0.0,nan,nan,nan
866.2889,1.545439e-05,0.0,nan,nan,nan
866.3728,1.545275e-05,0.0,nan,nan,nan
866.4576,1.545387e-05,0.0,nan,nan,nan
866.5411,1.545246e-05,0.0,nan,nan,nan
866.6246,1.545211e-05,0.0,nan,nan,nan
866.7522,1.545253e-05,0.0,nan,nan,nan
866.8359,1.545448e-05,0.0,nan,nan,nan
866.9212,1.545251e-05,0.0,nan,nan,nan
867.0047,1.545429e-05,0.0,nan,nan,nan
867.0885,1.545343e-05,0.0,nan,nan,nan
867.1722,1.545375e-05,0.0,nan,nan,nan
867.2558,1.54541e-05,0.0,nan,nan,nan
867.3578,1.545174e-05,0.0,nan,nan,nan
867.4413,1.545377e-05,0.0,nan,nan,nan
867.5248,1.544979e-05,0.0,nan,nan,nan
867.6083,1.544761e-05,0.0,nan,nan,nan
867.6927,1.544959e-05,0.0,nan,nan,nan
867.7765,1.545009e-05,0.0,nan,nan,nan
867.8602,1.54515e-05,0.0,nan,nan,nan
867.9436,1.545375e-05,0.0,nan,nan,nan
868.0274,1.545289e-05,0.0,nan,nan,nan
868.1108,1.545022e-05,0.0,nan,nan,nan
868.1946,1.545147e-05,0.0,nan,nan,nan
868.2785,1.545224e-05,0.0,nan,nan,nan
868.3661,1.54498e-05,0.0,nan,nan,nan
868.4499,1.544859e-05,0.0,nan,nan,nan
868.5333,1.545227e-05,0.0,nan,nan,nan
868.617,1.545421e-05,0.0,nan,nan,nan
868.7007,1.545556e-05,0.0,nan,nan,nan
868.8232,1.545316e-05,0.0,nan,nan,nan
868.9069,1.545335e-05,0.0,nan,nan,nan
868.9962,1.545607e-05,0.0,nan,nan,nan
869.0799,1.545157e-05,0.0,nan,nan,nan
869.1853,1.545533e-05,0.0,nan,nan,nan
869.2689,1.545576e-05,0.0,nan,nan,nan
869.3535,1.545306e-05,0.0,nan,nan,nan
869.4373,1.545146e-05,0.0,nan,nan,nan
869.5212,1.545259e-05,0.0,nan,nan,nan
869.605,1.545334e-05,0.0,nan,nan,nan
869.6889,1.545444e-05,0.0,nan,nan,nan
869.7883,1.545107e-05,0.0,nan,nan,nan
869.8721,1.545067e-05,0.0,nan,nan,nan
869.9559,1.544972e-05,0.0,nan,nan,nan
870.04,1.545485e-05,0.0,nan,nan,nan
870.1235,1.544943e-05,0.0,nan,nan,nan
870.2235,1.545643e-05,0.0,nan,nan,nan
870.3071,1.545226e-05,0.0,nan,nan,nan
870.3904,1.545434e-05,0.0,nan,nan,nan
870.4739,1.545341e-05,0.0,nan,nan,nan
870.558,1.545352e-05,0.0,nan,nan,nan
870.6495,1.545419e-05,0.0,nan,nan,nan
870.7334,1.54526e-05,0.0,nan,nan,nan
870.8173,1.545558e-05,0.0,nan,nan,nan
870.9042,1.545023e-05,0.0,nan,nan,nan
870.9879,1.545172e-05,0.0,nan,nan,nan
871.0718,1.545139e-05,0.0,nan,nan,nan
871.1558,1.544912e-05,0.0,nan,nan,nan
871.2525,1.545256e-05,0.0,nan,nan,nan
871.3363,1.544952e-05,0.0,nan,nan,nan
871.4328,1.545431e-05,0.0,nan,nan,nan
871.5165,1.545094e-05,0.0,nan,nan,nan
871.602,1.544996e-05,0.0,nan,nan,nan
871.6856,1.54559e-05,0.0,nan,nan,nan
871.7694,1.545394e-05,0.0,nan,nan,nan
871.8529,1.545513e-05,0.0,nan,nan,nan
871.9368,1.545509e-05,0.0,nan,nan,nan
872.0421,1.545438e-05,0.0,nan,nan,nan
872.1258,1.545386e-05,0.0,nan,nan,nan
872.2095,1.545305e-05,0.0,nan,nan,nan
872.2933,1.545097e-05,0.0,nan,nan,nan
872.3771,1.545057e-05,0.0,nan,nan,nan
872.4739,1.545476e-05,0.0,nan,nan,nan
872.5575,1.545194e-05,0.0,nan,nan,nan
872.6411,1.545709e-05,0.0,nan,nan,nan
872.7248,1.545501e-05,0.0,nan,nan,nan
872.8083,1.545757e-05,0.0,nan,nan,nan
872.8918,1.54602e-05,0.0,nan,nan,nan
872.9755,1.545766e-05,0.0,nan,nan,nan
873.0683,1.545671e-05,0.0,nan,nan,nan
873.1519,1.545704e-05,0.0,nan,nan,nan
873.2362,1.545377e-05,0.0,nan,nan,nan
873.3197,1.545364e-05,0.0,nan,nan,nan
873.4033,1.545269e-05,0.0,nan,nan,nan
873.4898,1.545043e-05,0.0,nan,nan,nan
873.5734,1.545129e-05,0.0,nan,nan,nan
873.6568,1.544969e-05,0.0,nan,nan,nan
873.7405,1.544992e-05,0.0,nan,nan,nan
873.8242,1.54526e-05,0.0,nan,nan,nan
873.9078,1.545273e-05,0.0,nan,nan,nan
873.9915,1.545504e-05,0.0,nan,nan,nan
874.0751,1.545519e-05,0.0,nan,nan,nan
874.1587,1.545619e-05,0.0,nan,nan,nan
874.2425,1.545187e-05,0.0,nan,nan,nan
874.3264,1.545261e-05,0.0,nan,nan,nan
874.4103,1.545125e-05,0.0,nan,nan,nan
874.4995,1.544975e-05,0.0,nan,nan,nan
874.5832,1.545164e-05,0.0,nan,nan,nan
874.6669,1.545118e-05,0.0,nan,nan,nan
874.7506,1.545108e-05,0.0,nan,nan,nan
874.8343,1.544955e-05,0.0,nan,nan,nan
874.9272,1.544664e-05,0.0,nan,nan,nan
875.0386,1.54503e-05,0.0,nan,nan,nan
875.122,1.545192e-05,0.0,nan,nan,nan
875.2059,1.545219e-05,0.0,nan,nan,nan
875.2897,1.545101e-05,0.0,nan,nan,nan
875.3734,1.545214e-05,0.0,nan,nan,nan
875.4587,1.545332e-05,0.0,nan,nan,nan
875.5422,1.545336e-05,0.0,nan,nan,nan
875.6258,1.545003e-05,0.0,nan,nan,nan
875.7283,1.545214e-05,0.0,nan,nan,nan
875.8121,1.544667e-05,0.0,nan,nan,nan
875.896,1.545319e-05,0.0,nan,nan,nan
875.9796,1.545471e-05,0.0,nan,nan,nan
876.0634,1.544951e-05,0.0,nan,nan,nan
876.1468,1.545022e-05,0.0,nan,nan,nan
876.2304,1.54491e-05,0.0,nan,nan,nan
876.3138,1.544762e-05,0.0,nan,nan,nan
876.3977,1.545033e-05,0.0,nan,nan,nan
876.4814,1.545224e-05,0.0,nan,nan,nan
876.5649,1.544955e-05,0.0,nan,nan,nan
876.6483,1.545073e-05,0.0,nan,nan,nan
876.7319,1.544684e-05,0.0,nan,nan,nan
876.8157,1.545022e-05,0.0,nan,nan,nan
876.8992,1.545103e-05,0.0,nan,nan,nan
876.9829,1.545219e-05,0.0,nan,nan,nan
877.1037,1.545324e-05,0.0,nan,nan,nan
877.1875,1.545426e-05,0.0,nan,nan,nan
877.2713,1.54521e-05,0.0,nan,nan,nan
877.3548,1.545162e-05,0.0,nan,nan,nan
877.4383,1.545294e-05,0.0,nan,nan,nan
877.5218,1.54516e-05,0.0,nan,nan,nan
877.6055,1.545145e-05,0.0,nan,nan,nan
877.6894,1.545018e-05,0.0,nan,nan,nan
877.773,1.545396e-05,0.0,nan,nan,nan
877.8565,1.545096e-05,0.0,nan,nan,nan
877.94,1.545374e-05,0.0,nan,nan,nan
878.0238,1.545069e-05,0.0,nan,nan,nan
878.1075,1.545292e-05,0.0,nan,nan,nan
878.1972,1.545125e-05,0.0,nan,nan,nan
878.2807,1.545346e-05,0.0,nan,nan,nan
878.3642,1.545708e-05,0.0,nan,nan,nan
878.4478,1.5454e-05,0.0,nan,nan,nan
878.5313,1.54534e-05,0.0,nan,nan,nan
878.6148,1.544797e-05,0.0,nan,nan,nan
878.6984,1.545575e-05,0.0,nan,nan,nan
878.7864,1.545309e-05,0.0,nan,nan,nan
878.8699,1.545152e-05,0.0,nan,nan,nan
878.9534,1.545224e-05,0.0,nan,nan,nan
879.0369,1.545417e-05,0.0,nan,nan,nan
879.1397,1.545663e-05,0.0,nan,nan,nan
879.2382,1.545355e-05,0.0,nan,nan,nan
879.3219,1.54502e-05,0.0,nan,nan,nan
879.408,1.545119e-05,0.0,nan,nan,nan
879.4915,1.545349e-05,0.0,nan,nan,nan
879.5749,1.545362e-05,0.0,nan,nan,nan
879.6584,1.545406e-05,0.0,nan,nan,nan
879.7422,1.545091e-05,0.0,nan,nan,nan
879.8258,1.544921e-05,0.0,nan,nan,nan
879.9098,1.545034e-05,0.0,nan,nan,nan
880.0105,1.545171e-05,0.0,nan,nan,nan
880.0943,1.545128e-05,0.0,nan,nan,nan
880.1779,1.545619e-05,0.0,nan,nan,nan
880.2617,1.545525e-05,0.0,nan,nan,nan
880.3454,1.54536e-05,0.0,nan,nan,nan
880.4294,1.545209e-05,0.0,nan,nan,nan
880.5131,1.545555e-05,0.0,nan,nan,nan
880.597,1.545323e-05,0.0,nan,nan,nan
880.6806,1.545364e-05,0.0,nan,nan,nan
880.7648,1.545141e-05,0.0,nan,nan,nan
880.8483,1.545091e-05,0.0,nan,nan,nan
880.9317,1.545254e-05,0.0,nan,nan,nan
881.0151,1.545428e-05,0.0,nan,nan,nan
881.0989,1.545322e-05,0.0,nan,nan,nan
881.8726,1.544813e-05,0.0,nan,nan,nan
881.9629,1.545109e-05,0.0,nan,nan,nan
882.0621,1.545398e-05,0.0,nan,nan,nan
882.146,1.545376e-05,0.0,nan,nan,nan
882.2295,1.545473e-05,0.0,nan,nan,nan
882.3133,1.545342e-05,0.0,nan,nan,nan
882.3969,1.545203e-05,0.0,nan,nan,nan
882.4813,1.545287e-05,0.0,nan,nan,nan
882.5649,1.545581e-05,0.0,nan,nan,nan
882.6494,1.545366e-05,0.0,nan,nan,nan
882.7333,1.545212e-05,0.0,nan,nan,nan
882.8169,1.545193e-05,0.0,nan,nan,nan
882.9004,1.544941e-05,0.0,nan,nan,nan
882.9844,1.545238e-05,0.0,nan,nan,nan
883.0734,1.54538e-05,0.0,nan,nan,nan
883.1572,1.545137e-05,0.0,nan,nan,nan
883.2406,1.545266e-05,0.0,nan,nan,nan
883.3242,1.545552e-05,0.0,nan,nan,nan
883.4079,1.544993e-05,0.0,nan,nan,nan
883.4916,1.545185e-05,0.0,nan,nan,nan
883.5751,1.545434e-05,0.0,nan,nan,nan
883.6585,1.545392e-05,0.0,nan,nan,nan
883.7424,1.544958e-05,0.0,nan,nan,nan
883.827,1.54505e-05,0.0,nan,nan,nan
883.911,1.545551e-05,0.0,nan,nan,nan
883.9947,1.546015e-05,0.0,nan,nan,nan
884.095,1.545368e-05,0.0,nan,nan,nan
884.1788,1.545324e-05,0.0,nan,nan,nan
884.2898,1.54524e-05,0.0,nan,nan,nan
884.3735,1.545125e-05,0.0,nan,nan,nan
884.4569,1.545153e-05,0.0,nan,nan,nan
884.5405,1.545458e-05,0.0,nan,nan,nan
884.6243,1.545295e-05,0.0,nan,nan,nan
884.7202,1.545347e-05,0.0,nan,nan,nan
884.804,1.545203e-05,0.0,nan,nan,nan
884.8876,1.545104e-05,0.0,nan,nan,nan
884.9716,1.545094e-05,0.0,nan,nan,nan
885.0554,1.545065e-05,0.0,nan,nan,nan
885.139,1.544908e-05,0.0,nan,nan,nan
885.2229,1.544321e-05,0.0,nan,nan,nan
885.3234,1.544799e-05,0.0,nan,nan,nan
885.4071,1.544705e-05,0.0,nan,nan,nan
885.4905,1.545062e-05,0.0,nan,nan,nan
885.5744,1.545088e-05,0.0,nan,nan,nan
885.6581,1.544939e-05,0.0,nan,nan,nan
885.7418,1.545293e-05,0.0,nan,nan,nan
885.8254,1.545309e-05,0.0,nan,nan,nan
885.9104,1.54551e-05,0.0,nan,nan,nan
886.0241,1.545318e-05,0.0,nan,nan,nan
886.1083,1.545596e-05,0.0,nan,nan,nan
886.1921,1.545429e-05,0.0,nan,nan,nan
886.2771,1.545205e-05,0.0,nan,nan,nan
886.361,1.545598e-05,0.0,nan,nan,nan
886.4448,1.545416e-05,0.0,nan,nan,nan
886.5392,1.545436e-05,0.0,nan,nan,nan
886.623,1.545378e-05,0.0,nan,nan,nan
886.7068,1.545415e-05,0.0,nan,nan,nan
886.7903,1.545145e-05,0.0,nan,nan,nan
886.8738,1.545284e-05,0.0,nan,nan,nan
886.9646,1.545339e-05,0.0,nan,nan,nan
887.0484,1.545099e-05,0.0,nan,nan,nan
887.1321,1.545174e-05,0.0,nan,nan,nan
887.2155,1.544949e-05,0.0,nan,nan,nan
887.299,1.545084e-05,0.0,nan,nan,nan
887.3826,1.545437e-05,0.0,nan,nan,nan
887.4664,1.545403e-05,0.0,nan,nan,nan
887.5704,1.545139e-05,0.0,nan,nan,nan
887.6541,1.545066e-05,0.0,nan,nan,nan
887.7375,1.545352e-05,0.0,nan,nan,nan
887.8212,1.545539e-05,0.0,nan,nan,nan
887.905,1.54566e-05,0.0,nan,nan,nan
887.9998,1.545125e-05,0.0,nan,nan,nan
888.0913,1.545258e-05,0.0,nan,nan,nan
888.1865,1.545572e-05,0.0,nan,nan,nan
888.27,1.545391e-05,0.0,nan,nan,nan
888.3536,1.545519e-05,0.0,nan,nan,nan
888.4373,1.545258e-05,0.0,nan,nan,nan
888.5209,1.545209e-05,0.0,nan,nan,nan
888.6046,1.544777e-05,0.0,nan,nan,nan
888.6881,1.544965e-05,0.0,nan,nan,nan
888.7902,1.54533e-05,0.0,nan,nan,nan
888.8737,1.545328e-05,0.0,nan,nan,nan
888.9573,1.545399e-05,0.0,nan,nan,nan
889.0411,1.545325e-05,0.0,nan,nan,nan
889.1248,1.545617e-05,0.0,nan,nan,nan
889.2083,1.545816e-05,0.0,nan,nan,nan
889.2918,1.54573e-05,0.0,nan,nan,nan
889.3752,1.545459e-05,0.0,nan,nan,nan
889.4587,1.545517e-05,0.0,nan,nan,nan
889.5424,1.545752e-05,0.0,nan,nan,nan
889.6259,1.545714e-05,0.0,nan,nan,nan
889.7096,1.545457e-05,0.0,nan,nan,nan
889.7941,1.545575e-05,0.0,nan,nan,nan
889.8779,1.545601e-05,0.0,nan,nan,nan
889.9616,1.545801e-05,0.0,nan,nan,nan
890.0451,1.545421e-05,0.0,nan,nan,nan
890.161,1.545079e-05,0.0,nan,nan,nan
890.2446,1.54542e-05,0.0,nan,nan,nan
890.3282,1.545455e-05,0.0,nan,nan,nan
890.4341,1.545306e-05,0.0,nan,nan,nan
890.518,1.54511e-05,0.0,nan,nan,nan
890.6015,1.545087e-05,0.0,nan,nan,nan
890.6853,1.545343e-05,0.0,nan,nan,nan
890.7691,1.545413e-05,0.0,nan,nan,nan
890.8527,1.545899e-05,0.0,nan,nan,nan
890.9363,1.545494e-05,0.0,nan,nan,nan
891.0198,1.545571e-05,0.0,nan,nan,nan
891.1037,1.545741e-05,0.0,nan,nan,nan
891.1874,1.54536e-05,0.0,nan,nan,nan
891.2897,1.545544e-05,0.0,nan,nan,nan
891.3733,1.545437e-05,0.0,nan,nan,nan
891.4591,1.545601e-05,0.0,nan,nan,nan
891.5428,1.545397e-05,0.0,nan,nan,nan
891.6262,1.545431e-05,0.0,nan,nan,nan
891.7101,1.545376e-05,0.0,nan,nan,nan
891.7938,1.545515e-05,0.0,nan,nan,nan
891.8774,1.5455e-05,0.0,nan,nan,nan
891.9611,1.544973e-05,0.0,nan,nan,nan
892.0525,1.545567e-05,0.0,nan,nan,nan
892.1363,1.545077e-05,0.0,nan,nan,nan
892.2299,1.545642e-05,0.0,nan,nan,nan
892.3136,1.54521e-05,0.0,nan,nan,nan
892.397,1.545012e-05,0.0,nan,nan,nan
892.481,1.545164e-05,0.0,nan,nan,nan
892.5647,1.545423e-05,0.0,nan,nan,nan
892.6705,1.5452e-05,0.0,nan,nan,nan
892.754,1.544935e-05,0.0,nan,nan,nan
892.8379,1.545386e-05,0.0,nan,nan,nan
892.9216,1.545442e-05,0.0,nan,nan,nan
893.0053,1.545297e-05,0.0,nan,nan,nan
893.0888,1.545573e-05,0.0,nan,nan,nan
893.1726,1.545001e-05,0.0,nan,nan,nan
893.2738,1.545519e-05,0.0,nan,nan,nan
893.3573,1.545402e-05,0.0,nan,nan,nan
893.4408,1.545605e-05,0.0,nan,nan,nan
893.5244,1.545444e-05,0.0,nan,nan,nan
893.6081,1.545249e-05,0.0,nan,nan,nan
893.6916,1.545294e-05,0.0,nan,nan,nan
893.7753,1.545386e-05,0.0,nan,nan,nan
893.8597,1.545609e-05,0.0,nan,nan,nan
893.9434,1.545083e-05,0.0,nan,nan,nan
894.0269,1.545425e-05,0.0,nan,nan,nan
894.1242,1.545223e-05,0.0,nan,nan,nan
894.208,1.54529e-05,0.0,nan,nan,nan
894.3002,1.545477e-05,0.0,nan,nan,nan
894.4099,1.545277e-05,0.0,nan,nan,nan
894.4937,1.544958e-05,0.0,nan,nan,nan
894.5774,1.545211e-05,0.0,nan,nan,nan
894.6611,1.545258e-05,0.0,nan,nan,nan
894.7497,1.545477e-05,0.0,nan,nan,nan
894.8335,1.545175e-05,0.0,nan,nan,nan
894.9206,1.545528e-05,0.0,nan,nan,nan
895.0042,1.545349e-05,0.0,nan,nan,nan
895.089,1.545261e-05,0.0,nan,nan,nan
895.1728,1.545692e-05,0.0,nan,nan,nan
895.2577,1.544879e-05,0.0,nan,nan,nan
895.3413,1.545111e-05,0.0,nan,nan,nan
895.4251,1.544931e-05,0.0,nan,nan,nan
895.5225,1.545227e-05,0.0,nan,nan,nan
895.6063,1.54505e-05,0.0,nan,nan,nan
895.6899,1.545148e-05,0.0,nan,nan,nan
895.7734,1.545351e-05,0.0,nan,nan,nan
895.8569,1.54507e-05,0.0,nan,nan,nan
895.9407,1.544581e-05,0.0,nan,nan,nan
896.0241,1.544928e-05,0.0,nan,nan,nan
896.1077,1.544886e-05,0.0,nan,nan,nan
896.1913,1.545174e-05,0.0,nan,nan,nan
896.2752,1.544988e-05,0.0,nan,nan,nan
896.3742,1.545386e-05,0.0,nan,nan,nan
896.4579,1.544944e-05,0.0,nan,nan,nan
896.5414,1.544883e-05,0.0,nan,nan,nan
896.6251,1.545358e-05,0.0,nan,nan,nan
896.7094,1.544811e-05,0.0,nan,nan,nan
896.7931,1.545472e-05,0.0,nan,nan,nan
896.8768,1.545235e-05,0.0,nan,nan,nan
896.9866,1.545014e-05,0.0,nan,nan,nan
897.0703,1.545113e-05,0.0,nan,nan,nan
897.1683,1.544826e-05,0.0,nan,nan,nan
897.2518,1.545135e-05,0.0,nan,nan,nan
897.339,1.545269e-05,0.0,nan,nan,nan
897.4229,1.545256e-05,0.0,nan,nan,nan
897.5068,1.545541e-05,0.0,nan,nan,nan
897.5904,1.545278e-05,0.0,nan,nan,nan
897.6738,1.54511e-05,0.0,nan,nan,nan
897.7686,1.545672e-05,0.0,nan,nan,nan
897.8525,1.545532e-05,0.0,nan,nan,nan
897.9371,1.545225e-05,0.0,nan,nan,nan
898.0209,1.545699e-05,0.0,nan,nan,nan
898.1046,1.545705e-05,0.0,nan,nan,nan
898.1895,1.545522e-05,0.0,nan,nan,nan
898.2732,1.545364e-05,0.0,nan,nan,nan
898.3568,1.545743e-05,0.0,nan,nan,nan
898.473,1.545372e-05,0.0,nan,nan,nan
898.5564,1.545404e-05,0.0,nan,nan,nan
898.6403,1.545489e-05,0.0,nan,nan,nan
898.7237,1.545739e-05,0.0,nan,nan,nan
898.8072,1.545234e-05,0.0,nan,nan,nan
898.8911,1.545268e-05,0.0,nan,nan,nan
898.9746,1.545253e-05,0.0,nan,nan,nan
899.058,1.545499e-05,0.0,nan,nan,nan
899.1417,1.545299e-05,0.0,nan,nan,nan
899.2254,1.545328e-05,0.0,nan,nan,nan
899.309,1.545455e-05,0.0,nan,nan,nan
899.3929,1.545767e-05,0.0,nan,nan,nan
899.4767,1.545564e-05,0.0,nan,nan,nan
899.5603,1.545305e-05,0.0,nan,nan,nan
899.644,1.545398e-05,0.0,nan,nan,nan
899.7278,1.545723e-05,0.0,nan,nan,nan
899.8375,1.545411e-05,0.0,nan,nan,nan
899.9212,1.545387e-05,0.0,nan,nan,nan
900.0245,1.545089e-05,0.0,nan,nan,nan
900.1082,1.54581e-05,0.0,nan,nan,nan
900.1917,1.545386e-05,0.0,nan,nan,nan
900.2754,1.545366e-05,0.0,nan,nan,nan
900.3592,1.545288e-05,0.0,nan,nan,nan
900.4429,1.545572e-05,0.0,nan,nan,nan
900.5373,1.544911e-05,0.0,nan,nan,nan
900.6368,1.545081e-05,0.0,nan,nan,nan
900.7204,1.545279e-05,0.0,nan,nan,nan
900.8045,1.54548e-05,0.0,nan,nan,nan
900.8884,1.545724e-05,0.0,nan,nan,nan
900.9722,1.545446e-05,0.0,nan,nan,nan
901.0559,1.545815e-05,0.0,nan,nan,nan
901.1398,1.545352e-05,0.0,nan,nan,nan
901.2235,1.545595e-05,0.0,nan,nan,nan
901.3069,1.54551e-05,0.0,nan,nan,nan
901.3906,1.54519e-05,0.0,nan,nan,nan
901.4834,1.545453e-05,0.0,nan,nan,nan
901.5672,1.545235e-05,0.0,nan,nan,nan
901.6803,1.544951e-05,0.0,nan,nan,nan
901.7646,1.545051e-05,0.0,nan,nan,nan
901.8615,1.544948e-05,0.0,nan,nan,nan
901.9451,1.545113e-05,0.0,nan,nan,nan
902.0299,1.545261e-05,0.0,nan,nan,nan
902.1136,1.544956e-05,0.0,nan,nan,nan
902.1977,1.544805e-05,0.0,nan,nan,nan
902.2811,1.544766e-05,0.0,nan,nan,nan
902.3649,1.545071e-05,0.0,nan,nan,nan
902.4503,1.545056e-05,0.0,nan,nan,nan
902.534,1.544887e-05,0.0,nan,nan,nan
902.6177,1.544988e-05,0.0,nan,nan,nan
902.7061,1.545098e-05,0.0,nan,nan,nan
902.7899,1.545009e-05,0.0,nan,nan,nan
902.8734,1.54463e-05,0.0,nan,nan,nan
902.9569,1.545091e-05,0.0,nan,nan,nan
903.0405,1.545098e-05,0.0,nan,nan,nan
903.1241,1.544541e-05,0.0,nan,nan,nan
903.2078,1.544853e-05,0.0,nan,nan,nan
903.3041,1.544778e-05,0.0,nan,nan,nan
903.3881,1.544895e-05,0.0,nan,nan,nan
903.4717,1.545238e-05,0.0,nan,nan,nan
903.5555,1.545356e-05,0.0,nan,nan,nan
903.6392,1.545229e-05,0.0,nan,nan,nan
903.723,1.54536e-05,0.0,nan,nan,nan
903.8067,1.545276e-05,0.0,nan,nan,nan
903.9085,1.545469e-05,0.0,nan,nan,nan
903.992,1.545462e-05,0.0,nan,nan,nan
904.0757,1.544685e-05,0.0,nan,nan,nan
904.1594,1.545263e-05,0.0,nan,nan,nan
904.2431,1.545266e-05,0.0,nan,nan,nan
904.327,1.545215e-05,0.0,nan,nan,nan
904.4105,1.545458e-05,0.0,nan,nan,nan
904.4949,1.545217e-05,0.0,nan,nan,nan
904.5785,1.54501e-05,0.0,nan,nan,nan
904.662,1.545168e-05,0.0,nan,nan,nan
904.7595,1.545131e-05,0.0,nan,nan,nan
904.8433,1.545387e-05,0.0,nan,nan,nan
904.9377,1.545058e-05,0.0,nan,nan,nan
905.0213,1.544963e-05,0.0,nan,nan,nan
905.1049,1.545201e-05,0.0,nan,nan,nan
905.1887,1.54501e-05,0.0,nan,nan,nan
905.2727,1.545155e-05,0.0,nan,nan,nan
905.3563,1.545192e-05,0.0,nan,nan,nan
905.44,1.545361e-05,0.0,nan,nan,nan
905.5235,1.544925e-05,0.0,nan,nan,nan
905.607,1.545069e-05,0.0,nan,nan,nan
905.6906,1.545302e-05,0.0,nan,nan,nan
905.7741,1.545123e-05,0.0,nan,nan,nan
905.8578,1.545651e-05,0.0,nan,nan,nan
905.9414,1.545098e-05,0.0,nan,nan,nan
906.0248,1.544939e-05,0.0,nan,nan,nan
906.1085,1.545563e-05,0.0,nan,nan,nan
906.1923,1.545549e-05,0.0,nan,nan,nan
906.276,1.545183e-05,0.0,nan,nan,nan
906.3672,1.545212e-05,0.0,nan,nan,nan
906.4511,1.545538e-05,0.0,nan,nan,nan
906.5347,1.545268e-05,0.0,nan,nan,nan
906.6182,1.544658e-05,0.0,nan,nan,nan
906.7227,1.5451e-05,0.0,nan,nan,nan
906.8174,1.545177e-05,0.0,nan,nan,nan
906.9012,1.545279e-05,0.0,nan,nan,nan
906.9899,1.545272e-05,0.0,nan,nan,nan
907.0736,1.545222e-05,0.0,nan,nan,nan
907.157,1.545487e-05,0.0,nan,nan,nan
907.2407,1.545492e-05,0.0,nan,nan,nan
907.325,1.545579e-05,0.0,nan,nan,nan
907.409,1.545029e-05,0.0,nan,nan,nan
907.4927,1.545211e-05,0.0,nan,nan,nan
907.5804,1.545176e-05,0.0,nan,nan,nan
907.6642,1.545124e-05,0.0,nan,nan,nan
907.7479,1.545451e-05,0.0,nan,nan,nan
907.8314,1.545531e-05,0.0,nan,nan,nan
907.9154,1.54513e-05,0.0,nan,nan,nan
908.0054,1.54496e-05,0.0,nan,nan,nan
908.0894,1.545359e-05,0.0,nan,nan,nan
908.1731,1.545186e-05,0.0,nan,nan,nan
908.2568,1.545354e-05,0.0,nan,nan,nan
908.3408,1.545523e-05,0.0,nan,nan,nan
908.4246,1.545294e-05,0.0,nan,nan,nan
908.5083,1.54546e-05,0.0,nan,nan,nan
908.5919,1.54503e-05,0.0,nan,nan,nan
908.6757,1.544858e-05,0.0,nan,nan,nan
908.7737,1.544855e-05,0.0,nan,nan,nan
908.857,1.544634e-05,0.0,nan,nan,nan
908.9405,1.544899e-05,0.0,nan,nan,nan
909.0251,1.544811e-05,0.0,nan,nan,nan
909.1087,1.544465e-05,0.0,nan,nan,nan
909.1925,1.544559e-05,0.0,nan,nan,nan
909.2763,1.544564e-05,0.0,nan,nan,nan
909.3602,1.54447e-05,0.0,nan,nan,nan
909.4478,1.545086e-05,0.0,nan,nan,nan
909.5315,1.544871e-05,0.0,nan,nan,nan
909.6149,1.544956e-05,0.0,nan,nan,nan
909.6988,1.545095e-05,0.0,nan,nan,nan
909.7823,1.544814e-05,0.0,nan,nan,nan
909.8663,1.54486e-05,0.0,nan,nan,nan
909.9499,1.544883e-05,0.0,nan,nan,nan
910.0449,1.545025e-05,0.0,nan,nan,nan
910.1285,1.545102e-05,0.0,nan,nan,nan
910.2139,1.545131e-05,0.0,nan,nan,nan
910.2977,1.544729e-05,0.0,nan,nan,nan
910.3813,1.545044e-05,0.0,nan,nan,nan
910.4659,1.544884e-05,0.0,nan,nan,nan
910.5495,1.544629e-05,0.0,nan,nan,nan
910.6522,1.545009e-05,0.0,nan,nan,nan
910.7359,1.54512e-05,0.0,nan,nan,nan
910.8204,1.54525e-05,0.0,nan,nan,nan
910.9041,1.545062e-05,0.0,nan,nan,nan
910.9877,1.545006e-05,0.0,nan,nan,nan
911.0712,1.544694e-05,0.0,nan,nan,nan
911.1548,1.545134e-05,0.0,nan,nan,nan
911.2431,1.544819e-05,0.0,nan,nan,nan
911.3266,1.544972e-05,0.0,nan,nan,nan
911.4103,1.544738e-05,0.0,nan,nan,nan
911.4942,1.54498e-05,0.0,nan,nan,nan
911.5779,1.545168e-05,0.0,nan,nan,nan
911.6647,1.544828e-05,0.0,nan,nan,nan
911.7485,1.545362e-05,0.0,nan,nan,nan
911.8323,1.545264e-05,0.0,nan,nan,nan
911.9157,1.545338e-05,0.0,nan,nan,nan
911.9991,1.54529e-05,0.0,nan,nan,nan
912.0829,1.54474e-05,0.0,nan,nan,nan
912.1667,1.545022e-05,0.0,nan,nan,nan
912.2716,1.544696e-05,0.0,nan,nan,nan
912.3554,1.545106e-05,0.0,nan,nan,nan
912.4391,1.544947e-05,0.0,nan,nan,nan
912.5231,1.54494e-05,0.0,nan,nan,nan
912.6069,1.544732e-05,0.0,nan,nan,nan
912.691,1.544527e-05,0.0,nan,nan,nan
912.7745,1.54443e-05,0.0,nan,nan,nan
912.8581,1.544753e-05,0.0,nan,nan,nan
912.9471,1.544819e-05,0.0,nan,nan,nan
913.0306,1.544931e-05,0.0,nan,nan,nan
913.1146,1.544901e-05,0.0,nan,nan,nan
913.1981,1.544944e-05,0.0,nan,nan,nan
913.2817,1.544917e-05,0.0,nan,nan,nan
913.3653,1.544868e-05,0.0,nan,nan,nan
913.4488,1.544955e-05,0.0,nan,nan,nan
913.5323,1.545157e-05,0.0,nan,nan,nan
913.6158,1.545245e-05,0.0,nan,nan,nan
913.7002,1.54524e-05,0.0,nan,nan,nan
913.784,1.54516e-05,0.0,nan,nan,nan
913.8679,1.544808e-05,0.0,nan,nan,nan
913.9517,1.545118e-05,0.0,nan,nan,nan
914.0356,1.545173e-05,0.0,nan,nan,nan
914.1191,1.54484e-05,0.0,nan,nan,nan
914.2032,1.544965e-05,0.0,nan,nan,nan
914.2869,1.544714e-05,0.0,nan,nan,nan
914.3708,1.54553e-05,0.0,nan,nan,nan
914.4547,1.544954e-05,0.0,nan,nan,nan
914.5386,1.544912e-05,0.0,nan,nan,nan
914.6223,1.545678e-05,0.0,nan,nan,nan
914.7067,1.544806e-05,0.0,nan,nan,nan
914.7902,1.545237e-05,0.0,nan,nan,nan
914.8741,1.545007e-05,0.0,nan,nan,nan
915.0064,1.544996e-05,0.0,nan,nan,nan
915.09,1.545281e-05,0.0,nan,nan,nan
915.1735,1.54503e-05,0.0,nan,nan,nan
915.2573,1.545766e-05,0.0,nan,nan,nan
915.3432,1.545106e-05,0.0,nan,nan,nan
915.4266,1.545149e-05,0.0,nan,nan,nan
915.5102,1.544995e-05,0.0,nan,nan,nan
915.5939,1.545559e-05,0.0,nan,nan,nan
915.6775,1.545039e-05,0.0,nan,nan,nan
915.764,1.545259e-05,0.0,nan,nan,nan
915.8476,1.545283e-05,0.0,nan,nan,nan
915.9315,1.544647e-05,0.0,nan,nan,nan
916.0154,1.544888e-05,0.0,nan,nan,nan
916.099,1.544685e-05,0.0,nan,nan,nan
916.1826,1.544689e-05,0.0,nan,nan,nan
916.2665,1.544887e-05,0.0,nan,nan,nan
916.3752,1.544916e-05,0.0,nan,nan,nan
916.4587,1.544702e-05,0.0,nan,nan,nan
916.5423,1.544567e-05,0.0,nan,nan,nan
916.6258,1.544982e-05,0.0,nan,nan,nan
916.7095,1.544794e-05,0.0,nan,nan,nan
916.7934,1.544768e-05,0.0,nan,nan,nan
916.8771,1.544628e-05,0.0,nan,nan,nan
916.9605,1.545333e-05,0.0,nan,nan,nan
917.073,1.545087e-05,0.0,nan,nan,nan
917.1564,1.545152e-05,0.0,nan,nan,nan
917.2399,1.545016e-05,0.0,nan,nan,nan
917.3247,1.545067e-05,0.0,nan,nan,nan
917.4084,1.544981e-05,0.0,nan,nan,nan
917.4921,1.545356e-05,0.0,nan,nan,nan
917.5796,1.544875e-05,0.0,nan,nan,nan
917.6633,1.544832e-05,0.0,nan,nan,nan
917.747,1.544787e-05,0.0,nan,nan,nan
917.8311,1.544405e-05,0.0,nan,nan,nan
917.9147,1.54466e-05,0.0,nan,nan,nan
918.0043,1.54498e-05,0.0,nan,nan,nan
918.088,1.545018e-05,0.0,nan,nan,nan
918.1716,1.544591e-05,0.0,nan,nan,nan
918.2554,1.545116e-05,0.0,nan,nan,nan
918.3391,1.545047e-05,0.0,nan,nan,nan
918.4236,1.545321e-05,0.0,nan,nan,nan
918.5071,1.544751e-05,0.0,nan,nan,nan
918.6087,1.544726e-05,0.0,nan,nan,nan
918.6924,1.544665e-05,0.0,nan,nan,nan
918.7758,1.544725e-05,0.0,nan,nan,nan
918.8596,1.544701e-05,0.0,nan,nan,nan
918.9443,1.544741e-05,0.0,nan,nan,nan
919.0279,1.545162e-05,0.0,nan,nan,nan
919.1414,1.544694e-05,0.0,nan,nan,nan
919.2249,1.544698e-05,0.0,nan,nan,nan
919.3088,1.544624e-05,0.0,nan,nan,nan
919.3935,1.544963e-05,0.0,nan,nan,nan
919.4774,1.544681e-05,0.0,nan,nan,nan
919.5611,1.544907e-05,0.0,nan,nan,nan
919.6446,1.544946e-05,0.0,nan,nan,nan
919.7282,1.544938e-05,0.0,nan,nan,nan
919.8283,1.54492e-05,0.0,nan,nan,nan
919.9118,1.544714e-05,0.0,nan,nan,nan
919.9953,1.544487e-05,0.0,nan,nan,nan
920.0794,1.544698e-05,0.0,nan,nan,nan
920.1629,1.544615e-05,0.0,nan,nan,nan
920.2534,1.544622e-05,0.0,nan,nan,nan
920.3371,1.544877e-05,0.0,nan,nan,nan
920.4208,1.545121e-05,0.0,nan,nan,nan
920.5047,1.54509e-05,0.0,nan,nan,nan
920.5885,1.544934e-05,0.0,nan,nan,nan
920.6727,1.545118e-05,0.0,nan,nan,nan
920.7564,1.544779e-05,0.0,nan,nan,nan
920.8398,1.544969e-05,0.0,nan,nan,nan
920.9236,1.544576e-05,0.0,nan,nan,nan
921.0075,1.544913e-05,0.0,nan,nan,nan
921.0913,1.544676e-05,0.0,nan,nan,nan
921.2071,1.544576e-05,0.0,nan,nan,nan
921.2905,1.544807e-05,0.0,nan,nan,nan
921.3743,1.544913e-05,0.0,nan,nan,nan
921.4774,1.544904e-05,0.0,nan,nan,nan
921.5611,1.544679e-05,0.0,nan,nan,nan
921.6445,1.545172e-05,0.0,nan,nan,nan
921.7283,1.544998e-05,0.0,nan,nan,nan
921.8118,1.544925e-05,0.0,nan,nan,nan
921.8952,1.544869e-05,0.0,nan,nan,nan
921.9794,1.544838e-05,0.0,nan,nan,nan
922.0856,1.544814e-05,0.0,nan,nan,nan
922.1696,1.545466e-05,0.0,nan,nan,nan
922.2539,1.545128e-05,0.0,nan,nan,nan
922.3378,1.544934e-05,0.0,nan,nan,nan
922.4217,1.544823e-05,0.0,nan,nan,nan
922.5062,1.544352e-05,0.0,nan,nan,nan
922.5899,1.544806e-05,0.0,nan,nan,nan
922.6734,1.544988e-05,0.0,nan,nan,nan
922.757,1.545231e-05,0.0,nan,nan,nan
922.8406,1.544678e-05,0.0,nan,nan,nan
922.9258,1.545023e-05,0.0,nan,nan,nan
923.0095,1.544737e-05,0.0,nan,nan,nan
923.0934,1.545145e-05,0.0,nan,nan,nan
923.1773,1.544964e-05,0.0,nan,nan,nan
923.2856,1.544816e-05,0.0,nan,nan,nan
923.3696,1.544725e-05,0.0,nan,nan,nan
923.4533,1.545265e-05,0.0,nan,nan,nan
923.5369,1.544793e-05,0.0,nan,nan,nan
923.6207,1.544496e-05,0.0,nan,nan,nan
923.705,1.5446e-05,0.0,nan,nan,nan
923.7887,1.544692e-05,0.0,nan,nan,nan
923.8725,1.544897e-05,0.0,nan,nan,nan
923.9563,1.544524e-05,0.0,nan,nan,nan
924.04,1.544939e-05,0.0,nan,nan,nan
924.1387,1.545089e-05,0.0,nan,nan,nan
924.2225,1.544804e-05,0.0,nan,nan,nan
924.3064,1.544961e-05,0.0,nan,nan,nan
924.39,1.545325e-05,0.0,nan,nan,nan
924.4738,1.545248e-05,0.0,nan,nan,nan
924.5572,1.54493e-05,0.0,nan,nan,nan
924.6407,1.545075e-05,0.0,nan,nan,nan
924.7257,1.54489e-05,0.0,nan,nan,nan
924.8096,1.544919e-05,0.0,nan,nan,nan
924.8934,1.545353e-05,0.0,nan,nan,nan
924.977,1.545047e-05,0.0,nan,nan,nan
925.0606,1.544588e-05,0.0,nan,nan,nan
925.1746,1.544819e-05,0.0,nan,nan,nan
925.2582,1.544969e-05,0.0,nan,nan,nan
925.3592,1.54508e-05,0.0,nan,nan,nan
925.4426,1.544526e-05,0.0,nan,nan,nan
925.5261,1.545134e-05,0.0,nan,nan,nan
925.61,1.545151e-05,0.0,nan,nan,nan
925.6937,1.54485e-05,0.0,nan,nan,nan
925.7818,1.544851e-05,0.0,nan,nan,nan
925.8657,1.545482e-05,0.0,nan,nan,nan
925.9623,1.545236e-05,0.0,nan,nan,nan
926.0462,1.545036e-05,0.0,nan,nan,nan
926.1296,1.545564e-05,0.0,nan,nan,nan
926.2134,1.544725e-05,0.0,nan,nan,nan
926.2971,1.544835e-05,0.0,nan,nan,nan
926.3937,1.545013e-05,0.0,nan,nan,nan
926.4775,1.54496e-05,0.0,nan,nan,nan
926.561,1.545045e-05,0.0,nan,nan,nan
926.6447,1.544771e-05,0.0,nan,nan,nan
926.7283,1.544999e-05,0.0,nan,nan,nan
926.8119,1.544856e-05,0.0,nan,nan,nan
926.8958,1.545192e-05,0.0,nan,nan,nan
926.9793,1.545341e-05,0.0,nan,nan,nan
927.063,1.54499e-05,0.0,nan,nan,nan
927.1467,1.545347e-05,0.0,nan,nan,nan
927.2304,1.545167e-05,0.0,nan,nan,nan
927.3144,1.545126e-05,0.0,nan,nan,nan
927.4264,1.544765e-05,0.0,nan,nan,nan
927.5101,1.544935e-05,0.0,nan,nan,nan
927.5939,1.544839e-05,0.0,nan,nan,nan
927.6774,1.544737e-05,0.0,nan,nan,nan
927.7611,1.545115e-05,0.0,nan,nan,nan
927.8448,1.545172e-05,0.0,nan,nan,nan
927.9287,1.544882e-05,0.0,nan,nan,nan
928.0227,1.545247e-05,0.0,nan,nan,nan
928.1064,1.544794e-05,0.0,nan,nan,nan
928.19,1.545291e-05,0.0,nan,nan,nan
928.2734,1.545086e-05,0.0,nan,nan,nan
928.3572,1.545262e-05,0.0,nan,nan,nan
928.4538,1.545336e-05,0.0,nan,nan,nan
928.5377,1.545126e-05,0.0,nan,nan,nan
928.6211,1.544956e-05,0.0,nan,nan,nan
928.7049,1.544719e-05,0.0,nan,nan,nan
928.7887,1.544963e-05,0.0,nan,nan,nan
928.8725,1.545006e-05,0.0,nan,nan,nan
928.9566,1.544635e-05,0.0,nan,nan,nan
929.0504,1.545059e-05,0.0,nan,nan,nan
929.134,1.545251e-05,0.0,nan,nan,nan
929.2175,1.544776e-05,0.0,nan,nan,nan
929.301,1.545155e-05,0.0,nan,nan,nan
929.3846,1.54508e-05,0.0,nan,nan,nan
929.4728,1.544947e-05,0.0,nan,nan,nan
929.5562,1.54509e-05,0.0,nan,nan,nan
929.6401,1.545303e-05,0.0,nan,nan,nan
929.7238,1.545314e-05,0.0,nan,nan,nan
929.8075,1.545135e-05,0.0,nan,nan,nan
929.8911,1.545176e-05,0.0,nan,nan,nan
929.9746,1.545041e-05,0.0,nan,nan,nan
930.0663,1.54541e-05,0.0,nan,nan,nan
930.1502,1.545121e-05,0.0,nan,nan,nan
930.2359,1.545054e-05,0.0,nan,nan,nan
930.3196,1.54522e-05,0.0,nan,nan,nan
930.4045,1.54489e-05,0.0,nan,nan,nan
930.4939,1.545568e-05,0.0,nan,nan,nan
930.5778,1.545004e-05,0.0,nan,nan,nan
930.6612,1.544986e-05,0.0,nan,nan,nan
930.7452,1.545587e-05,0.0,nan,nan,nan
930.8291,1.545581e-05,0.0,nan,nan,nan
930.9127,1.545091e-05,0.0,nan,nan,nan
930.9966,1.545496e-05,0.0,nan,nan,nan
931.0907,1.545005e-05,0.0,nan,nan,nan
931.1743,1.545422e-05,0.0,nan,nan,nan
931.2591,1.545164e-05,0.0,nan,nan,nan
931.3428,1.545346e-05,0.0,nan,nan,nan
931.4266,1.545364e-05,0.0,nan,nan,nan
931.5396,1.545155e-05,0.0,nan,nan,nan
931.6237,1.54521e-05,0.0,nan,nan,nan
931.7127,1.545007e-05,0.0,nan,nan,nan
931.7966,1.545028e-05,0.0,nan,nan,nan
931.9027,1.545173e-05,0.0,nan,nan,nan
931.9866,1.545063e-05,0.0,nan,nan,nan
932.0702,1.545183e-05,0.0,nan,nan,nan
932.1541,1.544886e-05,0.0,nan,nan,nan
932.2379,1.544876e-05,0.0,nan,nan,nan
932.3216,1.545252e-05,0.0,nan,nan,nan
932.4056,1.544839e-05,0.0,nan,nan,nan
932.5042,1.544966e-05,0.0,nan,nan,nan
932.5882,1.545124e-05,0.0,nan,nan,nan
932.6717,1.545039e-05,0.0,nan,nan,nan
932.7556,1.545276e-05,0.0,nan,nan,nan
932.8395,1.545212e-05,0.0,nan,nan,nan
932.9238,1.545325e-05,0.0,nan,nan,nan
933.0075,1.544934e-05,0.0,nan,nan,nan
933.0916,1.545104e-05,0.0,nan,nan,nan
933.1754,1.545169e-05,0.0,nan,nan,nan
933.26,1.545344e-05,0.0,nan,nan,nan
933.3439,1.544942e-05,0.0,nan,nan,nan
933.4276,1.54522e-05,0.0,nan,nan,nan
933.5149,1.545631e-05,0.0,nan,nan,nan
933.6365,1.545387e-05,0.0,nan,nan,nan
933.7412,1.544702e-05,0.0,nan,nan,nan
933.8248,1.544941e-05,0.0,nan,nan,nan
933.9097,1.544631e-05,0.0,nan,nan,nan
933.9934,1.545228e-05,0.0,nan,nan,nan
934.077,1.545118e-05,0.0,nan,nan,nan
934.1608,1.545201e-05,0.0,nan,nan,nan
934.2444,1.544817e-05,0.0,nan,nan,nan
934.3403,1.545018e-05,0.0,nan,nan,nan
934.4241,1.544794e-05,0.0,nan,nan,nan
934.508,1.544918e-05,0.0,nan,nan,nan
934.5917,1.544636e-05,0.0,nan,nan,nan
934.6755,1.545178e-05,0.0,nan,nan,nan
934.7591,1.545589e-05,0.0,nan,nan,nan
934.8431,1.544948e-05,0.0,nan,nan,nan
934.9268,1.545133e-05,0.0,nan,nan,nan
935.0103,1.544729e-05,0.0,nan,nan,nan
935.094,1.544761e-05,0.0,nan,nan,nan
935.1777,1.54441e-05,0.0,nan,nan,nan
935.2614,1.544745e-05,0.0,nan,nan,nan
935.3454,1.544705e-05,0.0,nan,nan,nan
935.4293,1.544635e-05,0.0,nan,nan,nan
935.5131,1.544816e-05,0.0,nan,nan,nan
935.597,1.544809e-05,0.0,nan,nan,nan
935.7053,1.544727e-05,0.0,nan,nan,nan
935.7887,1.544969e-05,0.0,nan,nan,nan
935.8726,1.544693e-05,0.0,nan,nan,nan
935.9562,1.545145e-05,0.0,nan,nan,nan
936.0401,1.544894e-05,0.0,nan,nan,nan
936.124,1.544969e-05,0.0,nan,nan,nan
936.2076,1.544233e-05,0.0,nan,nan,nan
936.2911,1.54522e-05,0.0,nan,nan,nan
936.387,1.545037e-05,0.0,nan,nan,nan
936.4709,1.545134e-05,0.0,nan,nan,nan
936.5546,1.545098e-05,0.0,nan,nan,nan
936.6385,1.544697e-05,0.0,nan,nan,nan
936.7224,1.545037e-05,0.0,nan,nan,nan
936.8061,1.545372e-05,0.0,nan,nan,nan
936.8896,1.54553e-05,0.0,nan,nan,nan
936.973,1.545516e-05,0.0,nan,nan,nan
937.0567,1.545577e-05,0.0,nan,nan,nan
937.1402,1.545242e-05,0.0,nan,nan,nan
937.2329,1.54558e-05,0.0,nan,nan,nan
937.3166,1.545451e-05,0.0,nan,nan,nan
937.4225,1.545279e-05,0.0,nan,nan,nan
937.5064,1.545639e-05,0.0,nan,nan,nan
937.5903,1.545157e-05,0.0,nan,nan,nan
937.6741,1.544916e-05,0.0,nan,nan,nan
937.7615,1.54481e-05,0.0,nan,nan,nan
937.8452,1.54524e-05,0.0,nan,nan,nan
937.929,1.544972e-05,0.0,nan,nan,nan
938.0366,1.544956e-05,0.0,nan,nan,nan
938.1202,1.544917e-05,0.0,nan,nan,nan
938.2064,1.545522e-05,0.0,nan,nan,nan
938.29,1.545117e-05,0.0,nan,nan,nan
938.3744,1.54503e-05,0.0,nan,nan,nan
938.4717,1.544625e-05,0.0,nan,nan,nan
938.5554,1.545193e-05,0.0,nan,nan,nan
938.6388,1.54478e-05,0.0,nan,nan,nan
938.7224,1.544976e-05,0.0,nan,nan,nan
938.8058,1.545418e-05,0.0,nan,nan,nan
938.8893,1.545068e-05,0.0,nan,nan,nan
938.9728,1.544934e-05,0.0,nan,nan,nan
939.0562,1.545062e-05,0.0,nan,nan,nan
939.1397,1.544991e-05,0.0,nan,nan,nan
939.2232,1.544991e-05,0.0,nan,nan,nan
939.3068,1.544823e-05,0.0,nan,nan,nan
939.3902,1.544842e-05,0.0,nan,nan,nan
939.4736,1.545408e-05,0.0,nan,nan,nan
939.5571,1.54519e-05,0.0,nan,nan,nan
939.6407,1.54472e-05,0.0,nan,nan,nan
939.7243,1.54495e-05,0.0,nan,nan,nan
939.8227,1.544783e-05,0.0,nan,nan,nan
939.9063,1.544764e-05,0.0,nan,nan,nan
939.9901,1.544858e-05,0.0,nan,nan,nan
940.0759,1.544849e-05,0.0,nan,nan,nan
940.1596,1.544929e-05,0.0,nan,nan,nan
940.2431,1.544699e-05,0.0,nan,nan,nan
940.3268,1.545143e-05,0.0,nan,nan,nan
940.4103,1.544886e-05,0.0,nan,nan,nan
940.4938,1.545193e-05,0.0,nan,nan,nan
940.5776,1.545409e-05,0.0,nan,nan,nan
940.6618,1.545494e-05,0.0,nan,nan,nan
940.7456,1.545309e-05,0.0,nan,nan,nan
940.8293,1.545161e-05,0.0,nan,nan,nan
940.9129,1.545024e-05,0.0,nan,nan,nan
940.9963,1.544913e-05,0.0,nan,nan,nan
941.0961,1.544653e-05,0.0,nan,nan,nan
941.18,1.545025e-05,0.0,nan,nan,nan
941.2927,1.545371e-05,0.0,nan,nan,nan
941.3763,1.545118e-05,0.0,nan,nan,nan
941.4604,1.545023e-05,0.0,nan,nan,nan
941.5442,1.545081e-05,0.0,nan,nan,nan
941.6279,1.545207e-05,0.0,nan,nan,nan
941.7161,1.544919e-05,0.0,nan,nan,nan
941.7996,1.544542e-05,0.0,nan,nan,nan
941.9016,1.544987e-05,0.0,nan,nan,nan
941.9852,1.544882e-05,0.0,nan,nan,nan
942.0686,1.544987e-05,0.0,nan,nan,nan
942.1526,1.544846e-05,0.0,nan,nan,nan
942.2363,1.544587e-05,0.0,nan,nan,nan
942.3232,1.544778e-05,0.0,nan,nan,nan
942.4068,1.544784e-05,0.0,nan,nan,nan
942.4902,1.544399e-05,0.0,nan,nan,nan
942.5736,1.544884e-05,0.0,nan,nan,nan
942.657,1.544101e-05,0.0,nan,nan,nan
942.7406,1.544756e-05,0.0,nan,nan,nan
942.8243,1.544906e-05,0.0,nan,nan,nan
942.9078,1.544791e-05,0.0,nan,nan,nan
942.9914,1.544682e-05,0.0,nan,nan,nan
943.076,1.544773e-05,0.0,nan,nan,nan
943.1595,1.545052e-05,0.0,nan,nan,nan
943.2432,1.545098e-05,0.0,nan,nan,nan
943.3374,1.544617e-05,0.0,nan,nan,nan
943.4208,1.5449e-05,0.0,nan,nan,nan
943.5055,1.544643e-05,0.0,nan,nan,nan
943.589,1.544952e-05,0.0,nan,nan,nan
943.6729,1.544718e-05,0.0,nan,nan,nan
943.7599,1.545074e-05,0.0,nan,nan,nan
943.8436,1.544476e-05,0.0,nan,nan,nan
943.9562,1.544862e-05,0.0,nan,nan,nan
944.0399,1.544606e-05,0.0,nan,nan,nan
944.1235,1.545308e-05,0.0,nan,nan,nan
944.2069,1.544603e-05,0.0,nan,nan,nan
944.2906,1.545262e-05,0.0,nan,nan,nan
944.3778,1.544505e-05,0.0,nan,nan,nan
944.4615,1.544768e-05,0.0,nan,nan,nan
944.5701,1.544823e-05,0.0,nan,nan,nan
944.6538,1.545171e-05,0.0,nan,nan,nan
944.7372,1.544746e-05,0.0,nan,nan,nan
944.8209,1.544549e-05,0.0,nan,nan,nan
944.9048,1.544916e-05,0.0,nan,nan,nan
944.9885,1.545381e-05,0.0,nan,nan,nan
945.0723,1.544914e-05,0.0,nan,nan,nan
945.1559,1.54463e-05,0.0,nan,nan,nan
945.2397,1.544901e-05,0.0,nan,nan,nan
945.3233,1.545165e-05,0.0,nan,nan,nan
945.4071,1.544723e-05,0.0,nan,nan,nan
945.491,1.544659e-05,0.0,nan,nan,nan
945.5909,1.544704e-05,0.0,nan,nan,nan
945.6747,1.544859e-05,0.0,nan,nan,nan
945.7582,1.545116e-05,0.0,nan,nan,nan
945.8417,1.545018e-05,0.0,nan,nan,nan
945.9252,1.544814e-05,0.0,nan,nan,nan
946.0086,1.545134e-05,0.0,nan,nan,nan
946.0921,1.544923e-05,0.0,nan,nan,nan
946.1756,1.545045e-05,0.0,nan,nan,nan
946.2591,1.545048e-05,0.0,nan,nan,nan
946.3427,1.544994e-05,0.0,nan,nan,nan
946.4281,1.545075e-05,0.0,nan,nan,nan
946.5117,1.545267e-05,0.0,nan,nan,nan
946.5959,1.544998e-05,0.0,nan,nan,nan
946.6796,1.544951e-05,0.0,nan,nan,nan
946.7631,1.545053e-05,0.0,nan,nan,nan
946.8469,1.544929e-05,0.0,nan,nan,nan
946.9308,1.545166e-05,0.0,nan,nan,nan
947.0228,1.545173e-05,0.0,nan,nan,nan
947.1065,1.545432e-05,0.0,nan,nan,nan
947.1899,1.544964e-05,0.0,nan,nan,nan
947.2734,1.54492e-05,0.0,nan,nan,nan
947.3572,1.545087e-05,0.0,nan,nan,nan
947.4418,1.545358e-05,0.0,nan,nan,nan
947.5255,1.545237e-05,0.0,nan,nan,nan
947.6101,1.544779e-05,0.0,nan,nan,nan
947.6938,1.545384e-05,0.0,nan,nan,nan
947.7774,1.545364e-05,0.0,nan,nan,nan
947.8612,1.545112e-05,0.0,nan,nan,nan
947.9451,1.545114e-05,0.0,nan,nan,nan
948.0897,1.544615e-05,0.0,nan,nan,nan
948.1734,1.545022e-05,0.0,nan,nan,nan
948.2596,1.545082e-05,0.0,nan,nan,nan
948.3433,1.545392e-05,0.0,nan,nan,nan
948.4269,1.545185e-05,0.0,nan,nan,nan
948.5108,1.544919e-05,0.0,nan,nan,nan
948.5946,1.545042e-05,0.0,nan,nan,nan
948.6784,1.544952e-05,0.0,nan,nan,nan
948.7623,1.545197e-05,0.0,nan,nan,nan
948.8641,1.545183e-05,0.0,nan,nan,nan
948.9481,1.544609e-05,0.0,nan,nan,nan
949.0325,1.545163e-05,0.0,nan,nan,nan
949.116,1.545179e-05,0.0,nan,nan,nan
949.1999,1.545615e-05,0.0,nan,nan,nan
949.2904,1.54531e-05,0.0,nan,nan,nan
949.3738,1.544948e-05,0.0,nan,nan,nan
949.4572,1.545342e-05,0.0,nan,nan,nan
949.5406,1.544774e-05,0.0,nan,nan,nan
949.6275,1.545198e-05,0.0,nan,nan,nan
949.7114,1.545412e-05,0.0,nan,nan,nan
949.7953,1.545429e-05,0.0,nan,nan,nan
949.8795,1.545339e-05,0.0,nan,nan,nan
949.963,1.545324e-05,0.0,nan,nan,nan
950.0463,1.545176e-05,0.0,nan,nan,nan
950.1561,1.54502e-05,0.0,nan,nan,nan
950.2395,1.544851e-05,0.0,nan,nan,nan
950.323,1.545138e-05,0.0,nan,nan,nan
950.407,1.545123e-05,0.0,nan,nan,nan
950.5147,1.544849e-05,0.0,nan,nan,nan
950.5986,1.544781e-05,0.0,nan,nan,nan
950.682,1.545354e-05,0.0,nan,nan,nan
950.7654,1.544808e-05,0.0,nan,nan,nan
950.849,1.545373e-05,0.0,nan,nan,nan
950.9328,1.545319e-05,0.0,nan,nan,nan
951.0162,1.545159e-05,0.0,nan,nan,nan
951.1079,1.544817e-05,0.0,nan,nan,nan
951.1914,1.544685e-05,0.0,nan,nan,nan
951.275,1.544823e-05,0.0,nan,nan,nan
951.3584,1.544816e-05,0.0,nan,nan,nan
951.4429,1.5449e-05,0.0,nan,nan,nan
951.5268,1.544878e-05,0.0,nan,nan,nan
951.6103,1.545179e-05,0.0,nan,nan,nan
951.6939,1.544935e-05,0.0,nan,nan,nan
951.7776,1.54527e-05,0.0,nan,nan,nan
951.8613,1.545253e-05,0.0,nan,nan,nan
951.9451,1.545017e-05,0.0,nan,nan,nan
952.0286,1.545296e-05,0.0,nan,nan,nan
952.1248,1.544901e-05,0.0,nan,nan,nan
952.254,1.544908e-05,0.0,nan,nan,nan
952.3375,1.545039e-05,0.0,nan,nan,nan
952.4212,1.54526e-05,0.0,nan,nan,nan
952.5045,1.544971e-05,0.0,nan,nan,nan
952.5882,1.54498e-05,0.0,nan,nan,nan
952.672,1.545007e-05,0.0,nan,nan,nan
952.7561,1.545412e-05,0.0,nan,nan,nan
952.8396,1.545252e-05,0.0,nan,nan,nan
952.9498,1.544948e-05,0.0,nan,nan,nan
953.0337,1.54462e-05,0.0,nan,nan,nan
953.1171,1.544779e-05,0.0,nan,nan,nan
953.2006,1.545171e-05,0.0,nan,nan,nan
953.2843,1.545069e-05,0.0,nan,nan,nan
953.368,1.54538e-05,0.0,nan,nan,nan
953.4514,1.545326e-05,0.0,nan,nan,nan
953.5398,1.544895e-05,0.0,nan,nan,nan
953.6232,1.545125e-05,0.0,nan,nan,nan
953.707,1.54503e-05,0.0,nan,nan,nan
953.7906,1.545411e-05,0.0,nan,nan,nan
953.8741,1.545115e-05,0.0,nan,nan,nan
953.9706,1.54523e-05,0.0,nan,nan,nan
954.0545,1.545301e-05,0.0,nan,nan,nan
954.1379,1.544932e-05,0.0,nan,nan,nan
954.2213,1.54541e-05,0.0,nan,nan,nan
954.3238,1.545217e-05,0.0,nan,nan,nan
954.4075,1.544834e-05,0.0,nan,nan,nan
954.4912,1.545379e-05,0.0,nan,nan,nan
954.575,1.545763e-05,0.0,nan,nan,nan
954.6585,1.545514e-05,0.0,nan,nan,nan
954.742,1.545569e-05,0.0,nan,nan,nan
954.8258,1.5455e-05,0.0,nan,nan,nan
954.9095,1.545421e-05,0.0,nan,nan,nan
954.9948,1.545214e-05,0.0,nan,nan,nan
955.0786,1.545298e-05,0.0,nan,nan,nan
955.1628,1.545378e-05,0.0,nan,nan,nan
955.2466,1.545659e-05,0.0,nan,nan,nan
955.3301,1.545504e-05,0.0,nan,nan,nan
955.4148,1.545306e-05,0.0,nan,nan,nan
955.4988,1.54543e-05,0.0,nan,nan,nan
955.5987,1.545452e-05,0.0,nan,nan,nan
955.6822,1.545319e-05,0.0,nan,nan,nan
955.7863,1.545584e-05,0.0,nan,nan,nan
955.8703,1.545533e-05,0.0,nan,nan,nan
955.954,1.545595e-05,0.0,nan,nan,nan
956.0376,1.545488e-05,0.0,nan,nan,nan
956.1216,1.545646e-05,0.0,nan,nan,nan
956.2056,1.545149e-05,0.0,nan,nan,nan
956.2894,1.545702e-05,0.0,nan,nan,nan
956.4339,1.545465e-05,0.0,nan,nan,nan
956.5176,1.545433e-05,0.0,nan,nan,nan
956.6011,1.545662e-05,0.0,nan,nan,nan
956.6845,1.545364e-05,0.0,nan,nan,nan
956.7681,1.545957e-05,0.0,nan,nan,nan
956.852,1.545305e-05,0.0,nan,nan,nan
956.9357,1.545407e-05,0.0,nan,nan,nan
957.0194,1.545494e-05,0.0,nan,nan,nan
957.1031,1.545204e-05,0.0,nan,nan,nan
957.1869,1.545415e-05,0.0,nan,nan,nan
957.2705,1.545329e-05,0.0,nan,nan,nan
957.3545,1.545332e-05,0.0,nan,nan,nan
957.4398,1.54532e-05,0.0,nan,nan,nan
957.5235,1.54536e-05,0.0,nan,nan,nan
957.6078,1.545142e-05,0.0,nan,nan,nan
957.6918,1.545269e-05,0.0,nan,nan,nan
957.7757,1.545183e-05,0.0,nan,nan,nan
957.8595,1.545129e-05,0.0,nan,nan,nan
957.9432,1.545412e-05,0.0,nan,nan,nan
958.0352,1.545273e-05,0.0,nan,nan,nan
958.1187,1.545253e-05,0.0,nan,nan,nan
958.2047,1.544688e-05,0.0,nan,nan,nan
958.2882,1.545154e-05,0.0,nan,nan,nan
958.372,1.545537e-05,0.0,nan,nan,nan
958.4738,1.545607e-05,0.0,nan,nan,nan
958.5575,1.545403e-05,0.0,nan,nan,nan
958.6618,1.545103e-05,0.0,nan,nan,nan
958.7456,1.544943e-05,0.0,nan,nan,nan
958.8301,1.54529e-05,0.0,nan,nan,nan
958.9142,1.545124e-05,0.0,nan,nan,nan
958.9982,1.545417e-05,0.0,nan,nan,nan
959.0817,1.545352e-05,0.0,nan,nan,nan
959.1656,1.545266e-05,0.0,nan,nan,nan
959.2643,1.545764e-05,0.0,nan,nan,nan
959.3478,1.546059e-05,0.0,nan,nan,nan
959.4323,1.545535e-05,0.0,nan,nan,nan
959.5161,1.545551e-05,0.0,nan,nan,nan
959.5999,1.545261e-05,0.0,nan,nan,nan
959.6833,1.545378e-05,0.0,nan,nan,nan
959.7673,1.54525e-05,0.0,nan,nan,nan
959.8509,1.545634e-05,0.0,nan,nan,nan
959.9348,1.54558e-05,0.0,nan,nan,nan
960.0186,1.545308e-05,0.0,nan,nan,nan
960.1022,1.545388e-05,0.0,nan,nan,nan
960.1861,1.544961e-05,0.0,nan,nan,nan
960.2738,1.545525e-05,0.0,nan,nan,nan
960.3575,1.545409e-05,0.0,nan,nan,nan
960.4423,1.545248e-05,0.0,nan,nan,nan
960.5352,1.545008e-05,0.0,nan,nan,nan
960.6196,1.545238e-05,0.0,nan,nan,nan
960.7032,1.545637e-05,0.0,nan,nan,nan
960.7871,1.545242e-05,0.0,nan,nan,nan
960.8938,1.545283e-05,0.0,nan,nan,nan
960.9775,1.545143e-05,0.0,nan,nan,nan
961.0612,1.545645e-05,0.0,nan,nan,nan
961.1449,1.545497e-05,0.0,nan,nan,nan
961.2284,1.544801e-05,0.0,nan,nan,nan
961.3124,1.54535e-05,0.0,nan,nan,nan
961.396,1.545628e-05,0.0,nan,nan,nan
961.48,1.545512e-05,0.0,nan,nan,nan
961.5641,1.545284e-05,0.0,nan,nan,nan
961.6479,1.54543e-05,0.0,nan,nan,nan
961.7319,1.545323e-05,0.0,nan,nan,nan
961.8154,1.545358e-05,0.0,nan,nan,nan
961.9142,1.545666e-05,0.0,nan,nan,nan
961.998,1.545519e-05,0.0,nan,nan,nan
962.0822,1.546037e-05,0.0,nan,nan,nan
962.1659,1.545362e-05,0.0,nan,nan,nan
962.2495,1.545306e-05,0.0,nan,nan,nan
962.3333,1.545407e-05,0.0,nan,nan,nan
962.4169,1.545208e-05,0.0,nan,nan,nan
962.5187,1.545384e-05,0.0,nan,nan,nan
962.6024,1.545655e-05,0.0,nan,nan,nan
962.686,1.545639e-05,0.0,nan,nan,nan
962.7696,1.545308e-05,0.0,nan,nan,nan
962.8533,1.545648e-05,0.0,nan,nan,nan
962.9367,1.546025e-05,0.0,nan,nan,nan
963.0206,1.54553e-05,0.0,nan,nan,nan
963.1039,1.545568e-05,0.0,nan,nan,nan
963.1875,1.545552e-05,0.0,nan,nan,nan
963.2711,1.545391e-05,0.0,nan,nan,nan
963.3549,1.544887e-05,0.0,nan,nan,nan
963.4385,1.544824e-05,0.0,nan,nan,nan
963.5233,1.545006e-05,0.0,nan,nan,nan
963.6069,1.545563e-05,0.0,nan,nan,nan
963.6915,1.545164e-05,0.0,nan,nan,nan
963.7754,1.545455e-05,0.0,nan,nan,nan
963.8591,1.545271e-05,0.0,nan,nan,nan
963.9431,1.54488e-05,0.0,nan,nan,nan
964.027,1.545176e-05,0.0,nan,nan,nan
964.1109,1.545124e-05,0.0,nan,nan,nan
964.1947,1.545336e-05,0.0,nan,nan,nan
964.2785,1.545504e-05,0.0,nan,nan,nan
964.3904,1.54538e-05,0.0,nan,nan,nan
964.474,1.545392e-05,0.0,nan,nan,nan
964.573,1.54561e-05,0.0,nan,nan,nan
964.666,1.545214e-05,0.0,nan,nan,nan
964.7714,1.545322e-05,0.0,nan,nan,nan
964.8552,1.545212e-05,0.0,nan,nan,nan
964.9389,1.544967e-05,0.0,nan,nan,nan
965.0227,1.545394e-05,0.0,nan,nan,nan
965.1066,1.545395e-05,0.0,nan,nan,nan
965.1904,1.544526e-05,0.0,nan,nan,nan
965.2739,1.544831e-05,0.0,nan,nan,nan
965.3574,1.545374e-05,0.0,nan,nan,nan
965.4409,1.544989e-05,0.0,nan,nan,nan
965.5245,1.545198e-05,0.0,nan,nan,nan
965.6081,1.545116e-05,0.0,nan,nan,nan
965.6916,1.545011e-05,0.0,nan,nan,nan
965.794,1.545205e-05,0.0,nan,nan,nan
965.8779,1.545356e-05,0.0,nan,nan,nan
965.9621,1.545551e-05,0.0,nan,nan,nan
966.0461,1.545787e-05,0.0,nan,nan,nan
966.1298,1.545348e-05,0.0,nan,nan,nan
966.2233,1.545465e-05,0.0,nan,nan,nan
966.307,1.545244e-05,0.0,nan,nan,nan
966.3907,1.545306e-05,0.0,nan,nan,nan
966.4744,1.545263e-05,0.0,nan,nan,nan
966.5585,1.545338e-05,0.0,nan,nan,nan
966.6419,1.545213e-05,0.0,nan,nan,nan
966.7329,1.545064e-05,0.0,nan,nan,nan
966.8252,1.544934e-05,0.0,nan,nan,nan
966.9087,1.545346e-05,0.0,nan,nan,nan
966.992,1.545779e-05,0.0,nan,nan,nan
967.0757,1.545691e-05,0.0,nan,nan,nan
967.1596,1.545689e-05,0.0,nan,nan,nan
967.2433,1.545365e-05,0.0,nan,nan,nan
967.327,1.545385e-05,0.0,nan,nan,nan
967.4105,1.54509e-05,0.0,nan,nan,nan
967.4942,1.54546e-05,0.0,nan,nan,nan
967.5778,1.545231e-05,0.0,nan,nan,nan
967.6612,1.54548e-05,0.0,nan,nan,nan
967.7449,1.545219e-05,0.0,nan,nan,nan
967.8388,1.54533e-05,0.0,nan,nan,nan
967.9227,1.545203e-05,0.0,nan,nan,nan
968.0076,1.545235e-05,0.0,nan,nan,nan
968.0913,1.545047e-05,0.0,nan,nan,nan
968.175,1.545275e-05,0.0,nan,nan,nan
968.2585,1.545219e-05,0.0,nan,nan,nan
968.3422,1.545213e-05,0.0,nan,nan,nan
968.4258,1.544697e-05,0.0,nan,nan,nan
968.5095,1.544903e-05,0.0,nan,nan,nan
968.5933,1.545207e-05,0.0,nan,nan,nan
968.677,1.544856e-05,0.0,nan,nan,nan
968.7811,1.545001e-05,0.0,nan,nan,nan
968.8695,1.545178e-05,0.0,nan,nan,nan
968.9532,1.545198e-05,0.0,nan,nan,nan
969.0367,1.545301e-05,0.0,nan,nan,nan
969.1206,1.545077e-05,0.0,nan,nan,nan
969.2043,1.545495e-05,0.0,nan,nan,nan
969.2882,1.545096e-05,0.0,nan,nan,nan
969.3721,1.544924e-05,0.0,nan,nan,nan
969.4555,1.54526e-05,0.0,nan,nan,nan
969.5394,1.545461e-05,0.0,nan,nan,nan
969.6231,1.545494e-05,0.0,nan,nan,nan
969.7065,1.545025e-05,0.0,nan,nan,nan
969.7901,1.544757e-05,0.0,nan,nan,nan
969.8927,1.544653e-05,0.0,nan,nan,nan
969.9764,1.545111e-05,0.0,nan,nan,nan
970.0598,1.545083e-05,0.0,nan,nan,nan
970.1436,1.545277e-05,0.0,nan,nan,nan
970.2273,1.545282e-05,0.0,nan,nan,nan
970.311,1.545709e-05,0.0,nan,nan,nan
970.3949,1.545744e-05,0.0,nan,nan,nan
970.4787,1.545479e-05,0.0,nan,nan,nan
970.5629,1.545389e-05,0.0,nan,nan,nan
970.6468,1.545202e-05,0.0,nan,nan,nan
970.7305,1.54536e-05,0.0,nan,nan,nan
970.8604,1.54537e-05,0.0,nan,nan,nan
970.9442,1.545625e-05,0.0,nan,nan,nan
971.028,1.545161e-05,0.0,nan,nan,nan
971.1137,1.545315e-05,0.0,nan,nan,nan
971.1977,1.545738e-05,0.0,nan,nan,nan
971.2974,1.544901e-05,0.0,nan,nan,nan
971.3813,1.545147e-05,0.0,nan,nan,nan
971.4662,1.544936e-05,0.0,nan,nan,nan
971.55,1.544906e-05,0.0,nan,nan,nan
971.6338,1.545321e-05,0.0,nan,nan,nan
971.7342,1.544898e-05,0.0,nan,nan,nan
971.8179,1.545508e-05,0.0,nan,nan,nan
971.9018,1.545486e-05,0.0,nan,nan,nan
971.9858,1.545609e-05,0.0,nan,nan,nan
972.0692,1.54522e-05,0.0,nan,nan,nan
972.1529,1.544954e-05,0.0,nan,nan,nan
972.2363,1.545237e-05,0.0,nan,nan,nan
972.3199,1.544969e-05,0.0,nan,nan,nan
972.4036,1.544903e-05,0.0,nan,nan,nan
972.4871,1.544867e-05,0.0,nan,nan,nan
972.5706,1.545128e-05,0.0,nan,nan,nan
972.6541,1.54489e-05,0.0,nan,nan,nan
972.7419,1.545155e-05,0.0,nan,nan,nan
972.8257,1.545394e-05,0.0,nan,nan,nan
972.9365,1.545706e-05,0.0,nan,nan,nan
973.0202,1.545143e-05,0.0,nan,nan,nan
973.1037,1.544834e-05,0.0,nan,nan,nan
973.1875,1.544899e-05,0.0,nan,nan,nan
973.2712,1.545085e-05,0.0,nan,nan,nan
973.3549,1.54502e-05,0.0,nan,nan,nan
973.4387,1.544995e-05,0.0,nan,nan,nan
973.54,1.544905e-05,0.0,nan,nan,nan
973.6242,1.544884e-05,0.0,nan,nan,nan
973.7079,1.544533e-05,0.0,nan,nan,nan
973.7916,1.544917e-05,0.0,nan,nan,nan
973.8751,1.545084e-05,0.0,nan,nan,nan
973.9646,1.544454e-05,0.0,nan,nan,nan
974.0481,1.544855e-05,0.0,nan,nan,nan
974.1321,1.545083e-05,0.0,nan,nan,nan
974.2156,1.545112e-05,0.0,nan,nan,nan
974.2993,1.544936e-05,0.0,nan,nan,nan
974.3831,1.54494e-05,0.0,nan,nan,nan
974.4668,1.54541e-05,0.0,nan,nan,nan
974.5505,1.545125e-05,0.0,nan,nan,nan
974.6345,1.545009e-05,0.0,nan,nan,nan
974.7182,1.545595e-05,0.0,nan,nan,nan
974.8017,1.545005e-05,0.0,nan,nan,nan
974.8853,1.544964e-05,0.0,nan,nan,nan
974.9886,1.544985e-05,0.0,nan,nan,nan
975.0725,1.545218e-05,0.0,nan,nan,nan
975.1559,1.545232e-05,0.0,nan,nan,nan
975.2398,1.54505e-05,0.0,nan,nan,nan
975.3241,1.545049e-05,0.0,nan,nan,nan
975.4077,1.545056e-05,0.0,nan,nan,nan
975.4915,1.544982e-05,0.0,nan,nan,nan
975.5977,1.545377e-05,0.0,nan,nan,nan
975.6813,1.5451e-05,0.0,nan,nan,nan
975.7731,1.545453e-05,0.0,nan,nan,nan
975.8566,1.545471e-05,0.0,nan,nan,nan
975.9409,1.545179e-05,0.0,nan,nan,nan
976.0244,1.545013e-05,0.0,nan,nan,nan
976.1077,1.545076e-05,0.0,nan,nan,nan
976.1915,1.54503e-05,0.0,nan,nan,nan
976.2751,1.545222e-05,0.0,nan,nan,nan
976.3593,1.545071e-05,0.0,nan,nan,nan
976.4432,1.545133e-05,0.0,nan,nan,nan
976.527,1.54496e-05,0.0,nan,nan,nan
976.6282,1.544979e-05,0.0,nan,nan,nan
976.712,1.545125e-05,0.0,nan,nan,nan
976.7956,1.545681e-05,0.0,nan,nan,nan
976.8792,1.545164e-05,0.0,nan,nan,nan
976.9629,1.545509e-05,0.0,nan,nan,nan
977.0552,1.544944e-05,0.0,nan,nan,nan
977.1392,1.545009e-05,0.0,nan,nan,nan
977.2374,1.544942e-05,0.0,nan,nan,nan
977.3213,1.544803e-05,0.0,nan,nan,nan
977.4047,1.54491e-05,0.0,nan,nan,nan
977.4885,1.544976e-05,0.0,nan,nan,nan
977.5725,1.544913e-05,0.0,nan,nan,nan
977.6564,1.544972e-05,0.0,nan,nan,nan
977.7404,1.545035e-05,0.0,nan,nan,nan
977.8384,1.544975e-05,0.0,nan,nan,nan
977.9221,1.545096e-05,0.0,nan,nan,nan
978.0054,1.545308e-05,0.0,nan,nan,nan
978.0889,1.544864e-05,0.0,nan,nan,nan
978.1726,1.544964e-05,0.0,nan,nan,nan
978.2563,1.5451e-05,0.0,nan,nan,nan
978.3401,1.545049e-05,0.0,nan,nan,nan
978.4236,1.544918e-05,0.0,nan,nan,nan
978.507,1.544858e-05,0.0,nan,nan,nan
978.5904,1.544609e-05,0.0,nan,nan,nan
978.6748,1.545279e-05,0.0,nan,nan,nan
978.7585,1.544552e-05,0.0,nan,nan,nan
978.8425,1.544692e-05,0.0,nan,nan,nan
978.9264,1.544741e-05,0.0,nan,nan,nan
979.0099,1.544687e-05,0.0,nan,nan,nan
979.1114,1.544352e-05,0.0,nan,nan,nan
979.1951,1.544476e-05,0.0,nan,nan,nan
979.2852,1.544638e-05,0.0,nan,nan,nan
979.3692,1.54496e-05,0.0,nan,nan,nan
979.4529,1.545285e-05,0.0,nan,nan,nan
979.5369,1.545146e-05,0.0,nan,nan,nan
979.6208,1.54537e-05,0.0,nan,nan,nan
979.7177,1.545019e-05,0.0,nan,nan,nan
979.8016,1.545388e-05,0.0,nan,nan,nan
979.9063,1.544865e-05,0.0,nan,nan,nan
979.99,1.544719e-05,0.0,nan,nan,nan
980.0733,1.54489e-05,0.0,nan,nan,nan
980.1567,1.544854e-05,0.0,nan,nan,nan
980.2404,1.545094e-05,0.0,nan,nan,nan
980.3238,1.545311e-05,0.0,nan,nan,nan
980.4073,1.5452e-05,0.0,nan,nan,nan
980.5049,1.545249e-05,0.0,nan,nan,nan
980.5886,1.545027e-05,0.0,nan,nan,nan
980.6721,1.54468e-05,0.0,nan,nan,nan
980.7557,1.54524e-05,0.0,nan,nan,nan
980.8396,1.545683e-05,0.0,nan,nan,nan
980.9233,1.545033e-05,0.0,nan,nan,nan
981.0067,1.545169e-05,0.0,nan,nan,nan
981.09,1.545033e-05,0.0,nan,nan,nan
981.1896,1.54504e-05,0.0,nan,nan,nan
981.2731,1.54538e-05,0.0,nan,nan,nan
981.3567,1.54543e-05,0.0,nan,nan,nan
981.4404,1.545141e-05,0.0,nan,nan,nan
981.5348,1.545075e-05,0.0,nan,nan,nan
981.6185,1.545408e-05,0.0,nan,nan,nan
981.7044,1.54523e-05,0.0,nan,nan,nan
981.7882,1.544997e-05,0.0,nan,nan,nan
981.8718,1.545481e-05,0.0,nan,nan,nan
981.9557,1.545119e-05,0.0,nan,nan,nan
982.0396,1.545302e-05,0.0,nan,nan,nan
982.1365,1.545197e-05,0.0,nan,nan,nan
982.2204,1.54487e-05,0.0,nan,nan,nan
982.3041,1.545154e-05,0.0,nan,nan,nan
982.388,1.545101e-05,0.0,nan,nan,nan
982.4719,1.54512e-05,0.0,nan,nan,nan
982.5555,1.544748e-05,0.0,nan,nan,nan
982.6392,1.545083e-05,0.0,nan,nan,nan
982.7248,1.54545e-05,0.0,nan,nan,nan
982.8084,1.545111e-05,0.0,nan,nan,nan
982.8926,1.545322e-05,0.0,nan,nan,nan
982.9762,1.545239e-05,0.0,nan,nan,nan
983.0599,1.545103e-05,0.0,nan,nan,nan
983.1645,1.545393e-05,0.0,nan,nan,nan
983.2479,1.545296e-05,0.0,nan,nan,nan
983.3585,1.54495e-05,0.0,nan,nan,nan
983.4422,1.545009e-05,0.0,nan,nan,nan
983.5259,1.544842e-05,0.0,nan,nan,nan
983.6097,1.544815e-05,0.0,nan,nan,nan
983.6933,1.54516e-05,0.0,nan,nan,nan
983.7774,1.545241e-05,0.0,nan,nan,nan
983.8611,1.545169e-05,0.0,nan,nan,nan
983.9447,1.545045e-05,0.0,nan,nan,nan
984.0284,1.544918e-05,0.0,nan,nan,nan
984.1123,1.544653e-05,0.0,nan,nan,nan
984.1961,1.545199e-05,0.0,nan,nan,nan
984.2798,1.545198e-05,0.0,nan,nan,nan
984.3811,1.544848e-05,0.0,nan,nan,nan
984.4648,1.545035e-05,0.0,nan,nan,nan
984.5483,1.5446e-05,0.0,nan,nan,nan
984.6321,1.544688e-05,0.0,nan,nan,nan
984.7156,1.54519e-05,0.0,nan,nan,nan
984.7996,1.545146e-05,0.0,nan,nan,nan
984.8832,1.545032e-05,0.0,nan,nan,nan
984.9831,1.545356e-05,0.0,nan,nan,nan
985.0674,1.544958e-05,0.0,nan,nan,nan
985.1512,1.545243e-05,0.0,nan,nan,nan
985.2348,1.545051e-05,0.0,nan,nan,nan
985.3184,1.54475e-05,0.0,nan,nan,nan
985.408,1.544935e-05,0.0,nan,nan,nan
985.4917,1.544568e-05,0.0,nan,nan,nan
985.5761,1.544915e-05,0.0,nan,nan,nan
985.66,1.544967e-05,0.0,nan,nan,nan
985.7435,1.544889e-05,0.0,nan,nan,nan
985.8272,1.544934e-05,0.0,nan,nan,nan
985.9112,1.544672e-05,0.0,nan,nan,nan
986.0043,1.544755e-05,0.0,nan,nan,nan
986.0882,1.545112e-05,0.0,nan,nan,nan
986.1718,1.544526e-05,0.0,nan,nan,nan
986.2555,1.544643e-05,0.0,nan,nan,nan
986.3394,1.544649e-05,0.0,nan,nan,nan
986.4228,1.544759e-05,0.0,nan,nan,nan
986.5067,1.544832e-05,0.0,nan,nan,nan
986.5902,1.545016e-05,0.0,nan,nan,nan
986.6738,1.544987e-05,0.0,nan,nan,nan
986.7577,1.54482e-05,0.0,nan,nan,nan
986.8412,1.544365e-05,0.0,nan,nan,nan
986.9249,1.544887e-05,0.0,nan,nan,nan
987.016,1.544805e-05,0.0,nan,nan,nan
987.0996,1.544897e-05,0.0,nan,nan,nan
987.1834,1.54491e-05,0.0,nan,nan,nan
987.2669,1.544552e-05,0.0,nan,nan,nan
987.3701,1.544765e-05,0.0,nan,nan,nan
987.4538,1.544528e-05,0.0,nan,nan,nan
987.5377,1.544998e-05,0.0,nan,nan,nan
987.6417,1.545089e-05,0.0,nan,nan,nan
987.7252,1.545111e-05,0.0,nan,nan,nan
987.8086,1.545239e-05,0.0,nan,nan,nan
987.8922,1.544984e-05,0.0,nan,nan,nan
987.9776,1.545053e-05,0.0,nan,nan,nan
988.0613,1.545071e-05,0.0,nan,nan,nan
988.145,1.545114e-05,0.0,nan,nan,nan
988.2559,1.54508e-05,0.0,nan,nan,nan
988.3397,1.544963e-05,0.0,nan,nan,nan
988.4233,1.544886e-05,0.0,nan,nan,nan
988.5068,1.544936e-05,0.0,nan,nan,nan
988.5902,1.545245e-05,0.0,nan,nan,nan
988.7027,1.544896e-05,0.0,nan,nan,nan
988.7861,1.544862e-05,0.0,nan,nan,nan
988.8898,1.5445e-05,0.0,nan,nan,nan
988.9735,1.544446e-05,0.0,nan,nan,nan
989.0748,1.544895e-05,0.0,nan,nan,nan
989.1583,1.545268e-05,0.0,nan,nan,nan
989.2422,1.544725e-05,0.0,nan,nan,nan
989.3259,1.544895e-05,0.0,nan,nan,nan
989.4301,1.545216e-05,0.0,nan,nan,nan
989.5139,1.54518e-05,0.0,nan,nan,nan
989.5977,1.545113e-05,0.0,nan,nan,nan
989.6918,1.544555e-05,0.0,nan,nan,nan
989.7755,1.544851e-05,0.0,nan,nan,nan
989.862,1.544825e-05,0.0,nan,nan,nan
989.9458,1.545039e-05,0.0,nan,nan,nan
990.0295,1.545018e-05,0.0,nan,nan,nan
990.1132,1.545131e-05,0.0,nan,nan,nan
990.1967,1.545187e-05,0.0,nan,nan,nan
990.2803,1.544797e-05,0.0,nan,nan,nan
990.3643,1.545171e-05,0.0,nan,nan,nan
990.4479,1.544945e-05,0.0,nan,nan,nan
990.5314,1.54508e-05,0.0,nan,nan,nan
990.615,1.54492e-05,0.0,nan,nan,nan
990.7162,1.544935e-05,0.0,nan,nan,nan
990.7998,1.544846e-05,0.0,nan,nan,nan
990.8833,1.545044e-05,0.0,nan,nan,nan
990.9671,1.545044e-05,0.0,nan,nan,nan
991.051,1.545016e-05,0.0,nan,nan,nan
991.1347,1.544846e-05,0.0,nan,nan,nan
991.2182,1.545057e-05,0.0,nan,nan,nan
991.3242,1.545263e-05,0.0,nan,nan,nan
991.4079,1.545149e-05,0.0,nan,nan,nan
991.5011,1.545014e-05,0.0,nan,nan,nan
991.6077,1.544967e-05,0.0,nan,nan,nan
991.6914,1.545047e-05,0.0,nan,nan,nan
991.7751,1.545029e-05,0.0,nan,nan,nan
991.8586,1.545069e-05,0.0,nan,nan,nan
991.9421,1.545303e-05,0.0,nan,nan,nan
992.026,1.544622e-05,0.0,nan,nan,nan
992.1111,1.545035e-05,0.0,nan,nan,nan
992.1946,1.544695e-05,0.0,nan,nan,nan
992.2784,1.544929e-05,0.0,nan,nan,nan
992.3621,1.544997e-05,0.0,nan,nan,nan
992.4463,1.544647e-05,0.0,nan,nan,nan
992.5582,1.544882e-05,0.0,nan,nan,nan
992.642,1.544809e-05,0.0,nan,nan,nan
992.7285,1.545121e-05,0.0,nan,nan,nan
992.8316,1.545185e-05,0.0,nan,nan,nan
992.9153,1.545239e-05,0.0,nan,nan,nan
992.9988,1.545037e-05,0.0,nan,nan,nan
993.0826,1.544868e-05,0.0,nan,nan,nan
993.1663,1.544541e-05,0.0,nan,nan,nan
993.2498,1.544959e-05,0.0,nan,nan,nan
993.3527,1.545146e-05,0.0,nan,nan,nan
993.4363,1.544839e-05,0.0,nan,nan,nan
993.5573,1.545007e-05,0.0,nan,nan,nan
993.6409,1.544861e-05,0.0,nan,nan,nan
993.7264,1.545095e-05,0.0,nan,nan,nan
993.8102,1.544959e-05,0.0,nan,nan,nan
993.8937,1.544945e-05,0.0,nan,nan,nan
993.9774,1.544965e-05,0.0,nan,nan,nan
994.0612,1.545039e-05,0.0,nan,nan,nan
994.1447,1.544754e-05,0.0,nan,nan,nan
994.2287,1.544764e-05,0.0,nan,nan,nan
994.3127,1.544856e-05,0.0,nan,nan,nan
994.4182,1.544861e-05,0.0,nan,nan,nan
994.5018,1.544881e-05,0.0,nan,nan,nan
994.5854,1.545041e-05,0.0,nan,nan,nan
994.669,1.545105e-05,0.0,nan,nan,nan
994.7737,1.545302e-05,0.0,nan,nan,nan
994.8573,1.545158e-05,0.0,nan,nan,nan
994.9408,1.545122e-05,0.0,nan,nan,nan
995.0243,1.544798e-05,0.0,nan,nan,nan
995.108,1.544742e-05,0.0,nan,nan,nan
995.1918,1.545053e-05,0.0,nan,nan,nan
995.2753,1.545215e-05,0.0,nan,nan,nan
995.3589,1.545045e-05,0.0,nan,nan,nan
995.4426,1.544745e-05,0.0,nan,nan,nan
995.5263,1.544515e-05,0.0,nan,nan,nan
995.6272,1.544928e-05,0.0,nan,nan,nan
995.711,1.544984e-05,0.0,nan,nan,nan
995.7945,1.545189e-05,0.0,nan,nan,nan
995.8783,1.544838e-05,0.0,nan,nan,nan
995.9619,1.544838e-05,0.0,nan,nan,nan
996.0456,1.544734e-05,0.0,nan,nan,nan
996.1295,1.544343e-05,0.0,nan,nan,nan
996.2245,1.544854e-05,0.0,nan,nan,nan
996.3083,1.544878e-05,0.0,nan,nan,nan
996.3917,1.544799e-05,0.0,nan,nan,nan
996.4752,1.544769e-05,0.0,nan,nan,nan
996.5587,1.544899e-05,0.0,nan,nan,nan
996.6423,1.544796e-05,0.0,nan,nan,nan
996.7261,1.544836e-05,0.0,nan,nan,nan
996.8177,1.544697e-05,0.0,nan,nan,nan
996.9015,1.544586e-05,0.0,nan,nan,nan
996.985,1.545018e-05,0.0,nan,nan,nan
997.0688,1.544706e-05,0.0,nan,nan,nan
997.1526,1.544938e-05,0.0,nan,nan,nan
997.2376,1.544507e-05,0.0,nan,nan,nan
997.3214,1.544614e-05,0.0,nan,nan,nan
997.4049,1.545104e-05,0.0,nan,nan,nan
997.4885,1.545352e-05,0.0,nan,nan,nan
997.5721,1.54489e-05,0.0,nan,nan,nan
997.6809,1.545009e-05,0.0,nan,nan,nan
997.7646,1.544763e-05,0.0,nan,nan,nan
997.8483,1.544898e-05,0.0,nan,nan,nan
997.9322,1.545053e-05,0.0,nan,nan,nan
998.0168,1.5448e-05,0.0,nan,nan,nan
998.1006,1.545035e-05,0.0,nan,nan,nan
998.1845,1.544665e-05,0.0,nan,nan,nan
998.2683,1.544707e-05,0.0,nan,nan,nan
998.3521,1.544811e-05,0.0,nan,nan,nan
998.457,1.544787e-05,0.0,nan,nan,nan
998.5407,1.544521e-05,0.0,nan,nan,nan
998.6242,1.54485e-05,0.0,nan,nan,nan
998.7092,1.544146e-05,0.0,nan,nan,nan
998.7931,1.54492e-05,0.0,nan,nan,nan
998.8767,1.544146e-05,0.0,nan,nan,nan
998.9606,1.544436e-05,0.0,nan,nan,nan
999.0567,1.544905e-05,0.0,nan,nan,nan
999.1401,1.544673e-05,0.0,nan,nan,nan
999.2241,1.544961e-05,0.0,nan,nan,nan
999.308,1.545088e-05,0.0,nan,nan,nan
999.3916,1.54472e-05,0.0,nan,nan,nan
999.4842,1.544643e-05,0.0,nan,nan,nan
999.5679,1.54464e-05,0.0,nan,nan,nan
999.6513,1.544675e-05,0.0,nan,nan,nan
999.7579,1.544638e-05,0.0,nan,nan,nan
999.8414,1.544473e-05,0.0,nan,nan,nan
999.9251,1.545024e-05,0.0,nan,nan,nan
1000.009,1.544645e-05,0.0,nan,nan,nan
1000.093,1.544802e-05,0.0,nan,nan,nan
1000.177,1.544437e-05,0.0,nan,nan,nan
1000.26,1.544535e-05,0.0,nan,nan,nan
1000.344,1.544584e-05,0.0,nan,nan,nan
1000.428,1.544718e-05,0.0,nan,nan,nan
1000.511,1.544598e-05,0.0,nan,nan,nan
1000.595,1.544469e-05,0.0,nan,nan,nan
1000.68,1.544865e-05,0.0,nan,nan,nan
1000.763,1.544311e-05,0.0,nan,nan,nan
1000.847,1.544352e-05,0.0,nan,nan,nan
1000.931,1.545082e-05,0.0,nan,nan,nan
1001.015,1.54489e-05,0.0,nan,nan,nan
1001.098,1.544381e-05,0.0,nan,nan,nan
1001.182,1.544574e-05,0.0,nan,nan,nan
1001.266,1.544146e-05,0.0,nan,nan,nan
1001.349,1.544052e-05,0.0,nan,nan,nan
1001.433,1.544223e-05,0.0,nan,nan,nan
1001.53,1.544737e-05,0.0,nan,nan,nan
1001.613,1.544489e-05,0.0,nan,nan,nan
1001.699,1.544591e-05,0.0,nan,nan,nan
1001.806,1.544375e-05,0.0,nan,nan,nan
1001.89,1.544207e-05,0.0,nan,nan,nan
1001.973,1.544165e-05,0.0,nan,nan,nan
1002.057,1.544186e-05,0.0,nan,nan,nan
1002.143,1.544732e-05,0.0,nan,nan,nan
1002.227,1.544749e-05,0.0,nan,nan,nan
1002.31,1.544421e-05,0.0,nan,nan,nan
1002.394,1.544615e-05,0.0,nan,nan,nan
1002.477,1.544409e-05,0.0,nan,nan,nan
1002.561,1.544568e-05,0.0,nan,nan,nan
1002.645,1.544455e-05,0.0,nan,nan,nan
1002.729,1.544642e-05,0.0,nan,nan,nan
1002.813,1.544336e-05,0.0,nan,nan,nan
1002.896,1.544588e-05,0.0,nan,nan,nan
1002.98,1.544363e-05,0.0,nan,nan,nan
1003.063,1.54459e-05,0.0,nan,nan,nan
1003.166,1.544912e-05,0.0,nan,nan,nan
1003.25,1.54507e-05,0.0,nan,nan,nan
1003.334,1.544627e-05,0.0,nan,nan,nan
1003.418,1.544852e-05,0.0,nan,nan,nan
1003.502,1.544711e-05,0.0,nan,nan,nan
1003.586,1.544679e-05,0.0,nan,nan,nan
1003.669,1.54457e-05,0.0,nan,nan,nan
1003.764,1.544651e-05,0.0,nan,nan,nan
1003.873,1.544567e-05,0.0,nan,nan,nan
1003.973,1.544837e-05,0.0,nan,nan,nan
1004.057,1.544696e-05,0.0,nan,nan,nan
1004.141,1.544293e-05,0.0,nan,nan,nan
1004.224,1.544969e-05,0.0,nan,nan,nan
1004.308,1.544602e-05,0.0,nan,nan,nan
1004.395,1.544417e-05,0.0,nan,nan,nan
1004.478,1.545009e-05,0.0,nan,nan,nan
1004.588,1.544887e-05,0.0,nan,nan,nan
1004.672,1.544592e-05,0.0,nan,nan,nan
1004.757,1.545e-05,0.0,nan,nan,nan
1004.84,1.545026e-05,0.0,nan,nan,nan
1004.924,1.544745e-05,0.0,nan,nan,nan
1005.008,1.544452e-05,0.0,nan,nan,nan
1005.092,1.544734e-05,0.0,nan,nan,nan
1005.176,1.545108e-05,0.0,nan,nan,nan
1005.259,1.54527e-05,0.0,nan,nan,nan
1005.343,1.545065e-05,0.0,nan,nan,nan
1005.426,1.545098e-05,0.0,nan,nan,nan
1005.51,1.545116e-05,0.0,nan,nan,nan
1005.596,1.545152e-05,0.0,nan,nan,nan
1005.679,1.544761e-05,0.0,nan,nan,nan
1005.763,1.54512e-05,0.0,nan,nan,nan
1005.847,1.545209e-05,0.0,nan,nan,nan
1005.956,1.544946e-05,0.0,nan,nan,nan
1006.039,1.544964e-05,0.0,nan,nan,nan
1006.123,1.544937e-05,0.0,nan,nan,nan
1006.209,1.545071e-05,0.0,nan,nan,nan
1006.293,1.544916e-05,0.0,nan,nan,nan
1006.376,1.545185e-05,0.0,nan,nan,nan
1006.46,1.545244e-05,0.0,nan,nan,nan
1006.543,1.545088e-05,0.0,nan,nan,nan
1006.627,1.545131e-05,0.0,nan,nan,nan
1006.711,1.544852e-05,0.0,nan,nan,nan
1006.808,1.545119e-05,0.0,nan,nan,nan
1006.892,1.545048e-05,0.0,nan,nan,nan
1006.976,1.544797e-05,0.0,nan,nan,nan
1007.059,1.54483e-05,0.0,nan,nan,nan
1007.143,1.545031e-05,0.0,nan,nan,nan
1007.227,1.545172e-05,0.0,nan,nan,nan
1007.311,1.545169e-05,0.0,nan,nan,nan
1007.394,1.545253e-05,0.0,nan,nan,nan
1007.478,1.544994e-05,0.0,nan,nan,nan
1007.562,1.545036e-05,0.0,nan,nan,nan
1007.646,1.545066e-05,0.0,nan,nan,nan
1007.729,1.545174e-05,0.0,nan,nan,nan
1007.833,1.545297e-05,0.0,nan,nan,nan
1007.916,1.545353e-05,0.0,nan,nan,nan
1008.008,1.545171e-05,0.0,nan,nan,nan
1008.091,1.545158e-05,0.0,nan,nan,nan
1008.175,1.545071e-05,0.0,nan,nan,nan
1008.258,1.545352e-05,0.0,nan,nan,nan
1008.342,1.54499e-05,0.0,nan,nan,nan
1008.425,1.545207e-05,0.0,nan,nan,nan
1008.509,1.545382e-05,0.0,nan,nan,nan
1008.592,1.545238e-05,0.0,nan,nan,nan
1008.676,1.54505e-05,0.0,nan,nan,nan
1008.759,1.54516e-05,0.0,nan,nan,nan
1008.857,1.545497e-05,0.0,nan,nan,nan
1008.94,1.545417e-05,0.0,nan,nan,nan
1009.025,1.545503e-05,0.0,nan,nan,nan
1009.108,1.545593e-05,0.0,nan,nan,nan
1009.192,1.544554e-05,0.0,nan,nan,nan
1009.275,1.544993e-05,0.0,nan,nan,nan
1009.359,1.544996e-05,0.0,nan,nan,nan
1009.442,1.544639e-05,0.0,nan,nan,nan
1009.526,1.54487e-05,0.0,nan,nan,nan
1009.61,1.544789e-05,0.0,nan,nan,nan
1009.693,1.544957e-05,0.0,nan,nan,nan
1009.777,1.544978e-05,0.0,nan,nan,nan
1009.875,1.545202e-05,0.0,nan,nan,nan
1009.959,1.544814e-05,0.0,nan,nan,nan
1010.071,1.545463e-05,0.0,nan,nan,nan
1010.155,1.545565e-05,0.0,nan,nan,nan
1010.239,1.545209e-05,0.0,nan,nan,nan
1010.322,1.544962e-05,0.0,nan,nan,nan
1010.406,1.544717e-05,0.0,nan,nan,nan
1010.508,1.544998e-05,0.0,nan,nan,nan
1010.591,1.544959e-05,0.0,nan,nan,nan
1010.675,1.545249e-05,0.0,nan,nan,nan
1010.759,1.54524e-05,0.0,nan,nan,nan
1010.843,1.545114e-05,0.0,nan,nan,nan
1010.927,1.545034e-05,0.0,nan,nan,nan
1011.011,1.544937e-05,0.0,nan,nan,nan
1011.123,1.544886e-05,0.0,nan,nan,nan
1011.207,1.544695e-05,0.0,nan,nan,nan
1011.29,1.544883e-05,0.0,nan,nan,nan
1011.373,1.545176e-05,0.0,nan,nan,nan
1011.457,1.544806e-05,0.0,nan,nan,nan
1011.54,1.544861e-05,0.0,nan,nan,nan
1011.624,1.544864e-05,0.0,nan,nan,nan
1011.708,1.544931e-05,0.0,nan,nan,nan
1011.792,1.545046e-05,0.0,nan,nan,nan
1011.876,1.544893e-05,0.0,nan,nan,nan
1011.96,1.544805e-05,0.0,nan,nan,nan
1012.043,1.54505e-05,0.0,nan,nan,nan
1012.138,1.545626e-05,0.0,nan,nan,nan
1012.222,1.545125e-05,0.0,nan,nan,nan
1012.305,1.545513e-05,0.0,nan,nan,nan
1012.389,1.545139e-05,0.0,nan,nan,nan
1012.474,1.545075e-05,0.0,nan,nan,nan
1012.557,1.545059e-05,0.0,nan,nan,nan
1012.641,1.545313e-05,0.0,nan,nan,nan
1012.744,1.54481e-05,0.0,nan,nan,nan
1012.828,1.545557e-05,0.0,nan,nan,nan
1012.911,1.545465e-05,0.0,nan,nan,nan
1012.995,1.545258e-05,0.0,nan,nan,nan
1013.078,1.544998e-05,0.0,nan,nan,nan
1013.164,1.545183e-05,0.0,nan,nan,nan
1013.248,1.545352e-05,0.0,nan,nan,nan
1013.351,1.545306e-05,0.0,nan,nan,nan
1013.435,1.54474e-05,0.0,nan,nan,nan
1013.519,1.544974e-05,0.0,nan,nan,nan
1013.602,1.545177e-05,0.0,nan,nan,nan
1013.686,1.545591e-05,0.0,nan,nan,nan
1013.775,1.545427e-05,0.0,nan,nan,nan
1013.858,1.545544e-05,0.0,nan,nan,nan
1013.942,1.544764e-05,0.0,nan,nan,nan
1014.026,1.545055e-05,0.0,nan,nan,nan
1014.109,1.545416e-05,0.0,nan,nan,nan
1014.2,1.545243e-05,0.0,nan,nan,nan
1014.284,1.545328e-05,0.0,nan,nan,nan
1014.393,1.545133e-05,0.0,nan,nan,nan
1014.476,1.544891e-05,0.0,nan,nan,nan
1014.56,1.545369e-05,0.0,nan,nan,nan
1014.644,1.545037e-05,0.0,nan,nan,nan
1014.727,1.545005e-05,0.0,nan,nan,nan
1014.811,1.544903e-05,0.0,nan,nan,nan
1014.895,1.544787e-05,0.0,nan,nan,nan
1015.005,1.544857e-05,0.0,nan,nan,nan
1015.088,1.544769e-05,0.0,nan,nan,nan
1015.172,1.54458e-05,0.0,nan,nan,nan
1015.256,1.544937e-05,0.0,nan,nan,nan
1015.34,1.545125e-05,0.0,nan,nan,nan
1015.426,1.544808e-05,0.0,nan,nan,nan
1015.51,1.545242e-05,0.0,nan,nan,nan
1015.594,1.545218e-05,0.0,nan,nan,nan
1015.677,1.545277e-05,0.0,nan,nan,nan
1015.761,1.545109e-05,0.0,nan,nan,nan
1015.845,1.545127e-05,0.0,nan,nan,nan
1015.929,1.545048e-05,0.0,nan,nan,nan
1016.022,1.545266e-05,0.0,nan,nan,nan
1016.106,1.545135e-05,0.0,nan,nan,nan
1016.19,1.545384e-05,0.0,nan,nan,nan
1016.274,1.545046e-05,0.0,nan,nan,nan
1016.357,1.545122e-05,0.0,nan,nan,nan
1016.445,1.545237e-05,0.0,nan,nan,nan
1016.529,1.545184e-05,0.0,nan,nan,nan
1016.612,1.545404e-05,0.0,nan,nan,nan
1016.696,1.544844e-05,0.0,nan,nan,nan
1016.78,1.545213e-05,0.0,nan,nan,nan
1016.864,1.544977e-05,0.0,nan,nan,nan
1016.948,1.545352e-05,0.0,nan,nan,nan
1017.031,1.544867e-05,0.0,nan,nan,nan
1017.115,1.544808e-05,0.0,nan,nan,nan
1017.199,1.545041e-05,0.0,nan,nan,nan
1017.283,1.544665e-05,0.0,nan,nan,nan
1017.367,1.544439e-05,0.0,nan,nan,nan
1017.458,1.544795e-05,0.0,nan,nan,nan
1017.541,1.545039e-05,0.0,nan,nan,nan
1017.625,1.544815e-05,0.0,nan,nan,nan
1017.708,1.544838e-05,0.0,nan,nan,nan
1017.793,1.545326e-05,0.0,nan,nan,nan
1017.877,1.544966e-05,0.0,nan,nan,nan
1017.961,1.545157e-05,0.0,nan,nan,nan
1018.057,1.545137e-05,0.0,nan,nan,nan
1018.141,1.545122e-05,0.0,nan,nan,nan
1018.224,1.545089e-05,0.0,nan,nan,nan
1018.308,1.545258e-05,0.0,nan,nan,nan
1018.392,1.545118e-05,0.0,nan,nan,nan
1018.475,1.545469e-05,0.0,nan,nan,nan
1018.559,1.545268e-05,0.0,nan,nan,nan
1018.643,1.544953e-05,0.0,nan,nan,nan
1018.726,1.545061e-05,0.0,nan,nan,nan
1018.81,1.544993e-05,0.0,nan,nan,nan
1018.894,1.545469e-05,0.0,nan,nan,nan
1018.978,1.54494e-05,0.0,nan,nan,nan
1019.074,1.545384e-05,0.0,nan,nan,nan
1019.159,1.545386e-05,0.0,nan,nan,nan
1019.243,1.544793e-05,0.0,nan,nan,nan
1019.326,1.545148e-05,0.0,nan,nan,nan
1019.41,1.545502e-05,0.0,nan,nan,nan
1019.494,1.545085e-05,0.0,nan,nan,nan
1019.578,1.545706e-05,0.0,nan,nan,nan
1019.683,1.545648e-05,0.0,nan,nan,nan
1019.767,1.545383e-05,0.0,nan,nan,nan
1019.851,1.544936e-05,0.0,nan,nan,nan
1019.934,1.545108e-05,0.0,nan,nan,nan
1020.018,1.545744e-05,0.0,nan,nan,nan
1020.102,1.545535e-05,0.0,nan,nan,nan
1020.185,1.545235e-05,0.0,nan,nan,nan
1020.274,1.545541e-05,0.0,nan,nan,nan
1020.371,1.545413e-05,0.0,nan,nan,nan
1020.455,1.54557e-05,0.0,nan,nan,nan
1020.538,1.54564e-05,0.0,nan,nan,nan
1020.622,1.545442e-05,0.0,nan,nan,nan
1020.725,1.545422e-05,0.0,nan,nan,nan
1020.809,1.545238e-05,0.0,nan,nan,nan
1020.893,1.545512e-05,0.0,nan,nan,nan
1020.977,1.545502e-05,0.0,nan,nan,nan
1021.06,1.545387e-05,0.0,nan,nan,nan
1021.144,1.545557e-05,0.0,nan,nan,nan
1021.228,1.545479e-05,0.0,nan,nan,nan
1021.312,1.544876e-05,0.0,nan,nan,nan
1021.396,1.545195e-05,0.0,nan,nan,nan
1021.48,1.545043e-05,0.0,nan,nan,nan
1021.564,1.545369e-05,0.0,nan,nan,nan
1021.648,1.5451e-05,0.0,nan,nan,nan
1021.743,1.545165e-05,0.0,nan,nan,nan
1021.827,1.545099e-05,0.0,nan,nan,nan
1021.91,1.545121e-05,0.0,nan,nan,nan
1021.994,1.544928e-05,0.0,nan,nan,nan
1022.077,1.545056e-05,0.0,nan,nan,nan
1022.161,1.544806e-05,0.0,nan,nan,nan
1022.244,1.544664e-05,0.0,nan,nan,nan
1022.334,1.544985e-05,0.0,nan,nan,nan
1022.42,1.544885e-05,0.0,nan,nan,nan
1022.504,1.544775e-05,0.0,nan,nan,nan
1022.588,1.544837e-05,0.0,nan,nan,nan
1022.672,1.544982e-05,0.0,nan,nan,nan
1022.761,1.54476e-05,0.0,nan,nan,nan
1022.845,1.544821e-05,0.0,nan,nan,nan
1022.93,1.544885e-05,0.0,nan,nan,nan
1023.013,1.545161e-05,0.0,nan,nan,nan
1023.097,1.54529e-05,0.0,nan,nan,nan
1023.18,1.545418e-05,0.0,nan,nan,nan
1023.264,1.545069e-05,0.0,nan,nan,nan
1023.348,1.545243e-05,0.0,nan,nan,nan
1023.432,1.545448e-05,0.0,nan,nan,nan
1023.516,1.545486e-05,0.0,nan,nan,nan
1023.599,1.545047e-05,0.0,nan,nan,nan
1023.683,1.545007e-05,0.0,nan,nan,nan
1023.774,1.544641e-05,0.0,nan,nan,nan
1023.857,1.54506e-05,0.0,nan,nan,nan
1023.941,1.545126e-05,0.0,nan,nan,nan
1024.025,1.544882e-05,0.0,nan,nan,nan
1024.108,1.544721e-05,0.0,nan,nan,nan
1024.196,1.545248e-05,0.0,nan,nan,nan
1024.279,1.544975e-05,0.0,nan,nan,nan
1024.364,1.5451e-05,0.0,nan,nan,nan
1024.477,1.544928e-05,0.0,nan,nan,nan
1024.588,1.544709e-05,0.0,nan,nan,nan
1024.672,1.544862e-05,0.0,nan,nan,nan
1024.756,1.545266e-05,0.0,nan,nan,nan
1024.84,1.54505e-05,0.0,nan,nan,nan
1024.924,1.54516e-05,0.0,nan,nan,nan
1025.02,1.544825e-05,0.0,nan,nan,nan
1025.104,1.544872e-05,0.0,nan,nan,nan
1025.188,1.544801e-05,0.0,nan,nan,nan
1025.271,1.544641e-05,0.0,nan,nan,nan
1025.355,1.544819e-05,0.0,nan,nan,nan
1025.439,1.544009e-05,0.0,nan,nan,nan
1025.522,1.544596e-05,0.0,nan,nan,nan
1025.611,1.544764e-05,0.0,nan,nan,nan
1025.695,1.545046e-05,0.0,nan,nan,nan
1025.779,1.544902e-05,0.0,nan,nan,nan
1025.863,1.545202e-05,0.0,nan,nan,nan
1025.946,1.54506e-05,0.0,nan,nan,nan
1026.03,1.544923e-05,0.0,nan,nan,nan
1026.114,1.544946e-05,0.0,nan,nan,nan
1026.198,1.544488e-05,0.0,nan,nan,nan
1026.281,1.545229e-05,0.0,nan,nan,nan
1026.365,1.544996e-05,0.0,nan,nan,nan
1026.448,1.544691e-05,0.0,nan,nan,nan
1026.544,1.544817e-05,0.0,nan,nan,nan
1026.634,1.544932e-05,0.0,nan,nan,nan
1026.717,1.54472e-05,0.0,nan,nan,nan
1026.801,1.544703e-05,0.0,nan,nan,nan
1026.885,1.544961e-05,0.0,nan,nan,nan
1026.968,1.544973e-05,0.0,nan,nan,nan
1027.052,1.544761e-05,0.0,nan,nan,nan
1027.135,1.544956e-05,0.0,nan,nan,nan
1027.219,1.544878e-05,0.0,nan,nan,nan
1027.303,1.544679e-05,0.0,nan,nan,nan
1027.387,1.545315e-05,0.0,nan,nan,nan
1027.481,1.54477e-05,0.0,nan,nan,nan
1027.565,1.544723e-05,0.0,nan,nan,nan
1027.673,1.544963e-05,0.0,nan,nan,nan
1027.756,1.545042e-05,0.0,nan,nan,nan
1027.859,1.544978e-05,0.0,nan,nan,nan
1027.943,1.544436e-05,0.0,nan,nan,nan
1028.026,1.544952e-05,0.0,nan,nan,nan
1028.11,1.545187e-05,0.0,nan,nan,nan
1028.194,1.545022e-05,0.0,nan,nan,nan
1028.277,1.544776e-05,0.0,nan,nan,nan
1028.361,1.544968e-05,0.0,nan,nan,nan
1028.445,1.544528e-05,0.0,nan,nan,nan
1028.529,1.545193e-05,0.0,nan,nan,nan
1028.612,1.545061e-05,0.0,nan,nan,nan
1028.696,1.544533e-05,0.0,nan,nan,nan
1028.78,1.544965e-05,0.0,nan,nan,nan
1028.871,1.544862e-05,0.0,nan,nan,nan
1028.955,1.544926e-05,0.0,nan,nan,nan
1029.038,1.545231e-05,0.0,nan,nan,nan
1029.122,1.545453e-05,0.0,nan,nan,nan
1029.206,1.545035e-05,0.0,nan,nan,nan
1029.29,1.545121e-05,0.0,nan,nan,nan
1029.373,1.544797e-05,0.0,nan,nan,nan
1029.456,1.544864e-05,0.0,nan,nan,nan
1029.54,1.545308e-05,0.0,nan,nan,nan
1029.624,1.545516e-05,0.0,nan,nan,nan
1029.707,1.544494e-05,0.0,nan,nan,nan
1029.79,1.545264e-05,0.0,nan,nan,nan
1029.894,1.545436e-05,0.0,nan,nan,nan
1029.978,1.545241e-05,0.0,nan,nan,nan
1030.063,1.545052e-05,0.0,nan,nan,nan
1030.146,1.544913e-05,0.0,nan,nan,nan
1030.23,1.544888e-05,0.0,nan,nan,nan
1030.314,1.544827e-05,0.0,nan,nan,nan
1030.397,1.544887e-05,0.0,nan,nan,nan
1030.502,1.544698e-05,0.0,nan,nan,nan
1030.586,1.544676e-05,0.0,nan,nan,nan
1030.681,1.544669e-05,0.0,nan,nan,nan
1030.765,1.545099e-05,0.0,nan,nan,nan
1030.848,1.545233e-05,0.0,nan,nan,nan
1030.932,1.544948e-05,0.0,nan,nan,nan
1031.015,1.54525e-05,0.0,nan,nan,nan
1031.107,1.545195e-05,0.0,nan,nan,nan
1031.191,1.54528e-05,0.0,nan,nan,nan
1031.274,1.544839e-05,0.0,nan,nan,nan
1031.358,1.544877e-05,0.0,nan,nan,nan
1031.442,1.545073e-05,0.0,nan,nan,nan
1031.525,1.544918e-05,0.0,nan,nan,nan
1031.609,1.544961e-05,0.0,nan,nan,nan
1031.692,1.544864e-05,0.0,nan,nan,nan
1031.776,1.545002e-05,0.0,nan,nan,nan
1031.86,1.545009e-05,0.0,nan,nan,nan
1031.943,1.545223e-05,0.0,nan,nan,nan
1032.027,1.545106e-05,0.0,nan,nan,nan
1032.12,1.54534e-05,0.0,nan,nan,nan
1032.204,1.545386e-05,0.0,nan,nan,nan
1032.287,1.544804e-05,0.0,nan,nan,nan
1032.371,1.544725e-05,0.0,nan,nan,nan
1032.455,1.545057e-05,0.0,nan,nan,nan
1032.538,1.545094e-05,0.0,nan,nan,nan
1032.622,1.545034e-05,0.0,nan,nan,nan
1032.739,1.544918e-05,0.0,nan,nan,nan
1032.823,1.545382e-05,0.0,nan,nan,nan
1032.906,1.545299e-05,0.0,nan,nan,nan
1032.99,1.54503e-05,0.0,nan,nan,nan
1033.074,1.545192e-05,0.0,nan,nan,nan
1033.157,1.545593e-05,0.0,nan,nan,nan
1033.241,1.545042e-05,0.0,nan,nan,nan
1033.344,1.545606e-05,0.0,nan,nan,nan
1033.428,1.545281e-05,0.0,nan,nan,nan
1033.511,1.545461e-05,0.0,nan,nan,nan
1033.595,1.545491e-05,0.0,nan,nan,nan
1033.679,1.545403e-05,0.0,nan,nan,nan
1033.785,1.545056e-05,0.0,nan,nan,nan
1033.869,1.545249e-05,0.0,nan,nan,nan
1033.956,1.545024e-05,0.0,nan,nan,nan
1034.04,1.545176e-05,0.0,nan,nan,nan
1034.123,1.545325e-05,0.0,nan,nan,nan
1034.207,1.545435e-05,0.0,nan,nan,nan
1034.291,1.545242e-05,0.0,nan,nan,nan
1034.375,1.544684e-05,0.0,nan,nan,nan
1034.459,1.544802e-05,0.0,nan,nan,nan
1034.56,1.544753e-05,0.0,nan,nan,nan
1034.644,1.545174e-05,0.0,nan,nan,nan
1034.727,1.544852e-05,0.0,nan,nan,nan
1034.826,1.544973e-05,0.0,nan,nan,nan
1034.91,1.545175e-05,0.0,nan,nan,nan
1034.995,1.545091e-05,0.0,nan,nan,nan
1035.078,1.545007e-05,0.0,nan,nan,nan
1035.173,1.545133e-05,0.0,nan,nan,nan
1035.257,1.545505e-05,0.0,nan,nan,nan
1035.34,1.545336e-05,0.0,nan,nan,nan
1035.424,1.545064e-05,0.0,nan,nan,nan
1035.508,1.544943e-05,0.0,nan,nan,nan
1035.591,1.544793e-05,0.0,nan,nan,nan
1035.675,1.544883e-05,0.0,nan,nan,nan
1035.773,1.544604e-05,0.0,nan,nan,nan
1035.856,1.544825e-05,0.0,nan,nan,nan
1035.94,1.544893e-05,0.0,nan,nan,nan
1036.023,1.545023e-05,0.0,nan,nan,nan
1036.107,1.544632e-05,0.0,nan,nan,nan
1036.193,1.545407e-05,0.0,nan,nan,nan
1036.277,1.545004e-05,0.0,nan,nan,nan
1036.361,1.545e-05,0.0,nan,nan,nan
1036.445,1.544656e-05,0.0,nan,nan,nan
1036.528,1.544576e-05,0.0,nan,nan,nan
1036.612,1.544948e-05,0.0,nan,nan,nan
1036.696,1.545083e-05,0.0,nan,nan,nan
1036.789,1.545092e-05,0.0,nan,nan,nan
1036.892,1.545291e-05,0.0,nan,nan,nan
1036.975,1.545091e-05,0.0,nan,nan,nan
1037.059,1.544779e-05,0.0,nan,nan,nan
1037.142,1.544618e-05,0.0,nan,nan,nan
1037.226,1.544758e-05,0.0,nan,nan,nan
1037.31,1.544866e-05,0.0,nan,nan,nan
1037.412,1.545408e-05,0.0,nan,nan,nan
1037.496,1.545236e-05,0.0,nan,nan,nan
1037.581,1.545055e-05,0.0,nan,nan,nan
1037.664,1.544783e-05,0.0,nan,nan,nan
1037.748,1.545012e-05,0.0,nan,nan,nan
1037.831,1.544665e-05,0.0,nan,nan,nan
1037.915,1.54481e-05,0.0,nan,nan,nan
1037.999,1.544512e-05,0.0,nan,nan,nan
1038.083,1.544793e-05,0.0,nan,nan,nan
1038.167,1.544876e-05,0.0,nan,nan,nan
1038.25,1.544703e-05,0.0,nan,nan,nan
1038.334,1.544715e-05,0.0,nan,nan,nan
1038.426,1.54523e-05,0.0,nan,nan,nan
1038.509,1.5447e-05,0.0,nan,nan,nan
1038.593,1.545018e-05,0.0,nan,nan,nan
1038.677,1.545423e-05,0.0,nan,nan,nan
1038.761,1.545109e-05,0.0,nan,nan,nan
1038.844,1.54499e-05,0.0,nan,nan,nan
1038.972,1.544651e-05,0.0,nan,nan,nan
1039.056,1.544822e-05,0.0,nan,nan,nan
1039.14,1.544745e-05,0.0,nan,nan,nan
1039.223,1.544944e-05,0.0,nan,nan,nan
1039.307,1.544797e-05,0.0,nan,nan,nan
1039.391,1.544583e-05,0.0,nan,nan,nan
1039.475,1.544542e-05,0.0,nan,nan,nan
1039.558,1.544524e-05,0.0,nan,nan,nan
1039.655,1.544849e-05,0.0,nan,nan,nan
1039.739,1.544722e-05,0.0,nan,nan,nan
1039.822,1.544687e-05,0.0,nan,nan,nan
1039.906,1.54449e-05,0.0,nan,nan,nan
1039.99,1.544906e-05,0.0,nan,nan,nan
1040.074,1.544629e-05,0.0,nan,nan,nan
1040.157,1.54446e-05,0.0,nan,nan,nan
1040.251,1.544835e-05,0.0,nan,nan,nan
1040.335,1.544855e-05,0.0,nan,nan,nan
1040.418,1.544841e-05,0.0,nan,nan,nan
1040.502,1.544912e-05,0.0,nan,nan,nan
1040.586,1.545165e-05,0.0,nan,nan,nan
1040.674,1.544363e-05,0.0,nan,nan,nan
1040.758,1.545205e-05,0.0,nan,nan,nan
1040.842,1.545075e-05,0.0,nan,nan,nan
1040.925,1.545295e-05,0.0,nan,nan,nan
1041.03,1.544957e-05,0.0,nan,nan,nan
1041.115,1.544613e-05,0.0,nan,nan,nan
1041.199,1.544883e-05,0.0,nan,nan,nan
1041.283,1.545052e-05,0.0,nan,nan,nan
1041.367,1.544839e-05,0.0,nan,nan,nan
1041.451,1.54498e-05,0.0,nan,nan,nan
1041.535,1.545185e-05,0.0,nan,nan,nan
1041.619,1.544722e-05,0.0,nan,nan,nan
1041.723,1.545332e-05,0.0,nan,nan,nan
1041.807,1.544849e-05,0.0,nan,nan,nan
1041.89,1.545088e-05,0.0,nan,nan,nan
1041.974,1.544886e-05,0.0,nan,nan,nan
1042.058,1.545221e-05,0.0,nan,nan,nan
1042.142,1.544415e-05,0.0,nan,nan,nan
1042.226,1.544671e-05,0.0,nan,nan,nan
1042.329,1.544517e-05,0.0,nan,nan,nan
1042.413,1.544958e-05,0.0,nan,nan,nan
1042.497,1.544723e-05,0.0,nan,nan,nan
1042.581,1.54488e-05,0.0,nan,nan,nan
1042.665,1.544648e-05,0.0,nan,nan,nan
1042.748,1.545073e-05,0.0,nan,nan,nan
1042.832,1.545027e-05,0.0,nan,nan,nan
1042.916,1.544505e-05,0.0,nan,nan,nan
1042.999,1.544725e-05,0.0,nan,nan,nan
1043.114,1.544443e-05,0.0,nan,nan,nan
1043.202,1.544374e-05,0.0,nan,nan,nan
1043.286,1.544376e-05,0.0,nan,nan,nan
1043.369,1.544205e-05,0.0,nan,nan,nan
1043.453,1.545017e-05,0.0,nan,nan,nan
1043.537,1.544435e-05,0.0,nan,nan,nan
1043.621,1.544482e-05,0.0,nan,nan,nan
1043.704,1.544267e-05,0.0,nan,nan,nan
1043.788,1.544915e-05,0.0,nan,nan,nan
1043.872,1.544641e-05,0.0,nan,nan,nan
1043.967,1.544716e-05,0.0,nan,nan,nan
1044.051,1.545103e-05,0.0,nan,nan,nan
1044.134,1.544862e-05,0.0,nan,nan,nan
1044.218,1.544849e-05,0.0,nan,nan,nan
1044.301,1.54492e-05,0.0,nan,nan,nan
1044.385,1.544363e-05,0.0,nan,nan,nan
1044.469,1.54475e-05,0.0,nan,nan,nan
1044.574,1.545056e-05,0.0,nan,nan,nan
1044.658,1.544857e-05,0.0,nan,nan,nan
1044.741,1.545092e-05,0.0,nan,nan,nan
1044.825,1.54511e-05,0.0,nan,nan,nan
1044.909,1.545183e-05,0.0,nan,nan,nan
1044.993,1.544722e-05,0.0,nan,nan,nan
1045.076,1.544985e-05,0.0,nan,nan,nan
1045.221,1.544974e-05,0.0,nan,nan,nan
1045.305,1.544755e-05,0.0,nan,nan,nan
1045.392,1.544744e-05,0.0,nan,nan,nan
1045.476,1.544848e-05,0.0,nan,nan,nan
1045.582,1.545127e-05,0.0,nan,nan,nan
1045.665,1.545121e-05,0.0,nan,nan,nan
1045.749,1.544984e-05,0.0,nan,nan,nan
1045.833,1.544698e-05,0.0,nan,nan,nan
1045.916,1.544671e-05,0.0,nan,nan,nan
1046.001,1.544721e-05,0.0,nan,nan,nan
1046.085,1.544573e-05,0.0,nan,nan,nan
1046.169,1.544924e-05,0.0,nan,nan,nan
1046.253,1.545087e-05,0.0,nan,nan,nan
1046.336,1.544858e-05,0.0,nan,nan,nan
1046.421,1.545229e-05,0.0,nan,nan,nan
1046.504,1.545137e-05,0.0,nan,nan,nan
1046.588,1.545239e-05,0.0,nan,nan,nan
1046.672,1.545533e-05,0.0,nan,nan,nan
1046.756,1.544949e-05,0.0,nan,nan,nan
1046.84,1.54532e-05,0.0,nan,nan,nan
1046.923,1.545205e-05,0.0,nan,nan,nan
1047.007,1.545275e-05,0.0,nan,nan,nan
1047.09,1.544952e-05,0.0,nan,nan,nan
1047.175,1.545224e-05,0.0,nan,nan,nan
1047.286,1.545004e-05,0.0,nan,nan,nan
1047.37,1.545202e-05,0.0,nan,nan,nan
1047.454,1.545186e-05,0.0,nan,nan,nan
1047.538,1.544882e-05,0.0,nan,nan,nan
1047.622,1.54543e-05,0.0,nan,nan,nan
1047.706,1.545417e-05,0.0,nan,nan,nan
1047.79,1.545552e-05,0.0,nan,nan,nan
1047.873,1.545377e-05,0.0,nan,nan,nan
1047.957,1.54532e-05,0.0,nan,nan,nan
1048.054,1.545086e-05,0.0,nan,nan,nan
1048.137,1.545317e-05,0.0,nan,nan,nan
1048.221,1.54524e-05,0.0,nan,nan,nan
1048.304,1.54533e-05,0.0,nan,nan,nan
1048.388,1.5458e-05,0.0,nan,nan,nan
1048.472,1.545749e-05,0.0,nan,nan,nan
1048.556,1.545582e-05,0.0,nan,nan,nan
1048.64,1.54565e-05,0.0,nan,nan,nan
1048.723,1.545484e-05,0.0,nan,nan,nan
1048.808,1.545726e-05,0.0,nan,nan,nan
1048.892,1.545674e-05,0.0,nan,nan,nan
1048.975,1.545188e-05,0.0,nan,nan,nan
1049.069,1.545077e-05,0.0,nan,nan,nan
1049.153,1.545193e-05,0.0,nan,nan,nan
1049.236,1.545059e-05,0.0,nan,nan,nan
1049.338,1.54491e-05,0.0,nan,nan,nan
1049.421,1.545044e-05,0.0,nan,nan,nan
1049.505,1.545172e-05,0.0,nan,nan,nan
1049.589,1.545118e-05,0.0,nan,nan,nan
1049.685,1.545368e-05,0.0,nan,nan,nan
1049.769,1.545045e-05,0.0,nan,nan,nan
1049.853,1.545301e-05,0.0,nan,nan,nan
1049.936,1.544765e-05,0.0,nan,nan,nan
1050.02,1.544944e-05,0.0,nan,nan,nan
1050.104,1.544698e-05,0.0,nan,nan,nan
1050.187,1.544598e-05,0.0,nan,nan,nan
1050.282,1.545198e-05,0.0,nan,nan,nan
1050.366,1.545052e-05,0.0,nan,nan,nan
1050.45,1.545446e-05,0.0,nan,nan,nan
1050.534,1.5452e-05,0.0,nan,nan,nan
1050.617,1.545467e-05,0.0,nan,nan,nan
1050.725,1.545344e-05,0.0,nan,nan,nan
1050.808,1.544983e-05,0.0,nan,nan,nan
1050.892,1.54536e-05,0.0,nan,nan,nan
1050.976,1.545474e-05,0.0,nan,nan,nan
1051.059,1.545539e-05,0.0,nan,nan,nan
1051.143,1.545176e-05,0.0,nan,nan,nan
1051.227,1.545439e-05,0.0,nan,nan,nan
1051.327,1.545284e-05,0.0,nan,nan,nan
1051.411,1.545078e-05,0.0,nan,nan,nan
1051.523,1.545697e-05,0.0,nan,nan,nan
1051.607,1.545331e-05,0.0,nan,nan,nan
1051.69,1.545266e-05,0.0,nan,nan,nan
1051.774,1.544942e-05,0.0,nan,nan,nan
1051.857,1.545204e-05,0.0,nan,nan,nan
1051.949,1.544988e-05,0.0,nan,nan,nan
1052.033,1.544544e-05,0.0,nan,nan,nan
1052.116,1.545037e-05,0.0,nan,nan,nan
1052.2,1.5448e-05,0.0,nan,nan,nan
1052.284,1.545012e-05,0.0,nan,nan,nan
1052.368,1.544843e-05,0.0,nan,nan,nan
1052.452,1.544592e-05,0.0,nan,nan,nan
1052.544,1.545089e-05,0.0,nan,nan,nan
1052.627,1.54454e-05,0.0,nan,nan,nan
1052.713,1.545068e-05,0.0,nan,nan,nan
1052.796,1.54479e-05,0.0,nan,nan,nan
1052.88,1.545088e-05,0.0,nan,nan,nan
1052.992,1.545171e-05,0.0,nan,nan,nan
1053.076,1.544742e-05,0.0,nan,nan,nan
1053.166,1.544942e-05,0.0,nan,nan,nan
1053.249,1.544457e-05,0.0,nan,nan,nan
1053.334,1.544954e-05,0.0,nan,nan,nan
1053.423,1.544854e-05,0.0,nan,nan,nan
1053.507,1.544749e-05,0.0,nan,nan,nan
1053.59,1.544666e-05,0.0,nan,nan,nan
1053.674,1.544929e-05,0.0,nan,nan,nan
1053.761,1.545051e-05,0.0,nan,nan,nan
1053.844,1.544854e-05,0.0,nan,nan,nan
1053.928,1.544712e-05,0.0,nan,nan,nan
1054.012,1.544839e-05,0.0,nan,nan,nan
1054.096,1.545094e-05,0.0,nan,nan,nan
1054.197,1.544694e-05,0.0,nan,nan,nan
1054.28,1.545089e-05,0.0,nan,nan,nan
1054.364,1.545167e-05,0.0,nan,nan,nan
1054.448,1.544967e-05,0.0,nan,nan,nan
1054.532,1.545366e-05,0.0,nan,nan,nan
1054.615,1.545519e-05,0.0,nan,nan,nan
1054.699,1.545252e-05,0.0,nan,nan,nan
1054.789,1.54519e-05,0.0,nan,nan,nan
1054.873,1.544984e-05,0.0,nan,nan,nan
1054.957,1.544722e-05,0.0,nan,nan,nan
1055.04,1.544886e-05,0.0,nan,nan,nan
1055.123,1.544818e-05,0.0,nan,nan,nan
1055.219,1.544498e-05,0.0,nan,nan,nan
1055.303,1.544704e-05,0.0,nan,nan,nan
1055.387,1.544911e-05,0.0,nan,nan,nan
1055.47,1.544802e-05,0.0,nan,nan,nan
1055.554,1.544625e-05,0.0,nan,nan,nan
1055.638,1.54515e-05,0.0,nan,nan,nan
1055.722,1.545052e-05,0.0,nan,nan,nan
1055.815,1.544667e-05,0.0,nan,nan,nan
1055.898,1.545016e-05,0.0,nan,nan,nan
1055.982,1.544857e-05,0.0,nan,nan,nan
1056.066,1.544361e-05,0.0,nan,nan,nan
1056.149,1.544798e-05,0.0,nan,nan,nan
1056.24,1.544871e-05,0.0,nan,nan,nan
1056.323,1.544643e-05,0.0,nan,nan,nan
1056.407,1.544896e-05,0.0,nan,nan,nan
1056.49,1.544673e-05,0.0,nan,nan,nan
1056.574,1.54487e-05,0.0,nan,nan,nan
1056.658,1.545068e-05,0.0,nan,nan,nan
1056.742,1.545444e-05,0.0,nan,nan,nan
1056.843,1.544751e-05,0.0,nan,nan,nan
1056.927,1.544458e-05,0.0,nan,nan,nan
1057.01,1.544732e-05,0.0,nan,nan,nan
1057.094,1.545159e-05,0.0,nan,nan,nan
1057.178,1.545401e-05,0.0,nan,nan,nan
1057.261,1.544541e-05,0.0,nan,nan,nan
1057.346,1.544617e-05,0.0,nan,nan,nan
1057.431,1.544816e-05,0.0,nan,nan,nan
1057.515,1.544515e-05,0.0,nan,nan,nan
1057.603,1.544449e-05,0.0,nan,nan,nan
1057.687,1.544751e-05,0.0,nan,nan,nan
1057.771,1.544802e-05,0.0,nan,nan,nan
1057.875,1.545128e-05,0.0,nan,nan,nan
1057.959,1.545301e-05,0.0,nan,nan,nan
1058.042,1.545425e-05,0.0,nan,nan,nan
1058.126,1.545447e-05,0.0,nan,nan,nan
1058.21,1.545052e-05,0.0,nan,nan,nan
1058.294,1.545008e-05,0.0,nan,nan,nan
1058.377,1.54515e-05,0.0,nan,nan,nan
1058.461,1.545025e-05,0.0,nan,nan,nan
1058.544,1.544842e-05,0.0,nan,nan,nan
1058.628,1.544877e-05,0.0,nan,nan,nan
1058.712,1.544892e-05,0.0,nan,nan,nan
1058.796,1.545182e-05,0.0,nan,nan,nan
1058.897,1.544864e-05,0.0,nan,nan,nan
1058.981,1.54523e-05,0.0,nan,nan,nan
1059.065,1.544931e-05,0.0,nan,nan,nan
1059.148,1.545064e-05,0.0,nan,nan,nan
1059.232,1.54498e-05,0.0,nan,nan,nan
1059.316,1.54493e-05,0.0,nan,nan,nan
1059.399,1.545005e-05,0.0,nan,nan,nan
1059.483,1.544937e-05,0.0,nan,nan,nan
1059.566,1.545415e-05,0.0,nan,nan,nan
1059.669,1.544763e-05,0.0,nan,nan,nan
1059.753,1.544942e-05,0.0,nan,nan,nan
1059.837,1.544985e-05,0.0,nan,nan,nan
1059.933,1.545094e-05,0.0,nan,nan,nan
1060.016,1.544624e-05,0.0,nan,nan,nan
1060.123,1.544857e-05,0.0,nan,nan,nan
1060.207,1.544865e-05,0.0,nan,nan,nan
1060.291,1.54488e-05,0.0,nan,nan,nan
1060.374,1.544996e-05,0.0,nan,nan,nan
1060.46,1.545087e-05,0.0,nan,nan,nan
1060.543,1.544941e-05,0.0,nan,nan,nan
1060.627,1.544471e-05,0.0,nan,nan,nan
1060.711,1.544719e-05,0.0,nan,nan,nan
1060.794,1.544722e-05,0.0,nan,nan,nan
1060.878,1.545122e-05,0.0,nan,nan,nan
1060.962,1.544727e-05,0.0,nan,nan,nan
1061.046,1.544852e-05,0.0,nan,nan,nan
1061.154,1.545243e-05,0.0,nan,nan,nan
1061.238,1.54513e-05,0.0,nan,nan,nan
1061.342,1.545259e-05,0.0,nan,nan,nan
1061.426,1.544975e-05,0.0,nan,nan,nan
1061.51,1.545081e-05,0.0,nan,nan,nan
1061.593,1.544987e-05,0.0,nan,nan,nan
1061.706,1.544998e-05,0.0,nan,nan,nan
1061.799,1.544923e-05,0.0,nan,nan,nan
1061.883,1.544842e-05,0.0,nan,nan,nan
1061.974,1.545041e-05,0.0,nan,nan,nan
1062.058,1.544761e-05,0.0,nan,nan,nan
1062.141,1.544621e-05,0.0,nan,nan,nan
1062.225,1.544559e-05,0.0,nan,nan,nan
1062.31,1.544323e-05,0.0,nan,nan,nan
1062.394,1.54472e-05,0.0,nan,nan,nan
1062.477,1.544688e-05,0.0,nan,nan,nan
1062.578,1.544787e-05,0.0,nan,nan,nan
1062.661,1.544352e-05,0.0,nan,nan,nan
1062.745,1.544675e-05,0.0,nan,nan,nan
1062.828,1.544676e-05,0.0,nan,nan,nan
1062.912,1.54475e-05,0.0,nan,nan,nan
1062.999,1.544988e-05,0.0,nan,nan,nan
1063.082,1.544923e-05,0.0,nan,nan,nan
1063.18,1.544835e-05,0.0,nan,nan,nan
1063.264,1.544631e-05,0.0,nan,nan,nan
1063.348,1.544908e-05,0.0,nan,nan,nan
1063.432,1.545018e-05,0.0,nan,nan,nan
1063.516,1.545277e-05,0.0,nan,nan,nan
1063.599,1.545403e-05,0.0,nan,nan,nan
1063.683,1.544971e-05,0.0,nan,nan,nan
1063.79,1.545288e-05,0.0,nan,nan,nan
1063.873,1.545126e-05,0.0,nan,nan,nan
1063.957,1.544949e-05,0.0,nan,nan,nan
1064.04,1.54488e-05,0.0,nan,nan,nan
1064.124,1.545094e-05,0.0,nan,nan,nan
1064.223,1.544978e-05,0.0,nan,nan,nan
1064.307,1.544961e-05,0.0,nan,nan,nan
1064.393,1.545406e-05,0.0,nan,nan,nan
1064.476,1.54501e-05,0.0,nan,nan,nan
1064.56,1.544936e-05,0.0,nan,nan,nan
1064.644,1.545163e-05,0.0,nan,nan,nan
1064.728,1.544819e-05,0.0,nan,nan,nan
1064.839,1.544833e-05,0.0,nan,nan,nan
1064.923,1.545016e-05,0.0,nan,nan,nan
1065.029,1.544502e-05,0.0,nan,nan,nan
1065.113,1.544778e-05,0.0,nan,nan,nan
1065.196,1.545021e-05,0.0,nan,nan,nan
1065.28,1.544922e-05,0.0,nan,nan,nan
1065.364,1.545482e-05,0.0,nan,nan,nan
1065.448,1.545424e-05,0.0,nan,nan,nan
1065.531,1.54505e-05,0.0,nan,nan,nan
1065.615,1.545008e-05,0.0,nan,nan,nan
1065.699,1.545178e-05,0.0,nan,nan,nan
1065.783,1.545013e-05,0.0,nan,nan,nan
1065.866,1.545279e-05,0.0,nan,nan,nan
1065.95,1.545128e-05,0.0,nan,nan,nan
1066.042,1.5449e-05,0.0,nan,nan,nan
1066.126,1.544877e-05,0.0,nan,nan,nan
1066.209,1.544637e-05,0.0,nan,nan,nan
1066.293,1.545043e-05,0.0,nan,nan,nan
1066.377,1.544939e-05,0.0,nan,nan,nan
1066.485,1.545417e-05,0.0,nan,nan,nan
1066.569,1.545072e-05,0.0,nan,nan,nan
1066.672,1.545186e-05,0.0,nan,nan,nan
1066.756,1.544844e-05,0.0,nan,nan,nan
1066.839,1.545079e-05,0.0,nan,nan,nan
1066.923,1.545313e-05,0.0,nan,nan,nan
1067.011,1.545022e-05,0.0,nan,nan,nan
1067.095,1.545484e-05,0.0,nan,nan,nan
1067.179,1.544755e-05,0.0,nan,nan,nan
1067.263,1.544904e-05,0.0,nan,nan,nan
1067.346,1.545581e-05,0.0,nan,nan,nan
1067.43,1.545379e-05,0.0,nan,nan,nan
1067.514,1.54553e-05,0.0,nan,nan,nan
1067.598,1.545423e-05,0.0,nan,nan,nan
1067.682,1.545391e-05,0.0,nan,nan,nan
1067.766,1.545366e-05,0.0,nan,nan,nan
1067.849,1.545043e-05,0.0,nan,nan,nan
1067.933,1.54571e-05,0.0,nan,nan,nan
1068.016,1.545052e-05,0.0,nan,nan,nan
1068.107,1.54521e-05,0.0,nan,nan,nan
1068.191,1.545205e-05,0.0,nan,nan,nan
1068.275,1.544929e-05,0.0,nan,nan,nan
1068.358,1.54528e-05,0.0,nan,nan,nan
1068.444,1.545366e-05,0.0,nan,nan,nan
1068.528,1.545543e-05,0.0,nan,nan,nan
1068.612,1.544883e-05,0.0,nan,nan,nan
1068.696,1.545248e-05,0.0,nan,nan,nan
1068.78,1.544535e-05,0.0,nan,nan,nan
1068.863,1.545065e-05,0.0,nan,nan,nan
1068.947,1.545308e-05,0.0,nan,nan,nan
1069.031,1.545532e-05,0.0,nan,nan,nan
1069.123,1.545476e-05,0.0,nan,nan,nan
1069.207,1.545598e-05,0.0,nan,nan,nan
1069.291,1.545719e-05,0.0,nan,nan,nan
1069.375,1.545472e-05,0.0,nan,nan,nan
1069.46,1.545495e-05,0.0,nan,nan,nan
1069.544,1.545618e-05,0.0,nan,nan,nan
1069.628,1.545607e-05,0.0,nan,nan,nan
1069.742,1.545382e-05,0.0,nan,nan,nan
1069.826,1.545154e-05,0.0,nan,nan,nan
1069.911,1.545363e-05,0.0,nan,nan,nan
1070.006,1.545238e-05,0.0,nan,nan,nan
1070.089,1.545645e-05,0.0,nan,nan,nan
1070.173,1.545203e-05,0.0,nan,nan,nan
1070.257,1.545377e-05,0.0,nan,nan,nan
1070.34,1.545198e-05,0.0,nan,nan,nan
1070.424,1.54541e-05,0.0,nan,nan,nan
1070.507,1.545398e-05,0.0,nan,nan,nan
1070.591,1.545405e-05,0.0,nan,nan,nan
1070.675,1.545432e-05,0.0,nan,nan,nan
1070.763,1.545016e-05,0.0,nan,nan,nan
1070.846,1.545736e-05,0.0,nan,nan,nan
1070.93,1.545307e-05,0.0,nan,nan,nan
1071.014,1.545854e-05,0.0,nan,nan,nan
1071.098,1.545323e-05,0.0,nan,nan,nan
1071.182,1.545887e-05,0.0,nan,nan,nan
1071.265,1.545686e-05,0.0,nan,nan,nan
1071.373,1.545369e-05,0.0,nan,nan,nan
1071.456,1.545737e-05,0.0,nan,nan,nan
1071.54,1.545618e-05,0.0,nan,nan,nan
1071.623,1.545857e-05,0.0,nan,nan,nan
1071.708,1.545285e-05,0.0,nan,nan,nan
1071.791,1.545182e-05,0.0,nan,nan,nan
1071.875,1.545711e-05,0.0,nan,nan,nan
1071.958,1.545492e-05,0.0,nan,nan,nan
1072.073,1.545815e-05,0.0,nan,nan,nan
1072.156,1.54558e-05,0.0,nan,nan,nan
1072.24,1.545541e-05,0.0,nan,nan,nan
1072.323,1.545037e-05,0.0,nan,nan,nan
1072.407,1.545108e-05,0.0,nan,nan,nan
1072.491,1.545379e-05,0.0,nan,nan,nan
1072.574,1.544961e-05,0.0,nan,nan,nan
1072.658,1.54527e-05,0.0,nan,nan,nan
1072.743,1.545442e-05,0.0,nan,nan,nan
1072.827,1.54549e-05,0.0,nan,nan,nan
1072.91,1.545479e-05,0.0,nan,nan,nan
1073.007,1.545211e-05,0.0,nan,nan,nan
1073.091,1.545139e-05,0.0,nan,nan,nan
1073.174,1.545275e-05,0.0,nan,nan,nan
1073.258,1.545238e-05,0.0,nan,nan,nan
1073.342,1.545717e-05,0.0,nan,nan,nan
1073.426,1.545739e-05,0.0,nan,nan,nan
1073.509,1.545205e-05,0.0,nan,nan,nan
1073.594,1.545167e-05,0.0,nan,nan,nan
1073.678,1.545486e-05,0.0,nan,nan,nan
1073.762,1.545293e-05,0.0,nan,nan,nan
1073.845,1.54539e-05,0.0,nan,nan,nan
1073.929,1.545236e-05,0.0,nan,nan,nan
1074.02,1.54513e-05,0.0,nan,nan,nan
1074.139,1.545475e-05,0.0,nan,nan,nan
1074.239,1.54543e-05,0.0,nan,nan,nan
1074.323,1.545532e-05,0.0,nan,nan,nan
1074.407,1.545487e-05,0.0,nan,nan,nan
1074.491,1.545756e-05,0.0,nan,nan,nan
1074.574,1.545363e-05,0.0,nan,nan,nan
1074.658,1.545481e-05,0.0,nan,nan,nan
1074.741,1.545456e-05,0.0,nan,nan,nan
1074.838,1.545421e-05,0.0,nan,nan,nan
1074.922,1.545236e-05,0.0,nan,nan,nan
1075.005,1.545503e-05,0.0,nan,nan,nan
1075.089,1.545237e-05,0.0,nan,nan,nan
1075.173,1.545548e-05,0.0,nan,nan,nan
1075.256,1.545615e-05,0.0,nan,nan,nan
1075.34,1.545447e-05,0.0,nan,nan,nan
1075.424,1.545454e-05,0.0,nan,nan,nan
1075.508,1.545567e-05,0.0,nan,nan,nan
1075.592,1.545302e-05,0.0,nan,nan,nan
1075.675,1.545204e-05,0.0,nan,nan,nan
1075.759,1.545422e-05,0.0,nan,nan,nan
1075.864,1.545271e-05,0.0,nan,nan,nan
1075.948,1.545525e-05,0.0,nan,nan,nan
1076.032,1.545458e-05,0.0,nan,nan,nan
1076.116,1.545267e-05,0.0,nan,nan,nan
1076.227,1.545238e-05,0.0,nan,nan,nan
1076.31,1.545426e-05,0.0,nan,nan,nan
1076.394,1.545345e-05,0.0,nan,nan,nan
1076.478,1.545421e-05,0.0,nan,nan,nan
1076.561,1.545301e-05,0.0,nan,nan,nan
1076.668,1.545111e-05,0.0,nan,nan,nan
1076.751,1.544912e-05,0.0,nan,nan,nan
1076.836,1.545098e-05,0.0,nan,nan,nan
1076.92,1.54499e-05,0.0,nan,nan,nan
1077.003,1.544903e-05,0.0,nan,nan,nan
1077.087,1.545445e-05,0.0,nan,nan,nan
1077.171,1.545225e-05,0.0,nan,nan,nan
1077.257,1.545287e-05,0.0,nan,nan,nan
1077.34,1.544687e-05,0.0,nan,nan,nan
1077.424,1.544905e-05,0.0,nan,nan,nan
1077.508,1.545019e-05,0.0,nan,nan,nan
1077.591,1.544655e-05,0.0,nan,nan,nan
1077.687,1.545099e-05,0.0,nan,nan,nan
1077.771,1.544633e-05,0.0,nan,nan,nan
1077.855,1.54485e-05,0.0,nan,nan,nan
1077.938,1.544824e-05,0.0,nan,nan,nan
1078.022,1.544854e-05,0.0,nan,nan,nan
1078.106,1.544862e-05,0.0,nan,nan,nan
1078.189,1.545159e-05,0.0,nan,nan,nan
1078.303,1.544642e-05,0.0,nan,nan,nan
1078.387,1.544584e-05,0.0,nan,nan,nan
1078.471,1.54498e-05,0.0,nan,nan,nan
1078.555,1.545098e-05,0.0,nan,nan,nan
1078.639,1.545231e-05,0.0,nan,nan,nan
1078.729,1.545208e-05,0.0,nan,nan,nan
1078.813,1.545058e-05,0.0,nan,nan,nan
1078.918,1.545207e-05,0.0,nan,nan,nan
1079.002,1.544841e-05,0.0,nan,nan,nan
1079.085,1.545234e-05,0.0,nan,nan,nan
1079.169,1.545388e-05,0.0,nan,nan,nan
1079.252,1.545242e-05,0.0,nan,nan,nan
1079.336,1.545306e-05,0.0,nan,nan,nan
1079.42,1.545309e-05,0.0,nan,nan,nan
1079.507,1.544813e-05,0.0,nan,nan,nan
1079.59,1.545107e-05,0.0,nan,nan,nan
1079.676,1.544971e-05,0.0,nan,nan,nan
1079.759,1.545329e-05,0.0,nan,nan,nan
1079.843,1.544991e-05,0.0,nan,nan,nan
1079.94,1.545157e-05,0.0,nan,nan,nan
1080.024,1.545691e-05,0.0,nan,nan,nan
1080.107,1.544754e-05,0.0,nan,nan,nan
1080.191,1.54536e-05,0.0,nan,nan,nan
1080.275,1.544938e-05,0.0,nan,nan,nan
1080.362,1.544923e-05,0.0,nan,nan,nan
1080.446,1.544964e-05,0.0,nan,nan,nan
1080.542,1.54512e-05,0.0,nan,nan,nan
1080.625,1.545316e-05,0.0,nan,nan,nan
1080.709,1.545428e-05,0.0,nan,nan,nan
1080.793,1.545358e-05,0.0,nan,nan,nan
1080.876,1.545349e-05,0.0,nan,nan,nan
1080.975,1.545297e-05,0.0,nan,nan,nan
1081.059,1.545101e-05,0.0,nan,nan,nan
1081.142,1.545138e-05,0.0,nan,nan,nan
1081.226,1.545314e-05,0.0,nan,nan,nan
1081.31,1.545151e-05,0.0,nan,nan,nan
1081.393,1.545097e-05,0.0,nan,nan,nan
1081.477,1.545045e-05,0.0,nan,nan,nan
1081.577,1.545334e-05,0.0,nan,nan,nan
1081.661,1.545413e-05,0.0,nan,nan,nan
1081.747,1.545424e-05,0.0,nan,nan,nan
1081.831,1.545348e-05,0.0,nan,nan,nan
1081.915,1.544933e-05,0.0,nan,nan,nan
1081.998,1.545286e-05,0.0,nan,nan,nan
1082.082,1.545511e-05,0.0,nan,nan,nan
1082.166,1.544853e-05,0.0,nan,nan,nan
1082.25,1.545132e-05,0.0,nan,nan,nan
1082.333,1.545063e-05,0.0,nan,nan,nan
1082.439,1.544973e-05,0.0,nan,nan,nan
1082.523,1.544864e-05,0.0,nan,nan,nan
1082.606,1.544873e-05,0.0,nan,nan,nan
1082.69,1.54529e-05,0.0,nan,nan,nan
1082.788,1.544996e-05,0.0,nan,nan,nan
1082.872,1.544941e-05,0.0,nan,nan,nan
1082.956,1.545197e-05,0.0,nan,nan,nan
1083.039,1.544834e-05,0.0,nan,nan,nan
1083.123,1.54483e-05,0.0,nan,nan,nan
1083.223,1.544828e-05,0.0,nan,nan,nan
1083.307,1.544786e-05,0.0,nan,nan,nan
1083.39,1.545072e-05,0.0,nan,nan,nan
1083.474,1.54527e-05,0.0,nan,nan,nan
1083.558,1.545221e-05,0.0,nan,nan,nan
1083.642,1.544928e-05,0.0,nan,nan,nan
1083.725,1.545409e-05,0.0,nan,nan,nan
1083.823,1.545028e-05,0.0,nan,nan,nan
1083.906,1.545193e-05,0.0,nan,nan,nan
1083.991,1.545318e-05,0.0,nan,nan,nan
1084.075,1.545505e-05,0.0,nan,nan,nan
1084.159,1.545436e-05,0.0,nan,nan,nan
1084.265,1.54522e-05,0.0,nan,nan,nan
1084.349,1.545291e-05,0.0,nan,nan,nan
1084.473,1.545601e-05,0.0,nan,nan,nan
1084.556,1.545806e-05,0.0,nan,nan,nan
1084.64,1.545325e-05,0.0,nan,nan,nan
1084.724,1.545192e-05,0.0,nan,nan,nan
1084.807,1.545517e-05,0.0,nan,nan,nan
1084.891,1.54535e-05,0.0,nan,nan,nan
1084.975,1.545705e-05,0.0,nan,nan,nan
1085.059,1.545742e-05,0.0,nan,nan,nan
1085.143,1.545121e-05,0.0,nan,nan,nan
1085.226,1.545456e-05,0.0,nan,nan,nan
1085.31,1.545364e-05,0.0,nan,nan,nan
1085.394,1.545628e-05,0.0,nan,nan,nan
1085.479,1.54584e-05,0.0,nan,nan,nan
1085.564,1.545618e-05,0.0,nan,nan,nan
1085.65,1.545649e-05,0.0,nan,nan,nan
1085.733,1.545539e-05,0.0,nan,nan,nan
1085.817,1.545279e-05,0.0,nan,nan,nan
1085.901,1.545666e-05,0.0,nan,nan,nan
1085.984,1.545429e-05,0.0,nan,nan,nan
1086.07,1.545235e-05,0.0,nan,nan,nan
1086.154,1.545426e-05,0.0,nan,nan,nan
1086.238,1.545599e-05,0.0,nan,nan,nan
1086.321,1.545709e-05,0.0,nan,nan,nan
1086.405,1.545772e-05,0.0,nan,nan,nan
1086.499,1.545765e-05,0.0,nan,nan,nan
1086.601,1.545754e-05,0.0,nan,nan,nan
1086.692,1.54583e-05,0.0,nan,nan,nan
1086.775,1.545484e-05,0.0,nan,nan,nan
1086.859,1.545411e-05,0.0,nan,nan,nan
1086.943,1.545051e-05,0.0,nan,nan,nan
1087.026,1.545511e-05,0.0,nan,nan,nan
1087.11,1.54548e-05,0.0,nan,nan,nan
1087.194,1.545386e-05,0.0,nan,nan,nan
1087.281,1.5458e-05,0.0,nan,nan,nan
1087.365,1.545321e-05,0.0,nan,nan,nan
1087.448,1.545527e-05,0.0,nan,nan,nan
1087.532,1.545427e-05,0.0,nan,nan,nan
1087.616,1.545285e-05,0.0,nan,nan,nan
1087.716,1.545547e-05,0.0,nan,nan,nan
1087.799,1.545763e-05,0.0,nan,nan,nan
1087.882,1.54573e-05,0.0,nan,nan,nan
1087.966,1.545549e-05,0.0,nan,nan,nan
1088.05,1.545621e-05,0.0,nan,nan,nan
1088.134,1.546035e-05,0.0,nan,nan,nan
1088.218,1.545354e-05,0.0,nan,nan,nan
1088.301,1.54578e-05,0.0,nan,nan,nan
1088.385,1.545644e-05,0.0,nan,nan,nan
1088.469,1.545415e-05,0.0,nan,nan,nan
1088.552,1.545669e-05,0.0,nan,nan,nan
1088.656,1.545409e-05,0.0,nan,nan,nan
1088.74,1.545644e-05,0.0,nan,nan,nan
1088.823,1.545623e-05,0.0,nan,nan,nan
1088.907,1.545914e-05,0.0,nan,nan,nan
1088.99,1.545762e-05,0.0,nan,nan,nan
1089.076,1.545471e-05,0.0,nan,nan,nan
1089.16,1.545319e-05,0.0,nan,nan,nan
1089.243,1.545357e-05,0.0,nan,nan,nan
1089.342,1.545748e-05,0.0,nan,nan,nan
1089.426,1.545527e-05,0.0,nan,nan,nan
1089.509,1.545528e-05,0.0,nan,nan,nan
1089.593,1.546106e-05,0.0,nan,nan,nan
1089.677,1.545865e-05,0.0,nan,nan,nan
1089.76,1.545521e-05,0.0,nan,nan,nan
1089.844,1.545629e-05,0.0,nan,nan,nan
1089.928,1.545524e-05,0.0,nan,nan,nan
1090.012,1.545818e-05,0.0,nan,nan,nan
1090.096,1.545515e-05,0.0,nan,nan,nan
1090.18,1.545334e-05,0.0,nan,nan,nan
1090.264,1.545927e-05,0.0,nan,nan,nan
1090.348,1.545633e-05,0.0,nan,nan,nan
1090.431,1.545757e-05,0.0,nan,nan,nan
1090.515,1.545632e-05,0.0,nan,nan,nan
1090.599,1.545332e-05,0.0,nan,nan,nan
1090.682,1.54535e-05,0.0,nan,nan,nan
1090.766,1.545199e-05,0.0,nan,nan,nan
1090.849,1.545413e-05,0.0,nan,nan,nan
1090.933,1.545324e-05,0.0,nan,nan,nan
1091.017,1.545698e-05,0.0,nan,nan,nan
1091.1,1.545729e-05,0.0,nan,nan,nan
1091.197,1.545403e-05,0.0,nan,nan,nan
1091.281,1.545328e-05,0.0,nan,nan,nan
1091.388,1.545859e-05,0.0,nan,nan,nan
1091.472,1.546013e-05,0.0,nan,nan,nan
1091.556,1.545675e-05,0.0,nan,nan,nan
1091.639,1.545676e-05,0.0,nan,nan,nan
1091.723,1.545725e-05,0.0,nan,nan,nan
1091.807,1.54544e-05,0.0,nan,nan,nan
1091.891,1.545682e-05,0.0,nan,nan,nan
1091.974,1.545839e-05,0.0,nan,nan,nan
1092.057,1.545261e-05,0.0,nan,nan,nan
1092.141,1.54545e-05,0.0,nan,nan,nan
1092.225,1.545382e-05,0.0,nan,nan,nan
1092.309,1.545426e-05,0.0,nan,nan,nan
1092.392,1.545405e-05,0.0,nan,nan,nan
1092.476,1.545227e-05,0.0,nan,nan,nan
1092.559,1.54545e-05,0.0,nan,nan,nan
1092.643,1.545519e-05,0.0,nan,nan,nan
1092.727,1.545586e-05,0.0,nan,nan,nan
1092.821,1.545406e-05,0.0,nan,nan,nan
1092.904,1.545223e-05,0.0,nan,nan,nan
1092.988,1.545787e-05,0.0,nan,nan,nan
1093.072,1.545356e-05,0.0,nan,nan,nan
1093.155,1.545702e-05,0.0,nan,nan,nan
1093.239,1.545288e-05,0.0,nan,nan,nan
1093.323,1.545515e-05,0.0,nan,nan,nan
1093.406,1.545251e-05,0.0,nan,nan,nan
1093.49,1.545013e-05,0.0,nan,nan,nan
1093.575,1.545265e-05,0.0,nan,nan,nan
1093.658,1.545675e-05,0.0,nan,nan,nan
1093.742,1.545663e-05,0.0,nan,nan,nan
1093.84,1.545303e-05,0.0,nan,nan,nan
1093.924,1.545454e-05,0.0,nan,nan,nan
1094.008,1.545255e-05,0.0,nan,nan,nan
1094.092,1.545372e-05,0.0,nan,nan,nan
1094.175,1.545471e-05,0.0,nan,nan,nan
1094.259,1.545511e-05,0.0,nan,nan,nan
1094.343,1.545539e-05,0.0,nan,nan,nan
1094.427,1.545554e-05,0.0,nan,nan,nan
1094.51,1.545411e-05,0.0,nan,nan,nan
1094.594,1.545836e-05,0.0,nan,nan,nan
1094.688,1.545852e-05,0.0,nan,nan,nan
1094.772,1.545568e-05,0.0,nan,nan,nan
1094.872,1.545921e-05,0.0,nan,nan,nan
1094.956,1.545394e-05,0.0,nan,nan,nan
1095.04,1.54526e-05,0.0,nan,nan,nan
1095.123,1.545246e-05,0.0,nan,nan,nan
1095.207,1.545369e-05,0.0,nan,nan,nan
1095.29,1.545521e-05,0.0,nan,nan,nan
1095.374,1.545595e-05,0.0,nan,nan,nan
1095.458,1.545162e-05,0.0,nan,nan,nan
1095.541,1.545085e-05,0.0,nan,nan,nan
1095.625,1.545351e-05,0.0,nan,nan,nan
1095.709,1.545994e-05,0.0,nan,nan,nan
1095.792,1.545856e-05,0.0,nan,nan,nan
1095.876,1.545587e-05,0.0,nan,nan,nan
1095.96,1.545651e-05,0.0,nan,nan,nan
1096.044,1.545279e-05,0.0,nan,nan,nan
1096.127,1.545479e-05,0.0,nan,nan,nan
1096.211,1.545851e-05,0.0,nan,nan,nan
1096.3,1.54536e-05,0.0,nan,nan,nan
1096.384,1.545429e-05,0.0,nan,nan,nan
1096.469,1.545847e-05,0.0,nan,nan,nan
1096.552,1.545571e-05,0.0,nan,nan,nan
1096.636,1.54586e-05,0.0,nan,nan,nan
1096.736,1.545765e-05,0.0,nan,nan,nan
1096.82,1.545692e-05,0.0,nan,nan,nan
1096.939,1.545865e-05,0.0,nan,nan,nan
1097.023,1.546273e-05,0.0,nan,nan,nan
1097.114,1.545656e-05,0.0,nan,nan,nan
1097.198,1.54534e-05,0.0,nan,nan,nan
1097.282,1.545362e-05,0.0,nan,nan,nan
1097.366,1.545549e-05,0.0,nan,nan,nan
1097.449,1.545524e-05,0.0,nan,nan,nan
1097.533,1.545546e-05,0.0,nan,nan,nan
1097.617,1.545429e-05,0.0,nan,nan,nan
1097.702,1.545123e-05,0.0,nan,nan,nan
1097.785,1.545521e-05,0.0,nan,nan,nan
1097.869,1.545162e-05,0.0,nan,nan,nan
1097.953,1.545171e-05,0.0,nan,nan,nan
1098.037,1.545201e-05,0.0,nan,nan,nan
1098.138,1.545319e-05,0.0,nan,nan,nan
1098.222,1.545818e-05,0.0,nan,nan,nan
1098.306,1.545809e-05,0.0,nan,nan,nan
1098.39,1.54572e-05,0.0,nan,nan,nan
1098.474,1.545741e-05,0.0,nan,nan,nan
1098.557,1.545972e-05,0.0,nan,nan,nan
1098.641,1.546217e-05,0.0,nan,nan,nan
1098.748,1.545924e-05,0.0,nan,nan,nan
1098.831,1.545869e-05,0.0,nan,nan,nan
1098.916,1.545962e-05,0.0,nan,nan,nan
1099.026,1.545812e-05,0.0,nan,nan,nan
1099.109,1.546273e-05,0.0,nan,nan,nan
1099.193,1.545965e-05,0.0,nan,nan,nan
1099.277,1.546066e-05,0.0,nan,nan,nan
1099.36,1.545253e-05,0.0,nan,nan,nan
1099.444,1.545746e-05,0.0,nan,nan,nan
1099.527,1.545759e-05,0.0,nan,nan,nan
1099.611,1.545846e-05,0.0,nan,nan,nan
1099.695,1.545194e-05,0.0,nan,nan,nan
1099.779,1.5452e-05,0.0,nan,nan,nan
1099.862,1.545613e-05,0.0,nan,nan,nan
1099.97,1.545528e-05,0.0,nan,nan,nan
1100.053,1.545018e-05,0.0,nan,nan,nan
1100.137,1.545302e-05,0.0,nan,nan,nan
1100.22,1.545152e-05,0.0,nan,nan,nan
1100.304,1.545656e-05,0.0,nan,nan,nan
1100.388,1.54528e-05,0.0,nan,nan,nan
1100.472,1.545321e-05,0.0,nan,nan,nan
1100.572,1.545626e-05,0.0,nan,nan,nan
1100.655,1.545213e-05,0.0,nan,nan,nan
1100.739,1.544999e-05,0.0,nan,nan,nan
1100.823,1.545508e-05,0.0,nan,nan,nan
1100.906,1.545311e-05,0.0,nan,nan,nan
1101.0,1.545483e-05,0.0,nan,nan,nan
1101.102,1.545345e-05,0.0,nan,nan,nan
1101.186,1.545029e-05,0.0,nan,nan,nan
1101.27,1.545082e-05,0.0,nan,nan,nan
1101.354,1.545186e-05,0.0,nan,nan,nan
1101.438,1.545484e-05,0.0,nan,nan,nan
1101.521,1.545758e-05,0.0,nan,nan,nan
1101.605,1.545578e-05,0.0,nan,nan,nan
1101.689,1.545569e-05,0.0,nan,nan,nan
1101.786,1.545552e-05,0.0,nan,nan,nan
1101.87,1.545432e-05,0.0,nan,nan,nan
1101.953,1.545814e-05,0.0,nan,nan,nan
1102.037,1.545594e-05,0.0,nan,nan,nan
1102.121,1.545578e-05,0.0,nan,nan,nan
1102.214,1.545435e-05,0.0,nan,nan,nan
1102.298,1.545278e-05,0.0,nan,nan,nan
1102.404,1.545151e-05,0.0,nan,nan,nan
1102.488,1.545689e-05,0.0,nan,nan,nan
1102.572,1.5457e-05,0.0,nan,nan,nan
1102.655,1.545538e-05,0.0,nan,nan,nan
1102.739,1.545481e-05,0.0,nan,nan,nan
1102.825,1.545399e-05,0.0,nan,nan,nan
1102.909,1.545692e-05,0.0,nan,nan,nan
1102.993,1.545198e-05,0.0,nan,nan,nan
1103.077,1.545349e-05,0.0,nan,nan,nan
1103.167,1.545589e-05,0.0,nan,nan,nan
1103.251,1.545699e-05,0.0,nan,nan,nan
1103.334,1.545923e-05,0.0,nan,nan,nan
1103.425,1.545506e-05,0.0,nan,nan,nan
1103.508,1.545734e-05,0.0,nan,nan,nan
1103.592,1.545089e-05,0.0,nan,nan,nan
1103.676,1.545173e-05,0.0,nan,nan,nan
1103.759,1.544999e-05,0.0,nan,nan,nan
1103.843,1.545487e-05,0.0,nan,nan,nan
1103.927,1.545244e-05,0.0,nan,nan,nan
1104.011,1.545561e-05,0.0,nan,nan,nan
1104.095,1.545748e-05,0.0,nan,nan,nan
1104.179,1.545428e-05,0.0,nan,nan,nan
1104.263,1.545464e-05,0.0,nan,nan,nan
1104.346,1.545469e-05,0.0,nan,nan,nan
1104.451,1.545555e-05,0.0,nan,nan,nan
1104.534,1.545264e-05,0.0,nan,nan,nan
1104.618,1.545431e-05,0.0,nan,nan,nan
1104.701,1.546029e-05,0.0,nan,nan,nan
1104.785,1.545981e-05,0.0,nan,nan,nan
1104.869,1.545985e-05,0.0,nan,nan,nan
1104.953,1.545797e-05,0.0,nan,nan,nan
1105.036,1.545973e-05,0.0,nan,nan,nan
1105.12,1.546402e-05,0.0,nan,nan,nan
1105.206,1.545737e-05,0.0,nan,nan,nan
1105.29,1.546104e-05,0.0,nan,nan,nan
1105.384,1.546028e-05,0.0,nan,nan,nan
1105.491,1.546113e-05,0.0,nan,nan,nan
1105.575,1.545329e-05,0.0,nan,nan,nan
1105.658,1.545526e-05,0.0,nan,nan,nan
1105.742,1.545826e-05,0.0,nan,nan,nan
1105.825,1.545611e-05,0.0,nan,nan,nan
1105.909,1.545075e-05,0.0,nan,nan,nan
1105.993,1.545066e-05,0.0,nan,nan,nan
1106.083,1.545853e-05,0.0,nan,nan,nan
1106.166,1.545646e-05,0.0,nan,nan,nan
1106.264,1.545524e-05,0.0,nan,nan,nan
1106.348,1.545256e-05,0.0,nan,nan,nan
1106.431,1.545854e-05,0.0,nan,nan,nan
1106.515,1.545834e-05,0.0,nan,nan,nan
1106.599,1.545822e-05,0.0,nan,nan,nan
1106.683,1.545636e-05,0.0,nan,nan,nan
1106.766,1.545918e-05,0.0,nan,nan,nan
1106.85,1.545643e-05,0.0,nan,nan,nan
1106.933,1.545193e-05,0.0,nan,nan,nan
1107.017,1.546125e-05,0.0,nan,nan,nan
1107.107,1.545831e-05,0.0,nan,nan,nan
1107.19,1.545635e-05,0.0,nan,nan,nan
1107.274,1.545945e-05,0.0,nan,nan,nan
1107.358,1.545753e-05,0.0,nan,nan,nan
1107.441,1.545697e-05,0.0,nan,nan,nan
1107.525,1.545691e-05,0.0,nan,nan,nan
1107.608,1.546105e-05,0.0,nan,nan,nan
1107.692,1.546012e-05,0.0,nan,nan,nan
1107.775,1.545757e-05,0.0,nan,nan,nan
1107.859,1.545734e-05,0.0,nan,nan,nan
1107.942,1.545637e-05,0.0,nan,nan,nan
1108.026,1.545589e-05,0.0,nan,nan,nan
1108.123,1.545556e-05,0.0,nan,nan,nan
1108.206,1.545701e-05,0.0,nan,nan,nan
1108.29,1.54553e-05,0.0,nan,nan,nan
1108.373,1.545429e-05,0.0,nan,nan,nan
1108.459,1.545629e-05,0.0,nan,nan,nan
1108.542,1.54598e-05,0.0,nan,nan,nan
1108.626,1.545641e-05,0.0,nan,nan,nan
1108.71,1.545043e-05,0.0,nan,nan,nan
1108.793,1.545605e-05,0.0,nan,nan,nan
1108.877,1.545689e-05,0.0,nan,nan,nan
1108.96,1.545501e-05,0.0,nan,nan,nan
1109.044,1.545369e-05,0.0,nan,nan,nan
1109.14,1.545446e-05,0.0,nan,nan,nan
1109.224,1.545309e-05,0.0,nan,nan,nan
1109.307,1.545978e-05,0.0,nan,nan,nan
1109.406,1.545534e-05,0.0,nan,nan,nan
1109.49,1.545686e-05,0.0,nan,nan,nan
1109.573,1.545602e-05,0.0,nan,nan,nan
1109.657,1.545783e-05,0.0,nan,nan,nan
1109.749,1.545412e-05,0.0,nan,nan,nan
1109.833,1.545636e-05,0.0,nan,nan,nan
1109.917,1.545434e-05,0.0,nan,nan,nan
1110.0,1.546143e-05,0.0,nan,nan,nan
1110.084,1.545769e-05,0.0,nan,nan,nan
1110.169,1.545668e-05,0.0,nan,nan,nan
1110.253,1.545588e-05,0.0,nan,nan,nan
1110.337,1.545439e-05,0.0,nan,nan,nan
1110.421,1.545659e-05,0.0,nan,nan,nan
1110.505,1.545325e-05,0.0,nan,nan,nan
1110.588,1.545589e-05,0.0,nan,nan,nan
1110.672,1.545485e-05,0.0,nan,nan,nan
1110.776,1.545432e-05,0.0,nan,nan,nan
1110.86,1.545763e-05,0.0,nan,nan,nan
1110.943,1.545618e-05,0.0,nan,nan,nan
1111.027,1.545518e-05,0.0,nan,nan,nan
1111.11,1.545347e-05,0.0,nan,nan,nan
1111.194,1.545713e-05,0.0,nan,nan,nan
1111.278,1.545432e-05,0.0,nan,nan,nan
1111.361,1.545773e-05,0.0,nan,nan,nan
1111.464,1.545646e-05,0.0,nan,nan,nan
1111.547,1.545415e-05,0.0,nan,nan,nan
1111.631,1.545029e-05,0.0,nan,nan,nan
1111.715,1.545878e-05,0.0,nan,nan,nan
1111.798,1.545469e-05,0.0,nan,nan,nan
1111.882,1.545251e-05,0.0,nan,nan,nan
1111.966,1.545523e-05,0.0,nan,nan,nan
1112.05,1.545063e-05,0.0,nan,nan,nan
1112.133,1.545041e-05,0.0,nan,nan,nan
1112.223,1.544858e-05,0.0,nan,nan,nan
1112.307,1.545189e-05,0.0,nan,nan,nan
1112.39,1.54536e-05,0.0,nan,nan,nan
1112.474,1.545453e-05,0.0,nan,nan,nan
1112.559,1.54542e-05,0.0,nan,nan,nan
1112.642,1.545622e-05,0.0,nan,nan,nan
1112.726,1.545017e-05,0.0,nan,nan,nan
1112.823,1.545459e-05,0.0,nan,nan,nan
1112.907,1.545584e-05,0.0,nan,nan,nan
1112.99,1.545292e-05,0.0,nan,nan,nan
1113.074,1.545756e-05,0.0,nan,nan,nan
1113.158,1.545347e-05,0.0,nan,nan,nan
1113.242,1.545012e-05,0.0,nan,nan,nan
1113.326,1.545307e-05,0.0,nan,nan,nan
1113.409,1.545135e-05,0.0,nan,nan,nan
1113.493,1.545465e-05,0.0,nan,nan,nan
1113.594,1.545378e-05,0.0,nan,nan,nan
1113.678,1.54554e-05,0.0,nan,nan,nan
1113.762,1.545352e-05,0.0,nan,nan,nan
1113.853,1.544867e-05,0.0,nan,nan,nan
1113.937,1.545721e-05,0.0,nan,nan,nan
1114.044,1.545483e-05,0.0,nan,nan,nan
1114.128,1.545001e-05,0.0,nan,nan,nan
1114.212,1.545159e-05,0.0,nan,nan,nan
1114.295,1.545272e-05,0.0,nan,nan,nan
1114.379,1.54529e-05,0.0,nan,nan,nan
1114.463,1.545536e-05,0.0,nan,nan,nan
1114.547,1.545363e-05,0.0,nan,nan,nan
1114.631,1.545365e-05,0.0,nan,nan,nan
1114.715,1.545415e-05,0.0,nan,nan,nan
1114.798,1.545614e-05,0.0,nan,nan,nan
1114.882,1.54603e-05,0.0,nan,nan,nan
1114.966,1.545934e-05,0.0,nan,nan,nan
1115.06,1.545745e-05,0.0,nan,nan,nan
1115.143,1.545733e-05,0.0,nan,nan,nan
1115.228,1.545709e-05,0.0,nan,nan,nan
1115.311,1.54603e-05,0.0,nan,nan,nan
1115.395,1.545608e-05,0.0,nan,nan,nan
1115.482,1.545784e-05,0.0,nan,nan,nan
1115.566,1.544972e-05,0.0,nan,nan,nan
1115.656,1.545281e-05,0.0,nan,nan,nan
1115.74,1.545499e-05,0.0,nan,nan,nan
1115.824,1.545501e-05,0.0,nan,nan,nan
1115.907,1.545544e-05,0.0,nan,nan,nan
1115.991,1.545712e-05,0.0,nan,nan,nan
1116.083,1.545824e-05,0.0,nan,nan,nan
1116.166,1.545648e-05,0.0,nan,nan,nan
1116.249,1.545791e-05,0.0,nan,nan,nan
1116.333,1.545424e-05,0.0,nan,nan,nan
1116.417,1.545455e-05,0.0,nan,nan,nan
1116.51,1.54577e-05,0.0,nan,nan,nan
1116.594,1.545513e-05,0.0,nan,nan,nan
1116.678,1.545455e-05,0.0,nan,nan,nan
1116.762,1.546003e-05,0.0,nan,nan,nan
1116.846,1.545712e-05,0.0,nan,nan,nan
1116.929,1.545584e-05,0.0,nan,nan,nan
1117.013,1.546104e-05,0.0,nan,nan,nan
1117.097,1.545815e-05,0.0,nan,nan,nan
1117.18,1.545759e-05,0.0,nan,nan,nan
1117.264,1.545914e-05,0.0,nan,nan,nan
1117.347,1.545762e-05,0.0,nan,nan,nan
1117.431,1.545587e-05,0.0,nan,nan,nan
1117.517,1.54567e-05,0.0,nan,nan,nan
1117.601,1.545767e-05,0.0,nan,nan,nan
1117.729,1.545945e-05,0.0,nan,nan,nan
1117.812,1.545423e-05,0.0,nan,nan,nan
1117.898,1.5455e-05,0.0,nan,nan,nan
1117.981,1.545525e-05,0.0,nan,nan,nan
1118.065,1.545374e-05,0.0,nan,nan,nan
1118.148,1.54534e-05,0.0,nan,nan,nan
1118.232,1.545402e-05,0.0,nan,nan,nan
1118.342,1.545804e-05,0.0,nan,nan,nan
1118.425,1.545476e-05,0.0,nan,nan,nan
1118.509,1.54581e-05,0.0,nan,nan,nan
1118.593,1.54571e-05,0.0,nan,nan,nan
1118.677,1.545458e-05,0.0,nan,nan,nan
1118.763,1.545169e-05,0.0,nan,nan,nan
1118.846,1.5458e-05,0.0,nan,nan,nan
1118.952,1.54507e-05,0.0,nan,nan,nan
1119.036,1.545235e-05,0.0,nan,nan,nan
1119.12,1.54535e-05,0.0,nan,nan,nan
1119.203,1.545435e-05,0.0,nan,nan,nan
1119.287,1.545459e-05,0.0,nan,nan,nan
1119.371,1.545385e-05,0.0,nan,nan,nan
1119.454,1.544754e-05,0.0,nan,nan,nan
1119.545,1.5451e-05,0.0,nan,nan,nan
1119.629,1.545288e-05,0.0,nan,nan,nan
1119.712,1.545464e-05,0.0,nan,nan,nan
1119.802,1.54555e-05,0.0,nan,nan,nan
1119.885,1.545404e-05,0.0,nan,nan,nan
1119.974,1.545618e-05,0.0,nan,nan,nan
1120.058,1.545451e-05,0.0,nan,nan,nan
1120.143,1.545481e-05,0.0,nan,nan,nan
1120.227,1.545376e-05,0.0,nan,nan,nan
1120.31,1.545636e-05,0.0,nan,nan,nan
1120.394,1.545379e-05,0.0,nan,nan,nan
1120.478,1.545543e-05,0.0,nan,nan,nan
1120.573,1.545802e-05,0.0,nan,nan,nan
1120.657,1.54562e-05,0.0,nan,nan,nan
1120.743,1.545331e-05,0.0,nan,nan,nan
1120.826,1.545432e-05,0.0,nan,nan,nan
1120.91,1.545679e-05,0.0,nan,nan,nan
1120.994,1.545049e-05,0.0,nan,nan,nan
1121.077,1.54551e-05,0.0,nan,nan,nan
1121.183,1.545353e-05,0.0,nan,nan,nan
1121.266,1.545351e-05,0.0,nan,nan,nan
1121.35,1.545081e-05,0.0,nan,nan,nan
1121.434,1.544834e-05,0.0,nan,nan,nan
1121.518,1.545238e-05,0.0,nan,nan,nan
1121.602,1.544856e-05,0.0,nan,nan,nan
1121.685,1.545825e-05,0.0,nan,nan,nan
1121.785,1.545581e-05,0.0,nan,nan,nan
1121.869,1.545618e-05,0.0,nan,nan,nan
1121.952,1.545311e-05,0.0,nan,nan,nan
1122.036,1.545597e-05,0.0,nan,nan,nan
1122.119,1.545563e-05,0.0,nan,nan,nan
1122.216,1.54553e-05,0.0,nan,nan,nan
1122.3,1.545321e-05,0.0,nan,nan,nan
1122.384,1.545123e-05,0.0,nan,nan,nan
1122.468,1.545089e-05,0.0,nan,nan,nan
1122.551,1.54539e-05,0.0,nan,nan,nan
1122.635,1.545502e-05,0.0,nan,nan,nan
1122.719,1.545152e-05,0.0,nan,nan,nan
1122.824,1.54535e-05,0.0,nan,nan,nan
1122.907,1.545124e-05,0.0,nan,nan,nan
1122.991,1.545143e-05,0.0,nan,nan,nan
1123.075,1.545294e-05,0.0,nan,nan,nan
1123.158,1.54542e-05,0.0,nan,nan,nan
1123.251,1.545138e-05,0.0,nan,nan,nan
1123.335,1.545104e-05,0.0,nan,nan,nan
1123.438,1.545047e-05,0.0,nan,nan,nan
1123.521,1.54524e-05,0.0,nan,nan,nan
1123.605,1.545456e-05,0.0,nan,nan,nan
1123.689,1.545513e-05,0.0,nan,nan,nan
1123.773,1.545062e-05,0.0,nan,nan,nan
1123.857,1.544944e-05,0.0,nan,nan,nan
1123.94,1.545452e-05,0.0,nan,nan,nan
1124.035,1.545656e-05,0.0,nan,nan,nan
1124.119,1.545577e-05,0.0,nan,nan,nan
1124.203,1.54564e-05,0.0,nan,nan,nan
1124.287,1.545464e-05,0.0,nan,nan,nan
1124.371,1.545473e-05,0.0,nan,nan,nan
1124.468,1.545229e-05,0.0,nan,nan,nan
1124.552,1.545084e-05,0.0,nan,nan,nan
1124.636,1.545549e-05,0.0,nan,nan,nan
1124.719,1.545224e-05,0.0,nan,nan,nan
1124.803,1.545292e-05,0.0,nan,nan,nan
1124.887,1.545375e-05,0.0,nan,nan,nan
1124.97,1.545426e-05,0.0,nan,nan,nan
1125.075,1.54521e-05,0.0,nan,nan,nan
1125.159,1.545658e-05,0.0,nan,nan,nan
1125.242,1.545709e-05,0.0,nan,nan,nan
1125.326,1.545454e-05,0.0,nan,nan,nan
1125.409,1.545534e-05,0.0,nan,nan,nan
1125.493,1.545662e-05,0.0,nan,nan,nan
1125.577,1.54548e-05,0.0,nan,nan,nan
1125.664,1.545223e-05,0.0,nan,nan,nan
1125.749,1.545173e-05,0.0,nan,nan,nan
1125.832,1.54509e-05,0.0,nan,nan,nan
1125.916,1.545192e-05,0.0,nan,nan,nan
1126.002,1.545256e-05,0.0,nan,nan,nan
1126.089,1.545192e-05,0.0,nan,nan,nan
1126.173,1.544991e-05,0.0,nan,nan,nan
1126.256,1.545247e-05,0.0,nan,nan,nan
1126.34,1.545022e-05,0.0,nan,nan,nan
1126.423,1.545231e-05,0.0,nan,nan,nan
1126.508,1.54504e-05,0.0,nan,nan,nan
1126.592,1.545643e-05,0.0,nan,nan,nan
1126.676,1.545299e-05,0.0,nan,nan,nan
1126.759,1.545483e-05,0.0,nan,nan,nan
1126.843,1.545346e-05,0.0,nan,nan,nan
1126.927,1.545499e-05,0.0,nan,nan,nan
1127.01,1.54518e-05,0.0,nan,nan,nan
1127.094,1.545247e-05,0.0,nan,nan,nan
1127.178,1.545222e-05,0.0,nan,nan,nan
1127.261,1.54528e-05,0.0,nan,nan,nan
1127.345,1.545233e-05,0.0,nan,nan,nan
1127.429,1.545151e-05,0.0,nan,nan,nan
1127.526,1.54525e-05,0.0,nan,nan,nan
1127.61,1.545122e-05,0.0,nan,nan,nan
1127.694,1.545834e-05,0.0,nan,nan,nan
1127.778,1.545324e-05,0.0,nan,nan,nan
1127.862,1.545395e-05,0.0,nan,nan,nan
1127.946,1.545547e-05,0.0,nan,nan,nan
1128.056,1.54538e-05,0.0,nan,nan,nan
1128.14,1.545576e-05,0.0,nan,nan,nan
1128.223,1.545204e-05,0.0,nan,nan,nan
1128.307,1.545464e-05,0.0,nan,nan,nan
1128.391,1.545264e-05,0.0,nan,nan,nan
1128.475,1.545156e-05,0.0,nan,nan,nan
1128.559,1.545303e-05,0.0,nan,nan,nan
1128.643,1.545471e-05,0.0,nan,nan,nan
1128.746,1.545447e-05,0.0,nan,nan,nan
1128.829,1.545389e-05,0.0,nan,nan,nan
1128.913,1.545489e-05,0.0,nan,nan,nan
1128.996,1.545459e-05,0.0,nan,nan,nan
1129.08,1.545639e-05,0.0,nan,nan,nan
1129.164,1.5454e-05,0.0,nan,nan,nan
1129.248,1.545446e-05,0.0,nan,nan,nan
1129.36,1.545158e-05,0.0,nan,nan,nan
1129.443,1.545247e-05,0.0,nan,nan,nan
1129.527,1.544991e-05,0.0,nan,nan,nan
1129.61,1.545233e-05,0.0,nan,nan,nan
1129.694,1.54515e-05,0.0,nan,nan,nan
1129.778,1.545437e-05,0.0,nan,nan,nan
1129.861,1.545322e-05,0.0,nan,nan,nan
1129.976,1.545156e-05,0.0,nan,nan,nan
1130.059,1.545581e-05,0.0,nan,nan,nan
1130.157,1.545538e-05,0.0,nan,nan,nan
1130.241,1.545363e-05,0.0,nan,nan,nan
1130.326,1.545147e-05,0.0,nan,nan,nan
1130.44,1.545227e-05,0.0,nan,nan,nan
1130.524,1.544902e-05,0.0,nan,nan,nan
1130.607,1.544862e-05,0.0,nan,nan,nan
1130.691,1.545115e-05,0.0,nan,nan,nan
1130.777,1.545258e-05,0.0,nan,nan,nan
1130.861,1.544943e-05,0.0,nan,nan,nan
1130.945,1.545203e-05,0.0,nan,nan,nan
1131.028,1.545091e-05,0.0,nan,nan,nan
1131.112,1.545392e-05,0.0,nan,nan,nan
1131.196,1.545512e-05,0.0,nan,nan,nan
1131.28,1.545744e-05,0.0,nan,nan,nan
1131.386,1.545117e-05,0.0,nan,nan,nan
1131.469,1.545764e-05,0.0,nan,nan,nan
1131.577,1.545189e-05,0.0,nan,nan,nan
1131.661,1.545164e-05,0.0,nan,nan,nan
1131.744,1.545282e-05,0.0,nan,nan,nan
1131.828,1.545288e-05,0.0,nan,nan,nan
1131.912,1.545515e-05,0.0,nan,nan,nan
1132.008,1.545278e-05,0.0,nan,nan,nan
1132.092,1.545188e-05,0.0,nan,nan,nan
1132.176,1.545523e-05,0.0,nan,nan,nan
1132.276,1.545172e-05,0.0,nan,nan,nan
1132.359,1.545353e-05,0.0,nan,nan,nan
1132.447,1.545341e-05,0.0,nan,nan,nan
1132.53,1.545403e-05,0.0,nan,nan,nan
1132.634,1.545048e-05,0.0,nan,nan,nan
1132.718,1.545293e-05,0.0,nan,nan,nan
1132.801,1.545457e-05,0.0,nan,nan,nan
1132.885,1.545149e-05,0.0,nan,nan,nan
1132.969,1.544997e-05,0.0,nan,nan,nan
1133.052,1.545001e-05,0.0,nan,nan,nan
1133.136,1.545035e-05,0.0,nan,nan,nan
1133.219,1.545434e-05,0.0,nan,nan,nan
1133.303,1.54526e-05,0.0,nan,nan,nan
1133.387,1.545706e-05,0.0,nan,nan,nan
1133.47,1.545436e-05,0.0,nan,nan,nan
1133.554,1.545571e-05,0.0,nan,nan,nan
1133.638,1.545498e-05,0.0,nan,nan,nan
1133.722,1.545157e-05,0.0,nan,nan,nan
1133.806,1.545327e-05,0.0,nan,nan,nan
1133.889,1.545629e-05,0.0,nan,nan,nan
1133.973,1.545781e-05,0.0,nan,nan,nan
1134.074,1.545588e-05,0.0,nan,nan,nan
1134.158,1.545928e-05,0.0,nan,nan,nan
1134.242,1.545641e-05,0.0,nan,nan,nan
1134.36,1.545741e-05,0.0,nan,nan,nan
1134.445,1.545813e-05,0.0,nan,nan,nan
1134.529,1.545816e-05,0.0,nan,nan,nan
1134.613,1.545962e-05,0.0,nan,nan,nan
1134.696,1.545644e-05,0.0,nan,nan,nan
1134.78,1.545924e-05,0.0,nan,nan,nan
1134.891,1.5462e-05,0.0,nan,nan,nan
1134.975,1.545775e-05,0.0,nan,nan,nan
1135.059,1.54542e-05,0.0,nan,nan,nan
1135.15,1.545394e-05,0.0,nan,nan,nan
1135.234,1.545471e-05,0.0,nan,nan,nan
1135.326,1.545779e-05,0.0,nan,nan,nan
1135.41,1.545557e-05,0.0,nan,nan,nan
1135.506,1.545882e-05,0.0,nan,nan,nan
1135.59,1.545485e-05,0.0,nan,nan,nan
1135.674,1.546037e-05,0.0,nan,nan,nan
1135.757,1.545668e-05,0.0,nan,nan,nan
1135.841,1.54576e-05,0.0,nan,nan,nan
1135.924,1.545538e-05,0.0,nan,nan,nan
1136.008,1.54539e-05,0.0,nan,nan,nan
1136.092,1.545788e-05,0.0,nan,nan,nan
1136.176,1.545659e-05,0.0,nan,nan,nan
1136.26,1.545538e-05,0.0,nan,nan,nan
1136.344,1.545744e-05,0.0,nan,nan,nan
1136.432,1.545684e-05,0.0,nan,nan,nan
1136.523,1.545555e-05,0.0,nan,nan,nan
1136.606,1.545318e-05,0.0,nan,nan,nan
1136.69,1.545685e-05,0.0,nan,nan,nan
1136.773,1.546007e-05,0.0,nan,nan,nan
1136.857,1.545749e-05,0.0,nan,nan,nan
1136.941,1.545918e-05,0.0,nan,nan,nan
1137.024,1.54577e-05,0.0,nan,nan,nan
1137.108,1.546258e-05,0.0,nan,nan,nan
1137.192,1.545757e-05,0.0,nan,nan,nan
1137.276,1.546215e-05,0.0,nan,nan,nan
1137.359,1.545955e-05,0.0,nan,nan,nan
1137.443,1.545527e-05,0.0,nan,nan,nan
1137.544,1.545724e-05,0.0,nan,nan,nan
1137.628,1.545976e-05,0.0,nan,nan,nan
1137.711,1.545387e-05,0.0,nan,nan,nan
1137.795,1.545323e-05,0.0,nan,nan,nan
1137.879,1.545823e-05,0.0,nan,nan,nan
1137.963,1.545623e-05,0.0,nan,nan,nan
1138.046,1.545246e-05,0.0,nan,nan,nan
1138.13,1.545672e-05,0.0,nan,nan,nan
1138.213,1.545323e-05,0.0,nan,nan,nan
1138.297,1.545272e-05,0.0,nan,nan,nan
1138.381,1.545191e-05,0.0,nan,nan,nan
1138.495,1.54531e-05,0.0,nan,nan,nan
1138.579,1.545462e-05,0.0,nan,nan,nan
1138.662,1.545727e-05,0.0,nan,nan,nan
1138.747,1.546155e-05,0.0,nan,nan,nan
1138.831,1.545737e-05,0.0,nan,nan,nan
1138.915,1.545819e-05,0.0,nan,nan,nan
1138.999,1.545567e-05,0.0,nan,nan,nan
1139.082,1.545692e-05,0.0,nan,nan,nan
1139.186,1.545439e-05,0.0,nan,nan,nan
1139.27,1.545655e-05,0.0,nan,nan,nan
1139.356,1.545299e-05,0.0,nan,nan,nan
1139.44,1.545273e-05,0.0,nan,nan,nan
1139.523,1.545535e-05,0.0,nan,nan,nan
1139.607,1.545425e-05,0.0,nan,nan,nan
1139.69,1.545527e-05,0.0,nan,nan,nan
1139.784,1.545348e-05,0.0,nan,nan,nan
1139.868,1.545224e-05,0.0,nan,nan,nan
1139.951,1.544919e-05,0.0,nan,nan,nan
1140.035,1.545598e-05,0.0,nan,nan,nan
1140.119,1.545432e-05,0.0,nan,nan,nan
1140.218,1.545172e-05,0.0,nan,nan,nan
1140.301,1.545534e-05,0.0,nan,nan,nan
1140.405,1.545262e-05,0.0,nan,nan,nan
1140.489,1.545571e-05,0.0,nan,nan,nan
1140.572,1.545256e-05,0.0,nan,nan,nan
1140.656,1.54542e-05,0.0,nan,nan,nan
1140.74,1.545169e-05,0.0,nan,nan,nan
1140.823,1.54488e-05,0.0,nan,nan,nan
1140.907,1.545593e-05,0.0,nan,nan,nan
1140.99,1.545596e-05,0.0,nan,nan,nan
1141.074,1.545444e-05,0.0,nan,nan,nan
1141.158,1.545404e-05,0.0,nan,nan,nan
1141.241,1.545618e-05,0.0,nan,nan,nan
1141.325,1.545501e-05,0.0,nan,nan,nan
1141.41,1.545773e-05,0.0,nan,nan,nan
1141.494,1.545254e-05,0.0,nan,nan,nan
1141.577,1.545762e-05,0.0,nan,nan,nan
1141.661,1.545889e-05,0.0,nan,nan,nan
1141.745,1.545185e-05,0.0,nan,nan,nan
1141.842,1.545392e-05,0.0,nan,nan,nan
1141.926,1.545609e-05,0.0,nan,nan,nan
1142.009,1.545431e-05,0.0,nan,nan,nan
1142.093,1.545831e-05,0.0,nan,nan,nan
1142.177,1.545533e-05,0.0,nan,nan,nan
1142.261,1.546044e-05,0.0,nan,nan,nan
1142.344,1.545827e-05,0.0,nan,nan,nan
1142.445,1.546008e-05,0.0,nan,nan,nan
1142.529,1.545717e-05,0.0,nan,nan,nan
1142.623,1.545214e-05,0.0,nan,nan,nan
1142.707,1.545662e-05,0.0,nan,nan,nan
1142.791,1.545534e-05,0.0,nan,nan,nan
1142.875,1.545596e-05,0.0,nan,nan,nan
1142.958,1.545123e-05,0.0,nan,nan,nan
1143.058,1.545118e-05,0.0,nan,nan,nan
1143.142,1.545093e-05,0.0,nan,nan,nan
1143.225,1.545242e-05,0.0,nan,nan,nan
1143.309,1.545245e-05,0.0,nan,nan,nan
1143.393,1.545568e-05,0.0,nan,nan,nan
1143.476,1.545474e-05,0.0,nan,nan,nan
1143.56,1.545759e-05,0.0,nan,nan,nan
1143.644,1.545691e-05,0.0,nan,nan,nan
1143.728,1.5456e-05,0.0,nan,nan,nan
1143.811,1.546216e-05,0.0,nan,nan,nan
1143.895,1.545894e-05,0.0,nan,nan,nan
1143.979,1.545605e-05,0.0,nan,nan,nan
1144.069,1.545874e-05,0.0,nan,nan,nan
1144.152,1.545625e-05,0.0,nan,nan,nan
1144.252,1.545936e-05,0.0,nan,nan,nan
1144.336,1.545696e-05,0.0,nan,nan,nan
1144.419,1.545603e-05,0.0,nan,nan,nan
1144.503,1.545488e-05,0.0,nan,nan,nan
1144.587,1.545776e-05,0.0,nan,nan,nan
1144.689,1.545617e-05,0.0,nan,nan,nan
1144.772,1.545215e-05,0.0,nan,nan,nan
1144.856,1.545499e-05,0.0,nan,nan,nan
1144.94,1.545504e-05,0.0,nan,nan,nan
1145.023,1.545361e-05,0.0,nan,nan,nan
1145.107,1.545654e-05,0.0,nan,nan,nan
1145.191,1.545948e-05,0.0,nan,nan,nan
1145.296,1.545676e-05,0.0,nan,nan,nan
1145.38,1.545702e-05,0.0,nan,nan,nan
1145.463,1.545547e-05,0.0,nan,nan,nan
1145.547,1.545698e-05,0.0,nan,nan,nan
1145.631,1.545521e-05,0.0,nan,nan,nan
1145.715,1.545668e-05,0.0,nan,nan,nan
1145.798,1.545925e-05,0.0,nan,nan,nan
1145.882,1.545506e-05,0.0,nan,nan,nan
1145.966,1.545274e-05,0.0,nan,nan,nan
1146.049,1.545437e-05,0.0,nan,nan,nan
1146.133,1.545646e-05,0.0,nan,nan,nan
1146.217,1.545345e-05,0.0,nan,nan,nan
1146.3,1.545553e-05,0.0,nan,nan,nan
1146.384,1.545792e-05,0.0,nan,nan,nan
1146.468,1.545848e-05,0.0,nan,nan,nan
1146.552,1.545442e-05,0.0,nan,nan,nan
1146.636,1.545813e-05,0.0,nan,nan,nan
1146.773,1.546005e-05,0.0,nan,nan,nan
1146.856,1.54565e-05,0.0,nan,nan,nan
1146.94,1.54591e-05,0.0,nan,nan,nan
1147.023,1.545338e-05,0.0,nan,nan,nan
1147.125,1.545262e-05,0.0,nan,nan,nan
1147.209,1.545362e-05,0.0,nan,nan,nan
1147.292,1.545623e-05,0.0,nan,nan,nan
1147.376,1.545479e-05,0.0,nan,nan,nan
1147.459,1.54536e-05,0.0,nan,nan,nan
1147.543,1.545373e-05,0.0,nan,nan,nan
1147.626,1.54569e-05,0.0,nan,nan,nan
1147.711,1.545264e-05,0.0,nan,nan,nan
1147.795,1.545338e-05,0.0,nan,nan,nan
1147.879,1.545795e-05,0.0,nan,nan,nan
1147.963,1.54551e-05,0.0,nan,nan,nan
1148.046,1.545629e-05,0.0,nan,nan,nan
1148.137,1.545648e-05,0.0,nan,nan,nan
1148.221,1.545545e-05,0.0,nan,nan,nan
1148.304,1.545778e-05,0.0,nan,nan,nan
1148.388,1.545641e-05,0.0,nan,nan,nan
1148.472,1.545655e-05,0.0,nan,nan,nan
1148.555,1.545654e-05,0.0,nan,nan,nan
1148.639,1.545198e-05,0.0,nan,nan,nan
1148.722,1.545403e-05,0.0,nan,nan,nan
1148.839,1.545894e-05,0.0,nan,nan,nan
1148.923,1.545175e-05,0.0,nan,nan,nan
1149.006,1.544971e-05,0.0,nan,nan,nan
1149.09,1.544968e-05,0.0,nan,nan,nan
1149.179,1.545451e-05,0.0,nan,nan,nan
1149.262,1.545387e-05,0.0,nan,nan,nan
1149.348,1.545666e-05,0.0,nan,nan,nan
1149.431,1.545529e-05,0.0,nan,nan,nan
1149.515,1.545475e-05,0.0,nan,nan,nan
1149.599,1.54516e-05,0.0,nan,nan,nan
1149.683,1.545562e-05,0.0,nan,nan,nan
1149.784,1.545306e-05,0.0,nan,nan,nan
1149.868,1.545528e-05,0.0,nan,nan,nan
1149.952,1.545375e-05,0.0,nan,nan,nan
1150.035,1.545699e-05,0.0,nan,nan,nan
1150.119,1.545263e-05,0.0,nan,nan,nan
1150.203,1.545365e-05,0.0,nan,nan,nan
1150.287,1.5455e-05,0.0,nan,nan,nan
1150.39,1.545571e-05,0.0,nan,nan,nan
1150.474,1.544879e-05,0.0,nan,nan,nan
1150.557,1.545459e-05,0.0,nan,nan,nan
1150.641,1.545154e-05,0.0,nan,nan,nan
1150.725,1.545346e-05,0.0,nan,nan,nan
1150.809,1.545527e-05,0.0,nan,nan,nan
1150.939,1.545168e-05,0.0,nan,nan,nan
1151.023,1.545539e-05,0.0,nan,nan,nan
1151.106,1.545161e-05,0.0,nan,nan,nan
1151.189,1.545077e-05,0.0,nan,nan,nan
1151.273,1.545244e-05,0.0,nan,nan,nan
1151.357,1.545396e-05,0.0,nan,nan,nan
1151.441,1.545405e-05,0.0,nan,nan,nan
1151.524,1.545384e-05,0.0,nan,nan,nan
1151.626,1.545606e-05,0.0,nan,nan,nan
1151.71,1.545542e-05,0.0,nan,nan,nan
1151.804,1.545573e-05,0.0,nan,nan,nan
1151.888,1.54593e-05,0.0,nan,nan,nan
1151.971,1.546005e-05,0.0,nan,nan,nan
1152.055,1.545316e-05,0.0,nan,nan,nan
1152.139,1.545747e-05,0.0,nan,nan,nan
1152.238,1.545733e-05,0.0,nan,nan,nan
1152.322,1.545424e-05,0.0,nan,nan,nan
1152.405,1.545656e-05,0.0,nan,nan,nan
1152.489,1.545523e-05,0.0,nan,nan,nan
1152.572,1.545536e-05,0.0,nan,nan,nan
1152.656,1.544978e-05,0.0,nan,nan,nan
1152.74,1.54519e-05,0.0,nan,nan,nan
1152.842,1.545489e-05,0.0,nan,nan,nan
1152.926,1.54563e-05,0.0,nan,nan,nan
1153.009,1.545452e-05,0.0,nan,nan,nan
1153.093,1.545567e-05,0.0,nan,nan,nan
1153.177,1.545521e-05,0.0,nan,nan,nan
1153.261,1.545003e-05,0.0,nan,nan,nan
1153.344,1.545328e-05,0.0,nan,nan,nan
1153.428,1.545744e-05,0.0,nan,nan,nan
1153.512,1.545114e-05,0.0,nan,nan,nan
1153.596,1.54505e-05,0.0,nan,nan,nan
1153.679,1.545352e-05,0.0,nan,nan,nan
1153.763,1.545204e-05,0.0,nan,nan,nan
1153.847,1.545095e-05,0.0,nan,nan,nan
1153.93,1.545423e-05,0.0,nan,nan,nan
1154.014,1.545285e-05,0.0,nan,nan,nan
1154.098,1.545192e-05,0.0,nan,nan,nan
1154.182,1.545519e-05,0.0,nan,nan,nan
1154.281,1.545483e-05,0.0,nan,nan,nan
1154.364,1.545466e-05,0.0,nan,nan,nan
1154.448,1.545598e-05,0.0,nan,nan,nan
1154.532,1.545419e-05,0.0,nan,nan,nan
1154.616,1.545216e-05,0.0,nan,nan,nan
1154.699,1.545648e-05,0.0,nan,nan,nan
1154.783,1.545465e-05,0.0,nan,nan,nan
1154.89,1.545644e-05,0.0,nan,nan,nan
1154.973,1.545644e-05,0.0,nan,nan,nan
1155.072,1.545505e-05,0.0,nan,nan,nan
1155.156,1.545421e-05,0.0,nan,nan,nan
1155.24,1.544999e-05,0.0,nan,nan,nan
1155.323,1.54537e-05,0.0,nan,nan,nan
1155.407,1.545141e-05,0.0,nan,nan,nan
1155.513,1.545408e-05,0.0,nan,nan,nan
1155.596,1.54509e-05,0.0,nan,nan,nan
1155.681,1.545008e-05,0.0,nan,nan,nan
1155.765,1.545317e-05,0.0,nan,nan,nan
1155.849,1.544902e-05,0.0,nan,nan,nan
1155.932,1.545907e-05,0.0,nan,nan,nan
1156.016,1.545473e-05,0.0,nan,nan,nan
1156.115,1.545474e-05,0.0,nan,nan,nan
1156.199,1.545413e-05,0.0,nan,nan,nan
1156.282,1.545096e-05,0.0,nan,nan,nan
1156.366,1.545089e-05,0.0,nan,nan,nan
1156.45,1.545431e-05,0.0,nan,nan,nan
1156.533,1.545759e-05,0.0,nan,nan,nan
1156.617,1.545516e-05,0.0,nan,nan,nan
1156.7,1.545596e-05,0.0,nan,nan,nan
1156.784,1.545388e-05,0.0,nan,nan,nan
1156.868,1.545143e-05,0.0,nan,nan,nan
1156.951,1.545255e-05,0.0,nan,nan,nan
1157.035,1.545168e-05,0.0,nan,nan,nan
1157.139,1.545518e-05,0.0,nan,nan,nan
1157.234,1.545178e-05,0.0,nan,nan,nan
1157.317,1.545042e-05,0.0,nan,nan,nan
1157.401,1.545074e-05,0.0,nan,nan,nan
1157.484,1.545022e-05,0.0,nan,nan,nan
1157.569,1.545208e-05,0.0,nan,nan,nan
1157.652,1.545113e-05,0.0,nan,nan,nan
1157.752,1.544998e-05,0.0,nan,nan,nan
1157.836,1.544758e-05,0.0,nan,nan,nan
1157.919,1.545127e-05,0.0,nan,nan,nan
1158.003,1.545035e-05,0.0,nan,nan,nan
1158.087,1.545052e-05,0.0,nan,nan,nan
1158.181,1.545153e-05,0.0,nan,nan,nan
1158.265,1.545237e-05,0.0,nan,nan,nan
1158.374,1.544972e-05,0.0,nan,nan,nan
1158.458,1.544989e-05,0.0,nan,nan,nan
1158.541,1.545398e-05,0.0,nan,nan,nan
1158.625,1.545132e-05,0.0,nan,nan,nan
1158.709,1.544888e-05,0.0,nan,nan,nan
1158.793,1.545221e-05,0.0,nan,nan,nan
1158.877,1.545205e-05,0.0,nan,nan,nan
1158.982,1.545136e-05,0.0,nan,nan,nan
1159.066,1.545411e-05,0.0,nan,nan,nan
1159.149,1.545321e-05,0.0,nan,nan,nan
1159.24,1.545349e-05,0.0,nan,nan,nan
1159.325,1.545283e-05,0.0,nan,nan,nan
1159.409,1.545583e-05,0.0,nan,nan,nan
1159.492,1.545349e-05,0.0,nan,nan,nan
1159.586,1.545284e-05,0.0,nan,nan,nan
1159.669,1.545771e-05,0.0,nan,nan,nan
1159.755,1.545492e-05,0.0,nan,nan,nan
1159.838,1.54596e-05,0.0,nan,nan,nan
1159.922,1.545657e-05,0.0,nan,nan,nan
1160.006,1.54523e-05,0.0,nan,nan,nan
1160.09,1.54545e-05,0.0,nan,nan,nan
1160.173,1.545402e-05,0.0,nan,nan,nan
1160.257,1.545191e-05,0.0,nan,nan,nan
1160.34,1.545269e-05,0.0,nan,nan,nan
1160.424,1.545238e-05,0.0,nan,nan,nan
1160.508,1.545071e-05,0.0,nan,nan,nan
1160.591,1.545086e-05,0.0,nan,nan,nan
1160.675,1.545562e-05,0.0,nan,nan,nan
1160.759,1.545511e-05,0.0,nan,nan,nan
1160.842,1.545338e-05,0.0,nan,nan,nan
1160.926,1.545525e-05,0.0,nan,nan,nan
1161.027,1.545635e-05,0.0,nan,nan,nan
1161.111,1.545403e-05,0.0,nan,nan,nan
1161.194,1.545155e-05,0.0,nan,nan,nan
1161.304,1.54572e-05,0.0,nan,nan,nan
1161.387,1.545208e-05,0.0,nan,nan,nan
1161.471,1.545396e-05,0.0,nan,nan,nan
1161.554,1.545199e-05,0.0,nan,nan,nan
1161.656,1.544968e-05,0.0,nan,nan,nan
1161.74,1.545046e-05,0.0,nan,nan,nan
1161.824,1.545191e-05,0.0,nan,nan,nan
1161.907,1.544945e-05,0.0,nan,nan,nan
1161.992,1.545605e-05,0.0,nan,nan,nan
1162.076,1.545033e-05,0.0,nan,nan,nan
1162.16,1.545455e-05,0.0,nan,nan,nan
1162.256,1.54548e-05,0.0,nan,nan,nan
1162.34,1.545304e-05,0.0,nan,nan,nan
1162.424,1.545102e-05,0.0,nan,nan,nan
1162.507,1.545688e-05,0.0,nan,nan,nan
1162.591,1.545474e-05,0.0,nan,nan,nan
1162.675,1.54565e-05,0.0,nan,nan,nan
1162.758,1.545444e-05,0.0,nan,nan,nan
1162.842,1.545232e-05,0.0,nan,nan,nan
1162.925,1.545792e-05,0.0,nan,nan,nan
1163.01,1.545773e-05,0.0,nan,nan,nan
1163.094,1.54582e-05,0.0,nan,nan,nan
1163.178,1.545799e-05,0.0,nan,nan,nan
1163.273,1.545956e-05,0.0,nan,nan,nan
1163.365,1.545704e-05,0.0,nan,nan,nan
1163.465,1.545044e-05,0.0,nan,nan,nan
1163.549,1.545294e-05,0.0,nan,nan,nan
1163.632,1.545545e-05,0.0,nan,nan,nan
1163.716,1.54498e-05,0.0,nan,nan,nan
1163.8,1.545378e-05,0.0,nan,nan,nan
1163.906,1.545396e-05,0.0,nan,nan,nan
1163.99,1.545677e-05,0.0,nan,nan,nan
1164.082,1.545919e-05,0.0,nan,nan,nan
1164.166,1.545473e-05,0.0,nan,nan,nan
1164.249,1.545121e-05,0.0,nan,nan,nan
1164.333,1.544963e-05,0.0,nan,nan,nan
1164.417,1.545168e-05,0.0,nan,nan,nan
1164.514,1.54541e-05,0.0,nan,nan,nan
1164.598,1.545294e-05,0.0,nan,nan,nan
1164.682,1.545333e-05,0.0,nan,nan,nan
1164.766,1.545104e-05,0.0,nan,nan,nan
1164.849,1.545529e-05,0.0,nan,nan,nan
1164.933,1.545483e-05,0.0,nan,nan,nan
1165.016,1.545307e-05,0.0,nan,nan,nan
1165.122,1.545032e-05,0.0,nan,nan,nan
1165.206,1.544902e-05,0.0,nan,nan,nan
1165.29,1.545114e-05,0.0,nan,nan,nan
1165.406,1.545171e-05,0.0,nan,nan,nan
1165.489,1.545e-05,0.0,nan,nan,nan
1165.573,1.544845e-05,0.0,nan,nan,nan
1165.656,1.545016e-05,0.0,nan,nan,nan
1165.75,1.545204e-05,0.0,nan,nan,nan
1165.834,1.545037e-05,0.0,nan,nan,nan
1165.918,1.54487e-05,0.0,nan,nan,nan
1166.001,1.544779e-05,0.0,nan,nan,nan
1166.085,1.544824e-05,0.0,nan,nan,nan
1166.169,1.544783e-05,0.0,nan,nan,nan
1166.252,1.545087e-05,0.0,nan,nan,nan
1166.342,1.544816e-05,0.0,nan,nan,nan
1166.425,1.544817e-05,0.0,nan,nan,nan
1166.509,1.544743e-05,0.0,nan,nan,nan
1166.593,1.544882e-05,0.0,nan,nan,nan
1166.677,1.545414e-05,0.0,nan,nan,nan
1166.76,1.545436e-05,0.0,nan,nan,nan
1166.844,1.545092e-05,0.0,nan,nan,nan
1166.928,1.545514e-05,0.0,nan,nan,nan
1167.011,1.544851e-05,0.0,nan,nan,nan
1167.095,1.544578e-05,0.0,nan,nan,nan
1167.179,1.54499e-05,0.0,nan,nan,nan
1167.263,1.545169e-05,0.0,nan,nan,nan
1167.351,1.544687e-05,0.0,nan,nan,nan
1167.435,1.54491e-05,0.0,nan,nan,nan
1167.519,1.545526e-05,0.0,nan,nan,nan
1167.602,1.545109e-05,0.0,nan,nan,nan
1167.686,1.545046e-05,0.0,nan,nan,nan
1167.77,1.544897e-05,0.0,nan,nan,nan
1167.853,1.54513e-05,0.0,nan,nan,nan
1167.937,1.545329e-05,0.0,nan,nan,nan
1168.021,1.545096e-05,0.0,nan,nan,nan
1168.105,1.5454e-05,0.0,nan,nan,nan
1168.188,1.545177e-05,0.0,nan,nan,nan
1168.272,1.545372e-05,0.0,nan,nan,nan
1168.385,1.544643e-05,0.0,nan,nan,nan
1168.468,1.545121e-05,0.0,nan,nan,nan
1168.567,1.544932e-05,0.0,nan,nan,nan
1168.651,1.545401e-05,0.0,nan,nan,nan
1168.734,1.545193e-05,0.0,nan,nan,nan
1168.818,1.544944e-05,0.0,nan,nan,nan
1168.902,1.545311e-05,0.0,nan,nan,nan
1168.997,1.54516e-05,0.0,nan,nan,nan
1169.081,1.544995e-05,0.0,nan,nan,nan
1169.165,1.545298e-05,0.0,nan,nan,nan
1169.248,1.54502e-05,0.0,nan,nan,nan
1169.332,1.545554e-05,0.0,nan,nan,nan
1169.416,1.544842e-05,0.0,nan,nan,nan
1169.499,1.545058e-05,0.0,nan,nan,nan
1169.583,1.544972e-05,0.0,nan,nan,nan
1169.666,1.545156e-05,0.0,nan,nan,nan
1169.75,1.545555e-05,0.0,nan,nan,nan
1169.834,1.545356e-05,0.0,nan,nan,nan
1169.918,1.545732e-05,0.0,nan,nan,nan
1170.014,1.545276e-05,0.0,nan,nan,nan
1170.098,1.545313e-05,0.0,nan,nan,nan
1170.181,1.545323e-05,0.0,nan,nan,nan
1170.265,1.545407e-05,0.0,nan,nan,nan
1170.349,1.545248e-05,0.0,nan,nan,nan
1170.44,1.545237e-05,0.0,nan,nan,nan
1170.523,1.545143e-05,0.0,nan,nan,nan
1170.616,1.545072e-05,0.0,nan,nan,nan
1170.7,1.545349e-05,0.0,nan,nan,nan
1170.783,1.545169e-05,0.0,nan,nan,nan
1170.867,1.545213e-05,0.0,nan,nan,nan
1170.95,1.545549e-05,0.0,nan,nan,nan
1171.034,1.545479e-05,0.0,nan,nan,nan
1171.118,1.545193e-05,0.0,nan,nan,nan
1171.201,1.545759e-05,0.0,nan,nan,nan
1171.285,1.545555e-05,0.0,nan,nan,nan
1171.369,1.545625e-05,0.0,nan,nan,nan
1171.452,1.545757e-05,0.0,nan,nan,nan
1171.536,1.545102e-05,0.0,nan,nan,nan
1171.639,1.545219e-05,0.0,nan,nan,nan
1171.722,1.54495e-05,0.0,nan,nan,nan
1171.807,1.545482e-05,0.0,nan,nan,nan
1171.891,1.545153e-05,0.0,nan,nan,nan
1171.976,1.545414e-05,0.0,nan,nan,nan
1172.059,1.544838e-05,0.0,nan,nan,nan
1172.143,1.545126e-05,0.0,nan,nan,nan
1172.237,1.545016e-05,0.0,nan,nan,nan
1172.321,1.545521e-05,0.0,nan,nan,nan
1172.406,1.545441e-05,0.0,nan,nan,nan
1172.489,1.545404e-05,0.0,nan,nan,nan
1172.573,1.545286e-05,0.0,nan,nan,nan
1172.656,1.545187e-05,0.0,nan,nan,nan
1172.74,1.545185e-05,0.0,nan,nan,nan
1172.823,1.545147e-05,0.0,nan,nan,nan
1172.907,1.545006e-05,0.0,nan,nan,nan
1172.99,1.545386e-05,0.0,nan,nan,nan
1173.074,1.545208e-05,0.0,nan,nan,nan
1173.158,1.545059e-05,0.0,nan,nan,nan
1173.251,1.545031e-05,0.0,nan,nan,nan
1173.335,1.545283e-05,0.0,nan,nan,nan
1173.418,1.545668e-05,0.0,nan,nan,nan
1173.502,1.545058e-05,0.0,nan,nan,nan
1173.586,1.545391e-05,0.0,nan,nan,nan
1173.671,1.545205e-05,0.0,nan,nan,nan
1173.755,1.545282e-05,0.0,nan,nan,nan
1173.841,1.544704e-05,0.0,nan,nan,nan
1173.925,1.54496e-05,0.0,nan,nan,nan
1174.01,1.544929e-05,0.0,nan,nan,nan
1174.093,1.545284e-05,0.0,nan,nan,nan
1174.177,1.5454e-05,0.0,nan,nan,nan
1174.271,1.54544e-05,0.0,nan,nan,nan
1174.355,1.545076e-05,0.0,nan,nan,nan
1174.438,1.545046e-05,0.0,nan,nan,nan
1174.522,1.544795e-05,0.0,nan,nan,nan
1174.605,1.54495e-05,0.0,nan,nan,nan
1174.694,1.545297e-05,0.0,nan,nan,nan
1174.778,1.54537e-05,0.0,nan,nan,nan
1174.875,1.5452e-05,0.0,nan,nan,nan
1174.959,1.545031e-05,0.0,nan,nan,nan
1175.042,1.544858e-05,0.0,nan,nan,nan
1175.126,1.544875e-05,0.0,nan,nan,nan
1175.21,1.544856e-05,0.0,nan,nan,nan
1175.294,1.544709e-05,0.0,nan,nan,nan
1175.377,1.54501e-05,0.0,nan,nan,nan
1175.461,1.545055e-05,0.0,nan,nan,nan
1175.545,1.545044e-05,0.0,nan,nan,nan
1175.628,1.54504e-05,0.0,nan,nan,nan
1175.718,1.54526e-05,0.0,nan,nan,nan
1175.802,1.545024e-05,0.0,nan,nan,nan
1175.886,1.545303e-05,0.0,nan,nan,nan
1175.969,1.544729e-05,0.0,nan,nan,nan
1176.053,1.544945e-05,0.0,nan,nan,nan
1176.137,1.544913e-05,0.0,nan,nan,nan
1176.221,1.545297e-05,0.0,nan,nan,nan
1176.304,1.545431e-05,0.0,nan,nan,nan
1176.388,1.5454e-05,0.0,nan,nan,nan
1176.472,1.545155e-05,0.0,nan,nan,nan
1176.555,1.545231e-05,0.0,nan,nan,nan
1176.639,1.545076e-05,0.0,nan,nan,nan
1176.723,1.544902e-05,0.0,nan,nan,nan
1176.806,1.544876e-05,0.0,nan,nan,nan
1176.89,1.545059e-05,0.0,nan,nan,nan
1176.974,1.545067e-05,0.0,nan,nan,nan
1177.058,1.545272e-05,0.0,nan,nan,nan
1177.141,1.54521e-05,0.0,nan,nan,nan
1177.225,1.545281e-05,0.0,nan,nan,nan
1177.308,1.545267e-05,0.0,nan,nan,nan
1177.392,1.545626e-05,0.0,nan,nan,nan
1177.476,1.545329e-05,0.0,nan,nan,nan
1177.578,1.544968e-05,0.0,nan,nan,nan
1177.662,1.545393e-05,0.0,nan,nan,nan
1177.746,1.545162e-05,0.0,nan,nan,nan
1177.849,1.545049e-05,0.0,nan,nan,nan
1177.933,1.545204e-05,0.0,nan,nan,nan
1178.017,1.545095e-05,0.0,nan,nan,nan
1178.1,1.544984e-05,0.0,nan,nan,nan
1178.184,1.544895e-05,0.0,nan,nan,nan
1178.268,1.545004e-05,0.0,nan,nan,nan
1178.351,1.544845e-05,0.0,nan,nan,nan
1178.435,1.545112e-05,0.0,nan,nan,nan
1178.519,1.545473e-05,0.0,nan,nan,nan
1178.604,1.545251e-05,0.0,nan,nan,nan
1178.688,1.545372e-05,0.0,nan,nan,nan
1178.791,1.545195e-05,0.0,nan,nan,nan
1178.875,1.545165e-05,0.0,nan,nan,nan
1178.958,1.545377e-05,0.0,nan,nan,nan
1179.042,1.545246e-05,0.0,nan,nan,nan
1179.125,1.545394e-05,0.0,nan,nan,nan
1179.222,1.545239e-05,0.0,nan,nan,nan
1179.306,1.545156e-05,0.0,nan,nan,nan
1179.389,1.545006e-05,0.0,nan,nan,nan
1179.473,1.54534e-05,0.0,nan,nan,nan
1179.557,1.545277e-05,0.0,nan,nan,nan
1179.641,1.545144e-05,0.0,nan,nan,nan
1179.724,1.544853e-05,0.0,nan,nan,nan
1179.823,1.545267e-05,0.0,nan,nan,nan
1179.914,1.545407e-05,0.0,nan,nan,nan
1179.997,1.54528e-05,0.0,nan,nan,nan
1180.081,1.545577e-05,0.0,nan,nan,nan
1180.164,1.545483e-05,0.0,nan,nan,nan
1180.248,1.54518e-05,0.0,nan,nan,nan
1180.332,1.545824e-05,0.0,nan,nan,nan
1180.44,1.545576e-05,0.0,nan,nan,nan
1180.524,1.545343e-05,0.0,nan,nan,nan
1180.608,1.54556e-05,0.0,nan,nan,nan
1180.692,1.545243e-05,0.0,nan,nan,nan
1180.775,1.545329e-05,0.0,nan,nan,nan
1180.859,1.54511e-05,0.0,nan,nan,nan
1180.943,1.545115e-05,0.0,nan,nan,nan
1181.041,1.545381e-05,0.0,nan,nan,nan
1181.125,1.545678e-05,0.0,nan,nan,nan
1181.209,1.545812e-05,0.0,nan,nan,nan
1181.292,1.545659e-05,0.0,nan,nan,nan
1181.376,1.545563e-05,0.0,nan,nan,nan
1181.469,1.545258e-05,0.0,nan,nan,nan
1181.552,1.545545e-05,0.0,nan,nan,nan
1181.637,1.545257e-05,0.0,nan,nan,nan
1181.721,1.545513e-05,0.0,nan,nan,nan
1181.804,1.545206e-05,0.0,nan,nan,nan
1181.888,1.545515e-05,0.0,nan,nan,nan
1181.984,1.545576e-05,0.0,nan,nan,nan
1182.071,1.545625e-05,0.0,nan,nan,nan
1182.155,1.545361e-05,0.0,nan,nan,nan
1182.238,1.545596e-05,0.0,nan,nan,nan
1182.322,1.545501e-05,0.0,nan,nan,nan
1182.406,1.545647e-05,0.0,nan,nan,nan
1182.489,1.545639e-05,0.0,nan,nan,nan
1182.573,1.545675e-05,0.0,nan,nan,nan
1182.656,1.545071e-05,0.0,nan,nan,nan
1182.74,1.545191e-05,0.0,nan,nan,nan
1182.824,1.545788e-05,0.0,nan,nan,nan
1182.908,1.545334e-05,0.0,nan,nan,nan
1182.991,1.545652e-05,0.0,nan,nan,nan
1183.092,1.545278e-05,0.0,nan,nan,nan
1183.175,1.544797e-05,0.0,nan,nan,nan
1183.289,1.54492e-05,0.0,nan,nan,nan
1183.372,1.545756e-05,0.0,nan,nan,nan
1183.456,1.545194e-05,0.0,nan,nan,nan
1183.539,1.544942e-05,0.0,nan,nan,nan
1183.623,1.544998e-05,0.0,nan,nan,nan
1183.706,1.545274e-05,0.0,nan,nan,nan
1183.79,1.545186e-05,0.0,nan,nan,nan
1183.874,1.545026e-05,0.0,nan,nan,nan
1183.972,1.545322e-05,0.0,nan,nan,nan
1184.094,1.545481e-05,0.0,nan,nan,nan
1184.177,1.545048e-05,0.0,nan,nan,nan
1184.261,1.544924e-05,0.0,nan,nan,nan
1184.344,1.545387e-05,0.0,nan,nan,nan
1184.428,1.545044e-05,0.0,nan,nan,nan
1184.532,1.545399e-05,0.0,nan,nan,nan
1184.616,1.545227e-05,0.0,nan,nan,nan
1184.727,1.545421e-05,0.0,nan,nan,nan
1184.811,1.544821e-05,0.0,nan,nan,nan
1184.897,1.545571e-05,0.0,nan,nan,nan
1184.981,1.544916e-05,0.0,nan,nan,nan
1185.064,1.544483e-05,0.0,nan,nan,nan
1185.148,1.545101e-05,0.0,nan,nan,nan
1185.231,1.545254e-05,0.0,nan,nan,nan
1185.337,1.544986e-05,0.0,nan,nan,nan
1185.421,1.544926e-05,0.0,nan,nan,nan
1185.504,1.54536e-05,0.0,nan,nan,nan
1185.588,1.544943e-05,0.0,nan,nan,nan
1185.672,1.545281e-05,0.0,nan,nan,nan
1185.755,1.545278e-05,0.0,nan,nan,nan
1185.839,1.545434e-05,0.0,nan,nan,nan
1185.922,1.545338e-05,0.0,nan,nan,nan
1186.006,1.545161e-05,0.0,nan,nan,nan
1186.091,1.545469e-05,0.0,nan,nan,nan
1186.174,1.545495e-05,0.0,nan,nan,nan
1186.258,1.545367e-05,0.0,nan,nan,nan
1186.358,1.545284e-05,0.0,nan,nan,nan
1186.441,1.545521e-05,0.0,nan,nan,nan
1186.525,1.545494e-05,0.0,nan,nan,nan
1186.609,1.545406e-05,0.0,nan,nan,nan
1186.692,1.545285e-05,0.0,nan,nan,nan
1186.776,1.545141e-05,0.0,nan,nan,nan
1186.859,1.54519e-05,0.0,nan,nan,nan
1186.943,1.545435e-05,0.0,nan,nan,nan
1187.027,1.544934e-05,0.0,nan,nan,nan
1187.111,1.545164e-05,0.0,nan,nan,nan
1187.195,1.545557e-05,0.0,nan,nan,nan
1187.278,1.54536e-05,0.0,nan,nan,nan
1187.374,1.545156e-05,0.0,nan,nan,nan
1187.457,1.545197e-05,0.0,nan,nan,nan
1187.541,1.54494e-05,0.0,nan,nan,nan
1187.625,1.545184e-05,0.0,nan,nan,nan
1187.708,1.54551e-05,0.0,nan,nan,nan
1187.792,1.545527e-05,0.0,nan,nan,nan
1187.876,1.54527e-05,0.0,nan,nan,nan
1187.959,1.545536e-05,0.0,nan,nan,nan
1188.043,1.545296e-05,0.0,nan,nan,nan
1188.127,1.545463e-05,0.0,nan,nan,nan
1188.229,1.545206e-05,0.0,nan,nan,nan
1188.313,1.545451e-05,0.0,nan,nan,nan
1188.41,1.545465e-05,0.0,nan,nan,nan
1188.494,1.545341e-05,0.0,nan,nan,nan
1188.577,1.545401e-05,0.0,nan,nan,nan
1188.661,1.545241e-05,0.0,nan,nan,nan
1188.745,1.545721e-05,0.0,nan,nan,nan
1188.829,1.545602e-05,0.0,nan,nan,nan
1188.912,1.545495e-05,0.0,nan,nan,nan
1189.004,1.545816e-05,0.0,nan,nan,nan
1189.087,1.54497e-05,0.0,nan,nan,nan
1189.171,1.545136e-05,0.0,nan,nan,nan
1189.255,1.545699e-05,0.0,nan,nan,nan
1189.339,1.545438e-05,0.0,nan,nan,nan
1189.423,1.545542e-05,0.0,nan,nan,nan
1189.506,1.545094e-05,0.0,nan,nan,nan
1189.61,1.545214e-05,0.0,nan,nan,nan
1189.693,1.545241e-05,0.0,nan,nan,nan
1189.778,1.545017e-05,0.0,nan,nan,nan
1189.862,1.545414e-05,0.0,nan,nan,nan
1189.945,1.545393e-05,0.0,nan,nan,nan
1190.031,1.545858e-05,0.0,nan,nan,nan
1190.115,1.545777e-05,0.0,nan,nan,nan
1190.199,1.54483e-05,0.0,nan,nan,nan
1190.305,1.545247e-05,0.0,nan,nan,nan
1190.389,1.545296e-05,0.0,nan,nan,nan
1190.473,1.545586e-05,0.0,nan,nan,nan
1190.557,1.545103e-05,0.0,nan,nan,nan
1190.64,1.545079e-05,0.0,nan,nan,nan
1190.724,1.545341e-05,0.0,nan,nan,nan
1190.835,1.545353e-05,0.0,nan,nan,nan
1190.919,1.545421e-05,0.0,nan,nan,nan
1191.003,1.545314e-05,0.0,nan,nan,nan
1191.086,1.54549e-05,0.0,nan,nan,nan
1191.17,1.545292e-05,0.0,nan,nan,nan
1191.267,1.544986e-05,0.0,nan,nan,nan
1191.35,1.545725e-05,0.0,nan,nan,nan
1191.434,1.545618e-05,0.0,nan,nan,nan
1191.518,1.545119e-05,0.0,nan,nan,nan
1191.601,1.545437e-05,0.0,nan,nan,nan
1191.685,1.545249e-05,0.0,nan,nan,nan
1191.769,1.545441e-05,0.0,nan,nan,nan
1191.875,1.545179e-05,0.0,nan,nan,nan
1191.958,1.545292e-05,0.0,nan,nan,nan
1192.041,1.545356e-05,0.0,nan,nan,nan
1192.125,1.545199e-05,0.0,nan,nan,nan
1192.211,1.545246e-05,0.0,nan,nan,nan
1192.294,1.545366e-05,0.0,nan,nan,nan
1192.397,1.545334e-05,0.0,nan,nan,nan
1192.482,1.545326e-05,0.0,nan,nan,nan
1192.565,1.545386e-05,0.0,nan,nan,nan
1192.649,1.545584e-05,0.0,nan,nan,nan
1192.733,1.54542e-05,0.0,nan,nan,nan
1192.817,1.54481e-05,0.0,nan,nan,nan
1192.9,1.54536e-05,0.0,nan,nan,nan
1192.984,1.545231e-05,0.0,nan,nan,nan
1193.068,1.545462e-05,0.0,nan,nan,nan
1193.151,1.545662e-05,0.0,nan,nan,nan
1193.236,1.545444e-05,0.0,nan,nan,nan
1193.319,1.54562e-05,0.0,nan,nan,nan
1193.403,1.5456e-05,0.0,nan,nan,nan
1193.489,1.545612e-05,0.0,nan,nan,nan
1193.573,1.545816e-05,0.0,nan,nan,nan
1193.657,1.545476e-05,0.0,nan,nan,nan
1193.74,1.545343e-05,0.0,nan,nan,nan
1193.824,1.54571e-05,0.0,nan,nan,nan
1193.93,1.545539e-05,0.0,nan,nan,nan
1194.013,1.545634e-05,0.0,nan,nan,nan
1194.12,1.545782e-05,0.0,nan,nan,nan
1194.204,1.545329e-05,0.0,nan,nan,nan
1194.287,1.545049e-05,0.0,nan,nan,nan
1194.371,1.545166e-05,0.0,nan,nan,nan
1194.479,1.545334e-05,0.0,nan,nan,nan
1194.563,1.545666e-05,0.0,nan,nan,nan
1194.646,1.545368e-05,0.0,nan,nan,nan
1194.752,1.545284e-05,0.0,nan,nan,nan
1194.835,1.545225e-05,0.0,nan,nan,nan
1194.939,1.545751e-05,0.0,nan,nan,nan
1195.023,1.545548e-05,0.0,nan,nan,nan
1195.106,1.545297e-05,0.0,nan,nan,nan
1195.19,1.545524e-05,0.0,nan,nan,nan
1195.273,1.545812e-05,0.0,nan,nan,nan
1195.357,1.545371e-05,0.0,nan,nan,nan
1195.441,1.5453e-05,0.0,nan,nan,nan
1195.544,1.544862e-05,0.0,nan,nan,nan
1195.628,1.545275e-05,0.0,nan,nan,nan
1195.713,1.545301e-05,0.0,nan,nan,nan
1195.796,1.545654e-05,0.0,nan,nan,nan
1195.88,1.545594e-05,0.0,nan,nan,nan
1195.975,1.54544e-05,0.0,nan,nan,nan
1196.059,1.545792e-05,0.0,nan,nan,nan
1196.143,1.545445e-05,0.0,nan,nan,nan
1196.227,1.545027e-05,0.0,nan,nan,nan
1196.311,1.545367e-05,0.0,nan,nan,nan
1196.394,1.545406e-05,0.0,nan,nan,nan
1196.478,1.545478e-05,0.0,nan,nan,nan
1196.563,1.545109e-05,0.0,nan,nan,nan
1196.647,1.545092e-05,0.0,nan,nan,nan
1196.731,1.545708e-05,0.0,nan,nan,nan
1196.814,1.5454e-05,0.0,nan,nan,nan
1196.898,1.545906e-05,0.0,nan,nan,nan
1196.981,1.544792e-05,0.0,nan,nan,nan
1197.065,1.545266e-05,0.0,nan,nan,nan
1197.149,1.545171e-05,0.0,nan,nan,nan
1197.232,1.545362e-05,0.0,nan,nan,nan
1197.316,1.545367e-05,0.0,nan,nan,nan
1197.4,1.545078e-05,0.0,nan,nan,nan
1197.484,1.545426e-05,0.0,nan,nan,nan
1197.567,1.545336e-05,0.0,nan,nan,nan
1197.651,1.545298e-05,0.0,nan,nan,nan
1197.735,1.544964e-05,0.0,nan,nan,nan
1197.818,1.545084e-05,0.0,nan,nan,nan
1197.902,1.545142e-05,0.0,nan,nan,nan
1198.005,1.545415e-05,0.0,nan,nan,nan
1198.089,1.545394e-05,0.0,nan,nan,nan
1198.173,1.54525e-05,0.0,nan,nan,nan
1198.257,1.545482e-05,0.0,nan,nan,nan
1198.34,1.545572e-05,0.0,nan,nan,nan
1198.424,1.54585e-05,0.0,nan,nan,nan
1198.507,1.545471e-05,0.0,nan,nan,nan
1198.606,1.545628e-05,0.0,nan,nan,nan
1198.7,1.545417e-05,0.0,nan,nan,nan
1198.784,1.545404e-05,0.0,nan,nan,nan
1198.868,1.545571e-05,0.0,nan,nan,nan
1198.951,1.545682e-05,0.0,nan,nan,nan
1199.035,1.545324e-05,0.0,nan,nan,nan
1199.119,1.545476e-05,0.0,nan,nan,nan
1199.202,1.545408e-05,0.0,nan,nan,nan
1199.286,1.545625e-05,0.0,nan,nan,nan
1199.37,1.545434e-05,0.0,nan,nan,nan
1199.454,1.545035e-05,0.0,nan,nan,nan
1199.538,1.545353e-05,0.0,nan,nan,nan
1199.641,1.545358e-05,0.0,nan,nan,nan
1199.725,1.545299e-05,0.0,nan,nan,nan
1199.808,1.545461e-05,0.0,nan,nan,nan
1199.892,1.54572e-05,0.0,nan,nan,nan
1199.978,1.545347e-05,0.0,nan,nan,nan
1200.062,1.545397e-05,0.0,nan,nan,nan
1200.146,1.54576e-05,0.0,nan,nan,nan
1200.238,1.545166e-05,0.0,nan,nan,nan
1200.321,1.545147e-05,0.0,nan,nan,nan
1200.405,1.544987e-05,0.0,nan,nan,nan
1200.489,1.545094e-05,0.0,nan,nan,nan
1200.572,1.544936e-05,0.0,nan,nan,nan
1200.715,1.54528e-05,0.0,nan,nan,nan
1200.799,1.545536e-05,0.0,nan,nan,nan
1200.882,1.54498e-05,0.0,nan,nan,nan
1200.966,1.545054e-05,0.0,nan,nan,nan
1201.052,1.545448e-05,0.0,nan,nan,nan
1201.135,1.545137e-05,0.0,nan,nan,nan
1201.219,1.545029e-05,0.0,nan,nan,nan
1201.303,1.545052e-05,0.0,nan,nan,nan
1201.387,1.545192e-05,0.0,nan,nan,nan
1201.487,1.545644e-05,0.0,nan,nan,nan
1201.57,1.545731e-05,0.0,nan,nan,nan
1201.668,1.54597e-05,0.0,nan,nan,nan
1201.752,1.545656e-05,0.0,nan,nan,nan
1201.835,1.545684e-05,0.0,nan,nan,nan
1201.919,1.545387e-05,0.0,nan,nan,nan
1202.003,1.545884e-05,0.0,nan,nan,nan
1202.087,1.545668e-05,0.0,nan,nan,nan
1202.17,1.54535e-05,0.0,nan,nan,nan
1202.274,1.545482e-05,0.0,nan,nan,nan
1202.358,1.545664e-05,0.0,nan,nan,nan
1202.442,1.545162e-05,0.0,nan,nan,nan
1202.525,1.545467e-05,0.0,nan,nan,nan
1202.609,1.545383e-05,0.0,nan,nan,nan
1202.693,1.545691e-05,0.0,nan,nan,nan
1202.787,1.545456e-05,0.0,nan,nan,nan
1202.874,1.545354e-05,0.0,nan,nan,nan
1202.958,1.545217e-05,0.0,nan,nan,nan
1203.042,1.545107e-05,0.0,nan,nan,nan
1203.125,1.545343e-05,0.0,nan,nan,nan
1203.209,1.5456e-05,0.0,nan,nan,nan
1203.295,1.545592e-05,0.0,nan,nan,nan
1203.379,1.545059e-05,0.0,nan,nan,nan
1203.463,1.545597e-05,0.0,nan,nan,nan
1203.547,1.545173e-05,0.0,nan,nan,nan
1203.631,1.545689e-05,0.0,nan,nan,nan
1203.724,1.545453e-05,0.0,nan,nan,nan
1203.807,1.545704e-05,0.0,nan,nan,nan
1203.893,1.545395e-05,0.0,nan,nan,nan
1203.977,1.545591e-05,0.0,nan,nan,nan
1204.06,1.545354e-05,0.0,nan,nan,nan
1204.144,1.545557e-05,0.0,nan,nan,nan
1204.228,1.545883e-05,0.0,nan,nan,nan
1204.325,1.545318e-05,0.0,nan,nan,nan
1204.408,1.545755e-05,0.0,nan,nan,nan
1204.492,1.54515e-05,0.0,nan,nan,nan
1204.576,1.545702e-05,0.0,nan,nan,nan
1204.659,1.545896e-05,0.0,nan,nan,nan
1204.759,1.54583e-05,0.0,nan,nan,nan
1204.859,1.545858e-05,0.0,nan,nan,nan
1204.943,1.545946e-05,0.0,nan,nan,nan
1205.027,1.545622e-05,0.0,nan,nan,nan
1205.11,1.545771e-05,0.0,nan,nan,nan
1205.194,1.545946e-05,0.0,nan,nan,nan
1205.277,1.546077e-05,0.0,nan,nan,nan
1205.361,1.545918e-05,0.0,nan,nan,nan
1205.445,1.545886e-05,0.0,nan,nan,nan
1205.536,1.545945e-05,0.0,nan,nan,nan
1205.62,1.546131e-05,0.0,nan,nan,nan
1205.704,1.546072e-05,0.0,nan,nan,nan
1205.787,1.5459e-05,0.0,nan,nan,nan
1205.871,1.545807e-05,0.0,nan,nan,nan
1205.961,1.54569e-05,0.0,nan,nan,nan
1206.045,1.545449e-05,0.0,nan,nan,nan
1206.129,1.545581e-05,0.0,nan,nan,nan
1206.213,1.545408e-05,0.0,nan,nan,nan
1206.296,1.545777e-05,0.0,nan,nan,nan
1206.38,1.545641e-05,0.0,nan,nan,nan
1206.463,1.545722e-05,0.0,nan,nan,nan
1206.551,1.546101e-05,0.0,nan,nan,nan
1206.635,1.545166e-05,0.0,nan,nan,nan
1206.718,1.545595e-05,0.0,nan,nan,nan
1206.802,1.54619e-05,0.0,nan,nan,nan
1206.933,1.54564e-05,0.0,nan,nan,nan
1207.016,1.54546e-05,0.0,nan,nan,nan
1207.1,1.545978e-05,0.0,nan,nan,nan
1207.184,1.546095e-05,0.0,nan,nan,nan
1207.267,1.545648e-05,0.0,nan,nan,nan
1207.371,1.545793e-05,0.0,nan,nan,nan
1207.454,1.545703e-05,0.0,nan,nan,nan
1207.539,1.545765e-05,0.0,nan,nan,nan
1207.623,1.545845e-05,0.0,nan,nan,nan
1207.707,1.545751e-05,0.0,nan,nan,nan
1207.79,1.545763e-05,0.0,nan,nan,nan
1207.874,1.546052e-05,0.0,nan,nan,nan
1207.958,1.545842e-05,0.0,nan,nan,nan
1208.041,1.5457e-05,0.0,nan,nan,nan
1208.125,1.545565e-05,0.0,nan,nan,nan
1208.209,1.54543e-05,0.0,nan,nan,nan
1208.293,1.545659e-05,0.0,nan,nan,nan
1208.385,1.545447e-05,0.0,nan,nan,nan
1208.469,1.545418e-05,0.0,nan,nan,nan
1208.576,1.545597e-05,0.0,nan,nan,nan
1208.66,1.545272e-05,0.0,nan,nan,nan
1208.744,1.545302e-05,0.0,nan,nan,nan
1208.828,1.545204e-05,0.0,nan,nan,nan
1208.911,1.545442e-05,0.0,nan,nan,nan
1208.995,1.545422e-05,0.0,nan,nan,nan
1209.079,1.545701e-05,0.0,nan,nan,nan
1209.162,1.545716e-05,0.0,nan,nan,nan
1209.246,1.545899e-05,0.0,nan,nan,nan
1209.33,1.545328e-05,0.0,nan,nan,nan
1209.415,1.54595e-05,0.0,nan,nan,nan
1209.499,1.545893e-05,0.0,nan,nan,nan
1209.582,1.545325e-05,0.0,nan,nan,nan
1209.666,1.54557e-05,0.0,nan,nan,nan
1209.75,1.545619e-05,0.0,nan,nan,nan
1209.833,1.545632e-05,0.0,nan,nan,nan
1209.917,1.54543e-05,0.0,nan,nan,nan
1210.023,1.545515e-05,0.0,nan,nan,nan
1210.106,1.545526e-05,0.0,nan,nan,nan
1210.189,1.545844e-05,0.0,nan,nan,nan
1210.273,1.545527e-05,0.0,nan,nan,nan
1210.356,1.545625e-05,0.0,nan,nan,nan
1210.442,1.545442e-05,0.0,nan,nan,nan
1210.526,1.545654e-05,0.0,nan,nan,nan
1210.609,1.545837e-05,0.0,nan,nan,nan
1210.693,1.545538e-05,0.0,nan,nan,nan
1210.777,1.545799e-05,0.0,nan,nan,nan
1210.86,1.545605e-05,0.0,nan,nan,nan
1210.944,1.545828e-05,0.0,nan,nan,nan
1211.058,1.545385e-05,0.0,nan,nan,nan
1211.142,1.545912e-05,0.0,nan,nan,nan
1211.225,1.545795e-05,0.0,nan,nan,nan
1211.309,1.545648e-05,0.0,nan,nan,nan
1211.393,1.545715e-05,0.0,nan,nan,nan
1211.477,1.545469e-05,0.0,nan,nan,nan
1211.561,1.545646e-05,0.0,nan,nan,nan
1211.666,1.545409e-05,0.0,nan,nan,nan
1211.749,1.545317e-05,0.0,nan,nan,nan
1211.834,1.545343e-05,0.0,nan,nan,nan
1211.917,1.545181e-05,0.0,nan,nan,nan
1212.001,1.545324e-05,0.0,nan,nan,nan
1212.084,1.545432e-05,0.0,nan,nan,nan
1212.168,1.545356e-05,0.0,nan,nan,nan
1212.272,1.545718e-05,0.0,nan,nan,nan
1212.356,1.545645e-05,0.0,nan,nan,nan
1212.44,1.545351e-05,0.0,nan,nan,nan
1212.523,1.545517e-05,0.0,nan,nan,nan
1212.607,1.545677e-05,0.0,nan,nan,nan
1212.693,1.545833e-05,0.0,nan,nan,nan
1212.777,1.545505e-05,0.0,nan,nan,nan
1212.89,1.545559e-05,0.0,nan,nan,nan
1212.973,1.545345e-05,0.0,nan,nan,nan
1213.057,1.545435e-05,0.0,nan,nan,nan
1213.143,1.545278e-05,0.0,nan,nan,nan
1213.227,1.545507e-05,0.0,nan,nan,nan
1213.31,1.54552e-05,0.0,nan,nan,nan
1213.394,1.545734e-05,0.0,nan,nan,nan
1213.479,1.545431e-05,0.0,nan,nan,nan
1213.563,1.545714e-05,0.0,nan,nan,nan
1213.647,1.545587e-05,0.0,nan,nan,nan
1213.73,1.545676e-05,0.0,nan,nan,nan
1213.814,1.545951e-05,0.0,nan,nan,nan
1213.898,1.545747e-05,0.0,nan,nan,nan
1213.982,1.545697e-05,0.0,nan,nan,nan
1214.065,1.545619e-05,0.0,nan,nan,nan
1214.149,1.545584e-05,0.0,nan,nan,nan
1214.232,1.545575e-05,0.0,nan,nan,nan
1214.341,1.545291e-05,0.0,nan,nan,nan
1214.424,1.545826e-05,0.0,nan,nan,nan
1214.517,1.545343e-05,0.0,nan,nan,nan
1214.601,1.545495e-05,0.0,nan,nan,nan
1214.684,1.546078e-05,0.0,nan,nan,nan
1214.768,1.545489e-05,0.0,nan,nan,nan
1214.852,1.54568e-05,0.0,nan,nan,nan
1214.952,1.545625e-05,0.0,nan,nan,nan
1215.035,1.545501e-05,0.0,nan,nan,nan
1215.119,1.545677e-05,0.0,nan,nan,nan
1215.219,1.545633e-05,0.0,nan,nan,nan
1215.303,1.545718e-05,0.0,nan,nan,nan
1215.387,1.545657e-05,0.0,nan,nan,nan
1215.47,1.545463e-05,0.0,nan,nan,nan
1215.554,1.545956e-05,0.0,nan,nan,nan
1215.638,1.54541e-05,0.0,nan,nan,nan
1215.721,1.545514e-05,0.0,nan,nan,nan
1215.805,1.545294e-05,0.0,nan,nan,nan
1215.888,1.545539e-05,0.0,nan,nan,nan
1215.972,1.545692e-05,0.0,nan,nan,nan
1216.056,1.546239e-05,0.0,nan,nan,nan
1216.141,1.545723e-05,0.0,nan,nan,nan
1216.224,1.546023e-05,0.0,nan,nan,nan
1216.309,1.54529e-05,0.0,nan,nan,nan
1216.392,1.545352e-05,0.0,nan,nan,nan
1216.476,1.545278e-05,0.0,nan,nan,nan
1216.56,1.545692e-05,0.0,nan,nan,nan
1216.644,1.545602e-05,0.0,nan,nan,nan
1216.727,1.545838e-05,0.0,nan,nan,nan
1216.811,1.545559e-05,0.0,nan,nan,nan
1216.895,1.545774e-05,0.0,nan,nan,nan
1216.99,1.545933e-05,0.0,nan,nan,nan
1217.074,1.545814e-05,0.0,nan,nan,nan
1217.158,1.54572e-05,0.0,nan,nan,nan
1217.255,1.545458e-05,0.0,nan,nan,nan
1217.338,1.545479e-05,0.0,nan,nan,nan
1217.422,1.545255e-05,0.0,nan,nan,nan
1217.506,1.545401e-05,0.0,nan,nan,nan
1217.589,1.545553e-05,0.0,nan,nan,nan
1217.673,1.545887e-05,0.0,nan,nan,nan
1217.757,1.545118e-05,0.0,nan,nan,nan
1217.84,1.545295e-05,0.0,nan,nan,nan
1217.924,1.545667e-05,0.0,nan,nan,nan
1218.007,1.545669e-05,0.0,nan,nan,nan
1218.091,1.54529e-05,0.0,nan,nan,nan
1218.175,1.545168e-05,0.0,nan,nan,nan
1218.259,1.545483e-05,0.0,nan,nan,nan
1218.344,1.545693e-05,0.0,nan,nan,nan
1218.427,1.545449e-05,0.0,nan,nan,nan
1218.511,1.545434e-05,0.0,nan,nan,nan
1218.6,1.545214e-05,0.0,nan,nan,nan
1218.684,1.546064e-05,0.0,nan,nan,nan
1218.768,1.545743e-05,0.0,nan,nan,nan
1218.852,1.545655e-05,0.0,nan,nan,nan
1218.936,1.545728e-05,0.0,nan,nan,nan
1219.022,1.545721e-05,0.0,nan,nan,nan
1219.106,1.545706e-05,0.0,nan,nan,nan
1219.189,1.545029e-05,0.0,nan,nan,nan
1219.316,1.545269e-05,0.0,nan,nan,nan
1219.399,1.544942e-05,0.0,nan,nan,nan
1219.483,1.54544e-05,0.0,nan,nan,nan
1219.567,1.545532e-05,0.0,nan,nan,nan
1219.65,1.545459e-05,0.0,nan,nan,nan
1219.734,1.545386e-05,0.0,nan,nan,nan
1219.818,1.545495e-05,0.0,nan,nan,nan
1219.901,1.545448e-05,0.0,nan,nan,nan
1219.986,1.545182e-05,0.0,nan,nan,nan
1220.069,1.545616e-05,0.0,nan,nan,nan
1220.153,1.545919e-05,0.0,nan,nan,nan
1220.256,1.54578e-05,0.0,nan,nan,nan
1220.34,1.54552e-05,0.0,nan,nan,nan
1220.424,1.545606e-05,0.0,nan,nan,nan
1220.507,1.545853e-05,0.0,nan,nan,nan
1220.591,1.545902e-05,0.0,nan,nan,nan
1220.675,1.54574e-05,0.0,nan,nan,nan
1220.758,1.545326e-05,0.0,nan,nan,nan
1220.842,1.545487e-05,0.0,nan,nan,nan
1220.925,1.544816e-05,0.0,nan,nan,nan
1221.011,1.54518e-05,0.0,nan,nan,nan
1221.095,1.545723e-05,0.0,nan,nan,nan
1221.179,1.545507e-05,0.0,nan,nan,nan
1221.275,1.545123e-05,0.0,nan,nan,nan
1221.389,1.54516e-05,0.0,nan,nan,nan
1221.491,1.545405e-05,0.0,nan,nan,nan
1221.575,1.545603e-05,0.0,nan,nan,nan
1221.658,1.545364e-05,0.0,nan,nan,nan
1221.742,1.545567e-05,0.0,nan,nan,nan
1221.825,1.545898e-05,0.0,nan,nan,nan
1221.909,1.545724e-05,0.0,nan,nan,nan
1221.993,1.545451e-05,0.0,nan,nan,nan
1222.09,1.545582e-05,0.0,nan,nan,nan
1222.173,1.545601e-05,0.0,nan,nan,nan
1222.259,1.545736e-05,0.0,nan,nan,nan
1222.342,1.545565e-05,0.0,nan,nan,nan
1222.426,1.545996e-05,0.0,nan,nan,nan
1222.51,1.546041e-05,0.0,nan,nan,nan
1222.594,1.54566e-05,0.0,nan,nan,nan
1222.68,1.545795e-05,0.0,nan,nan,nan
1222.764,1.545538e-05,0.0,nan,nan,nan
1222.847,1.54544e-05,0.0,nan,nan,nan
1222.931,1.545375e-05,0.0,nan,nan,nan
1223.014,1.545715e-05,0.0,nan,nan,nan
1223.1,1.545223e-05,0.0,nan,nan,nan
1223.184,1.54533e-05,0.0,nan,nan,nan
1223.267,1.545657e-05,0.0,nan,nan,nan
1223.351,1.545212e-05,0.0,nan,nan,nan
1223.455,1.545561e-05,0.0,nan,nan,nan
1223.539,1.545239e-05,0.0,nan,nan,nan
1223.626,1.545203e-05,0.0,nan,nan,nan
1223.709,1.545501e-05,0.0,nan,nan,nan
1223.793,1.545933e-05,0.0,nan,nan,nan
1223.877,1.545914e-05,0.0,nan,nan,nan
1223.96,1.545246e-05,0.0,nan,nan,nan
1224.044,1.545515e-05,0.0,nan,nan,nan
1224.142,1.545653e-05,0.0,nan,nan,nan
1224.226,1.545825e-05,0.0,nan,nan,nan
1224.309,1.545585e-05,0.0,nan,nan,nan
1224.393,1.545772e-05,0.0,nan,nan,nan
1224.476,1.545814e-05,0.0,nan,nan,nan
1224.56,1.545748e-05,0.0,nan,nan,nan
1224.644,1.545715e-05,0.0,nan,nan,nan
1224.727,1.545925e-05,0.0,nan,nan,nan
1224.811,1.545906e-05,0.0,nan,nan,nan
1224.895,1.54604e-05,0.0,nan,nan,nan
1224.978,1.545718e-05,0.0,nan,nan,nan
1225.062,1.545709e-05,0.0,nan,nan,nan
1225.146,1.545788e-05,0.0,nan,nan,nan
1225.229,1.545166e-05,0.0,nan,nan,nan
1225.313,1.545549e-05,0.0,nan,nan,nan
1225.396,1.545715e-05,0.0,nan,nan,nan
1225.505,1.54603e-05,0.0,nan,nan,nan
1225.588,1.545492e-05,0.0,nan,nan,nan
1225.672,1.545698e-05,0.0,nan,nan,nan
1225.774,1.545645e-05,0.0,nan,nan,nan
1225.857,1.545861e-05,0.0,nan,nan,nan
1225.941,1.545827e-05,0.0,nan,nan,nan
1226.025,1.546227e-05,0.0,nan,nan,nan
1226.109,1.545368e-05,0.0,nan,nan,nan
1226.193,1.54566e-05,0.0,nan,nan,nan
1226.277,1.545298e-05,0.0,nan,nan,nan
1226.361,1.545295e-05,0.0,nan,nan,nan
1226.445,1.545992e-05,0.0,nan,nan,nan
1226.529,1.545411e-05,0.0,nan,nan,nan
1226.613,1.545345e-05,0.0,nan,nan,nan
1226.697,1.545523e-05,0.0,nan,nan,nan
1226.795,1.545399e-05,0.0,nan,nan,nan
1226.878,1.545796e-05,0.0,nan,nan,nan
1226.962,1.545844e-05,0.0,nan,nan,nan
1227.045,1.545741e-05,0.0,nan,nan,nan
1227.129,1.545908e-05,0.0,nan,nan,nan
1227.213,1.545594e-05,0.0,nan,nan,nan
1227.296,1.54569e-05,0.0,nan,nan,nan
1227.406,1.54559e-05,0.0,nan,nan,nan
1227.49,1.545861e-05,0.0,nan,nan,nan
1227.605,1.545535e-05,0.0,nan,nan,nan
1227.689,1.545786e-05,0.0,nan,nan,nan
1227.772,1.545307e-05,0.0,nan,nan,nan
1227.856,1.54592e-05,0.0,nan,nan,nan
1227.94,1.545594e-05,0.0,nan,nan,nan
1228.023,1.545848e-05,0.0,nan,nan,nan
1228.107,1.545633e-05,0.0,nan,nan,nan
1228.19,1.545881e-05,0.0,nan,nan,nan
1228.274,1.545942e-05,0.0,nan,nan,nan
1228.358,1.545763e-05,0.0,nan,nan,nan
1228.441,1.545236e-05,0.0,nan,nan,nan
1228.525,1.545486e-05,0.0,nan,nan,nan
1228.623,1.545841e-05,0.0,nan,nan,nan
1228.706,1.545369e-05,0.0,nan,nan,nan
1228.79,1.545516e-05,0.0,nan,nan,nan
1228.873,1.545396e-05,0.0,nan,nan,nan
1228.958,1.545268e-05,0.0,nan,nan,nan
1229.042,1.545292e-05,0.0,nan,nan,nan
1229.126,1.545416e-05,0.0,nan,nan,nan
1229.21,1.545516e-05,0.0,nan,nan,nan
1229.294,1.545922e-05,0.0,nan,nan,nan
1229.378,1.545552e-05,0.0,nan,nan,nan
1229.462,1.545653e-05,0.0,nan,nan,nan
1229.545,1.54592e-05,0.0,nan,nan,nan
1229.672,1.545595e-05,0.0,nan,nan,nan
1229.756,1.545582e-05,0.0,nan,nan,nan
1229.839,1.545227e-05,0.0,nan,nan,nan
1229.923,1.54549e-05,0.0,nan,nan,nan
1230.006,1.546187e-05,0.0,nan,nan,nan
1230.09,1.545419e-05,0.0,nan,nan,nan
1230.173,1.545559e-05,0.0,nan,nan,nan
1230.257,1.545645e-05,0.0,nan,nan,nan
1230.34,1.54545e-05,0.0,nan,nan,nan
1230.424,1.545338e-05,0.0,nan,nan,nan
1230.507,1.545927e-05,0.0,nan,nan,nan
1230.591,1.545594e-05,0.0,nan,nan,nan
1230.675,1.545679e-05,0.0,nan,nan,nan
1230.758,1.54587e-05,0.0,nan,nan,nan
1230.868,1.545651e-05,0.0,nan,nan,nan
1230.952,1.545408e-05,0.0,nan,nan,nan
1231.035,1.545183e-05,0.0,nan,nan,nan
1231.119,1.54518e-05,0.0,nan,nan,nan
1231.203,1.545214e-05,0.0,nan,nan,nan
1231.287,1.545348e-05,0.0,nan,nan,nan
1231.37,1.545841e-05,0.0,nan,nan,nan
1231.454,1.54568e-05,0.0,nan,nan,nan
1231.537,1.545603e-05,0.0,nan,nan,nan
1231.621,1.545342e-05,0.0,nan,nan,nan
1231.705,1.545348e-05,0.0,nan,nan,nan
1231.789,1.545561e-05,0.0,nan,nan,nan
1231.888,1.545548e-05,0.0,nan,nan,nan
1231.972,1.545402e-05,0.0,nan,nan,nan
1232.057,1.545322e-05,0.0,nan,nan,nan
1232.14,1.545362e-05,0.0,nan,nan,nan
1232.224,1.545593e-05,0.0,nan,nan,nan
1232.308,1.545497e-05,0.0,nan,nan,nan
1232.392,1.545559e-05,0.0,nan,nan,nan
1232.478,1.545227e-05,0.0,nan,nan,nan
1232.562,1.545362e-05,0.0,nan,nan,nan
1232.645,1.54579e-05,0.0,nan,nan,nan
1232.729,1.545517e-05,0.0,nan,nan,nan
1232.813,1.546106e-05,0.0,nan,nan,nan
1232.918,1.545623e-05,0.0,nan,nan,nan
1233.002,1.545994e-05,0.0,nan,nan,nan
1233.086,1.545354e-05,0.0,nan,nan,nan
1233.17,1.545507e-05,0.0,nan,nan,nan
1233.253,1.545348e-05,0.0,nan,nan,nan
1233.337,1.545423e-05,0.0,nan,nan,nan
1233.421,1.545358e-05,0.0,nan,nan,nan
1233.522,1.545711e-05,0.0,nan,nan,nan
1233.606,1.545549e-05,0.0,nan,nan,nan
1233.689,1.545107e-05,0.0,nan,nan,nan
1233.773,1.545417e-05,0.0,nan,nan,nan
1233.856,1.545009e-05,0.0,nan,nan,nan
1233.941,1.545545e-05,0.0,nan,nan,nan
1234.025,1.545499e-05,0.0,nan,nan,nan
1234.108,1.544933e-05,0.0,nan,nan,nan
1234.192,1.545697e-05,0.0,nan,nan,nan
1234.276,1.545705e-05,0.0,nan,nan,nan
1234.382,1.54581e-05,0.0,nan,nan,nan
1234.465,1.545297e-05,0.0,nan,nan,nan
1234.549,1.545983e-05,0.0,nan,nan,nan
1234.633,1.545895e-05,0.0,nan,nan,nan
1234.719,1.54558e-05,0.0,nan,nan,nan
1234.802,1.545284e-05,0.0,nan,nan,nan
1234.886,1.545368e-05,0.0,nan,nan,nan
1234.97,1.545434e-05,0.0,nan,nan,nan
1235.054,1.54547e-05,0.0,nan,nan,nan
1235.139,1.545475e-05,0.0,nan,nan,nan
1235.223,1.545174e-05,0.0,nan,nan,nan
1235.306,1.545465e-05,0.0,nan,nan,nan
1235.39,1.545406e-05,0.0,nan,nan,nan
1235.473,1.545827e-05,0.0,nan,nan,nan
1235.573,1.545403e-05,0.0,nan,nan,nan
1235.656,1.545823e-05,0.0,nan,nan,nan
1235.74,1.545826e-05,0.0,nan,nan,nan
1235.823,1.545273e-05,0.0,nan,nan,nan
1235.914,1.545317e-05,0.0,nan,nan,nan
1235.997,1.545168e-05,0.0,nan,nan,nan
1236.081,1.545195e-05,0.0,nan,nan,nan
1236.164,1.545402e-05,0.0,nan,nan,nan
1236.248,1.545349e-05,0.0,nan,nan,nan
1236.331,1.545572e-05,0.0,nan,nan,nan
1236.415,1.54559e-05,0.0,nan,nan,nan
1236.498,1.545464e-05,0.0,nan,nan,nan
1236.587,1.545451e-05,0.0,nan,nan,nan
1236.671,1.545274e-05,0.0,nan,nan,nan
1236.754,1.544996e-05,0.0,nan,nan,nan
1236.838,1.545036e-05,0.0,nan,nan,nan
1236.922,1.54565e-05,0.0,nan,nan,nan
1237.008,1.54596e-05,0.0,nan,nan,nan
1237.091,1.545636e-05,0.0,nan,nan,nan
1237.177,1.545765e-05,0.0,nan,nan,nan
1237.26,1.545934e-05,0.0,nan,nan,nan
1237.345,1.545359e-05,0.0,nan,nan,nan
1237.428,1.54553e-05,0.0,nan,nan,nan
1237.512,1.545816e-05,0.0,nan,nan,nan
1237.6,1.545487e-05,0.0,nan,nan,nan
1237.684,1.545089e-05,0.0,nan,nan,nan
1237.768,1.545481e-05,0.0,nan,nan,nan
1237.851,1.545317e-05,0.0,nan,nan,nan
1237.972,1.545285e-05,0.0,nan,nan,nan
1238.056,1.54511e-05,0.0,nan,nan,nan
1238.14,1.545079e-05,0.0,nan,nan,nan
1238.234,1.544955e-05,0.0,nan,nan,nan
1238.318,1.54507e-05,0.0,nan,nan,nan
1238.401,1.545534e-05,0.0,nan,nan,nan
1238.485,1.545309e-05,0.0,nan,nan,nan
1238.569,1.545733e-05,0.0,nan,nan,nan
1238.652,1.545887e-05,0.0,nan,nan,nan
1238.736,1.545281e-05,0.0,nan,nan,nan
1238.82,1.544876e-05,0.0,nan,nan,nan
1238.903,1.544967e-05,0.0,nan,nan,nan
1238.987,1.545085e-05,0.0,nan,nan,nan
1239.07,1.545243e-05,0.0,nan,nan,nan
1239.154,1.545217e-05,0.0,nan,nan,nan
1239.255,1.545484e-05,0.0,nan,nan,nan
1239.339,1.545396e-05,0.0,nan,nan,nan
1239.423,1.544886e-05,0.0,nan,nan,nan
1239.506,1.5451e-05,0.0,nan,nan,nan
1239.59,1.545279e-05,0.0,nan,nan,nan
1239.674,1.545258e-05,0.0,nan,nan,nan
1239.758,1.545406e-05,0.0,nan,nan,nan
1239.841,1.545193e-05,0.0,nan,nan,nan
1239.925,1.54487e-05,0.0,nan,nan,nan
1240.04,1.545306e-05,0.0,nan,nan,nan
1240.124,1.545294e-05,0.0,nan,nan,nan
1240.207,1.545175e-05,0.0,nan,nan,nan
1240.291,1.544871e-05,0.0,nan,nan,nan
1240.375,1.545202e-05,0.0,nan,nan,nan
1240.477,1.545084e-05,0.0,nan,nan,nan
1240.561,1.545151e-05,0.0,nan,nan,nan
1240.644,1.54483e-05,0.0,nan,nan,nan
1240.728,1.545407e-05,0.0,nan,nan,nan
1240.812,1.5454e-05,0.0,nan,nan,nan
1240.895,1.545295e-05,0.0,nan,nan,nan
1240.979,1.545486e-05,0.0,nan,nan,nan
1241.063,1.545387e-05,0.0,nan,nan,nan
1241.146,1.545842e-05,0.0,nan,nan,nan
1241.23,1.545731e-05,0.0,nan,nan,nan
1241.314,1.545638e-05,0.0,nan,nan,nan
1241.398,1.545247e-05,0.0,nan,nan,nan
1241.49,1.545297e-05,0.0,nan,nan,nan
1241.573,1.545183e-05,0.0,nan,nan,nan
1241.658,1.545828e-05,0.0,nan,nan,nan
1241.741,1.545383e-05,0.0,nan,nan,nan
1241.825,1.545326e-05,0.0,nan,nan,nan
1241.917,1.545883e-05,0.0,nan,nan,nan
1242.001,1.545504e-05,0.0,nan,nan,nan
1242.106,1.545667e-05,0.0,nan,nan,nan
1242.19,1.545882e-05,0.0,nan,nan,nan
1242.273,1.545692e-05,0.0,nan,nan,nan
1242.356,1.545795e-05,0.0,nan,nan,nan
1242.44,1.545499e-05,0.0,nan,nan,nan
1242.524,1.545401e-05,0.0,nan,nan,nan
1242.607,1.545584e-05,0.0,nan,nan,nan
1242.691,1.545891e-05,0.0,nan,nan,nan
1242.775,1.545255e-05,0.0,nan,nan,nan
1242.859,1.545564e-05,0.0,nan,nan,nan
1242.943,1.545453e-05,0.0,nan,nan,nan
1243.026,1.545914e-05,0.0,nan,nan,nan
1243.124,1.54579e-05,0.0,nan,nan,nan
1243.208,1.54529e-05,0.0,nan,nan,nan
1243.309,1.545705e-05,0.0,nan,nan,nan
1243.393,1.546032e-05,0.0,nan,nan,nan
1243.476,1.545752e-05,0.0,nan,nan,nan
1243.56,1.545093e-05,0.0,nan,nan,nan
1243.644,1.545736e-05,0.0,nan,nan,nan
1243.743,1.545622e-05,0.0,nan,nan,nan
1243.827,1.545743e-05,0.0,nan,nan,nan
1243.912,1.545818e-05,0.0,nan,nan,nan
1243.995,1.545821e-05,0.0,nan,nan,nan
1244.079,1.545814e-05,0.0,nan,nan,nan
1244.19,1.546178e-05,0.0,nan,nan,nan
1244.275,1.545939e-05,0.0,nan,nan,nan
1244.359,1.546177e-05,0.0,nan,nan,nan
1244.443,1.545717e-05,0.0,nan,nan,nan
1244.538,1.546307e-05,0.0,nan,nan,nan
1244.622,1.546236e-05,0.0,nan,nan,nan
1244.706,1.545871e-05,0.0,nan,nan,nan
1244.79,1.545693e-05,0.0,nan,nan,nan
1244.873,1.54549e-05,0.0,nan,nan,nan
1244.968,1.545696e-05,0.0,nan,nan,nan
1245.052,1.546095e-05,0.0,nan,nan,nan
1245.138,1.545875e-05,0.0,nan,nan,nan
1245.222,1.546213e-05,0.0,nan,nan,nan
1245.306,1.545778e-05,0.0,nan,nan,nan
1245.389,1.545898e-05,0.0,nan,nan,nan
1245.473,1.545517e-05,0.0,nan,nan,nan
1245.575,1.545869e-05,0.0,nan,nan,nan
1245.659,1.545934e-05,0.0,nan,nan,nan
1245.743,1.545361e-05,0.0,nan,nan,nan
1245.826,1.546318e-05,0.0,nan,nan,nan
1245.91,1.545848e-05,0.0,nan,nan,nan
1245.994,1.546032e-05,0.0,nan,nan,nan
1246.077,1.54621e-05,0.0,nan,nan,nan
1246.163,1.546173e-05,0.0,nan,nan,nan
1246.255,1.545491e-05,0.0,nan,nan,nan
1246.339,1.545518e-05,0.0,nan,nan,nan
1246.422,1.545772e-05,0.0,nan,nan,nan
1246.506,1.545706e-05,0.0,nan,nan,nan
1246.589,1.546166e-05,0.0,nan,nan,nan
1246.673,1.546141e-05,0.0,nan,nan,nan
1246.757,1.546036e-05,0.0,nan,nan,nan
1246.841,1.54589e-05,0.0,nan,nan,nan
1246.925,1.545894e-05,0.0,nan,nan,nan
1247.008,1.546004e-05,0.0,nan,nan,nan
1247.092,1.545793e-05,0.0,nan,nan,nan
1247.176,1.545933e-05,0.0,nan,nan,nan
1247.26,1.545979e-05,0.0,nan,nan,nan
1247.343,1.546049e-05,0.0,nan,nan,nan
1247.427,1.546154e-05,0.0,nan,nan,nan
1247.511,1.545881e-05,0.0,nan,nan,nan
1247.624,1.545804e-05,0.0,nan,nan,nan
1247.708,1.545433e-05,0.0,nan,nan,nan
1247.793,1.54586e-05,0.0,nan,nan,nan
1247.877,1.545977e-05,0.0,nan,nan,nan
1247.961,1.546039e-05,0.0,nan,nan,nan
1248.044,1.54595e-05,0.0,nan,nan,nan
1248.128,1.54614e-05,0.0,nan,nan,nan
1248.212,1.545766e-05,0.0,nan,nan,nan
1248.306,1.545615e-05,0.0,nan,nan,nan
1248.389,1.545975e-05,0.0,nan,nan,nan
1248.473,1.54599e-05,0.0,nan,nan,nan
1248.557,1.546094e-05,0.0,nan,nan,nan
1248.64,1.545938e-05,0.0,nan,nan,nan
1248.724,1.545978e-05,0.0,nan,nan,nan
1248.808,1.546173e-05,0.0,nan,nan,nan
1248.892,1.546195e-05,0.0,nan,nan,nan
1248.976,1.546526e-05,0.0,nan,nan,nan
1249.06,1.546259e-05,0.0,nan,nan,nan
1249.144,1.545995e-05,0.0,nan,nan,nan
1249.233,1.546215e-05,0.0,nan,nan,nan
1249.317,1.546259e-05,0.0,nan,nan,nan
1249.4,1.545863e-05,0.0,nan,nan,nan
1249.484,1.545597e-05,0.0,nan,nan,nan
1249.567,1.545634e-05,0.0,nan,nan,nan
1249.66,1.545918e-05,0.0,nan,nan,nan
1249.744,1.545816e-05,0.0,nan,nan,nan
1249.827,1.545926e-05,0.0,nan,nan,nan
1249.911,1.546073e-05,0.0,nan,nan,nan
1249.995,1.545715e-05,0.0,nan,nan,nan
1250.079,1.545387e-05,0.0,nan,nan,nan
1250.162,1.545756e-05,0.0,nan,nan,nan
1250.256,1.545584e-05,0.0,nan,nan,nan
1250.371,1.545731e-05,0.0,nan,nan,nan
1250.455,1.545744e-05,0.0,nan,nan,nan
1250.539,1.545571e-05,0.0,nan,nan,nan
1250.623,1.546113e-05,0.0,nan,nan,nan
1250.707,1.545901e-05,0.0,nan,nan,nan
1250.791,1.546075e-05,0.0,nan,nan,nan
1250.876,1.54648e-05,0.0,nan,nan,nan
1250.96,1.546208e-05,0.0,nan,nan,nan
1251.044,1.546546e-05,0.0,nan,nan,nan
1251.127,1.546612e-05,0.0,nan,nan,nan
1251.211,1.546318e-05,0.0,nan,nan,nan
1251.295,1.546141e-05,0.0,nan,nan,nan
1251.379,1.546276e-05,0.0,nan,nan,nan
1251.464,1.546282e-05,0.0,nan,nan,nan
1251.548,1.546214e-05,0.0,nan,nan,nan
1251.632,1.546482e-05,0.0,nan,nan,nan
1251.715,1.546079e-05,0.0,nan,nan,nan
1251.799,1.54629e-05,0.0,nan,nan,nan
1251.891,1.546333e-05,0.0,nan,nan,nan
1251.974,1.546416e-05,0.0,nan,nan,nan
1252.059,1.546186e-05,0.0,nan,nan,nan
1252.142,1.545755e-05,0.0,nan,nan,nan
1252.226,1.545969e-05,0.0,nan,nan,nan
1252.319,1.546417e-05,0.0,nan,nan,nan
1252.403,1.546056e-05,0.0,nan,nan,nan
1252.486,1.545947e-05,0.0,nan,nan,nan
1252.57,1.546032e-05,0.0,nan,nan,nan
1252.654,1.546284e-05,0.0,nan,nan,nan
1252.738,1.546467e-05,0.0,nan,nan,nan
1252.822,1.546168e-05,0.0,nan,nan,nan
1252.922,1.546174e-05,0.0,nan,nan,nan
1253.006,1.545812e-05,0.0,nan,nan,nan
1253.09,1.545935e-05,0.0,nan,nan,nan
1253.173,1.545965e-05,0.0,nan,nan,nan
1253.258,1.5461e-05,0.0,nan,nan,nan
1253.341,1.545945e-05,0.0,nan,nan,nan
1253.425,1.545815e-05,0.0,nan,nan,nan
1253.525,1.54584e-05,0.0,nan,nan,nan
1253.609,1.545765e-05,0.0,nan,nan,nan
1253.693,1.545901e-05,0.0,nan,nan,nan
1253.776,1.545888e-05,0.0,nan,nan,nan
1253.86,1.545408e-05,0.0,nan,nan,nan
1253.945,1.545686e-05,0.0,nan,nan,nan
1254.029,1.545916e-05,0.0,nan,nan,nan
1254.113,1.545803e-05,0.0,nan,nan,nan
1254.196,1.546197e-05,0.0,nan,nan,nan
1254.28,1.545769e-05,0.0,nan,nan,nan
1254.364,1.545581e-05,0.0,nan,nan,nan
1254.447,1.545841e-05,0.0,nan,nan,nan
1254.531,1.545732e-05,0.0,nan,nan,nan
1254.614,1.545976e-05,0.0,nan,nan,nan
1254.698,1.546059e-05,0.0,nan,nan,nan
1254.781,1.545919e-05,0.0,nan,nan,nan
1254.865,1.545774e-05,0.0,nan,nan,nan
1254.949,1.545469e-05,0.0,nan,nan,nan
1255.033,1.545845e-05,0.0,nan,nan,nan
1255.116,1.545711e-05,0.0,nan,nan,nan
1255.2,1.545043e-05,0.0,nan,nan,nan
1255.284,1.545092e-05,0.0,nan,nan,nan
1255.39,1.545848e-05,0.0,nan,nan,nan
1255.474,1.545778e-05,0.0,nan,nan,nan
1255.579,1.545633e-05,0.0,nan,nan,nan
1255.662,1.545631e-05,0.0,nan,nan,nan
1255.746,1.545842e-05,0.0,nan,nan,nan
1255.83,1.546079e-05,0.0,nan,nan,nan
1255.913,1.545937e-05,0.0,nan,nan,nan
1255.997,1.545784e-05,0.0,nan,nan,nan
1256.081,1.545755e-05,0.0,nan,nan,nan
1256.165,1.545441e-05,0.0,nan,nan,nan
1256.248,1.545571e-05,0.0,nan,nan,nan
1256.332,1.545376e-05,0.0,nan,nan,nan
1256.416,1.545133e-05,0.0,nan,nan,nan
1256.499,1.54491e-05,0.0,nan,nan,nan
1256.589,1.545261e-05,0.0,nan,nan,nan
1256.673,1.545394e-05,0.0,nan,nan,nan
1256.759,1.545388e-05,0.0,nan,nan,nan
1256.842,1.545534e-05,0.0,nan,nan,nan
1256.926,1.545889e-05,0.0,nan,nan,nan
1257.009,1.545658e-05,0.0,nan,nan,nan
1257.093,1.54573e-05,0.0,nan,nan,nan
1257.177,1.545803e-05,0.0,nan,nan,nan
1257.261,1.545861e-05,0.0,nan,nan,nan
1257.344,1.546099e-05,0.0,nan,nan,nan
1257.428,1.545936e-05,0.0,nan,nan,nan
1257.512,1.545864e-05,0.0,nan,nan,nan
1257.603,1.545694e-05,0.0,nan,nan,nan
1257.687,1.545344e-05,0.0,nan,nan,nan
1257.771,1.54612e-05,0.0,nan,nan,nan
1257.855,1.545879e-05,0.0,nan,nan,nan
1257.938,1.545655e-05,0.0,nan,nan,nan
1258.022,1.54561e-05,0.0,nan,nan,nan
1258.106,1.546387e-05,0.0,nan,nan,nan
1258.19,1.545994e-05,0.0,nan,nan,nan
1258.274,1.546055e-05,0.0,nan,nan,nan
1258.357,1.545905e-05,0.0,nan,nan,nan
1258.441,1.546055e-05,0.0,nan,nan,nan
1258.524,1.546049e-05,0.0,nan,nan,nan
1258.642,1.546369e-05,0.0,nan,nan,nan
1258.726,1.546461e-05,0.0,nan,nan,nan
1258.815,1.545854e-05,0.0,nan,nan,nan
1258.899,1.546051e-05,0.0,nan,nan,nan
1258.983,1.545766e-05,0.0,nan,nan,nan
1259.067,1.545702e-05,0.0,nan,nan,nan
1259.15,1.545883e-05,0.0,nan,nan,nan
1259.241,1.545887e-05,0.0,nan,nan,nan
1259.324,1.545784e-05,0.0,nan,nan,nan
1259.408,1.54595e-05,0.0,nan,nan,nan
1259.491,1.54569e-05,0.0,nan,nan,nan
1259.575,1.546042e-05,0.0,nan,nan,nan
1259.658,1.545707e-05,0.0,nan,nan,nan
1259.742,1.545813e-05,0.0,nan,nan,nan
1259.836,1.545923e-05,0.0,nan,nan,nan
1259.92,1.546122e-05,0.0,nan,nan,nan
1260.003,1.54604e-05,0.0,nan,nan,nan
1260.087,1.545377e-05,0.0,nan,nan,nan
1260.171,1.545688e-05,0.0,nan,nan,nan
1260.267,1.54547e-05,0.0,nan,nan,nan
1260.35,1.545634e-05,0.0,nan,nan,nan
1260.434,1.546152e-05,0.0,nan,nan,nan
1260.518,1.545836e-05,0.0,nan,nan,nan
1260.601,1.546229e-05,0.0,nan,nan,nan
1260.685,1.545533e-05,0.0,nan,nan,nan
1260.769,1.545396e-05,0.0,nan,nan,nan
1260.871,1.545828e-05,0.0,nan,nan,nan
1260.954,1.54586e-05,0.0,nan,nan,nan
1261.038,1.545704e-05,0.0,nan,nan,nan
1261.122,1.545766e-05,0.0,nan,nan,nan
1261.206,1.545799e-05,0.0,nan,nan,nan
1261.289,1.545943e-05,0.0,nan,nan,nan
1261.373,1.54562e-05,0.0,nan,nan,nan
1261.456,1.545564e-05,0.0,nan,nan,nan
1261.54,1.545807e-05,0.0,nan,nan,nan
1261.625,1.545842e-05,0.0,nan,nan,nan
1261.709,1.545826e-05,0.0,nan,nan,nan
1261.792,1.545411e-05,0.0,nan,nan,nan
1261.89,1.545479e-05,0.0,nan,nan,nan
1261.974,1.545717e-05,0.0,nan,nan,nan
1262.057,1.545514e-05,0.0,nan,nan,nan
1262.14,1.545682e-05,0.0,nan,nan,nan
1262.224,1.545609e-05,0.0,nan,nan,nan
1262.308,1.54557e-05,0.0,nan,nan,nan
1262.392,1.54555e-05,0.0,nan,nan,nan
1262.475,1.545184e-05,0.0,nan,nan,nan
1262.559,1.545906e-05,0.0,nan,nan,nan
1262.643,1.545715e-05,0.0,nan,nan,nan
1262.726,1.545741e-05,0.0,nan,nan,nan
1262.819,1.545567e-05,0.0,nan,nan,nan
1262.909,1.545595e-05,0.0,nan,nan,nan
1262.993,1.545528e-05,0.0,nan,nan,nan
1263.077,1.545852e-05,0.0,nan,nan,nan
1263.16,1.545474e-05,0.0,nan,nan,nan
1263.244,1.545612e-05,0.0,nan,nan,nan
1263.331,1.545412e-05,0.0,nan,nan,nan
1263.415,1.54575e-05,0.0,nan,nan,nan
1263.515,1.546259e-05,0.0,nan,nan,nan
1263.599,1.545774e-05,0.0,nan,nan,nan
1263.682,1.54617e-05,0.0,nan,nan,nan
1263.766,1.546402e-05,0.0,nan,nan,nan
1263.85,1.545971e-05,0.0,nan,nan,nan
1263.936,1.545612e-05,0.0,nan,nan,nan
1264.02,1.545508e-05,0.0,nan,nan,nan
1264.104,1.545615e-05,0.0,nan,nan,nan
1264.188,1.545799e-05,0.0,nan,nan,nan
1264.271,1.546022e-05,0.0,nan,nan,nan
1264.355,1.546305e-05,0.0,nan,nan,nan
1264.439,1.546166e-05,0.0,nan,nan,nan
1264.537,1.54631e-05,0.0,nan,nan,nan
1264.62,1.545881e-05,0.0,nan,nan,nan
1264.704,1.546001e-05,0.0,nan,nan,nan
1264.788,1.546114e-05,0.0,nan,nan,nan
1264.893,1.546228e-05,0.0,nan,nan,nan
1264.976,1.546311e-05,0.0,nan,nan,nan
1265.06,1.545896e-05,0.0,nan,nan,nan
1265.144,1.545852e-05,0.0,nan,nan,nan
1265.228,1.545751e-05,0.0,nan,nan,nan
1265.311,1.545751e-05,0.0,nan,nan,nan
1265.395,1.545895e-05,0.0,nan,nan,nan
1265.479,1.544945e-05,0.0,nan,nan,nan
1265.573,1.546137e-05,0.0,nan,nan,nan
1265.656,1.545483e-05,0.0,nan,nan,nan
1265.74,1.546057e-05,0.0,nan,nan,nan
1265.823,1.546132e-05,0.0,nan,nan,nan
1265.907,1.54605e-05,0.0,nan,nan,nan
1265.991,1.545802e-05,0.0,nan,nan,nan
1266.074,1.546169e-05,0.0,nan,nan,nan
1266.158,1.546039e-05,0.0,nan,nan,nan
1266.241,1.546122e-05,0.0,nan,nan,nan
1266.325,1.545888e-05,0.0,nan,nan,nan
1266.409,1.54575e-05,0.0,nan,nan,nan
1266.493,1.545998e-05,0.0,nan,nan,nan
1266.593,1.545898e-05,0.0,nan,nan,nan
1266.676,1.545573e-05,0.0,nan,nan,nan
1266.76,1.545814e-05,0.0,nan,nan,nan
1266.843,1.546348e-05,0.0,nan,nan,nan
1266.972,1.546138e-05,0.0,nan,nan,nan
1267.055,1.546147e-05,0.0,nan,nan,nan
1267.139,1.546069e-05,0.0,nan,nan,nan
1267.226,1.545556e-05,0.0,nan,nan,nan
1267.309,1.545958e-05,0.0,nan,nan,nan
1267.393,1.545806e-05,0.0,nan,nan,nan
1267.477,1.545873e-05,0.0,nan,nan,nan
1267.56,1.546371e-05,0.0,nan,nan,nan
1267.644,1.545569e-05,0.0,nan,nan,nan
1267.727,1.545846e-05,0.0,nan,nan,nan
1267.811,1.546048e-05,0.0,nan,nan,nan
1267.894,1.546048e-05,0.0,nan,nan,nan
1267.979,1.545976e-05,0.0,nan,nan,nan
1268.063,1.54594e-05,0.0,nan,nan,nan
1268.147,1.545581e-05,0.0,nan,nan,nan
1268.244,1.545776e-05,0.0,nan,nan,nan
1268.328,1.546057e-05,0.0,nan,nan,nan
1268.411,1.546092e-05,0.0,nan,nan,nan
1268.495,1.545851e-05,0.0,nan,nan,nan
1268.579,1.546089e-05,0.0,nan,nan,nan
1268.662,1.545709e-05,0.0,nan,nan,nan
1268.746,1.545365e-05,0.0,nan,nan,nan
1268.831,1.545657e-05,0.0,nan,nan,nan
1268.915,1.546172e-05,0.0,nan,nan,nan
1268.998,1.545822e-05,0.0,nan,nan,nan
1269.084,1.546143e-05,0.0,nan,nan,nan
1269.167,1.546019e-05,0.0,nan,nan,nan
1269.259,1.546061e-05,0.0,nan,nan,nan
1269.342,1.545898e-05,0.0,nan,nan,nan
1269.428,1.545871e-05,0.0,nan,nan,nan
1269.512,1.54588e-05,0.0,nan,nan,nan
1269.595,1.546037e-05,0.0,nan,nan,nan
1269.687,1.546139e-05,0.0,nan,nan,nan
1269.77,1.546011e-05,0.0,nan,nan,nan
1269.858,1.546043e-05,0.0,nan,nan,nan
1269.942,1.545836e-05,0.0,nan,nan,nan
1270.025,1.545783e-05,0.0,nan,nan,nan
1270.109,1.545924e-05,0.0,nan,nan,nan
1270.192,1.545764e-05,0.0,nan,nan,nan
1270.275,1.545758e-05,0.0,nan,nan,nan
1270.359,1.545881e-05,0.0,nan,nan,nan
1270.443,1.545537e-05,0.0,nan,nan,nan
1270.526,1.545982e-05,0.0,nan,nan,nan
1270.61,1.545723e-05,0.0,nan,nan,nan
1270.693,1.545793e-05,0.0,nan,nan,nan
1270.777,1.546006e-05,0.0,nan,nan,nan
1270.86,1.546223e-05,0.0,nan,nan,nan
1270.944,1.545958e-05,0.0,nan,nan,nan
1271.027,1.546212e-05,0.0,nan,nan,nan
1271.134,1.545989e-05,0.0,nan,nan,nan
1271.218,1.545674e-05,0.0,nan,nan,nan
1271.302,1.545646e-05,0.0,nan,nan,nan
1271.385,1.545974e-05,0.0,nan,nan,nan
1271.481,1.545405e-05,0.0,nan,nan,nan
1271.564,1.545995e-05,0.0,nan,nan,nan
1271.649,1.545959e-05,0.0,nan,nan,nan
1271.732,1.545876e-05,0.0,nan,nan,nan
1271.816,1.546235e-05,0.0,nan,nan,nan
1271.899,1.545738e-05,0.0,nan,nan,nan
1271.983,1.54632e-05,0.0,nan,nan,nan
1272.074,1.545345e-05,0.0,nan,nan,nan
1272.157,1.545637e-05,0.0,nan,nan,nan
1272.241,1.545879e-05,0.0,nan,nan,nan
1272.324,1.545752e-05,0.0,nan,nan,nan
1272.408,1.545496e-05,0.0,nan,nan,nan
1272.493,1.545623e-05,0.0,nan,nan,nan
1272.577,1.545939e-05,0.0,nan,nan,nan
1272.66,1.545592e-05,0.0,nan,nan,nan
1272.744,1.545624e-05,0.0,nan,nan,nan
1272.827,1.545578e-05,0.0,nan,nan,nan
1272.916,1.545729e-05,0.0,nan,nan,nan
1272.999,1.545662e-05,0.0,nan,nan,nan
1273.083,1.5457e-05,0.0,nan,nan,nan
1273.182,1.545891e-05,0.0,nan,nan,nan
1273.266,1.546018e-05,0.0,nan,nan,nan
1273.349,1.545781e-05,0.0,nan,nan,nan
1273.433,1.545454e-05,0.0,nan,nan,nan
1273.517,1.545723e-05,0.0,nan,nan,nan
1273.601,1.545532e-05,0.0,nan,nan,nan
1273.685,1.545615e-05,0.0,nan,nan,nan
1273.769,1.545982e-05,0.0,nan,nan,nan
1273.852,1.545728e-05,0.0,nan,nan,nan
1273.937,1.545926e-05,0.0,nan,nan,nan
1274.02,1.545537e-05,0.0,nan,nan,nan
1274.104,1.545892e-05,0.0,nan,nan,nan
1274.187,1.545853e-05,0.0,nan,nan,nan
1274.271,1.545577e-05,0.0,nan,nan,nan
1274.355,1.545409e-05,0.0,nan,nan,nan
1274.438,1.545992e-05,0.0,nan,nan,nan
1274.525,1.545551e-05,0.0,nan,nan,nan
1274.609,1.545771e-05,0.0,nan,nan,nan
1274.692,1.545621e-05,0.0,nan,nan,nan
1274.798,1.545949e-05,0.0,nan,nan,nan
1274.881,1.545558e-05,0.0,nan,nan,nan
1274.965,1.545905e-05,0.0,nan,nan,nan
1275.049,1.545905e-05,0.0,nan,nan,nan
1275.132,1.54544e-05,0.0,nan,nan,nan
1275.255,1.545722e-05,0.0,nan,nan,nan
1275.338,1.545685e-05,0.0,nan,nan,nan
1275.423,1.545529e-05,0.0,nan,nan,nan
1275.507,1.545769e-05,0.0,nan,nan,nan
1275.623,1.545627e-05,0.0,nan,nan,nan
1275.707,1.545847e-05,0.0,nan,nan,nan
1275.79,1.546028e-05,0.0,nan,nan,nan
1275.874,1.546317e-05,0.0,nan,nan,nan
1275.958,1.545976e-05,0.0,nan,nan,nan
1276.041,1.545956e-05,0.0,nan,nan,nan
1276.125,1.545977e-05,0.0,nan,nan,nan
1276.209,1.546175e-05,0.0,nan,nan,nan
1276.292,1.546009e-05,0.0,nan,nan,nan
1276.391,1.546261e-05,0.0,nan,nan,nan
1276.474,1.546178e-05,0.0,nan,nan,nan
1276.558,1.546171e-05,0.0,nan,nan,nan
1276.642,1.545829e-05,0.0,nan,nan,nan
1276.727,1.545967e-05,0.0,nan,nan,nan
1276.81,1.5462e-05,0.0,nan,nan,nan
1276.894,1.546324e-05,0.0,nan,nan,nan
1276.978,1.545928e-05,0.0,nan,nan,nan
1277.062,1.545678e-05,0.0,nan,nan,nan
1277.145,1.546495e-05,0.0,nan,nan,nan
1277.229,1.546106e-05,0.0,nan,nan,nan
1277.313,1.546249e-05,0.0,nan,nan,nan
1277.396,1.546069e-05,0.0,nan,nan,nan
1277.486,1.546648e-05,0.0,nan,nan,nan
1277.571,1.545822e-05,0.0,nan,nan,nan
1277.655,1.546217e-05,0.0,nan,nan,nan
1277.739,1.545591e-05,0.0,nan,nan,nan
1277.823,1.545772e-05,0.0,nan,nan,nan
1277.906,1.54557e-05,0.0,nan,nan,nan
1277.99,1.546032e-05,0.0,nan,nan,nan
1278.074,1.545993e-05,0.0,nan,nan,nan
1278.158,1.546042e-05,0.0,nan,nan,nan
1278.248,1.545733e-05,0.0,nan,nan,nan
1278.331,1.546172e-05,0.0,nan,nan,nan
1278.432,1.54598e-05,0.0,nan,nan,nan
1278.516,1.545985e-05,0.0,nan,nan,nan
1278.599,1.545784e-05,0.0,nan,nan,nan
1278.683,1.545915e-05,0.0,nan,nan,nan
1278.767,1.545959e-05,0.0,nan,nan,nan
1278.85,1.545988e-05,0.0,nan,nan,nan
1278.934,1.546141e-05,0.0,nan,nan,nan
1279.029,1.545807e-05,0.0,nan,nan,nan
1279.113,1.546116e-05,0.0,nan,nan,nan
1279.196,1.546026e-05,0.0,nan,nan,nan
1279.28,1.545642e-05,0.0,nan,nan,nan
1279.363,1.545757e-05,0.0,nan,nan,nan
1279.447,1.545898e-05,0.0,nan,nan,nan
1279.531,1.545692e-05,0.0,nan,nan,nan
1279.614,1.545883e-05,0.0,nan,nan,nan
1279.698,1.545976e-05,0.0,nan,nan,nan
1279.782,1.546245e-05,0.0,nan,nan,nan
1279.875,1.545515e-05,0.0,nan,nan,nan
1279.959,1.546159e-05,0.0,nan,nan,nan
1280.043,1.545778e-05,0.0,nan,nan,nan
1280.126,1.545807e-05,0.0,nan,nan,nan
1280.21,1.546123e-05,0.0,nan,nan,nan
1280.294,1.546058e-05,0.0,nan,nan,nan
1280.377,1.546252e-05,0.0,nan,nan,nan
1280.461,1.545937e-05,0.0,nan,nan,nan
1280.544,1.545826e-05,0.0,nan,nan,nan
1280.628,1.545941e-05,0.0,nan,nan,nan
1280.713,1.545602e-05,0.0,nan,nan,nan
1280.797,1.546092e-05,0.0,nan,nan,nan
1280.892,1.546264e-05,0.0,nan,nan,nan
1280.976,1.546e-05,0.0,nan,nan,nan
1281.059,1.546284e-05,0.0,nan,nan,nan
1281.143,1.546014e-05,0.0,nan,nan,nan
1281.226,1.546055e-05,0.0,nan,nan,nan
1281.31,1.545887e-05,0.0,nan,nan,nan
1281.394,1.546092e-05,0.0,nan,nan,nan
1281.519,1.546254e-05,0.0,nan,nan,nan
1281.603,1.545979e-05,0.0,nan,nan,nan
1281.687,1.545999e-05,0.0,nan,nan,nan
1281.771,1.545972e-05,0.0,nan,nan,nan
1281.854,1.54562e-05,0.0,nan,nan,nan
1281.938,1.546189e-05,0.0,nan,nan,nan
1282.022,1.545982e-05,0.0,nan,nan,nan
1282.105,1.545926e-05,0.0,nan,nan,nan
1282.189,1.545835e-05,0.0,nan,nan,nan
1282.273,1.54613e-05,0.0,nan,nan,nan
1282.357,1.546036e-05,0.0,nan,nan,nan
1282.441,1.545969e-05,0.0,nan,nan,nan
1282.525,1.546158e-05,0.0,nan,nan,nan
1282.609,1.546163e-05,0.0,nan,nan,nan
1282.694,1.545845e-05,0.0,nan,nan,nan
1282.778,1.54608e-05,0.0,nan,nan,nan
1282.861,1.545828e-05,0.0,nan,nan,nan
1282.945,1.545803e-05,0.0,nan,nan,nan
1283.029,1.545947e-05,0.0,nan,nan,nan
1283.13,1.545672e-05,0.0,nan,nan,nan
1283.214,1.545558e-05,0.0,nan,nan,nan
1283.298,1.545729e-05,0.0,nan,nan,nan
1283.381,1.545728e-05,0.0,nan,nan,nan
1283.465,1.545346e-05,0.0,nan,nan,nan
1283.588,1.545979e-05,0.0,nan,nan,nan
1283.673,1.545748e-05,0.0,nan,nan,nan
1283.756,1.54588e-05,0.0,nan,nan,nan
1283.84,1.545921e-05,0.0,nan,nan,nan
1283.946,1.545723e-05,0.0,nan,nan,nan
1284.03,1.54566e-05,0.0,nan,nan,nan
1284.114,1.545782e-05,0.0,nan,nan,nan
1284.197,1.5455e-05,0.0,nan,nan,nan
1284.281,1.545603e-05,0.0,nan,nan,nan
1284.364,1.545638e-05,0.0,nan,nan,nan
1284.448,1.546037e-05,0.0,nan,nan,nan
1284.548,1.545773e-05,0.0,nan,nan,nan
1284.632,1.54606e-05,0.0,nan,nan,nan
1284.716,1.545686e-05,0.0,nan,nan,nan
1284.8,1.545937e-05,0.0,nan,nan,nan
1284.884,1.545979e-05,0.0,nan,nan,nan
1284.97,1.545272e-05,0.0,nan,nan,nan
1285.054,1.545568e-05,0.0,nan,nan,nan
1285.156,1.545582e-05,0.0,nan,nan,nan
1285.239,1.546021e-05,0.0,nan,nan,nan
1285.323,1.54593e-05,0.0,nan,nan,nan
1285.406,1.545826e-05,0.0,nan,nan,nan
1285.49,1.54568e-05,0.0,nan,nan,nan
1285.574,1.545961e-05,0.0,nan,nan,nan
1285.681,1.546161e-05,0.0,nan,nan,nan
1285.78,1.545498e-05,0.0,nan,nan,nan
1285.863,1.545629e-05,0.0,nan,nan,nan
1285.947,1.545922e-05,0.0,nan,nan,nan
1286.031,1.545384e-05,0.0,nan,nan,nan
1286.115,1.545732e-05,0.0,nan,nan,nan
1286.198,1.545927e-05,0.0,nan,nan,nan
1286.282,1.545445e-05,0.0,nan,nan,nan
1286.366,1.545741e-05,0.0,nan,nan,nan
1286.45,1.545462e-05,0.0,nan,nan,nan
1286.534,1.545554e-05,0.0,nan,nan,nan
1286.618,1.546098e-05,0.0,nan,nan,nan
1286.702,1.5454e-05,0.0,nan,nan,nan
1286.798,1.54574e-05,0.0,nan,nan,nan
1286.881,1.545848e-05,0.0,nan,nan,nan
1286.965,1.546094e-05,0.0,nan,nan,nan
1287.049,1.545664e-05,0.0,nan,nan,nan
1287.133,1.545801e-05,0.0,nan,nan,nan
1287.232,1.545874e-05,0.0,nan,nan,nan
1287.316,1.545922e-05,0.0,nan,nan,nan
1287.42,1.54623e-05,0.0,nan,nan,nan
1287.504,1.546115e-05,0.0,nan,nan,nan
1287.607,1.545848e-05,0.0,nan,nan,nan
1287.722,1.546042e-05,0.0,nan,nan,nan
1287.82,1.545829e-05,0.0,nan,nan,nan
1287.904,1.546102e-05,0.0,nan,nan,nan
1287.988,1.546012e-05,0.0,nan,nan,nan
1288.072,1.545535e-05,0.0,nan,nan,nan
1288.156,1.545231e-05,0.0,nan,nan,nan
1288.25,1.545547e-05,0.0,nan,nan,nan
1288.334,1.545681e-05,0.0,nan,nan,nan
1288.438,1.545755e-05,0.0,nan,nan,nan
1288.522,1.545699e-05,0.0,nan,nan,nan
1288.627,1.545867e-05,0.0,nan,nan,nan
1288.711,1.545949e-05,0.0,nan,nan,nan
1288.798,1.545913e-05,0.0,nan,nan,nan
1288.882,1.545718e-05,0.0,nan,nan,nan
1288.966,1.545619e-05,0.0,nan,nan,nan
1289.049,1.545956e-05,0.0,nan,nan,nan
1289.133,1.54602e-05,0.0,nan,nan,nan
1289.217,1.545717e-05,0.0,nan,nan,nan
1289.301,1.545726e-05,0.0,nan,nan,nan
1289.385,1.545933e-05,0.0,nan,nan,nan
1289.481,1.546126e-05,0.0,nan,nan,nan
1289.565,1.545834e-05,0.0,nan,nan,nan
1289.649,1.545725e-05,0.0,nan,nan,nan
1289.732,1.545724e-05,0.0,nan,nan,nan
1289.816,1.545892e-05,0.0,nan,nan,nan
1289.899,1.545518e-05,0.0,nan,nan,nan
1289.983,1.545619e-05,0.0,nan,nan,nan
1290.076,1.546024e-05,0.0,nan,nan,nan
1290.16,1.545899e-05,0.0,nan,nan,nan
1290.243,1.545921e-05,0.0,nan,nan,nan
1290.327,1.545897e-05,0.0,nan,nan,nan
1290.411,1.545742e-05,0.0,nan,nan,nan
1290.495,1.545796e-05,0.0,nan,nan,nan
1290.578,1.545311e-05,0.0,nan,nan,nan
1290.664,1.545514e-05,0.0,nan,nan,nan
1290.748,1.546014e-05,0.0,nan,nan,nan
1290.831,1.545764e-05,0.0,nan,nan,nan
1290.915,1.545523e-05,0.0,nan,nan,nan
1290.998,1.545844e-05,0.0,nan,nan,nan
1291.084,1.545999e-05,0.0,nan,nan,nan
1291.168,1.545527e-05,0.0,nan,nan,nan
1291.251,1.545571e-05,0.0,nan,nan,nan
1291.335,1.54542e-05,0.0,nan,nan,nan
1291.419,1.545629e-05,0.0,nan,nan,nan
1291.506,1.545457e-05,0.0,nan,nan,nan
1291.59,1.545154e-05,0.0,nan,nan,nan
1291.674,1.54559e-05,0.0,nan,nan,nan
1291.757,1.545408e-05,0.0,nan,nan,nan
1291.889,1.545427e-05,0.0,nan,nan,nan
1291.972,1.545558e-05,0.0,nan,nan,nan
1292.056,1.545239e-05,0.0,nan,nan,nan
1292.139,1.545753e-05,0.0,nan,nan,nan
1292.223,1.545364e-05,0.0,nan,nan,nan
1292.31,1.545513e-05,0.0,nan,nan,nan
1292.394,1.544844e-05,0.0,nan,nan,nan
1292.477,1.545643e-05,0.0,nan,nan,nan
1292.561,1.545634e-05,0.0,nan,nan,nan
1292.645,1.545454e-05,0.0,nan,nan,nan
1292.728,1.545484e-05,0.0,nan,nan,nan
1292.812,1.545584e-05,0.0,nan,nan,nan
1292.896,1.545544e-05,0.0,nan,nan,nan
1292.98,1.545501e-05,0.0,nan,nan,nan
1293.064,1.54582e-05,0.0,nan,nan,nan
1293.148,1.54554e-05,0.0,nan,nan,nan
1293.232,1.544967e-05,0.0,nan,nan,nan
1293.324,1.545259e-05,0.0,nan,nan,nan
1293.408,1.545383e-05,0.0,nan,nan,nan
1293.493,1.544678e-05,0.0,nan,nan,nan
1293.577,1.544593e-05,0.0,nan,nan,nan
1293.66,1.544755e-05,0.0,nan,nan,nan
1293.748,1.545108e-05,0.0,nan,nan,nan
1293.832,1.545528e-05,0.0,nan,nan,nan
1293.94,1.545184e-05,0.0,nan,nan,nan
1294.037,1.545694e-05,0.0,nan,nan,nan
1294.121,1.545187e-05,0.0,nan,nan,nan
1294.205,1.545225e-05,0.0,nan,nan,nan
1294.288,1.545072e-05,0.0,nan,nan,nan
1294.403,1.54484e-05,0.0,nan,nan,nan
1294.487,1.545363e-05,0.0,nan,nan,nan
1294.571,1.545186e-05,0.0,nan,nan,nan
1294.654,1.545516e-05,0.0,nan,nan,nan
1294.756,1.545531e-05,0.0,nan,nan,nan
1294.84,1.545262e-05,0.0,nan,nan,nan
1294.923,1.545953e-05,0.0,nan,nan,nan
1295.007,1.545047e-05,0.0,nan,nan,nan
1295.09,1.545301e-05,0.0,nan,nan,nan
1295.177,1.545503e-05,0.0,nan,nan,nan
1295.26,1.545507e-05,0.0,nan,nan,nan
1295.344,1.545476e-05,0.0,nan,nan,nan
1295.428,1.54585e-05,0.0,nan,nan,nan
1295.512,1.545833e-05,0.0,nan,nan,nan
1295.595,1.545615e-05,0.0,nan,nan,nan
1295.679,1.54585e-05,0.0,nan,nan,nan
1295.769,1.545121e-05,0.0,nan,nan,nan
1295.853,1.545569e-05,0.0,nan,nan,nan
1295.937,1.545559e-05,0.0,nan,nan,nan
1296.055,1.545648e-05,0.0,nan,nan,nan
1296.139,1.5456e-05,0.0,nan,nan,nan
1296.222,1.54583e-05,0.0,nan,nan,nan
1296.306,1.545294e-05,0.0,nan,nan,nan
1296.399,1.545567e-05,0.0,nan,nan,nan
1296.483,1.545853e-05,0.0,nan,nan,nan
1296.588,1.545643e-05,0.0,nan,nan,nan
1296.672,1.54543e-05,0.0,nan,nan,nan
1296.755,1.545797e-05,0.0,nan,nan,nan
1296.839,1.545732e-05,0.0,nan,nan,nan
1296.923,1.545426e-05,0.0,nan,nan,nan
1297.007,1.5456e-05,0.0,nan,nan,nan
1297.09,1.545242e-05,0.0,nan,nan,nan
1297.197,1.545138e-05,0.0,nan,nan,nan
1297.28,1.545349e-05,0.0,nan,nan,nan
1297.365,1.545743e-05,0.0,nan,nan,nan
1297.449,1.545114e-05,0.0,nan,nan,nan
1297.533,1.545296e-05,0.0,nan,nan,nan
1297.617,1.545104e-05,0.0,nan,nan,nan
1297.701,1.5452e-05,0.0,nan,nan,nan
1297.807,1.545725e-05,0.0,nan,nan,nan
1297.89,1.544954e-05,0.0,nan,nan,nan
1297.974,1.54553e-05,0.0,nan,nan,nan
1298.072,1.54538e-05,0.0,nan,nan,nan
1298.156,1.545497e-05,0.0,nan,nan,nan
1298.24,1.545687e-05,0.0,nan,nan,nan
1298.324,1.546074e-05,0.0,nan,nan,nan
1298.421,1.545789e-05,0.0,nan,nan,nan
1298.505,1.545705e-05,0.0,nan,nan,nan
1298.591,1.545541e-05,0.0,nan,nan,nan
1298.675,1.545796e-05,0.0,nan,nan,nan
1298.758,1.545852e-05,0.0,nan,nan,nan
1298.842,1.545488e-05,0.0,nan,nan,nan
1298.926,1.545537e-05,0.0,nan,nan,nan
1299.023,1.545905e-05,0.0,nan,nan,nan
1299.107,1.545543e-05,0.0,nan,nan,nan
1299.19,1.545775e-05,0.0,nan,nan,nan
1299.274,1.545372e-05,0.0,nan,nan,nan
1299.358,1.545683e-05,0.0,nan,nan,nan
1299.442,1.545257e-05,0.0,nan,nan,nan
1299.525,1.545372e-05,0.0,nan,nan,nan
1299.609,1.545062e-05,0.0,nan,nan,nan
1299.693,1.545417e-05,0.0,nan,nan,nan
1299.776,1.545495e-05,0.0,nan,nan,nan
1299.86,1.545331e-05,0.0,nan,nan,nan
1299.944,1.545609e-05,0.0,nan,nan,nan
1300.034,1.545785e-05,0.0,nan,nan,nan
1300.117,1.545532e-05,0.0,nan,nan,nan
1300.201,1.545305e-05,0.0,nan,nan,nan
1300.285,1.545663e-05,0.0,nan,nan,nan
1300.368,1.545515e-05,0.0,nan,nan,nan
1300.452,1.545839e-05,0.0,nan,nan,nan
1300.536,1.545577e-05,0.0,nan,nan,nan
1300.621,1.545941e-05,0.0,nan,nan,nan
1300.705,1.545631e-05,0.0,nan,nan,nan
1300.789,1.545942e-05,0.0,nan,nan,nan
1300.872,1.545744e-05,0.0,nan,nan,nan
1300.956,1.545923e-05,0.0,nan,nan,nan
1301.052,1.545873e-05,0.0,nan,nan,nan
1301.136,1.545708e-05,0.0,nan,nan,nan
1301.219,1.54597e-05,0.0,nan,nan,nan
1301.303,1.545393e-05,0.0,nan,nan,nan
1301.387,1.545776e-05,0.0,nan,nan,nan
1301.478,1.546093e-05,0.0,nan,nan,nan
1301.562,1.545688e-05,0.0,nan,nan,nan
1301.646,1.545696e-05,0.0,nan,nan,nan
1301.73,1.545348e-05,0.0,nan,nan,nan
1301.814,1.545848e-05,0.0,nan,nan,nan
1301.897,1.545629e-05,0.0,nan,nan,nan
1301.981,1.54573e-05,0.0,nan,nan,nan
1302.077,1.54605e-05,0.0,nan,nan,nan
1302.161,1.54614e-05,0.0,nan,nan,nan
1302.255,1.546137e-05,0.0,nan,nan,nan
1302.339,1.546131e-05,0.0,nan,nan,nan
1302.423,1.545973e-05,0.0,nan,nan,nan
1302.506,1.546046e-05,0.0,nan,nan,nan
1302.59,1.546237e-05,0.0,nan,nan,nan
1302.685,1.546158e-05,0.0,nan,nan,nan
1302.769,1.546051e-05,0.0,nan,nan,nan
1302.852,1.546021e-05,0.0,nan,nan,nan
1302.936,1.545499e-05,0.0,nan,nan,nan
1303.02,1.545682e-05,0.0,nan,nan,nan
1303.103,1.545697e-05,0.0,nan,nan,nan
1303.187,1.546075e-05,0.0,nan,nan,nan
1303.287,1.546242e-05,0.0,nan,nan,nan
1303.371,1.546072e-05,0.0,nan,nan,nan
1303.455,1.546087e-05,0.0,nan,nan,nan
1303.538,1.545796e-05,0.0,nan,nan,nan
1303.622,1.545942e-05,0.0,nan,nan,nan
1303.711,1.546199e-05,0.0,nan,nan,nan
1303.795,1.545848e-05,0.0,nan,nan,nan
1303.879,1.546054e-05,0.0,nan,nan,nan
1303.963,1.54607e-05,0.0,nan,nan,nan
1304.047,1.546237e-05,0.0,nan,nan,nan
1304.13,1.546034e-05,0.0,nan,nan,nan
1304.214,1.54577e-05,0.0,nan,nan,nan
1304.322,1.545762e-05,0.0,nan,nan,nan
1304.406,1.546154e-05,0.0,nan,nan,nan
1304.49,1.545668e-05,0.0,nan,nan,nan
1304.574,1.545871e-05,0.0,nan,nan,nan
1304.658,1.545877e-05,0.0,nan,nan,nan
1304.745,1.545612e-05,0.0,nan,nan,nan
1304.829,1.545758e-05,0.0,nan,nan,nan
1304.913,1.545925e-05,0.0,nan,nan,nan
1304.996,1.545873e-05,0.0,nan,nan,nan
1305.08,1.546245e-05,0.0,nan,nan,nan
1305.164,1.54605e-05,0.0,nan,nan,nan
1305.247,1.545987e-05,0.0,nan,nan,nan
1305.338,1.545978e-05,0.0,nan,nan,nan
1305.421,1.54609e-05,0.0,nan,nan,nan
1305.505,1.546173e-05,0.0,nan,nan,nan
1305.589,1.546014e-05,0.0,nan,nan,nan
1305.673,1.545752e-05,0.0,nan,nan,nan
1305.756,1.546095e-05,0.0,nan,nan,nan
1305.84,1.546321e-05,0.0,nan,nan,nan
1305.924,1.545838e-05,0.0,nan,nan,nan
1306.008,1.546025e-05,0.0,nan,nan,nan
1306.091,1.545704e-05,0.0,nan,nan,nan
1306.175,1.546288e-05,0.0,nan,nan,nan
1306.258,1.545976e-05,0.0,nan,nan,nan
1306.355,1.545704e-05,0.0,nan,nan,nan
1306.439,1.545502e-05,0.0,nan,nan,nan
1306.523,1.546341e-05,0.0,nan,nan,nan
1306.606,1.545777e-05,0.0,nan,nan,nan
1306.69,1.546079e-05,0.0,nan,nan,nan
1306.775,1.545638e-05,0.0,nan,nan,nan
1306.859,1.54606e-05,0.0,nan,nan,nan
1306.943,1.545678e-05,0.0,nan,nan,nan
1307.027,1.545931e-05,0.0,nan,nan,nan
1307.11,1.545335e-05,0.0,nan,nan,nan
1307.194,1.546465e-05,0.0,nan,nan,nan
1307.278,1.54647e-05,0.0,nan,nan,nan
1307.383,1.546152e-05,0.0,nan,nan,nan
1307.466,1.546298e-05,0.0,nan,nan,nan
1307.549,1.546131e-05,0.0,nan,nan,nan
1307.633,1.546538e-05,0.0,nan,nan,nan
1307.717,1.545795e-05,0.0,nan,nan,nan
1307.8,1.546081e-05,0.0,nan,nan,nan
1307.884,1.54591e-05,0.0,nan,nan,nan
1307.976,1.54559e-05,0.0,nan,nan,nan
1308.06,1.545784e-05,0.0,nan,nan,nan
1308.144,1.546104e-05,0.0,nan,nan,nan
1308.227,1.546282e-05,0.0,nan,nan,nan
1308.311,1.545992e-05,0.0,nan,nan,nan
1308.395,1.546035e-05,0.0,nan,nan,nan
1308.479,1.545985e-05,0.0,nan,nan,nan
1308.562,1.546016e-05,0.0,nan,nan,nan
1308.646,1.545987e-05,0.0,nan,nan,nan
1308.73,1.546217e-05,0.0,nan,nan,nan
1308.82,1.546144e-05,0.0,nan,nan,nan
1308.904,1.5464e-05,0.0,nan,nan,nan
1309.002,1.546168e-05,0.0,nan,nan,nan
1309.086,1.545723e-05,0.0,nan,nan,nan
1309.17,1.546158e-05,0.0,nan,nan,nan
1309.254,1.546206e-05,0.0,nan,nan,nan
1309.338,1.545717e-05,0.0,nan,nan,nan
1309.422,1.54616e-05,0.0,nan,nan,nan
1309.509,1.54601e-05,0.0,nan,nan,nan
1309.61,1.545947e-05,0.0,nan,nan,nan
1309.693,1.546402e-05,0.0,nan,nan,nan
1309.777,1.546372e-05,0.0,nan,nan,nan
1309.861,1.546429e-05,0.0,nan,nan,nan
1309.945,1.546341e-05,0.0,nan,nan,nan
1310.028,1.546459e-05,0.0,nan,nan,nan
1310.112,1.546003e-05,0.0,nan,nan,nan
1310.196,1.546433e-05,0.0,nan,nan,nan
1310.279,1.546337e-05,0.0,nan,nan,nan
1310.363,1.546142e-05,0.0,nan,nan,nan
1310.447,1.546064e-05,0.0,nan,nan,nan
1310.531,1.546326e-05,0.0,nan,nan,nan
1310.633,1.545757e-05,0.0,nan,nan,nan
1310.717,1.54613e-05,0.0,nan,nan,nan
1310.8,1.54611e-05,0.0,nan,nan,nan
1310.884,1.54594e-05,0.0,nan,nan,nan
1310.968,1.545947e-05,0.0,nan,nan,nan
1311.052,1.545624e-05,0.0,nan,nan,nan
1311.135,1.5462e-05,0.0,nan,nan,nan
1311.237,1.545587e-05,0.0,nan,nan,nan
1311.321,1.545722e-05,0.0,nan,nan,nan
1311.404,1.546542e-05,0.0,nan,nan,nan
1311.488,1.546082e-05,0.0,nan,nan,nan
1311.572,1.546293e-05,0.0,nan,nan,nan
1311.656,1.546445e-05,0.0,nan,nan,nan
1311.739,1.545953e-05,0.0,nan,nan,nan
1311.834,1.546149e-05,0.0,nan,nan,nan
1311.918,1.546114e-05,0.0,nan,nan,nan
1312.001,1.546019e-05,0.0,nan,nan,nan
1312.085,1.545808e-05,0.0,nan,nan,nan
1312.169,1.546019e-05,0.0,nan,nan,nan
1312.26,1.545743e-05,0.0,nan,nan,nan
1312.344,1.545849e-05,0.0,nan,nan,nan
1312.428,1.546189e-05,0.0,nan,nan,nan
1312.512,1.546374e-05,0.0,nan,nan,nan
1312.595,1.54595e-05,0.0,nan,nan,nan
1312.679,1.545774e-05,0.0,nan,nan,nan
1312.762,1.545861e-05,0.0,nan,nan,nan
1312.847,1.546392e-05,0.0,nan,nan,nan
1312.931,1.546368e-05,0.0,nan,nan,nan
1313.014,1.546278e-05,0.0,nan,nan,nan
1313.098,1.546717e-05,0.0,nan,nan,nan
1313.182,1.546423e-05,0.0,nan,nan,nan
1313.27,1.546585e-05,0.0,nan,nan,nan
1313.353,1.546459e-05,0.0,nan,nan,nan
1313.437,1.546215e-05,0.0,nan,nan,nan
1313.521,1.546338e-05,0.0,nan,nan,nan
1313.604,1.546564e-05,0.0,nan,nan,nan
1313.688,1.546056e-05,0.0,nan,nan,nan
1313.772,1.546271e-05,0.0,nan,nan,nan
1313.857,1.546017e-05,0.0,nan,nan,nan
1313.941,1.546553e-05,0.0,nan,nan,nan
1314.025,1.546455e-05,0.0,nan,nan,nan
1314.109,1.546314e-05,0.0,nan,nan,nan
1314.192,1.546419e-05,0.0,nan,nan,nan
1314.282,1.546512e-05,0.0,nan,nan,nan
1314.366,1.546628e-05,0.0,nan,nan,nan
1314.45,1.546313e-05,0.0,nan,nan,nan
1314.534,1.546468e-05,0.0,nan,nan,nan
1314.65,1.54679e-05,0.0,nan,nan,nan
1314.734,1.546721e-05,0.0,nan,nan,nan
1314.818,1.546467e-05,0.0,nan,nan,nan
1314.904,1.546674e-05,0.0,nan,nan,nan
1314.988,1.546496e-05,0.0,nan,nan,nan
1315.072,1.546582e-05,0.0,nan,nan,nan
1315.155,1.546687e-05,0.0,nan,nan,nan
1315.239,1.546401e-05,0.0,nan,nan,nan
1315.331,1.546564e-05,0.0,nan,nan,nan
1315.415,1.546242e-05,0.0,nan,nan,nan
1315.523,1.546358e-05,0.0,nan,nan,nan
1315.606,1.546082e-05,0.0,nan,nan,nan
1315.69,1.546083e-05,0.0,nan,nan,nan
1315.774,1.546351e-05,0.0,nan,nan,nan
1315.858,1.546024e-05,0.0,nan,nan,nan
1315.941,1.545826e-05,0.0,nan,nan,nan
1316.025,1.545806e-05,0.0,nan,nan,nan
1316.109,1.545476e-05,0.0,nan,nan,nan
1316.192,1.545806e-05,0.0,nan,nan,nan
1316.276,1.546061e-05,0.0,nan,nan,nan
1316.365,1.546078e-05,0.0,nan,nan,nan
1316.448,1.54619e-05,0.0,nan,nan,nan
1316.533,1.545976e-05,0.0,nan,nan,nan
1316.617,1.546234e-05,0.0,nan,nan,nan
1316.719,1.546029e-05,0.0,nan,nan,nan
1316.803,1.545857e-05,0.0,nan,nan,nan
1316.887,1.54586e-05,0.0,nan,nan,nan
1316.98,1.545943e-05,0.0,nan,nan,nan
1317.064,1.545917e-05,0.0,nan,nan,nan
1317.148,1.546171e-05,0.0,nan,nan,nan
1317.231,1.546184e-05,0.0,nan,nan,nan
1317.315,1.545521e-05,0.0,nan,nan,nan
1317.398,1.545712e-05,0.0,nan,nan,nan
1317.482,1.54629e-05,0.0,nan,nan,nan
1317.578,1.545773e-05,0.0,nan,nan,nan
1317.662,1.545571e-05,0.0,nan,nan,nan
1317.746,1.546092e-05,0.0,nan,nan,nan
1317.829,1.546256e-05,0.0,nan,nan,nan
1317.913,1.546145e-05,0.0,nan,nan,nan
1317.997,1.546172e-05,0.0,nan,nan,nan
1318.081,1.545681e-05,0.0,nan,nan,nan
1318.164,1.545988e-05,0.0,nan,nan,nan
1318.248,1.54655e-05,0.0,nan,nan,nan
1318.331,1.546276e-05,0.0,nan,nan,nan
1318.415,1.546217e-05,0.0,nan,nan,nan
1318.499,1.546357e-05,0.0,nan,nan,nan
1318.607,1.546369e-05,0.0,nan,nan,nan
1318.691,1.546367e-05,0.0,nan,nan,nan
1318.779,1.54614e-05,0.0,nan,nan,nan
1318.864,1.546165e-05,0.0,nan,nan,nan
1318.947,1.545918e-05,0.0,nan,nan,nan
1319.031,1.545763e-05,0.0,nan,nan,nan
1319.114,1.545977e-05,0.0,nan,nan,nan
1319.2,1.546002e-05,0.0,nan,nan,nan
1319.283,1.545866e-05,0.0,nan,nan,nan
1319.367,1.54603e-05,0.0,nan,nan,nan
1319.451,1.546707e-05,0.0,nan,nan,nan
1319.534,1.546121e-05,0.0,nan,nan,nan
1319.624,1.546225e-05,0.0,nan,nan,nan
1319.708,1.546356e-05,0.0,nan,nan,nan
1319.791,1.546367e-05,0.0,nan,nan,nan
1319.875,1.546381e-05,0.0,nan,nan,nan
1319.959,1.545994e-05,0.0,nan,nan,nan
1320.043,1.546239e-05,0.0,nan,nan,nan
1320.126,1.545989e-05,0.0,nan,nan,nan
1320.21,1.546137e-05,0.0,nan,nan,nan
1320.294,1.546024e-05,0.0,nan,nan,nan
1320.377,1.545844e-05,0.0,nan,nan,nan
1320.461,1.546014e-05,0.0,nan,nan,nan
1320.545,1.545872e-05,0.0,nan,nan,nan
1320.639,1.545952e-05,0.0,nan,nan,nan
1320.723,1.546176e-05,0.0,nan,nan,nan
1320.836,1.54585e-05,0.0,nan,nan,nan
1320.92,1.546112e-05,0.0,nan,nan,nan
1321.006,1.546109e-05,0.0,nan,nan,nan
1321.09,1.546417e-05,0.0,nan,nan,nan
1321.173,1.546158e-05,0.0,nan,nan,nan
1321.258,1.545801e-05,0.0,nan,nan,nan
1321.341,1.546469e-05,0.0,nan,nan,nan
1321.425,1.546556e-05,0.0,nan,nan,nan
1321.509,1.546443e-05,0.0,nan,nan,nan
1321.592,1.546191e-05,0.0,nan,nan,nan
1321.676,1.54618e-05,0.0,nan,nan,nan
1321.76,1.546459e-05,0.0,nan,nan,nan
1321.843,1.546295e-05,0.0,nan,nan,nan
1321.927,1.546613e-05,0.0,nan,nan,nan
1322.011,1.54644e-05,0.0,nan,nan,nan
1322.094,1.546491e-05,0.0,nan,nan,nan
1322.178,1.546368e-05,0.0,nan,nan,nan
1322.276,1.546454e-05,0.0,nan,nan,nan
1322.36,1.545859e-05,0.0,nan,nan,nan
1322.444,1.5461e-05,0.0,nan,nan,nan
1322.528,1.546068e-05,0.0,nan,nan,nan
1322.612,1.546136e-05,0.0,nan,nan,nan
1322.696,1.546374e-05,0.0,nan,nan,nan
1322.779,1.546262e-05,0.0,nan,nan,nan
1322.89,1.545974e-05,0.0,nan,nan,nan
1322.974,1.545727e-05,0.0,nan,nan,nan
1323.058,1.545874e-05,0.0,nan,nan,nan
1323.142,1.545727e-05,0.0,nan,nan,nan
1323.226,1.546018e-05,0.0,nan,nan,nan
1323.31,1.546324e-05,0.0,nan,nan,nan
1323.394,1.54605e-05,0.0,nan,nan,nan
1323.479,1.545639e-05,0.0,nan,nan,nan
1323.562,1.545806e-05,0.0,nan,nan,nan
1323.646,1.546087e-05,0.0,nan,nan,nan
1323.73,1.545837e-05,0.0,nan,nan,nan
1323.814,1.546234e-05,0.0,nan,nan,nan
1323.919,1.54569e-05,0.0,nan,nan,nan
1324.003,1.546043e-05,0.0,nan,nan,nan
1324.086,1.545801e-05,0.0,nan,nan,nan
1324.17,1.545874e-05,0.0,nan,nan,nan
1324.254,1.545982e-05,0.0,nan,nan,nan
1324.338,1.546132e-05,0.0,nan,nan,nan
1324.421,1.545983e-05,0.0,nan,nan,nan
1324.538,1.545805e-05,0.0,nan,nan,nan
1324.622,1.546163e-05,0.0,nan,nan,nan
1324.706,1.546156e-05,0.0,nan,nan,nan
1324.79,1.545814e-05,0.0,nan,nan,nan
1324.873,1.546005e-05,0.0,nan,nan,nan
1324.957,1.545568e-05,0.0,nan,nan,nan
1325.041,1.545915e-05,0.0,nan,nan,nan
1325.148,1.545933e-05,0.0,nan,nan,nan
1325.232,1.54598e-05,0.0,nan,nan,nan
1325.315,1.545409e-05,0.0,nan,nan,nan
1325.399,1.545188e-05,0.0,nan,nan,nan
1325.483,1.54597e-05,0.0,nan,nan,nan
1325.566,1.545462e-05,0.0,nan,nan,nan
1325.65,1.545646e-05,0.0,nan,nan,nan
1325.759,1.545574e-05,0.0,nan,nan,nan
1325.843,1.545691e-05,0.0,nan,nan,nan
1325.926,1.545773e-05,0.0,nan,nan,nan
1326.01,1.545323e-05,0.0,nan,nan,nan
1326.093,1.545604e-05,0.0,nan,nan,nan
1326.177,1.545598e-05,0.0,nan,nan,nan
1326.261,1.545765e-05,0.0,nan,nan,nan
1326.344,1.545897e-05,0.0,nan,nan,nan
1326.428,1.545909e-05,0.0,nan,nan,nan
1326.512,1.545843e-05,0.0,nan,nan,nan
1326.595,1.545753e-05,0.0,nan,nan,nan
1326.679,1.54584e-05,0.0,nan,nan,nan
1326.78,1.545585e-05,0.0,nan,nan,nan
1326.864,1.545924e-05,0.0,nan,nan,nan
1327.005,1.545583e-05,0.0,nan,nan,nan
1327.089,1.545899e-05,0.0,nan,nan,nan
1327.189,1.545891e-05,0.0,nan,nan,nan
1327.273,1.545646e-05,0.0,nan,nan,nan
1327.356,1.546056e-05,0.0,nan,nan,nan
1327.44,1.545852e-05,0.0,nan,nan,nan
1327.523,1.546223e-05,0.0,nan,nan,nan
1327.607,1.546039e-05,0.0,nan,nan,nan
1327.691,1.545619e-05,0.0,nan,nan,nan
1327.788,1.545735e-05,0.0,nan,nan,nan
1327.872,1.545826e-05,0.0,nan,nan,nan
1327.955,1.54594e-05,0.0,nan,nan,nan
1328.039,1.545865e-05,0.0,nan,nan,nan
1328.122,1.545463e-05,0.0,nan,nan,nan
1328.228,1.545492e-05,0.0,nan,nan,nan
1328.312,1.545442e-05,0.0,nan,nan,nan
1328.399,1.54567e-05,0.0,nan,nan,nan
1328.483,1.545704e-05,0.0,nan,nan,nan
1328.567,1.545454e-05,0.0,nan,nan,nan
1328.651,1.545599e-05,0.0,nan,nan,nan
1328.734,1.545715e-05,0.0,nan,nan,nan
1328.827,1.545631e-05,0.0,nan,nan,nan
1328.911,1.545526e-05,0.0,nan,nan,nan
1329.025,1.545935e-05,0.0,nan,nan,nan
1329.108,1.545898e-05,0.0,nan,nan,nan
1329.192,1.545654e-05,0.0,nan,nan,nan
1329.275,1.546197e-05,0.0,nan,nan,nan
1329.359,1.545654e-05,0.0,nan,nan,nan
1329.443,1.545879e-05,0.0,nan,nan,nan
1329.526,1.545962e-05,0.0,nan,nan,nan
1329.61,1.546275e-05,0.0,nan,nan,nan
1329.694,1.546124e-05,0.0,nan,nan,nan
1329.777,1.545588e-05,0.0,nan,nan,nan
1329.861,1.545825e-05,0.0,nan,nan,nan
1329.945,1.545346e-05,0.0,nan,nan,nan
1330.037,1.545471e-05,0.0,nan,nan,nan
1330.12,1.545795e-05,0.0,nan,nan,nan
1330.204,1.546068e-05,0.0,nan,nan,nan
1330.287,1.546041e-05,0.0,nan,nan,nan
1330.371,1.546042e-05,0.0,nan,nan,nan
1330.472,1.545865e-05,0.0,nan,nan,nan
1330.556,1.545943e-05,0.0,nan,nan,nan
1330.639,1.546217e-05,0.0,nan,nan,nan
1330.723,1.545589e-05,0.0,nan,nan,nan
1330.807,1.545558e-05,0.0,nan,nan,nan
1330.891,1.546309e-05,0.0,nan,nan,nan
1330.975,1.545838e-05,0.0,nan,nan,nan
1331.075,1.545908e-05,0.0,nan,nan,nan
1331.159,1.546234e-05,0.0,nan,nan,nan
1331.242,1.546462e-05,0.0,nan,nan,nan
1331.326,1.546363e-05,0.0,nan,nan,nan
1331.411,1.546154e-05,0.0,nan,nan,nan
1331.495,1.546263e-05,0.0,nan,nan,nan
1331.579,1.546108e-05,0.0,nan,nan,nan
1331.674,1.546148e-05,0.0,nan,nan,nan
1331.758,1.546367e-05,0.0,nan,nan,nan
1331.841,1.546409e-05,0.0,nan,nan,nan
1331.925,1.546294e-05,0.0,nan,nan,nan
1332.009,1.546049e-05,0.0,nan,nan,nan
1332.098,1.545829e-05,0.0,nan,nan,nan
1332.182,1.546223e-05,0.0,nan,nan,nan
1332.265,1.546863e-05,0.0,nan,nan,nan
1332.349,1.546089e-05,0.0,nan,nan,nan
1332.433,1.546132e-05,0.0,nan,nan,nan
1332.516,1.546263e-05,0.0,nan,nan,nan
1332.6,1.546247e-05,0.0,nan,nan,nan
1332.683,1.54645e-05,0.0,nan,nan,nan
1332.767,1.546499e-05,0.0,nan,nan,nan
1332.851,1.546234e-05,0.0,nan,nan,nan
1332.934,1.546246e-05,0.0,nan,nan,nan
1333.018,1.546027e-05,0.0,nan,nan,nan
1333.115,1.546108e-05,0.0,nan,nan,nan
1333.222,1.545854e-05,0.0,nan,nan,nan
1333.305,1.545954e-05,0.0,nan,nan,nan
1333.389,1.546362e-05,0.0,nan,nan,nan
1333.473,1.546038e-05,0.0,nan,nan,nan
1333.557,1.546019e-05,0.0,nan,nan,nan
1333.64,1.546077e-05,0.0,nan,nan,nan
1333.729,1.546322e-05,0.0,nan,nan,nan
1333.813,1.546226e-05,0.0,nan,nan,nan
1333.91,1.545976e-05,0.0,nan,nan,nan
1333.994,1.545942e-05,0.0,nan,nan,nan
1334.079,1.54566e-05,0.0,nan,nan,nan
1334.162,1.546127e-05,0.0,nan,nan,nan
1334.246,1.545812e-05,0.0,nan,nan,nan
1334.33,1.546403e-05,0.0,nan,nan,nan
1334.414,1.546183e-05,0.0,nan,nan,nan
1334.523,1.546377e-05,0.0,nan,nan,nan
1334.607,1.545757e-05,0.0,nan,nan,nan
1334.691,1.546019e-05,0.0,nan,nan,nan
1334.774,1.546066e-05,0.0,nan,nan,nan
1334.858,1.546232e-05,0.0,nan,nan,nan
1334.942,1.545921e-05,0.0,nan,nan,nan
1335.026,1.546233e-05,0.0,nan,nan,nan
1335.109,1.546303e-05,0.0,nan,nan,nan
1335.193,1.546192e-05,0.0,nan,nan,nan
1335.939,1.545875e-05,0.0,nan,nan,nan
1336.023,1.545436e-05,0.0,nan,nan,nan
1336.107,1.545917e-05,0.0,nan,nan,nan
1336.19,1.545258e-05,0.0,nan,nan,nan
1336.274,1.545612e-05,0.0,nan,nan,nan
1336.381,1.545899e-05,0.0,nan,nan,nan
1336.465,1.545843e-05,0.0,nan,nan,nan
1336.55,1.546106e-05,0.0,nan,nan,nan
1336.634,1.545574e-05,0.0,nan,nan,nan
1336.717,1.545424e-05,0.0,nan,nan,nan
1336.801,1.545714e-05,0.0,nan,nan,nan
1336.885,1.546519e-05,0.0,nan,nan,nan
1336.992,1.546141e-05,0.0,nan,nan,nan
1337.076,1.546315e-05,0.0,nan,nan,nan
1337.182,1.545951e-05,0.0,nan,nan,nan
1337.266,1.546295e-05,0.0,nan,nan,nan
1337.349,1.546261e-05,0.0,nan,nan,nan
1337.433,1.546074e-05,0.0,nan,nan,nan
1337.517,1.54655e-05,0.0,nan,nan,nan
1337.601,1.546337e-05,0.0,nan,nan,nan
1337.685,1.546549e-05,0.0,nan,nan,nan
1337.786,1.546434e-05,0.0,nan,nan,nan
1337.87,1.546403e-05,0.0,nan,nan,nan
1337.954,1.546292e-05,0.0,nan,nan,nan
1338.059,1.546325e-05,0.0,nan,nan,nan
1338.143,1.546091e-05,0.0,nan,nan,nan
1338.226,1.546456e-05,0.0,nan,nan,nan
1338.31,1.546155e-05,0.0,nan,nan,nan
1338.406,1.546412e-05,0.0,nan,nan,nan
1338.489,1.546275e-05,0.0,nan,nan,nan
1338.573,1.54655e-05,0.0,nan,nan,nan
1338.656,1.546097e-05,0.0,nan,nan,nan
1338.74,1.545841e-05,0.0,nan,nan,nan
1338.824,1.54625e-05,0.0,nan,nan,nan
1338.907,1.545997e-05,0.0,nan,nan,nan
1338.991,1.54678e-05,0.0,nan,nan,nan
1339.074,1.546284e-05,0.0,nan,nan,nan
1339.158,1.546452e-05,0.0,nan,nan,nan
1339.241,1.546776e-05,0.0,nan,nan,nan
1339.325,1.546101e-05,0.0,nan,nan,nan
1339.409,1.54638e-05,0.0,nan,nan,nan
1339.492,1.546383e-05,0.0,nan,nan,nan
1339.576,1.546265e-05,0.0,nan,nan,nan
1339.66,1.546268e-05,0.0,nan,nan,nan
1339.743,1.546144e-05,0.0,nan,nan,nan
1339.827,1.546368e-05,0.0,nan,nan,nan
1339.911,1.545996e-05,0.0,nan,nan,nan
1339.995,1.545957e-05,0.0,nan,nan,nan
1340.079,1.546708e-05,0.0,nan,nan,nan
1340.162,1.546298e-05,0.0,nan,nan,nan
1340.256,1.546445e-05,0.0,nan,nan,nan
1340.339,1.546561e-05,0.0,nan,nan,nan
1340.423,1.546873e-05,0.0,nan,nan,nan
1340.506,1.546524e-05,0.0,nan,nan,nan
1340.59,1.546612e-05,0.0,nan,nan,nan
1340.676,1.546092e-05,0.0,nan,nan,nan
1340.759,1.546278e-05,0.0,nan,nan,nan
1340.874,1.545745e-05,0.0,nan,nan,nan
1340.957,1.546126e-05,0.0,nan,nan,nan
1341.041,1.546407e-05,0.0,nan,nan,nan
1341.125,1.546054e-05,0.0,nan,nan,nan
1341.208,1.546228e-05,0.0,nan,nan,nan
1341.292,1.545985e-05,0.0,nan,nan,nan
1341.375,1.54643e-05,0.0,nan,nan,nan
1341.459,1.546574e-05,0.0,nan,nan,nan
1341.543,1.546357e-05,0.0,nan,nan,nan
1341.626,1.546452e-05,0.0,nan,nan,nan
1341.71,1.546616e-05,0.0,nan,nan,nan
1341.794,1.546455e-05,0.0,nan,nan,nan
1341.892,1.545928e-05,0.0,nan,nan,nan
1341.975,1.546439e-05,0.0,nan,nan,nan
1342.06,1.546486e-05,0.0,nan,nan,nan
1342.163,1.546713e-05,0.0,nan,nan,nan
1342.247,1.546357e-05,0.0,nan,nan,nan
1342.332,1.546549e-05,0.0,nan,nan,nan
1342.415,1.546459e-05,0.0,nan,nan,nan
1342.499,1.546621e-05,0.0,nan,nan,nan
1342.583,1.546552e-05,0.0,nan,nan,nan
1342.666,1.546166e-05,0.0,nan,nan,nan
1342.75,1.546028e-05,0.0,nan,nan,nan
1342.834,1.546199e-05,0.0,nan,nan,nan
1342.917,1.546133e-05,0.0,nan,nan,nan
1343.001,1.545909e-05,0.0,nan,nan,nan
1343.106,1.546212e-05,0.0,nan,nan,nan
1343.189,1.546162e-05,0.0,nan,nan,nan
1343.273,1.546234e-05,0.0,nan,nan,nan
1343.357,1.54653e-05,0.0,nan,nan,nan
1343.441,1.546285e-05,0.0,nan,nan,nan
1343.524,1.546249e-05,0.0,nan,nan,nan
1343.608,1.546309e-05,0.0,nan,nan,nan
1343.692,1.546012e-05,0.0,nan,nan,nan
1343.776,1.546172e-05,0.0,nan,nan,nan
1343.859,1.54621e-05,0.0,nan,nan,nan
1343.943,1.546566e-05,0.0,nan,nan,nan
1344.027,1.546768e-05,0.0,nan,nan,nan
1344.134,1.546178e-05,0.0,nan,nan,nan
1344.252,1.546406e-05,0.0,nan,nan,nan
1344.335,1.54646e-05,0.0,nan,nan,nan
1344.419,1.546258e-05,0.0,nan,nan,nan
1344.505,1.545942e-05,0.0,nan,nan,nan
1344.589,1.546171e-05,0.0,nan,nan,nan
1344.673,1.546007e-05,0.0,nan,nan,nan
1344.757,1.5465e-05,0.0,nan,nan,nan
1344.84,1.546366e-05,0.0,nan,nan,nan
1344.944,1.546415e-05,0.0,nan,nan,nan
1345.028,1.546106e-05,0.0,nan,nan,nan
1345.111,1.546142e-05,0.0,nan,nan,nan
1345.196,1.546067e-05,0.0,nan,nan,nan
1345.279,1.546062e-05,0.0,nan,nan,nan
1345.363,1.545972e-05,0.0,nan,nan,nan
1345.447,1.546076e-05,0.0,nan,nan,nan
1345.537,1.546559e-05,0.0,nan,nan,nan
1345.621,1.546251e-05,0.0,nan,nan,nan
1345.705,1.545783e-05,0.0,nan,nan,nan
1345.789,1.545947e-05,0.0,nan,nan,nan
1345.872,1.546257e-05,0.0,nan,nan,nan
1345.972,1.546345e-05,0.0,nan,nan,nan
1346.056,1.546085e-05,0.0,nan,nan,nan
1346.141,1.546306e-05,0.0,nan,nan,nan
1346.225,1.546594e-05,0.0,nan,nan,nan
1346.318,1.546258e-05,0.0,nan,nan,nan
1346.401,1.54662e-05,0.0,nan,nan,nan
1346.485,1.546367e-05,0.0,nan,nan,nan
1346.569,1.546081e-05,0.0,nan,nan,nan
1346.652,1.546552e-05,0.0,nan,nan,nan
1346.736,1.546252e-05,0.0,nan,nan,nan
1346.82,1.546521e-05,0.0,nan,nan,nan
1346.903,1.546514e-05,0.0,nan,nan,nan
1346.996,1.546717e-05,0.0,nan,nan,nan
1347.08,1.546907e-05,0.0,nan,nan,nan
1347.184,1.546375e-05,0.0,nan,nan,nan
1347.268,1.546272e-05,0.0,nan,nan,nan
1347.352,1.546213e-05,0.0,nan,nan,nan
1347.435,1.546037e-05,0.0,nan,nan,nan
1347.519,1.546116e-05,0.0,nan,nan,nan
1347.603,1.545998e-05,0.0,nan,nan,nan
1347.686,1.546379e-05,0.0,nan,nan,nan
1347.786,1.54643e-05,0.0,nan,nan,nan
1347.87,1.545711e-05,0.0,nan,nan,nan
1347.953,1.545991e-05,0.0,nan,nan,nan
1348.037,1.545916e-05,0.0,nan,nan,nan
1348.121,1.546109e-05,0.0,nan,nan,nan
1348.218,1.545982e-05,0.0,nan,nan,nan
1348.302,1.545797e-05,0.0,nan,nan,nan
1348.385,1.545985e-05,0.0,nan,nan,nan
1348.469,1.546054e-05,0.0,nan,nan,nan
1348.553,1.546433e-05,0.0,nan,nan,nan
1348.636,1.546447e-05,0.0,nan,nan,nan
1348.72,1.546163e-05,0.0,nan,nan,nan
1348.822,1.546144e-05,0.0,nan,nan,nan
1348.906,1.546297e-05,0.0,nan,nan,nan
1348.989,1.546406e-05,0.0,nan,nan,nan
1349.073,1.546168e-05,0.0,nan,nan,nan
1349.157,1.545956e-05,0.0,nan,nan,nan
1349.246,1.545862e-05,0.0,nan,nan,nan
1349.33,1.545099e-05,0.0,nan,nan,nan
1349.414,1.54548e-05,0.0,nan,nan,nan
1349.497,1.54568e-05,0.0,nan,nan,nan
1349.581,1.546016e-05,0.0,nan,nan,nan
1349.665,1.546058e-05,0.0,nan,nan,nan
1349.748,1.546296e-05,0.0,nan,nan,nan
1349.853,1.545564e-05,0.0,nan,nan,nan
1349.937,1.546061e-05,0.0,nan,nan,nan
1350.021,1.546112e-05,0.0,nan,nan,nan
1350.104,1.546198e-05,0.0,nan,nan,nan
1350.188,1.545971e-05,0.0,nan,nan,nan
1350.272,1.546138e-05,0.0,nan,nan,nan
1350.355,1.546138e-05,0.0,nan,nan,nan
1350.439,1.545811e-05,0.0,nan,nan,nan
1350.522,1.54613e-05,0.0,nan,nan,nan
1350.609,1.546565e-05,0.0,nan,nan,nan
1350.693,1.546108e-05,0.0,nan,nan,nan
1350.777,1.546136e-05,0.0,nan,nan,nan
1350.873,1.546301e-05,0.0,nan,nan,nan
1350.956,1.545864e-05,0.0,nan,nan,nan
1351.04,1.54621e-05,0.0,nan,nan,nan
1351.124,1.54561e-05,0.0,nan,nan,nan
1351.209,1.54565e-05,0.0,nan,nan,nan
1351.293,1.54626e-05,0.0,nan,nan,nan
1351.377,1.546084e-05,0.0,nan,nan,nan
1351.478,1.545984e-05,0.0,nan,nan,nan
1351.562,1.54633e-05,0.0,nan,nan,nan
1351.646,1.545821e-05,0.0,nan,nan,nan
1351.729,1.546135e-05,0.0,nan,nan,nan
1351.813,1.545828e-05,0.0,nan,nan,nan
1351.897,1.546431e-05,0.0,nan,nan,nan
1351.981,1.546161e-05,0.0,nan,nan,nan
1352.077,1.546462e-05,0.0,nan,nan,nan
1352.161,1.546447e-05,0.0,nan,nan,nan
1352.244,1.546152e-05,0.0,nan,nan,nan
1352.328,1.546186e-05,0.0,nan,nan,nan
1352.412,1.546624e-05,0.0,nan,nan,nan
1352.497,1.546069e-05,0.0,nan,nan,nan
1352.581,1.546051e-05,0.0,nan,nan,nan
1352.665,1.546142e-05,0.0,nan,nan,nan
1352.748,1.546341e-05,0.0,nan,nan,nan
1352.832,1.546087e-05,0.0,nan,nan,nan
1352.927,1.5462e-05,0.0,nan,nan,nan
1353.011,1.546313e-05,0.0,nan,nan,nan
1353.095,1.546257e-05,0.0,nan,nan,nan
1353.179,1.546311e-05,0.0,nan,nan,nan
1353.263,1.546398e-05,0.0,nan,nan,nan
1353.346,1.546568e-05,0.0,nan,nan,nan
1353.43,1.545997e-05,0.0,nan,nan,nan
1353.52,1.546168e-05,0.0,nan,nan,nan
1353.604,1.546291e-05,0.0,nan,nan,nan
1353.687,1.546062e-05,0.0,nan,nan,nan
1353.771,1.546582e-05,0.0,nan,nan,nan
1353.855,1.546326e-05,0.0,nan,nan,nan
1353.951,1.546118e-05,0.0,nan,nan,nan
1354.035,1.546442e-05,0.0,nan,nan,nan
1354.127,1.546249e-05,0.0,nan,nan,nan
1354.211,1.546184e-05,0.0,nan,nan,nan
1354.295,1.546056e-05,0.0,nan,nan,nan
1354.379,1.546047e-05,0.0,nan,nan,nan
1354.462,1.545982e-05,0.0,nan,nan,nan
1354.546,1.546149e-05,0.0,nan,nan,nan
1354.63,1.546143e-05,0.0,nan,nan,nan
1354.714,1.5462e-05,0.0,nan,nan,nan
1354.797,1.546018e-05,0.0,nan,nan,nan
1354.881,1.546053e-05,0.0,nan,nan,nan
1354.964,1.546123e-05,0.0,nan,nan,nan
1355.048,1.545693e-05,0.0,nan,nan,nan
1355.148,1.546163e-05,0.0,nan,nan,nan
1355.232,1.546037e-05,0.0,nan,nan,nan
1355.315,1.546023e-05,0.0,nan,nan,nan
1355.399,1.546113e-05,0.0,nan,nan,nan
1355.483,1.545908e-05,0.0,nan,nan,nan
1355.575,1.545842e-05,0.0,nan,nan,nan
1355.658,1.546252e-05,0.0,nan,nan,nan
1355.759,1.546112e-05,0.0,nan,nan,nan
1355.843,1.546169e-05,0.0,nan,nan,nan
1355.927,1.546174e-05,0.0,nan,nan,nan
1356.011,1.545889e-05,0.0,nan,nan,nan
1356.094,1.546257e-05,0.0,nan,nan,nan
1356.178,1.546094e-05,0.0,nan,nan,nan
1356.262,1.545748e-05,0.0,nan,nan,nan
1356.345,1.545965e-05,0.0,nan,nan,nan
1356.429,1.545992e-05,0.0,nan,nan,nan
1356.513,1.545873e-05,0.0,nan,nan,nan
1356.598,1.545876e-05,0.0,nan,nan,nan
1356.681,1.546049e-05,0.0,nan,nan,nan
1356.779,1.545926e-05,0.0,nan,nan,nan
1356.863,1.54605e-05,0.0,nan,nan,nan
1356.946,1.545911e-05,0.0,nan,nan,nan
1357.03,1.54599e-05,0.0,nan,nan,nan
1357.114,1.545965e-05,0.0,nan,nan,nan
1357.197,1.546416e-05,0.0,nan,nan,nan
1357.281,1.546101e-05,0.0,nan,nan,nan
1357.364,1.546497e-05,0.0,nan,nan,nan
1357.448,1.54601e-05,0.0,nan,nan,nan
1357.532,1.546437e-05,0.0,nan,nan,nan
1357.615,1.545754e-05,0.0,nan,nan,nan
1357.699,1.545861e-05,0.0,nan,nan,nan
1357.792,1.546255e-05,0.0,nan,nan,nan
1357.876,1.546193e-05,0.0,nan,nan,nan
1357.959,1.546523e-05,0.0,nan,nan,nan
1358.043,1.546609e-05,0.0,nan,nan,nan
1358.127,1.54619e-05,0.0,nan,nan,nan
1358.21,1.546259e-05,0.0,nan,nan,nan
1358.294,1.546297e-05,0.0,nan,nan,nan
1358.378,1.546243e-05,0.0,nan,nan,nan
1358.462,1.546092e-05,0.0,nan,nan,nan
1358.545,1.546137e-05,0.0,nan,nan,nan
1358.655,1.546239e-05,0.0,nan,nan,nan
1358.739,1.546402e-05,0.0,nan,nan,nan
1358.823,1.546475e-05,0.0,nan,nan,nan
1358.906,1.546379e-05,0.0,nan,nan,nan
1359.003,1.546511e-05,0.0,nan,nan,nan
1359.086,1.546764e-05,0.0,nan,nan,nan
1359.17,1.546781e-05,0.0,nan,nan,nan
1359.254,1.546725e-05,0.0,nan,nan,nan
1359.338,1.546711e-05,0.0,nan,nan,nan
1359.421,1.546349e-05,0.0,nan,nan,nan
1359.505,1.546409e-05,0.0,nan,nan,nan
1359.588,1.546489e-05,0.0,nan,nan,nan
1359.672,1.546735e-05,0.0,nan,nan,nan
1359.756,1.546069e-05,0.0,nan,nan,nan
1359.84,1.546277e-05,0.0,nan,nan,nan
1359.923,1.546074e-05,0.0,nan,nan,nan
1360.025,1.546355e-05,0.0,nan,nan,nan
1360.109,1.546253e-05,0.0,nan,nan,nan
1360.192,1.546169e-05,0.0,nan,nan,nan
1360.276,1.546175e-05,0.0,nan,nan,nan
1360.36,1.546126e-05,0.0,nan,nan,nan
1360.449,1.546181e-05,0.0,nan,nan,nan
1360.532,1.546081e-05,0.0,nan,nan,nan
1360.632,1.546407e-05,0.0,nan,nan,nan
1360.729,1.546307e-05,0.0,nan,nan,nan
1360.813,1.546123e-05,0.0,nan,nan,nan
1360.897,1.546141e-05,0.0,nan,nan,nan
1360.981,1.546484e-05,0.0,nan,nan,nan
1361.066,1.546728e-05,0.0,nan,nan,nan
1361.15,1.546606e-05,0.0,nan,nan,nan
1361.233,1.546672e-05,0.0,nan,nan,nan
1361.317,1.546342e-05,0.0,nan,nan,nan
1361.401,1.546575e-05,0.0,nan,nan,nan
1361.484,1.546284e-05,0.0,nan,nan,nan
1361.568,1.5465e-05,0.0,nan,nan,nan
1361.67,1.546123e-05,0.0,nan,nan,nan
1361.754,1.546352e-05,0.0,nan,nan,nan
1361.858,1.54612e-05,0.0,nan,nan,nan
1361.942,1.546224e-05,0.0,nan,nan,nan
1362.026,1.546151e-05,0.0,nan,nan,nan
1362.109,1.546277e-05,0.0,nan,nan,nan
1362.193,1.546378e-05,0.0,nan,nan,nan
1362.277,1.546295e-05,0.0,nan,nan,nan
1362.361,1.546665e-05,0.0,nan,nan,nan
1362.446,1.546652e-05,0.0,nan,nan,nan
1362.53,1.546831e-05,0.0,nan,nan,nan
1362.614,1.54693e-05,0.0,nan,nan,nan
1362.697,1.546599e-05,0.0,nan,nan,nan
1362.811,1.546438e-05,0.0,nan,nan,nan
1362.901,1.546701e-05,0.0,nan,nan,nan
1362.985,1.546647e-05,0.0,nan,nan,nan
1363.082,1.546882e-05,0.0,nan,nan,nan
1363.165,1.546226e-05,0.0,nan,nan,nan
1363.249,1.546299e-05,0.0,nan,nan,nan
1363.332,1.547022e-05,0.0,nan,nan,nan
1363.416,1.546248e-05,0.0,nan,nan,nan
1363.505,1.546125e-05,0.0,nan,nan,nan
1363.589,1.546289e-05,0.0,nan,nan,nan
1363.672,1.546489e-05,0.0,nan,nan,nan
1363.756,1.546482e-05,0.0,nan,nan,nan
1363.839,1.546376e-05,0.0,nan,nan,nan
1363.922,1.546384e-05,0.0,nan,nan,nan
1364.006,1.546565e-05,0.0,nan,nan,nan
1364.089,1.546529e-05,0.0,nan,nan,nan
1364.173,1.546515e-05,0.0,nan,nan,nan
1364.258,1.546064e-05,0.0,nan,nan,nan
1364.341,1.546361e-05,0.0,nan,nan,nan
1364.425,1.546086e-05,0.0,nan,nan,nan
1364.508,1.546464e-05,0.0,nan,nan,nan
1364.592,1.545996e-05,0.0,nan,nan,nan
1364.676,1.546534e-05,0.0,nan,nan,nan
1364.759,1.546442e-05,0.0,nan,nan,nan
1364.872,1.546115e-05,0.0,nan,nan,nan
1364.955,1.546416e-05,0.0,nan,nan,nan
1365.039,1.546315e-05,0.0,nan,nan,nan
1365.14,1.546498e-05,0.0,nan,nan,nan
1365.224,1.546314e-05,0.0,nan,nan,nan
1365.308,1.545884e-05,0.0,nan,nan,nan
1365.392,1.546403e-05,0.0,nan,nan,nan
1365.476,1.546635e-05,0.0,nan,nan,nan
1365.559,1.546551e-05,0.0,nan,nan,nan
1365.643,1.546555e-05,0.0,nan,nan,nan
1365.747,1.546203e-05,0.0,nan,nan,nan
1365.83,1.546624e-05,0.0,nan,nan,nan
1365.914,1.546835e-05,0.0,nan,nan,nan
1365.997,1.546579e-05,0.0,nan,nan,nan
1366.081,1.546712e-05,0.0,nan,nan,nan
1366.165,1.546601e-05,0.0,nan,nan,nan
1366.249,1.546597e-05,0.0,nan,nan,nan
1366.356,1.546409e-05,0.0,nan,nan,nan
1366.44,1.546453e-05,0.0,nan,nan,nan
1366.523,1.546733e-05,0.0,nan,nan,nan
1366.607,1.546519e-05,0.0,nan,nan,nan
1366.69,1.546493e-05,0.0,nan,nan,nan
1366.774,1.546406e-05,0.0,nan,nan,nan
1366.858,1.547051e-05,0.0,nan,nan,nan
1366.947,1.546695e-05,0.0,nan,nan,nan
1367.055,1.546885e-05,0.0,nan,nan,nan
1367.139,1.546972e-05,0.0,nan,nan,nan
1367.223,1.546855e-05,0.0,nan,nan,nan
1367.306,1.546614e-05,0.0,nan,nan,nan
1367.39,1.546598e-05,0.0,nan,nan,nan
1367.474,1.546786e-05,0.0,nan,nan,nan
1367.574,1.546092e-05,0.0,nan,nan,nan
1367.658,1.546349e-05,0.0,nan,nan,nan
1367.743,1.546544e-05,0.0,nan,nan,nan
1367.827,1.546463e-05,0.0,nan,nan,nan
1367.91,1.546781e-05,0.0,nan,nan,nan
1367.994,1.546919e-05,0.0,nan,nan,nan
1368.078,1.546855e-05,0.0,nan,nan,nan
1368.164,1.546641e-05,0.0,nan,nan,nan
1368.248,1.546762e-05,0.0,nan,nan,nan
1368.332,1.546565e-05,0.0,nan,nan,nan
1368.415,1.546469e-05,0.0,nan,nan,nan
1368.499,1.546459e-05,0.0,nan,nan,nan
1368.584,1.54669e-05,0.0,nan,nan,nan
1368.668,1.546555e-05,0.0,nan,nan,nan
1368.751,1.546429e-05,0.0,nan,nan,nan
1368.835,1.546687e-05,0.0,nan,nan,nan
1368.919,1.546754e-05,0.0,nan,nan,nan
1369.013,1.547067e-05,0.0,nan,nan,nan
1369.097,1.54702e-05,0.0,nan,nan,nan
1369.182,1.546864e-05,0.0,nan,nan,nan
1369.287,1.546989e-05,0.0,nan,nan,nan
1369.371,1.547041e-05,0.0,nan,nan,nan
1369.455,1.546926e-05,0.0,nan,nan,nan
1369.538,1.546633e-05,0.0,nan,nan,nan
1369.623,1.54657e-05,0.0,nan,nan,nan
1369.706,1.546344e-05,0.0,nan,nan,nan
1369.792,1.546412e-05,0.0,nan,nan,nan
1369.876,1.5462e-05,0.0,nan,nan,nan
1369.959,1.546474e-05,0.0,nan,nan,nan
1370.043,1.546559e-05,0.0,nan,nan,nan
1370.127,1.546559e-05,0.0,nan,nan,nan
1370.21,1.54693e-05,0.0,nan,nan,nan
1370.294,1.546517e-05,0.0,nan,nan,nan
1370.378,1.546301e-05,0.0,nan,nan,nan
1370.461,1.546577e-05,0.0,nan,nan,nan
1370.545,1.546623e-05,0.0,nan,nan,nan
1370.63,1.546868e-05,0.0,nan,nan,nan
1370.714,1.546508e-05,0.0,nan,nan,nan
1370.798,1.546826e-05,0.0,nan,nan,nan
1370.881,1.546215e-05,0.0,nan,nan,nan
1370.965,1.546643e-05,0.0,nan,nan,nan
1371.089,1.546055e-05,0.0,nan,nan,nan
1371.172,1.546821e-05,0.0,nan,nan,nan
1371.256,1.546621e-05,0.0,nan,nan,nan
1371.34,1.546541e-05,0.0,nan,nan,nan
1371.423,1.546484e-05,0.0,nan,nan,nan
1371.507,1.546472e-05,0.0,nan,nan,nan
1371.591,1.546797e-05,0.0,nan,nan,nan
1371.675,1.546935e-05,0.0,nan,nan,nan
1371.759,1.546539e-05,0.0,nan,nan,nan
1371.867,1.546722e-05,0.0,nan,nan,nan
1371.95,1.546946e-05,0.0,nan,nan,nan
1372.034,1.547191e-05,0.0,nan,nan,nan
1372.118,1.546812e-05,0.0,nan,nan,nan
1372.202,1.546952e-05,0.0,nan,nan,nan
1372.286,1.546788e-05,0.0,nan,nan,nan
1372.37,1.547089e-05,0.0,nan,nan,nan
1372.471,1.546821e-05,0.0,nan,nan,nan
1372.555,1.547053e-05,0.0,nan,nan,nan
1372.638,1.54702e-05,0.0,nan,nan,nan
1372.722,1.546969e-05,0.0,nan,nan,nan
1372.806,1.54711e-05,0.0,nan,nan,nan
1372.89,1.546741e-05,0.0,nan,nan,nan
1372.973,1.546552e-05,0.0,nan,nan,nan
1373.057,1.546667e-05,0.0,nan,nan,nan
1373.151,1.546375e-05,0.0,nan,nan,nan
1373.235,1.546575e-05,0.0,nan,nan,nan
1373.319,1.546452e-05,0.0,nan,nan,nan
1373.402,1.546584e-05,0.0,nan,nan,nan
1373.486,1.546541e-05,0.0,nan,nan,nan
1373.57,1.546422e-05,0.0,nan,nan,nan
1373.654,1.546652e-05,0.0,nan,nan,nan
1373.737,1.547e-05,0.0,nan,nan,nan
1373.821,1.546658e-05,0.0,nan,nan,nan
1373.905,1.546665e-05,0.0,nan,nan,nan
1373.989,1.546797e-05,0.0,nan,nan,nan
1374.072,1.546834e-05,0.0,nan,nan,nan
1374.156,1.546976e-05,0.0,nan,nan,nan
1374.24,1.547141e-05,0.0,nan,nan,nan
1374.323,1.547293e-05,0.0,nan,nan,nan
1374.407,1.546861e-05,0.0,nan,nan,nan
1374.491,1.546968e-05,0.0,nan,nan,nan
1374.575,1.547071e-05,0.0,nan,nan,nan
1374.659,1.547068e-05,0.0,nan,nan,nan
1374.742,1.547043e-05,0.0,nan,nan,nan
1374.826,1.546788e-05,0.0,nan,nan,nan
1374.915,1.546708e-05,0.0,nan,nan,nan
1374.998,1.546753e-05,0.0,nan,nan,nan
1375.082,1.546577e-05,0.0,nan,nan,nan
1375.205,1.546646e-05,0.0,nan,nan,nan
1375.289,1.546859e-05,0.0,nan,nan,nan
1375.373,1.54675e-05,0.0,nan,nan,nan
1375.457,1.546882e-05,0.0,nan,nan,nan
1375.54,1.546777e-05,0.0,nan,nan,nan
1375.624,1.546657e-05,0.0,nan,nan,nan
1375.709,1.546616e-05,0.0,nan,nan,nan
1375.793,1.546652e-05,0.0,nan,nan,nan
1375.876,1.546885e-05,0.0,nan,nan,nan
1375.96,1.546512e-05,0.0,nan,nan,nan
1376.044,1.546743e-05,0.0,nan,nan,nan
1376.136,1.546443e-05,0.0,nan,nan,nan
1376.22,1.546404e-05,0.0,nan,nan,nan
1376.303,1.546823e-05,0.0,nan,nan,nan
1376.387,1.546278e-05,0.0,nan,nan,nan
1376.471,1.546866e-05,0.0,nan,nan,nan
1376.554,1.546707e-05,0.0,nan,nan,nan
1376.638,1.546151e-05,0.0,nan,nan,nan
1376.722,1.546436e-05,0.0,nan,nan,nan
1376.806,1.546564e-05,0.0,nan,nan,nan
1376.889,1.546294e-05,0.0,nan,nan,nan
1376.973,1.54664e-05,0.0,nan,nan,nan
1377.057,1.546478e-05,0.0,nan,nan,nan
1377.14,1.546599e-05,0.0,nan,nan,nan
1377.224,1.546427e-05,0.0,nan,nan,nan
1377.307,1.546346e-05,0.0,nan,nan,nan
1377.391,1.546293e-05,0.0,nan,nan,nan
1377.474,1.546177e-05,0.0,nan,nan,nan
1377.575,1.546787e-05,0.0,nan,nan,nan
1377.659,1.546684e-05,0.0,nan,nan,nan
1377.743,1.54605e-05,0.0,nan,nan,nan
1377.827,1.546433e-05,0.0,nan,nan,nan
1377.911,1.546508e-05,0.0,nan,nan,nan
1377.994,1.54606e-05,0.0,nan,nan,nan
1378.078,1.546176e-05,0.0,nan,nan,nan
1378.172,1.546143e-05,0.0,nan,nan,nan
1378.256,1.546058e-05,0.0,nan,nan,nan
1378.339,1.54643e-05,0.0,nan,nan,nan
1378.423,1.5465e-05,0.0,nan,nan,nan
1378.507,1.546488e-05,0.0,nan,nan,nan
1378.59,1.545915e-05,0.0,nan,nan,nan
1378.674,1.545981e-05,0.0,nan,nan,nan
1378.758,1.546059e-05,0.0,nan,nan,nan
1378.842,1.546178e-05,0.0,nan,nan,nan
1378.925,1.546082e-05,0.0,nan,nan,nan
1379.009,1.546358e-05,0.0,nan,nan,nan
1379.093,1.546506e-05,0.0,nan,nan,nan
1379.177,1.546954e-05,0.0,nan,nan,nan
1379.26,1.546686e-05,0.0,nan,nan,nan
1379.358,1.546592e-05,0.0,nan,nan,nan
1379.442,1.546647e-05,0.0,nan,nan,nan
1379.526,1.546435e-05,0.0,nan,nan,nan
1379.609,1.546377e-05,0.0,nan,nan,nan
1379.693,1.546312e-05,0.0,nan,nan,nan
1379.798,1.546618e-05,0.0,nan,nan,nan
1379.881,1.546605e-05,0.0,nan,nan,nan
1379.965,1.546142e-05,0.0,nan,nan,nan
1380.048,1.54636e-05,0.0,nan,nan,nan
1380.132,1.546525e-05,0.0,nan,nan,nan
1380.221,1.546417e-05,0.0,nan,nan,nan
1380.305,1.546492e-05,0.0,nan,nan,nan
1380.39,1.546534e-05,0.0,nan,nan,nan
1380.474,1.546268e-05,0.0,nan,nan,nan
1380.557,1.546127e-05,0.0,nan,nan,nan
1380.641,1.546356e-05,0.0,nan,nan,nan
1380.724,1.546069e-05,0.0,nan,nan,nan
1380.82,1.546445e-05,0.0,nan,nan,nan
1380.904,1.546453e-05,0.0,nan,nan,nan
1380.987,1.546137e-05,0.0,nan,nan,nan
1381.071,1.546011e-05,0.0,nan,nan,nan
1381.154,1.546844e-05,0.0,nan,nan,nan
1381.239,1.546362e-05,0.0,nan,nan,nan
1381.323,1.545846e-05,0.0,nan,nan,nan
1381.433,1.546639e-05,0.0,nan,nan,nan
1381.517,1.546554e-05,0.0,nan,nan,nan
1381.601,1.546697e-05,0.0,nan,nan,nan
1381.685,1.546393e-05,0.0,nan,nan,nan
1381.768,1.546655e-05,0.0,nan,nan,nan
1381.852,1.546416e-05,0.0,nan,nan,nan
1381.936,1.546081e-05,0.0,nan,nan,nan
1382.037,1.546075e-05,0.0,nan,nan,nan
1382.121,1.546219e-05,0.0,nan,nan,nan
1382.204,1.546303e-05,0.0,nan,nan,nan
1382.288,1.546301e-05,0.0,nan,nan,nan
1382.372,1.5461e-05,0.0,nan,nan,nan
1382.468,1.546333e-05,0.0,nan,nan,nan
1382.552,1.546148e-05,0.0,nan,nan,nan
1382.635,1.546355e-05,0.0,nan,nan,nan
1382.719,1.546127e-05,0.0,nan,nan,nan
1382.803,1.546138e-05,0.0,nan,nan,nan
1382.892,1.546121e-05,0.0,nan,nan,nan
1382.975,1.546374e-05,0.0,nan,nan,nan
1383.059,1.546322e-05,0.0,nan,nan,nan
1383.143,1.546218e-05,0.0,nan,nan,nan
1383.227,1.546044e-05,0.0,nan,nan,nan
1383.311,1.545977e-05,0.0,nan,nan,nan
1383.394,1.545885e-05,0.0,nan,nan,nan
1383.486,1.54588e-05,0.0,nan,nan,nan
1383.57,1.545981e-05,0.0,nan,nan,nan
1383.654,1.546318e-05,0.0,nan,nan,nan
1383.738,1.546347e-05,0.0,nan,nan,nan
1383.821,1.546155e-05,0.0,nan,nan,nan
1383.905,1.546031e-05,0.0,nan,nan,nan
1383.988,1.546316e-05,0.0,nan,nan,nan
1384.092,1.54622e-05,0.0,nan,nan,nan
1384.175,1.546188e-05,0.0,nan,nan,nan
1384.26,1.546039e-05,0.0,nan,nan,nan
1384.344,1.546264e-05,0.0,nan,nan,nan
1384.427,1.546463e-05,0.0,nan,nan,nan
1384.511,1.546338e-05,0.0,nan,nan,nan
1384.595,1.546327e-05,0.0,nan,nan,nan
1384.679,1.546123e-05,0.0,nan,nan,nan
1384.762,1.546116e-05,0.0,nan,nan,nan
1384.846,1.546151e-05,0.0,nan,nan,nan
1384.93,1.546109e-05,0.0,nan,nan,nan
1385.014,1.546364e-05,0.0,nan,nan,nan
1385.121,1.546557e-05,0.0,nan,nan,nan
1385.204,1.546799e-05,0.0,nan,nan,nan
1385.288,1.546245e-05,0.0,nan,nan,nan
1385.372,1.546414e-05,0.0,nan,nan,nan
1385.456,1.546284e-05,0.0,nan,nan,nan
1385.541,1.546311e-05,0.0,nan,nan,nan
1385.625,1.546525e-05,0.0,nan,nan,nan
1385.709,1.546163e-05,0.0,nan,nan,nan
1385.793,1.546255e-05,0.0,nan,nan,nan
1385.876,1.545866e-05,0.0,nan,nan,nan
1385.96,1.545813e-05,0.0,nan,nan,nan
1386.044,1.546243e-05,0.0,nan,nan,nan
1386.148,1.546118e-05,0.0,nan,nan,nan
1386.231,1.5463e-05,0.0,nan,nan,nan
1386.315,1.54609e-05,0.0,nan,nan,nan
1386.399,1.546026e-05,0.0,nan,nan,nan
1386.482,1.545774e-05,0.0,nan,nan,nan
1386.566,1.546043e-05,0.0,nan,nan,nan
1386.65,1.546456e-05,0.0,nan,nan,nan
1386.758,1.546088e-05,0.0,nan,nan,nan
1386.842,1.545937e-05,0.0,nan,nan,nan
1386.925,1.545883e-05,0.0,nan,nan,nan
1387.009,1.546089e-05,0.0,nan,nan,nan
1387.092,1.546359e-05,0.0,nan,nan,nan
1387.176,1.546664e-05,0.0,nan,nan,nan
1387.26,1.54631e-05,0.0,nan,nan,nan
1387.343,1.546825e-05,0.0,nan,nan,nan
1387.427,1.546395e-05,0.0,nan,nan,nan
1387.511,1.546936e-05,0.0,nan,nan,nan
1387.607,1.546843e-05,0.0,nan,nan,nan
1387.691,1.546423e-05,0.0,nan,nan,nan
1387.774,1.546411e-05,0.0,nan,nan,nan
1387.857,1.546555e-05,0.0,nan,nan,nan
1387.941,1.546386e-05,0.0,nan,nan,nan
1388.025,1.546652e-05,0.0,nan,nan,nan
1388.109,1.546818e-05,0.0,nan,nan,nan
1388.192,1.546774e-05,0.0,nan,nan,nan
1388.276,1.547002e-05,0.0,nan,nan,nan
1388.359,1.546929e-05,0.0,nan,nan,nan
1388.443,1.546713e-05,0.0,nan,nan,nan
1388.527,1.546777e-05,0.0,nan,nan,nan
1388.61,1.546464e-05,0.0,nan,nan,nan
1388.694,1.547127e-05,0.0,nan,nan,nan
1388.778,1.547228e-05,0.0,nan,nan,nan
1388.862,1.546791e-05,0.0,nan,nan,nan
1388.946,1.546843e-05,0.0,nan,nan,nan
1389.03,1.546769e-05,0.0,nan,nan,nan
1389.114,1.546917e-05,0.0,nan,nan,nan
1389.223,1.546754e-05,0.0,nan,nan,nan
1389.306,1.547011e-05,0.0,nan,nan,nan
1389.391,1.546905e-05,0.0,nan,nan,nan
1389.474,1.546663e-05,0.0,nan,nan,nan
1389.558,1.546963e-05,0.0,nan,nan,nan
1389.657,1.546527e-05,0.0,nan,nan,nan
1389.74,1.546415e-05,0.0,nan,nan,nan
1389.824,1.546465e-05,0.0,nan,nan,nan
1389.907,1.546186e-05,0.0,nan,nan,nan
1389.991,1.546712e-05,0.0,nan,nan,nan
1390.075,1.546261e-05,0.0,nan,nan,nan
1390.159,1.546406e-05,0.0,nan,nan,nan
1390.243,1.546282e-05,0.0,nan,nan,nan
1390.326,1.546462e-05,0.0,nan,nan,nan
1390.41,1.546828e-05,0.0,nan,nan,nan
1390.494,1.546611e-05,0.0,nan,nan,nan
1390.578,1.546685e-05,0.0,nan,nan,nan
1390.662,1.54658e-05,0.0,nan,nan,nan
1390.745,1.546482e-05,0.0,nan,nan,nan
1390.842,1.546557e-05,0.0,nan,nan,nan
1390.926,1.546489e-05,0.0,nan,nan,nan
1391.01,1.54703e-05,0.0,nan,nan,nan
1391.093,1.546612e-05,0.0,nan,nan,nan
1391.177,1.545685e-05,0.0,nan,nan,nan
1391.261,1.546188e-05,0.0,nan,nan,nan
1391.345,1.546369e-05,0.0,nan,nan,nan
1391.43,1.546559e-05,0.0,nan,nan,nan
1391.514,1.546441e-05,0.0,nan,nan,nan
1391.597,1.546435e-05,0.0,nan,nan,nan
1391.681,1.546534e-05,0.0,nan,nan,nan
1391.765,1.546321e-05,0.0,nan,nan,nan
1391.855,1.54643e-05,0.0,nan,nan,nan
1391.939,1.546158e-05,0.0,nan,nan,nan
1392.023,1.546434e-05,0.0,nan,nan,nan
1392.106,1.546596e-05,0.0,nan,nan,nan
1392.19,1.546666e-05,0.0,nan,nan,nan
1392.274,1.546559e-05,0.0,nan,nan,nan
1392.357,1.546267e-05,0.0,nan,nan,nan
1392.441,1.546782e-05,0.0,nan,nan,nan
1392.524,1.546198e-05,0.0,nan,nan,nan
1392.608,1.546736e-05,0.0,nan,nan,nan
1392.692,1.5461e-05,0.0,nan,nan,nan
1392.775,1.546331e-05,0.0,nan,nan,nan
1392.86,1.546316e-05,0.0,nan,nan,nan
1392.943,1.546679e-05,0.0,nan,nan,nan
1393.027,1.546534e-05,0.0,nan,nan,nan
1393.111,1.546279e-05,0.0,nan,nan,nan
1393.195,1.54657e-05,0.0,nan,nan,nan
1393.291,1.546729e-05,0.0,nan,nan,nan
1393.374,1.54644e-05,0.0,nan,nan,nan
1393.458,1.546421e-05,0.0,nan,nan,nan
1393.541,1.547218e-05,0.0,nan,nan,nan
1393.625,1.546613e-05,0.0,nan,nan,nan
1393.724,1.546595e-05,0.0,nan,nan,nan
1393.808,1.546306e-05,0.0,nan,nan,nan
1393.891,1.546474e-05,0.0,nan,nan,nan
1393.975,1.54654e-05,0.0,nan,nan,nan
1394.059,1.546054e-05,0.0,nan,nan,nan
1394.142,1.546675e-05,0.0,nan,nan,nan
1394.226,1.546836e-05,0.0,nan,nan,nan
1394.324,1.546665e-05,0.0,nan,nan,nan
1394.408,1.54689e-05,0.0,nan,nan,nan
1394.491,1.546477e-05,0.0,nan,nan,nan
1394.575,1.546762e-05,0.0,nan,nan,nan
1394.659,1.545821e-05,0.0,nan,nan,nan
1394.742,1.546143e-05,0.0,nan,nan,nan
1394.826,1.54672e-05,0.0,nan,nan,nan
1394.91,1.546616e-05,0.0,nan,nan,nan
1394.993,1.546706e-05,0.0,nan,nan,nan
1395.077,1.546668e-05,0.0,nan,nan,nan
1395.161,1.546352e-05,0.0,nan,nan,nan
1395.244,1.546768e-05,0.0,nan,nan,nan
1395.343,1.546719e-05,0.0,nan,nan,nan
1395.427,1.547013e-05,0.0,nan,nan,nan
1395.51,1.546836e-05,0.0,nan,nan,nan
1395.594,1.546688e-05,0.0,nan,nan,nan
1395.678,1.54696e-05,0.0,nan,nan,nan
1395.762,1.54731e-05,0.0,nan,nan,nan
1395.845,1.547067e-05,0.0,nan,nan,nan
1395.929,1.546833e-05,0.0,nan,nan,nan
1396.012,1.546316e-05,0.0,nan,nan,nan
1396.096,1.54654e-05,0.0,nan,nan,nan
1396.18,1.546554e-05,0.0,nan,nan,nan
1396.263,1.546388e-05,0.0,nan,nan,nan
1396.351,1.546105e-05,0.0,nan,nan,nan
1396.435,1.546129e-05,0.0,nan,nan,nan
1396.519,1.54659e-05,0.0,nan,nan,nan
1396.602,1.546375e-05,0.0,nan,nan,nan
1396.686,1.546662e-05,0.0,nan,nan,nan
1396.771,1.546317e-05,0.0,nan,nan,nan
1396.855,1.54647e-05,0.0,nan,nan,nan
1396.939,1.546793e-05,0.0,nan,nan,nan
1397.023,1.546798e-05,0.0,nan,nan,nan
1397.106,1.547027e-05,0.0,nan,nan,nan
1397.19,1.546053e-05,0.0,nan,nan,nan
1397.274,1.546284e-05,0.0,nan,nan,nan
1397.357,1.546375e-05,0.0,nan,nan,nan
1397.441,1.546212e-05,0.0,nan,nan,nan
1397.525,1.546357e-05,0.0,nan,nan,nan
1397.609,1.546337e-05,0.0,nan,nan,nan
1397.693,1.546408e-05,0.0,nan,nan,nan
1397.788,1.546592e-05,0.0,nan,nan,nan
1397.88,1.546311e-05,0.0,nan,nan,nan
1397.966,1.54613e-05,0.0,nan,nan,nan
1398.05,1.546408e-05,0.0,nan,nan,nan
1398.133,1.546576e-05,0.0,nan,nan,nan
1398.217,1.545894e-05,0.0,nan,nan,nan
1398.301,1.546289e-05,0.0,nan,nan,nan
1398.384,1.546078e-05,0.0,nan,nan,nan
1398.468,1.546361e-05,0.0,nan,nan,nan
1398.552,1.546097e-05,0.0,nan,nan,nan
1398.635,1.546205e-05,0.0,nan,nan,nan
1398.719,1.546319e-05,0.0,nan,nan,nan
1398.805,1.546822e-05,0.0,nan,nan,nan
1398.889,1.546532e-05,0.0,nan,nan,nan
1398.973,1.54653e-05,0.0,nan,nan,nan
1399.056,1.546199e-05,0.0,nan,nan,nan
1399.14,1.546244e-05,0.0,nan,nan,nan
1399.225,1.546219e-05,0.0,nan,nan,nan
1399.309,1.545937e-05,0.0,nan,nan,nan
1399.392,1.546155e-05,0.0,nan,nan,nan
1399.476,1.546321e-05,0.0,nan,nan,nan
1399.559,1.546348e-05,0.0,nan,nan,nan
1399.643,1.545899e-05,0.0,nan,nan,nan
1399.726,1.546356e-05,0.0,nan,nan,nan
1399.825,1.546183e-05,0.0,nan,nan,nan
1399.955,1.546486e-05,0.0,nan,nan,nan
1400.045,1.546587e-05,0.0,nan,nan,nan
1400.129,1.54627e-05,0.0,nan,nan,nan
1400.213,1.546495e-05,0.0,nan,nan,nan
1400.297,1.54641e-05,0.0,nan,nan,nan
1400.381,1.546516e-05,0.0,nan,nan,nan
1400.464,1.546862e-05,0.0,nan,nan,nan
1400.548,1.546425e-05,0.0,nan,nan,nan
1400.65,1.54675e-05,0.0,nan,nan,nan
1400.734,1.546783e-05,0.0,nan,nan,nan
1400.841,1.546032e-05,0.0,nan,nan,nan
1400.925,1.546056e-05,0.0,nan,nan,nan
1401.009,1.546645e-05,0.0,nan,nan,nan
1401.093,1.546283e-05,0.0,nan,nan,nan
1401.176,1.546258e-05,0.0,nan,nan,nan
1401.261,1.546256e-05,0.0,nan,nan,nan
1401.345,1.546554e-05,0.0,nan,nan,nan
1401.429,1.546166e-05,0.0,nan,nan,nan
1401.513,1.546039e-05,0.0,nan,nan,nan
1401.597,1.546097e-05,0.0,nan,nan,nan
1401.681,1.546068e-05,0.0,nan,nan,nan
1401.764,1.546743e-05,0.0,nan,nan,nan
1401.848,1.54602e-05,0.0,nan,nan,nan
1401.931,1.546519e-05,0.0,nan,nan,nan
1402.021,1.546213e-05,0.0,nan,nan,nan
1402.106,1.546199e-05,0.0,nan,nan,nan
1402.192,1.54616e-05,0.0,nan,nan,nan
1402.276,1.546206e-05,0.0,nan,nan,nan
1402.36,1.546328e-05,0.0,nan,nan,nan
1402.443,1.546634e-05,0.0,nan,nan,nan
1402.527,1.546397e-05,0.0,nan,nan,nan
1402.611,1.546011e-05,0.0,nan,nan,nan
1402.695,1.546329e-05,0.0,nan,nan,nan
1402.778,1.54644e-05,0.0,nan,nan,nan
1402.862,1.54678e-05,0.0,nan,nan,nan
1402.946,1.546713e-05,0.0,nan,nan,nan
1403.029,1.546355e-05,0.0,nan,nan,nan
1403.113,1.546826e-05,0.0,nan,nan,nan
1403.197,1.546706e-05,0.0,nan,nan,nan
1403.283,1.546034e-05,0.0,nan,nan,nan
1403.366,1.545903e-05,0.0,nan,nan,nan
1403.45,1.54616e-05,0.0,nan,nan,nan
1403.534,1.546259e-05,0.0,nan,nan,nan
1403.618,1.546712e-05,0.0,nan,nan,nan
1403.719,1.546648e-05,0.0,nan,nan,nan
1403.802,1.546585e-05,0.0,nan,nan,nan
1403.886,1.546563e-05,0.0,nan,nan,nan
1403.97,1.546557e-05,0.0,nan,nan,nan
1404.071,1.546853e-05,0.0,nan,nan,nan
1404.159,1.546589e-05,0.0,nan,nan,nan
1404.243,1.546538e-05,0.0,nan,nan,nan
1404.326,1.54652e-05,0.0,nan,nan,nan
1404.41,1.546646e-05,0.0,nan,nan,nan
1404.493,1.54649e-05,0.0,nan,nan,nan
1404.577,1.546578e-05,0.0,nan,nan,nan
1404.661,1.546581e-05,0.0,nan,nan,nan
1404.747,1.54648e-05,0.0,nan,nan,nan
1404.831,1.546969e-05,0.0,nan,nan,nan
1404.914,1.54654e-05,0.0,nan,nan,nan
1404.998,1.546683e-05,0.0,nan,nan,nan
1405.082,1.546893e-05,0.0,nan,nan,nan
1405.165,1.546646e-05,0.0,nan,nan,nan
1405.249,1.546499e-05,0.0,nan,nan,nan
1405.354,1.546471e-05,0.0,nan,nan,nan
1405.438,1.546734e-05,0.0,nan,nan,nan
1405.521,1.54654e-05,0.0,nan,nan,nan
1405.605,1.54622e-05,0.0,nan,nan,nan
1405.689,1.546693e-05,0.0,nan,nan,nan
1405.772,1.54658e-05,0.0,nan,nan,nan
1405.856,1.546366e-05,0.0,nan,nan,nan
1405.94,1.54655e-05,0.0,nan,nan,nan
1406.024,1.546259e-05,0.0,nan,nan,nan
1406.147,1.546285e-05,0.0,nan,nan,nan
1406.23,1.546877e-05,0.0,nan,nan,nan
1406.314,1.546684e-05,0.0,nan,nan,nan
1406.398,1.546644e-05,0.0,nan,nan,nan
1406.482,1.546713e-05,0.0,nan,nan,nan
1406.566,1.546578e-05,0.0,nan,nan,nan
1406.65,1.546328e-05,0.0,nan,nan,nan
1406.734,1.546567e-05,0.0,nan,nan,nan
1406.818,1.546408e-05,0.0,nan,nan,nan
1406.902,1.546482e-05,0.0,nan,nan,nan
1406.995,1.546705e-05,0.0,nan,nan,nan
1407.078,1.546361e-05,0.0,nan,nan,nan
1407.165,1.54644e-05,0.0,nan,nan,nan
1407.249,1.546647e-05,0.0,nan,nan,nan
1407.332,1.546328e-05,0.0,nan,nan,nan
1407.416,1.546374e-05,0.0,nan,nan,nan
1407.5,1.546612e-05,0.0,nan,nan,nan
1407.593,1.546375e-05,0.0,nan,nan,nan
1407.677,1.546339e-05,0.0,nan,nan,nan
1407.76,1.546349e-05,0.0,nan,nan,nan
1407.844,1.546529e-05,0.0,nan,nan,nan
1407.928,1.54595e-05,0.0,nan,nan,nan
1408.011,1.546511e-05,0.0,nan,nan,nan
1408.095,1.546527e-05,0.0,nan,nan,nan
1408.222,1.546535e-05,0.0,nan,nan,nan
1408.306,1.546341e-05,0.0,nan,nan,nan
1408.409,1.546435e-05,0.0,nan,nan,nan
1408.493,1.546455e-05,0.0,nan,nan,nan
1408.577,1.546582e-05,0.0,nan,nan,nan
1408.661,1.546949e-05,0.0,nan,nan,nan
1408.744,1.547075e-05,0.0,nan,nan,nan
1408.827,1.546753e-05,0.0,nan,nan,nan
1408.911,1.546974e-05,0.0,nan,nan,nan
1409.008,1.546851e-05,0.0,nan,nan,nan
1409.092,1.546487e-05,0.0,nan,nan,nan
1409.175,1.546823e-05,0.0,nan,nan,nan
1409.259,1.546996e-05,0.0,nan,nan,nan
1409.343,1.546789e-05,0.0,nan,nan,nan
1409.427,1.546631e-05,0.0,nan,nan,nan
1409.511,1.546645e-05,0.0,nan,nan,nan
1409.594,1.546043e-05,0.0,nan,nan,nan
1409.678,1.546293e-05,0.0,nan,nan,nan
1409.762,1.546389e-05,0.0,nan,nan,nan
1409.846,1.546561e-05,0.0,nan,nan,nan
1409.929,1.546056e-05,0.0,nan,nan,nan
1410.021,1.546284e-05,0.0,nan,nan,nan
1410.104,1.546274e-05,0.0,nan,nan,nan
1410.189,1.545907e-05,0.0,nan,nan,nan
1410.297,1.546358e-05,0.0,nan,nan,nan
1410.38,1.546751e-05,0.0,nan,nan,nan
1410.464,1.54645e-05,0.0,nan,nan,nan
1410.548,1.546412e-05,0.0,nan,nan,nan
1410.641,1.546198e-05,0.0,nan,nan,nan
1410.725,1.546301e-05,0.0,nan,nan,nan
1410.808,1.546263e-05,0.0,nan,nan,nan
1410.892,1.546481e-05,0.0,nan,nan,nan
1410.977,1.546439e-05,0.0,nan,nan,nan
1411.06,1.546248e-05,0.0,nan,nan,nan
1411.144,1.546396e-05,0.0,nan,nan,nan
1411.227,1.546351e-05,0.0,nan,nan,nan
1411.311,1.546217e-05,0.0,nan,nan,nan
1411.395,1.54628e-05,0.0,nan,nan,nan
1411.478,1.546273e-05,0.0,nan,nan,nan
1411.562,1.546166e-05,0.0,nan,nan,nan
1411.666,1.546405e-05,0.0,nan,nan,nan
1411.75,1.546124e-05,0.0,nan,nan,nan
1411.834,1.546072e-05,0.0,nan,nan,nan
1411.918,1.546379e-05,0.0,nan,nan,nan
1412.001,1.546068e-05,0.0,nan,nan,nan
1412.085,1.546701e-05,0.0,nan,nan,nan
1412.169,1.546471e-05,0.0,nan,nan,nan
1412.255,1.546147e-05,0.0,nan,nan,nan
1412.359,1.546185e-05,0.0,nan,nan,nan
1412.442,1.546246e-05,0.0,nan,nan,nan
1412.526,1.546488e-05,0.0,nan,nan,nan
1412.61,1.546566e-05,0.0,nan,nan,nan
1412.694,1.546383e-05,0.0,nan,nan,nan
1412.777,1.546232e-05,0.0,nan,nan,nan
1412.88,1.546467e-05,0.0,nan,nan,nan
1412.964,1.546353e-05,0.0,nan,nan,nan
1413.063,1.546313e-05,0.0,nan,nan,nan
1413.147,1.546394e-05,0.0,nan,nan,nan
1413.231,1.54607e-05,0.0,nan,nan,nan
1413.315,1.54658e-05,0.0,nan,nan,nan
1413.398,1.547012e-05,0.0,nan,nan,nan
1413.49,1.546457e-05,0.0,nan,nan,nan
1413.573,1.54621e-05,0.0,nan,nan,nan
1413.659,1.546221e-05,0.0,nan,nan,nan
1413.742,1.546616e-05,0.0,nan,nan,nan
1413.826,1.546092e-05,0.0,nan,nan,nan
1413.91,1.546181e-05,0.0,nan,nan,nan
1413.994,1.546436e-05,0.0,nan,nan,nan
1414.089,1.546678e-05,0.0,nan,nan,nan
1414.173,1.546451e-05,0.0,nan,nan,nan
1414.257,1.546523e-05,0.0,nan,nan,nan
1414.34,1.546212e-05,0.0,nan,nan,nan
1414.424,1.546217e-05,0.0,nan,nan,nan
1414.507,1.5465e-05,0.0,nan,nan,nan
1414.591,1.54626e-05,0.0,nan,nan,nan
1414.675,1.54636e-05,0.0,nan,nan,nan
1414.758,1.546049e-05,0.0,nan,nan,nan
1414.842,1.546223e-05,0.0,nan,nan,nan
1414.937,1.546322e-05,0.0,nan,nan,nan
1415.021,1.546395e-05,0.0,nan,nan,nan
1415.123,1.546598e-05,0.0,nan,nan,nan
1415.206,1.546424e-05,0.0,nan,nan,nan
1415.29,1.54608e-05,0.0,nan,nan,nan
1415.374,1.546686e-05,0.0,nan,nan,nan
1415.459,1.546373e-05,0.0,nan,nan,nan
1415.543,1.546412e-05,0.0,nan,nan,nan
1415.626,1.546295e-05,0.0,nan,nan,nan
1415.741,1.546333e-05,0.0,nan,nan,nan
1415.825,1.546463e-05,0.0,nan,nan,nan
1415.909,1.546229e-05,0.0,nan,nan,nan
1415.992,1.546417e-05,0.0,nan,nan,nan
1416.076,1.546245e-05,0.0,nan,nan,nan
1416.16,1.546352e-05,0.0,nan,nan,nan
1416.243,1.546084e-05,0.0,nan,nan,nan
1416.356,1.546259e-05,0.0,nan,nan,nan
1416.472,1.545907e-05,0.0,nan,nan,nan
1416.563,1.546187e-05,0.0,nan,nan,nan
1416.647,1.546404e-05,0.0,nan,nan,nan
1416.731,1.546582e-05,0.0,nan,nan,nan
1416.814,1.546313e-05,0.0,nan,nan,nan
1416.898,1.54605e-05,0.0,nan,nan,nan
1416.982,1.546043e-05,0.0,nan,nan,nan
1417.065,1.546138e-05,0.0,nan,nan,nan
1417.174,1.545947e-05,0.0,nan,nan,nan
1417.257,1.546149e-05,0.0,nan,nan,nan
1417.341,1.54628e-05,0.0,nan,nan,nan
1417.425,1.545956e-05,0.0,nan,nan,nan
1417.509,1.545786e-05,0.0,nan,nan,nan
1417.592,1.54614e-05,0.0,nan,nan,nan
1417.676,1.545908e-05,0.0,nan,nan,nan
1417.773,1.546325e-05,0.0,nan,nan,nan
1417.857,1.54614e-05,0.0,nan,nan,nan
1417.941,1.546336e-05,0.0,nan,nan,nan
1418.024,1.546404e-05,0.0,nan,nan,nan
1418.108,1.545736e-05,0.0,nan,nan,nan
1418.198,1.546117e-05,0.0,nan,nan,nan
1418.282,1.5462e-05,0.0,nan,nan,nan
1418.365,1.546325e-05,0.0,nan,nan,nan
1418.449,1.546489e-05,0.0,nan,nan,nan
1418.539,1.546238e-05,0.0,nan,nan,nan
1418.624,1.546056e-05,0.0,nan,nan,nan
1418.708,1.546119e-05,0.0,nan,nan,nan
1418.791,1.54615e-05,0.0,nan,nan,nan
1418.875,1.54631e-05,0.0,nan,nan,nan
1418.959,1.546543e-05,0.0,nan,nan,nan
1419.042,1.545925e-05,0.0,nan,nan,nan
1419.126,1.546417e-05,0.0,nan,nan,nan
1419.21,1.546039e-05,0.0,nan,nan,nan
1419.293,1.545996e-05,0.0,nan,nan,nan
1419.393,1.546372e-05,0.0,nan,nan,nan
1419.476,1.546321e-05,0.0,nan,nan,nan
1419.56,1.546391e-05,0.0,nan,nan,nan
1419.644,1.5463e-05,0.0,nan,nan,nan
1419.728,1.546188e-05,0.0,nan,nan,nan
1419.812,1.546045e-05,0.0,nan,nan,nan
1419.895,1.545922e-05,0.0,nan,nan,nan
1419.98,1.546266e-05,0.0,nan,nan,nan
1420.064,1.54621e-05,0.0,nan,nan,nan
1420.147,1.546261e-05,0.0,nan,nan,nan
1420.231,1.546035e-05,0.0,nan,nan,nan
1420.315,1.546385e-05,0.0,nan,nan,nan
1420.424,1.546392e-05,0.0,nan,nan,nan
1420.508,1.546308e-05,0.0,nan,nan,nan
1420.621,1.546114e-05,0.0,nan,nan,nan
1420.705,1.546337e-05,0.0,nan,nan,nan
1420.79,1.546385e-05,0.0,nan,nan,nan
1420.873,1.546315e-05,0.0,nan,nan,nan
1420.959,1.54632e-05,0.0,nan,nan,nan
1421.048,1.546015e-05,0.0,nan,nan,nan
1421.132,1.546152e-05,0.0,nan,nan,nan
1421.246,1.545678e-05,0.0,nan,nan,nan
1421.329,1.5461e-05,0.0,nan,nan,nan
1421.413,1.54606e-05,0.0,nan,nan,nan
1421.497,1.545803e-05,0.0,nan,nan,nan
1421.581,1.54613e-05,0.0,nan,nan,nan
1421.665,1.546441e-05,0.0,nan,nan,nan
1421.748,1.54635e-05,0.0,nan,nan,nan
1421.834,1.546217e-05,0.0,nan,nan,nan
1421.918,1.546297e-05,0.0,nan,nan,nan
1422.002,1.546269e-05,0.0,nan,nan,nan
1422.085,1.546415e-05,0.0,nan,nan,nan
1422.169,1.546412e-05,0.0,nan,nan,nan
1422.26,1.546211e-05,0.0,nan,nan,nan
1422.343,1.546266e-05,0.0,nan,nan,nan
1422.427,1.546279e-05,0.0,nan,nan,nan
1422.511,1.546296e-05,0.0,nan,nan,nan
1422.594,1.546411e-05,0.0,nan,nan,nan
1422.69,1.546387e-05,0.0,nan,nan,nan
1422.773,1.546519e-05,0.0,nan,nan,nan
1422.874,1.545896e-05,0.0,nan,nan,nan
1422.958,1.546021e-05,0.0,nan,nan,nan
1423.042,1.546367e-05,0.0,nan,nan,nan
1423.125,1.546376e-05,0.0,nan,nan,nan
1423.209,1.546246e-05,0.0,nan,nan,nan
1423.293,1.546355e-05,0.0,nan,nan,nan
1423.376,1.546487e-05,0.0,nan,nan,nan
1423.474,1.546183e-05,0.0,nan,nan,nan
1423.557,1.545996e-05,0.0,nan,nan,nan
1423.641,1.546232e-05,0.0,nan,nan,nan
1423.725,1.546434e-05,0.0,nan,nan,nan
1423.809,1.546331e-05,0.0,nan,nan,nan
1423.9,1.546109e-05,0.0,nan,nan,nan
1423.984,1.545951e-05,0.0,nan,nan,nan
1424.084,1.546016e-05,0.0,nan,nan,nan
1424.168,1.546216e-05,0.0,nan,nan,nan
1424.252,1.546028e-05,0.0,nan,nan,nan
1424.335,1.545917e-05,0.0,nan,nan,nan
1424.419,1.545896e-05,0.0,nan,nan,nan
1424.503,1.546221e-05,0.0,nan,nan,nan
1424.587,1.546202e-05,0.0,nan,nan,nan
1424.671,1.545995e-05,0.0,nan,nan,nan
1424.764,1.545837e-05,0.0,nan,nan,nan
1424.848,1.546065e-05,0.0,nan,nan,nan
1424.931,1.546209e-05,0.0,nan,nan,nan
1425.015,1.546217e-05,0.0,nan,nan,nan
1425.116,1.545672e-05,0.0,nan,nan,nan
1425.2,1.546122e-05,0.0,nan,nan,nan
1425.284,1.54599e-05,0.0,nan,nan,nan
1425.368,1.546233e-05,0.0,nan,nan,nan
1425.452,1.545822e-05,0.0,nan,nan,nan
1425.535,1.545771e-05,0.0,nan,nan,nan
1425.619,1.546e-05,0.0,nan,nan,nan
1425.72,1.546059e-05,0.0,nan,nan,nan
1425.804,1.546078e-05,0.0,nan,nan,nan
1425.887,1.546226e-05,0.0,nan,nan,nan
1425.971,1.546132e-05,0.0,nan,nan,nan
1426.055,1.54611e-05,0.0,nan,nan,nan
1426.139,1.546292e-05,0.0,nan,nan,nan
1426.222,1.546775e-05,0.0,nan,nan,nan
1426.333,1.546703e-05,0.0,nan,nan,nan
1426.417,1.546821e-05,0.0,nan,nan,nan
1426.525,1.546202e-05,0.0,nan,nan,nan
1426.608,1.545699e-05,0.0,nan,nan,nan
1426.692,1.546067e-05,0.0,nan,nan,nan
1426.805,1.546287e-05,0.0,nan,nan,nan
1426.889,1.546181e-05,0.0,nan,nan,nan
1426.973,1.546399e-05,0.0,nan,nan,nan
1427.056,1.546091e-05,0.0,nan,nan,nan
1427.147,1.546604e-05,0.0,nan,nan,nan
1427.23,1.546378e-05,0.0,nan,nan,nan
1427.316,1.546402e-05,0.0,nan,nan,nan
1427.399,1.54626e-05,0.0,nan,nan,nan
1427.484,1.546264e-05,0.0,nan,nan,nan
1427.568,1.546524e-05,0.0,nan,nan,nan
1427.651,1.546334e-05,0.0,nan,nan,nan
1427.737,1.54647e-05,0.0,nan,nan,nan
1427.82,1.54568e-05,0.0,nan,nan,nan
1427.904,1.5462e-05,0.0,nan,nan,nan
1427.987,1.545938e-05,0.0,nan,nan,nan
1428.071,1.546238e-05,0.0,nan,nan,nan
1428.163,1.545907e-05,0.0,nan,nan,nan
1428.247,1.545869e-05,0.0,nan,nan,nan
1428.33,1.545644e-05,0.0,nan,nan,nan
1428.414,1.546053e-05,0.0,nan,nan,nan
1428.498,1.545756e-05,0.0,nan,nan,nan
1428.586,1.545846e-05,0.0,nan,nan,nan
1428.67,1.546167e-05,0.0,nan,nan,nan
1428.753,1.546046e-05,0.0,nan,nan,nan
1428.888,1.546032e-05,0.0,nan,nan,nan
1428.972,1.546236e-05,0.0,nan,nan,nan
1429.055,1.546089e-05,0.0,nan,nan,nan
1429.139,1.5464e-05,0.0,nan,nan,nan
1429.238,1.54618e-05,0.0,nan,nan,nan
1429.323,1.545776e-05,0.0,nan,nan,nan
1429.413,1.546407e-05,0.0,nan,nan,nan
1429.497,1.546068e-05,0.0,nan,nan,nan
1429.598,1.545714e-05,0.0,nan,nan,nan
1429.682,1.545809e-05,0.0,nan,nan,nan
1429.781,1.546233e-05,0.0,nan,nan,nan
1429.865,1.545928e-05,0.0,nan,nan,nan
1429.95,1.546263e-05,0.0,nan,nan,nan
1430.033,1.546095e-05,0.0,nan,nan,nan
1430.117,1.546233e-05,0.0,nan,nan,nan
1430.201,1.545987e-05,0.0,nan,nan,nan
1430.284,1.545889e-05,0.0,nan,nan,nan
1430.382,1.54619e-05,0.0,nan,nan,nan
1430.466,1.546139e-05,0.0,nan,nan,nan
1430.549,1.54624e-05,0.0,nan,nan,nan
1430.633,1.546076e-05,0.0,nan,nan,nan
1430.717,1.546032e-05,0.0,nan,nan,nan
1430.8,1.545883e-05,0.0,nan,nan,nan
1430.884,1.546044e-05,0.0,nan,nan,nan
1430.996,1.545856e-05,0.0,nan,nan,nan
1431.08,1.546178e-05,0.0,nan,nan,nan
1431.164,1.546125e-05,0.0,nan,nan,nan
1431.248,1.546385e-05,0.0,nan,nan,nan
1431.331,1.546421e-05,0.0,nan,nan,nan
1431.426,1.546422e-05,0.0,nan,nan,nan
1431.51,1.546362e-05,0.0,nan,nan,nan
1431.593,1.546166e-05,0.0,nan,nan,nan
1431.677,1.546268e-05,0.0,nan,nan,nan
1431.76,1.546356e-05,0.0,nan,nan,nan
1431.844,1.54628e-05,0.0,nan,nan,nan
1431.928,1.545951e-05,0.0,nan,nan,nan
1432.022,1.545867e-05,0.0,nan,nan,nan
1432.105,1.546078e-05,0.0,nan,nan,nan
1432.19,1.546315e-05,0.0,nan,nan,nan
1432.274,1.546485e-05,0.0,nan,nan,nan
1432.357,1.546287e-05,0.0,nan,nan,nan
1432.441,1.546602e-05,0.0,nan,nan,nan
1432.525,1.546603e-05,0.0,nan,nan,nan
1432.609,1.546357e-05,0.0,nan,nan,nan
1432.692,1.546275e-05,0.0,nan,nan,nan
1432.776,1.545857e-05,0.0,nan,nan,nan
1432.86,1.546247e-05,0.0,nan,nan,nan
1432.943,1.546295e-05,0.0,nan,nan,nan
1433.038,1.546416e-05,0.0,nan,nan,nan
1433.122,1.545941e-05,0.0,nan,nan,nan
1433.205,1.546129e-05,0.0,nan,nan,nan
1433.289,1.546576e-05,0.0,nan,nan,nan
1433.372,1.54634e-05,0.0,nan,nan,nan
1433.456,1.546657e-05,0.0,nan,nan,nan
1433.539,1.546552e-05,0.0,nan,nan,nan
1433.623,1.546813e-05,0.0,nan,nan,nan
1433.706,1.546627e-05,0.0,nan,nan,nan
1433.789,1.546654e-05,0.0,nan,nan,nan
1433.894,1.546261e-05,0.0,nan,nan,nan
1433.978,1.546614e-05,0.0,nan,nan,nan
1434.062,1.546723e-05,0.0,nan,nan,nan
1434.145,1.546582e-05,0.0,nan,nan,nan
1434.229,1.546657e-05,0.0,nan,nan,nan
1434.312,1.546164e-05,0.0,nan,nan,nan
1434.396,1.546259e-05,0.0,nan,nan,nan
1434.485,1.54636e-05,0.0,nan,nan,nan
1434.569,1.546676e-05,0.0,nan,nan,nan
1434.652,1.546349e-05,0.0,nan,nan,nan
1434.736,1.546216e-05,0.0,nan,nan,nan
1434.82,1.546071e-05,0.0,nan,nan,nan
1434.903,1.546438e-05,0.0,nan,nan,nan
1434.987,1.546277e-05,0.0,nan,nan,nan
1435.138,1.546157e-05,0.0,nan,nan,nan
1435.222,1.546202e-05,0.0,nan,nan,nan
1435.305,1.545979e-05,0.0,nan,nan,nan
1435.389,1.546061e-05,0.0,nan,nan,nan
1435.473,1.54601e-05,0.0,nan,nan,nan
1435.556,1.546225e-05,0.0,nan,nan,nan
1435.64,1.546324e-05,0.0,nan,nan,nan
1435.733,1.546025e-05,0.0,nan,nan,nan
1435.817,1.54609e-05,0.0,nan,nan,nan
1435.9,1.545867e-05,0.0,nan,nan,nan
1435.984,1.546564e-05,0.0,nan,nan,nan
1436.068,1.54604e-05,0.0,nan,nan,nan
1436.152,1.546229e-05,0.0,nan,nan,nan
1436.235,1.545908e-05,0.0,nan,nan,nan
1436.329,1.546003e-05,0.0,nan,nan,nan
1436.412,1.546248e-05,0.0,nan,nan,nan
1436.496,1.546285e-05,0.0,nan,nan,nan
1436.58,1.545968e-05,0.0,nan,nan,nan
1436.663,1.546138e-05,0.0,nan,nan,nan
1436.747,1.545717e-05,0.0,nan,nan,nan
1436.83,1.545759e-05,0.0,nan,nan,nan
1436.923,1.54614e-05,0.0,nan,nan,nan
1437.006,1.545959e-05,0.0,nan,nan,nan
1437.09,1.546103e-05,0.0,nan,nan,nan
1437.207,1.546137e-05,0.0,nan,nan,nan
1437.29,1.545585e-05,0.0,nan,nan,nan
1437.374,1.545674e-05,0.0,nan,nan,nan
1437.457,1.546273e-05,0.0,nan,nan,nan
1437.543,1.545939e-05,0.0,nan,nan,nan
1437.627,1.545843e-05,0.0,nan,nan,nan
1437.711,1.54576e-05,0.0,nan,nan,nan
1437.795,1.546452e-05,0.0,nan,nan,nan
1437.879,1.546319e-05,0.0,nan,nan,nan
1437.962,1.546391e-05,0.0,nan,nan,nan
1438.046,1.546035e-05,0.0,nan,nan,nan
1438.153,1.546054e-05,0.0,nan,nan,nan
1438.236,1.545765e-05,0.0,nan,nan,nan
1438.322,1.54587e-05,0.0,nan,nan,nan
1438.405,1.545968e-05,0.0,nan,nan,nan
1438.489,1.545909e-05,0.0,nan,nan,nan
1438.573,1.546133e-05,0.0,nan,nan,nan
1438.656,1.545726e-05,0.0,nan,nan,nan
1438.749,1.545958e-05,0.0,nan,nan,nan
1438.833,1.54626e-05,0.0,nan,nan,nan
1438.917,1.546024e-05,0.0,nan,nan,nan
1439.0,1.546274e-05,0.0,nan,nan,nan
1439.084,1.546013e-05,0.0,nan,nan,nan
1439.168,1.546358e-05,0.0,nan,nan,nan
1439.272,1.546392e-05,0.0,nan,nan,nan
1439.355,1.545881e-05,0.0,nan,nan,nan
1439.439,1.546295e-05,0.0,nan,nan,nan
1439.522,1.546157e-05,0.0,nan,nan,nan
1439.606,1.54601e-05,0.0,nan,nan,nan
1439.689,1.545625e-05,0.0,nan,nan,nan
1439.785,1.54617e-05,0.0,nan,nan,nan
1439.868,1.54642e-05,0.0,nan,nan,nan
1439.952,1.545692e-05,0.0,nan,nan,nan
1440.036,1.545941e-05,0.0,nan,nan,nan
1440.119,1.5459e-05,0.0,nan,nan,nan
1440.203,1.546036e-05,0.0,nan,nan,nan
1440.287,1.545985e-05,0.0,nan,nan,nan
1440.375,1.546169e-05,0.0,nan,nan,nan
1440.459,1.546116e-05,0.0,nan,nan,nan
1440.542,1.546185e-05,0.0,nan,nan,nan
1440.626,1.546097e-05,0.0,nan,nan,nan
1440.71,1.546075e-05,0.0,nan,nan,nan
1440.793,1.545985e-05,0.0,nan,nan,nan
1440.877,1.545848e-05,0.0,nan,nan,nan
1440.96,1.546017e-05,0.0,nan,nan,nan
1441.044,1.545984e-05,0.0,nan,nan,nan
1441.128,1.545827e-05,0.0,nan,nan,nan
1441.217,1.545826e-05,0.0,nan,nan,nan
1441.3,1.546447e-05,0.0,nan,nan,nan
1441.384,1.546127e-05,0.0,nan,nan,nan
1441.467,1.545984e-05,0.0,nan,nan,nan
1441.551,1.545984e-05,0.0,nan,nan,nan
1441.635,1.545996e-05,0.0,nan,nan,nan
1441.719,1.546013e-05,0.0,nan,nan,nan
1441.803,1.546051e-05,0.0,nan,nan,nan
1441.886,1.545888e-05,0.0,nan,nan,nan
1441.971,1.546093e-05,0.0,nan,nan,nan
1442.054,1.545946e-05,0.0,nan,nan,nan
1442.138,1.546101e-05,0.0,nan,nan,nan
1442.255,1.545633e-05,0.0,nan,nan,nan
1442.339,1.546154e-05,0.0,nan,nan,nan
1442.423,1.546282e-05,0.0,nan,nan,nan
1442.507,1.546449e-05,0.0,nan,nan,nan
1442.59,1.546369e-05,0.0,nan,nan,nan
1442.674,1.545954e-05,0.0,nan,nan,nan
1442.758,1.546319e-05,0.0,nan,nan,nan
1442.842,1.546397e-05,0.0,nan,nan,nan
1442.925,1.546113e-05,0.0,nan,nan,nan
1443.009,1.546154e-05,0.0,nan,nan,nan
1443.093,1.545795e-05,0.0,nan,nan,nan
1443.177,1.54618e-05,0.0,nan,nan,nan
1443.266,1.54618e-05,0.0,nan,nan,nan
1443.35,1.546145e-05,0.0,nan,nan,nan
1443.433,1.546026e-05,0.0,nan,nan,nan
1443.517,1.545595e-05,0.0,nan,nan,nan
1443.601,1.545876e-05,0.0,nan,nan,nan
1443.684,1.546365e-05,0.0,nan,nan,nan
1443.768,1.545901e-05,0.0,nan,nan,nan
1443.873,1.545824e-05,0.0,nan,nan,nan
1443.957,1.545776e-05,0.0,nan,nan,nan
1444.041,1.546192e-05,0.0,nan,nan,nan
1444.124,1.545869e-05,0.0,nan,nan,nan
1444.208,1.545797e-05,0.0,nan,nan,nan
1444.292,1.545807e-05,0.0,nan,nan,nan
1444.375,1.545678e-05,0.0,nan,nan,nan
1444.459,1.54579e-05,0.0,nan,nan,nan
1444.542,1.546124e-05,0.0,nan,nan,nan
1444.626,1.546236e-05,0.0,nan,nan,nan
1444.71,1.545996e-05,0.0,nan,nan,nan
1444.794,1.546207e-05,0.0,nan,nan,nan
1444.891,1.546149e-05,0.0,nan,nan,nan
1444.975,1.546412e-05,0.0,nan,nan,nan
1445.058,1.546206e-05,0.0,nan,nan,nan
1445.142,1.546156e-05,0.0,nan,nan,nan
1445.226,1.54618e-05,0.0,nan,nan,nan
1445.309,1.546473e-05,0.0,nan,nan,nan
1445.393,1.54639e-05,0.0,nan,nan,nan
1445.494,1.546242e-05,0.0,nan,nan,nan
1445.577,1.546278e-05,0.0,nan,nan,nan
1445.661,1.546186e-05,0.0,nan,nan,nan
1445.745,1.546262e-05,0.0,nan,nan,nan
1445.828,1.54627e-05,0.0,nan,nan,nan
1445.912,1.545933e-05,0.0,nan,nan,nan
1445.996,1.545946e-05,0.0,nan,nan,nan
1446.093,1.54592e-05,0.0,nan,nan,nan
1446.177,1.546198e-05,0.0,nan,nan,nan
1446.262,1.54612e-05,0.0,nan,nan,nan
1446.346,1.546159e-05,0.0,nan,nan,nan
1446.43,1.546428e-05,0.0,nan,nan,nan
1446.526,1.545769e-05,0.0,nan,nan,nan
1446.609,1.546014e-05,0.0,nan,nan,nan
1446.693,1.546138e-05,0.0,nan,nan,nan
1446.777,1.546364e-05,0.0,nan,nan,nan
1446.861,1.545811e-05,0.0,nan,nan,nan
1446.944,1.545765e-05,0.0,nan,nan,nan
1447.028,1.545699e-05,0.0,nan,nan,nan
1447.112,1.546144e-05,0.0,nan,nan,nan
1447.195,1.545858e-05,0.0,nan,nan,nan
1447.279,1.546196e-05,0.0,nan,nan,nan
1447.362,1.546083e-05,0.0,nan,nan,nan
1447.446,1.546102e-05,0.0,nan,nan,nan
1447.562,1.545875e-05,0.0,nan,nan,nan
1447.646,1.546286e-05,0.0,nan,nan,nan
1447.729,1.545864e-05,0.0,nan,nan,nan
1447.813,1.545905e-05,0.0,nan,nan,nan
1447.897,1.545875e-05,0.0,nan,nan,nan
1447.98,1.546188e-05,0.0,nan,nan,nan
1448.064,1.545807e-05,0.0,nan,nan,nan
1448.174,1.546207e-05,0.0,nan,nan,nan
1448.257,1.546252e-05,0.0,nan,nan,nan
1448.342,1.546166e-05,0.0,nan,nan,nan
1448.426,1.546066e-05,0.0,nan,nan,nan
1448.509,1.54631e-05,0.0,nan,nan,nan
1448.592,1.54631e-05,0.0,nan,nan,nan
1448.676,1.54597e-05,0.0,nan,nan,nan
1448.782,1.546069e-05,0.0,nan,nan,nan
1448.866,1.545818e-05,0.0,nan,nan,nan
1448.949,1.54594e-05,0.0,nan,nan,nan
1449.033,1.546105e-05,0.0,nan,nan,nan
1449.116,1.545873e-05,0.0,nan,nan,nan
1449.2,1.545968e-05,0.0,nan,nan,nan
1449.284,1.545762e-05,0.0,nan,nan,nan
1449.367,1.546201e-05,0.0,nan,nan,nan
1449.451,1.545893e-05,0.0,nan,nan,nan
1449.534,1.545983e-05,0.0,nan,nan,nan
1449.63,1.546005e-05,0.0,nan,nan,nan
1449.713,1.545779e-05,0.0,nan,nan,nan
1449.797,1.545951e-05,0.0,nan,nan,nan
1449.88,1.54613e-05,0.0,nan,nan,nan
1449.964,1.545882e-05,0.0,nan,nan,nan
1450.049,1.546132e-05,0.0,nan,nan,nan
1450.132,1.54594e-05,0.0,nan,nan,nan
1450.228,1.54634e-05,0.0,nan,nan,nan
1450.312,1.54637e-05,0.0,nan,nan,nan
1450.397,1.546255e-05,0.0,nan,nan,nan
1450.481,1.546191e-05,0.0,nan,nan,nan
1450.564,1.54588e-05,0.0,nan,nan,nan
1450.648,1.546208e-05,0.0,nan,nan,nan
1450.731,1.54623e-05,0.0,nan,nan,nan
1450.828,1.546019e-05,0.0,nan,nan,nan
1450.911,1.545545e-05,0.0,nan,nan,nan
1450.995,1.546183e-05,0.0,nan,nan,nan
1451.078,1.545831e-05,0.0,nan,nan,nan
1451.162,1.546011e-05,0.0,nan,nan,nan
1451.246,1.546255e-05,0.0,nan,nan,nan
1451.329,1.546094e-05,0.0,nan,nan,nan
1451.413,1.545572e-05,0.0,nan,nan,nan
1451.496,1.546115e-05,0.0,nan,nan,nan
1451.58,1.545934e-05,0.0,nan,nan,nan
1451.672,1.545832e-05,0.0,nan,nan,nan
1451.755,1.545789e-05,0.0,nan,nan,nan
1451.839,1.545776e-05,0.0,nan,nan,nan
1451.922,1.545577e-05,0.0,nan,nan,nan
1452.006,1.545584e-05,0.0,nan,nan,nan
1452.09,1.545711e-05,0.0,nan,nan,nan
1452.174,1.545715e-05,0.0,nan,nan,nan
1452.257,1.545961e-05,0.0,nan,nan,nan
1452.341,1.546083e-05,0.0,nan,nan,nan
1452.424,1.545969e-05,0.0,nan,nan,nan
1452.508,1.545909e-05,0.0,nan,nan,nan
1452.591,1.545785e-05,0.0,nan,nan,nan
1452.682,1.545766e-05,0.0,nan,nan,nan
1452.765,1.546067e-05,0.0,nan,nan,nan
1452.849,1.546034e-05,0.0,nan,nan,nan
1452.933,1.545936e-05,0.0,nan,nan,nan
1453.016,1.545858e-05,0.0,nan,nan,nan
1453.115,1.546041e-05,0.0,nan,nan,nan
1453.199,1.545668e-05,0.0,nan,nan,nan
1453.282,1.546058e-05,0.0,nan,nan,nan
1453.366,1.546297e-05,0.0,nan,nan,nan
1453.45,1.546496e-05,0.0,nan,nan,nan
1453.533,1.54552e-05,0.0,nan,nan,nan
1453.616,1.54605e-05,0.0,nan,nan,nan
1453.705,1.546083e-05,0.0,nan,nan,nan
1453.789,1.546405e-05,0.0,nan,nan,nan
1453.872,1.546406e-05,0.0,nan,nan,nan
1453.955,1.546014e-05,0.0,nan,nan,nan
1454.039,1.546058e-05,0.0,nan,nan,nan
1454.122,1.546032e-05,0.0,nan,nan,nan
1454.206,1.546034e-05,0.0,nan,nan,nan
1454.289,1.545985e-05,0.0,nan,nan,nan
1454.373,1.546465e-05,0.0,nan,nan,nan
1454.456,1.545891e-05,0.0,nan,nan,nan
1454.54,1.545949e-05,0.0,nan,nan,nan
1454.623,1.546442e-05,0.0,nan,nan,nan
1454.728,1.545895e-05,0.0,nan,nan,nan
1454.812,1.545975e-05,0.0,nan,nan,nan
1454.919,1.546591e-05,0.0,nan,nan,nan
1455.002,1.546104e-05,0.0,nan,nan,nan
1455.085,1.54617e-05,0.0,nan,nan,nan
1455.169,1.546127e-05,0.0,nan,nan,nan
1455.253,1.546195e-05,0.0,nan,nan,nan
1455.336,1.546459e-05,0.0,nan,nan,nan
1455.42,1.546116e-05,0.0,nan,nan,nan
1455.503,1.546368e-05,0.0,nan,nan,nan
1455.587,1.54639e-05,0.0,nan,nan,nan
1455.671,1.546293e-05,0.0,nan,nan,nan
1455.755,1.546255e-05,0.0,nan,nan,nan
1455.838,1.546306e-05,0.0,nan,nan,nan
1455.923,1.546026e-05,0.0,nan,nan,nan
1456.007,1.54632e-05,0.0,nan,nan,nan
1456.091,1.546257e-05,0.0,nan,nan,nan
1456.174,1.546158e-05,0.0,nan,nan,nan
1456.258,1.546041e-05,0.0,nan,nan,nan
1456.349,1.546363e-05,0.0,nan,nan,nan
1456.433,1.546397e-05,0.0,nan,nan,nan
1456.516,1.546202e-05,0.0,nan,nan,nan
1456.599,1.546472e-05,0.0,nan,nan,nan
1456.683,1.546298e-05,0.0,nan,nan,nan
1456.766,1.545889e-05,0.0,nan,nan,nan
1456.85,1.5462e-05,0.0,nan,nan,nan
1456.933,1.546419e-05,0.0,nan,nan,nan
1457.017,1.546509e-05,0.0,nan,nan,nan
1457.1,1.546126e-05,0.0,nan,nan,nan
1457.184,1.546146e-05,0.0,nan,nan,nan
1457.267,1.546166e-05,0.0,nan,nan,nan
1457.351,1.546524e-05,0.0,nan,nan,nan
1457.434,1.54637e-05,0.0,nan,nan,nan
1457.518,1.546493e-05,0.0,nan,nan,nan
1457.602,1.546064e-05,0.0,nan,nan,nan
1457.685,1.546343e-05,0.0,nan,nan,nan
1457.774,1.546251e-05,0.0,nan,nan,nan
1457.886,1.546794e-05,0.0,nan,nan,nan
1457.977,1.546212e-05,0.0,nan,nan,nan
1458.06,1.546233e-05,0.0,nan,nan,nan
1458.144,1.546196e-05,0.0,nan,nan,nan
1458.228,1.546549e-05,0.0,nan,nan,nan
1458.312,1.545967e-05,0.0,nan,nan,nan
1458.405,1.545939e-05,0.0,nan,nan,nan
1458.489,1.546376e-05,0.0,nan,nan,nan
1458.572,1.546022e-05,0.0,nan,nan,nan
1458.656,1.546177e-05,0.0,nan,nan,nan
1458.74,1.54637e-05,0.0,nan,nan,nan
1458.823,1.546419e-05,0.0,nan,nan,nan
1458.907,1.546408e-05,0.0,nan,nan,nan
1459.019,1.546746e-05,0.0,nan,nan,nan
1459.103,1.546287e-05,0.0,nan,nan,nan
1459.186,1.546565e-05,0.0,nan,nan,nan
1459.27,1.546156e-05,0.0,nan,nan,nan
1459.354,1.545999e-05,0.0,nan,nan,nan
1459.438,1.545748e-05,0.0,nan,nan,nan
1459.521,1.545981e-05,0.0,nan,nan,nan
1459.62,1.546011e-05,0.0,nan,nan,nan
1459.704,1.546114e-05,0.0,nan,nan,nan
1459.788,1.545608e-05,0.0,nan,nan,nan
1459.871,1.546024e-05,0.0,nan,nan,nan
1459.956,1.545915e-05,0.0,nan,nan,nan
1460.04,1.546118e-05,0.0,nan,nan,nan
1460.124,1.546024e-05,0.0,nan,nan,nan
1460.209,1.546143e-05,0.0,nan,nan,nan
1460.293,1.546101e-05,0.0,nan,nan,nan
1460.376,1.546211e-05,0.0,nan,nan,nan
1460.46,1.545805e-05,0.0,nan,nan,nan
1460.544,1.546039e-05,0.0,nan,nan,nan
1460.644,1.546055e-05,0.0,nan,nan,nan
1460.728,1.546304e-05,0.0,nan,nan,nan
1460.811,1.546017e-05,0.0,nan,nan,nan
1460.895,1.545848e-05,0.0,nan,nan,nan
1460.978,1.546202e-05,0.0,nan,nan,nan
1461.062,1.546301e-05,0.0,nan,nan,nan
1461.146,1.546208e-05,0.0,nan,nan,nan
1461.247,1.54598e-05,0.0,nan,nan,nan
1461.331,1.545768e-05,0.0,nan,nan,nan
1461.415,1.545684e-05,0.0,nan,nan,nan
1461.499,1.546041e-05,0.0,nan,nan,nan
1461.582,1.546193e-05,0.0,nan,nan,nan
1461.666,1.546384e-05,0.0,nan,nan,nan
1461.75,1.546066e-05,0.0,nan,nan,nan
1461.858,1.545935e-05,0.0,nan,nan,nan
1461.942,1.545983e-05,0.0,nan,nan,nan
1462.025,1.545723e-05,0.0,nan,nan,nan
1462.109,1.545753e-05,0.0,nan,nan,nan
1462.193,1.54587e-05,0.0,nan,nan,nan
1462.276,1.545774e-05,0.0,nan,nan,nan
1462.36,1.546492e-05,0.0,nan,nan,nan
1462.443,1.546205e-05,0.0,nan,nan,nan
1462.527,1.54633e-05,0.0,nan,nan,nan
1462.61,1.546185e-05,0.0,nan,nan,nan
1462.694,1.545569e-05,0.0,nan,nan,nan
1462.778,1.546138e-05,0.0,nan,nan,nan
1462.874,1.546163e-05,0.0,nan,nan,nan
1462.958,1.5458e-05,0.0,nan,nan,nan
1463.068,1.545532e-05,0.0,nan,nan,nan
1463.152,1.545572e-05,0.0,nan,nan,nan
1463.236,1.545631e-05,0.0,nan,nan,nan
1463.32,1.545969e-05,0.0,nan,nan,nan
1463.403,1.545732e-05,0.0,nan,nan,nan
1463.487,1.545484e-05,0.0,nan,nan,nan
1463.571,1.545616e-05,0.0,nan,nan,nan
1463.654,1.545599e-05,0.0,nan,nan,nan
1463.738,1.545385e-05,0.0,nan,nan,nan
1463.822,1.54567e-05,0.0,nan,nan,nan
1463.906,1.545788e-05,0.0,nan,nan,nan
1463.99,1.545421e-05,0.0,nan,nan,nan
1464.092,1.545535e-05,0.0,nan,nan,nan
1464.176,1.54525e-05,0.0,nan,nan,nan
1464.26,1.54521e-05,0.0,nan,nan,nan
1464.344,1.545601e-05,0.0,nan,nan,nan
1464.427,1.545382e-05,0.0,nan,nan,nan
1464.515,1.545782e-05,0.0,nan,nan,nan
1464.599,1.545574e-05,0.0,nan,nan,nan
1464.682,1.545992e-05,0.0,nan,nan,nan
1464.766,1.545716e-05,0.0,nan,nan,nan
1464.85,1.545798e-05,0.0,nan,nan,nan
1464.934,1.545846e-05,0.0,nan,nan,nan
1465.017,1.545866e-05,0.0,nan,nan,nan
1465.118,1.54617e-05,0.0,nan,nan,nan
1465.202,1.545657e-05,0.0,nan,nan,nan
1465.286,1.546158e-05,0.0,nan,nan,nan
1465.37,1.545966e-05,0.0,nan,nan,nan
1465.454,1.545928e-05,0.0,nan,nan,nan
1465.537,1.545771e-05,0.0,nan,nan,nan
1465.621,1.546043e-05,0.0,nan,nan,nan
1465.705,1.545558e-05,0.0,nan,nan,nan
1465.788,1.545837e-05,0.0,nan,nan,nan
1465.872,1.545897e-05,0.0,nan,nan,nan
1465.956,1.545855e-05,0.0,nan,nan,nan
1466.039,1.546097e-05,0.0,nan,nan,nan
1466.164,1.545803e-05,0.0,nan,nan,nan
1466.248,1.545856e-05,0.0,nan,nan,nan
1466.332,1.545503e-05,0.0,nan,nan,nan
1466.415,1.545812e-05,0.0,nan,nan,nan
1466.499,1.545988e-05,0.0,nan,nan,nan
1466.582,1.545962e-05,0.0,nan,nan,nan
1466.666,1.546063e-05,0.0,nan,nan,nan
1466.759,1.545764e-05,0.0,nan,nan,nan
1466.843,1.545839e-05,0.0,nan,nan,nan
1466.927,1.545875e-05,0.0,nan,nan,nan
1467.011,1.546141e-05,0.0,nan,nan,nan
1467.095,1.545973e-05,0.0,nan,nan,nan
1467.179,1.546138e-05,0.0,nan,nan,nan
1467.262,1.545855e-05,0.0,nan,nan,nan
1467.346,1.54566e-05,0.0,nan,nan,nan
1467.429,1.545765e-05,0.0,nan,nan,nan
1467.513,1.545587e-05,0.0,nan,nan,nan
1467.596,1.545647e-05,0.0,nan,nan,nan
1467.68,1.545481e-05,0.0,nan,nan,nan
1467.781,1.545567e-05,0.0,nan,nan,nan
1467.864,1.54575e-05,0.0,nan,nan,nan
1467.948,1.545503e-05,0.0,nan,nan,nan
1468.031,1.545878e-05,0.0,nan,nan,nan
1468.115,1.5457e-05,0.0,nan,nan,nan
1468.215,1.545716e-05,0.0,nan,nan,nan
1468.298,1.545795e-05,0.0,nan,nan,nan
1468.399,1.545775e-05,0.0,nan,nan,nan
1468.483,1.545723e-05,0.0,nan,nan,nan
1468.568,1.54593e-05,0.0,nan,nan,nan
1468.652,1.545961e-05,0.0,nan,nan,nan
1468.737,1.546204e-05,0.0,nan,nan,nan
1468.825,1.546075e-05,0.0,nan,nan,nan
1468.909,1.545949e-05,0.0,nan,nan,nan
1469.0,1.545559e-05,0.0,nan,nan,nan
1469.083,1.545994e-05,0.0,nan,nan,nan
1469.167,1.546103e-05,0.0,nan,nan,nan
1469.251,1.546106e-05,0.0,nan,nan,nan
1469.335,1.546194e-05,0.0,nan,nan,nan
1469.422,1.54614e-05,0.0,nan,nan,nan
1469.506,1.545942e-05,0.0,nan,nan,nan
1469.589,1.545583e-05,0.0,nan,nan,nan
1469.673,1.545719e-05,0.0,nan,nan,nan
1469.757,1.545644e-05,0.0,nan,nan,nan
1469.841,1.546103e-05,0.0,nan,nan,nan
1469.925,1.545718e-05,0.0,nan,nan,nan
1470.019,1.545798e-05,0.0,nan,nan,nan
1470.103,1.546091e-05,0.0,nan,nan,nan
1470.187,1.54587e-05,0.0,nan,nan,nan
1470.296,1.546555e-05,0.0,nan,nan,nan
1470.38,1.54597e-05,0.0,nan,nan,nan
1470.463,1.546187e-05,0.0,nan,nan,nan
1470.547,1.546677e-05,0.0,nan,nan,nan
1470.636,1.546155e-05,0.0,nan,nan,nan
1470.719,1.545832e-05,0.0,nan,nan,nan
1470.803,1.546204e-05,0.0,nan,nan,nan
1470.887,1.545692e-05,0.0,nan,nan,nan
1470.97,1.546285e-05,0.0,nan,nan,nan
1471.054,1.546208e-05,0.0,nan,nan,nan
1471.138,1.54567e-05,0.0,nan,nan,nan
1471.221,1.545493e-05,0.0,nan,nan,nan
1471.305,1.545798e-05,0.0,nan,nan,nan
1471.389,1.545942e-05,0.0,nan,nan,nan
1471.472,1.545994e-05,0.0,nan,nan,nan
1471.556,1.545404e-05,0.0,nan,nan,nan
1471.639,1.545587e-05,0.0,nan,nan,nan
1471.723,1.545772e-05,0.0,nan,nan,nan
1471.806,1.545778e-05,0.0,nan,nan,nan
1471.89,1.545788e-05,0.0,nan,nan,nan
1471.974,1.545505e-05,0.0,nan,nan,nan
1472.08,1.545285e-05,0.0,nan,nan,nan
1472.164,1.545694e-05,0.0,nan,nan,nan
1472.247,1.545493e-05,0.0,nan,nan,nan
1472.373,1.545661e-05,0.0,nan,nan,nan
1472.457,1.545729e-05,0.0,nan,nan,nan
1472.54,1.545619e-05,0.0,nan,nan,nan
1472.624,1.54568e-05,0.0,nan,nan,nan
1472.708,1.54569e-05,0.0,nan,nan,nan
1472.792,1.545786e-05,0.0,nan,nan,nan
1472.875,1.545436e-05,0.0,nan,nan,nan
1472.959,1.546236e-05,0.0,nan,nan,nan
1473.042,1.545917e-05,0.0,nan,nan,nan
1473.126,1.545778e-05,0.0,nan,nan,nan
1473.21,1.54532e-05,0.0,nan,nan,nan
1473.308,1.545396e-05,0.0,nan,nan,nan
1473.392,1.545577e-05,0.0,nan,nan,nan
1473.475,1.5456e-05,0.0,nan,nan,nan
1473.559,1.545662e-05,0.0,nan,nan,nan
1473.643,1.545108e-05,0.0,nan,nan,nan
1473.735,1.54565e-05,0.0,nan,nan,nan
1473.819,1.545375e-05,0.0,nan,nan,nan
1473.902,1.545198e-05,0.0,nan,nan,nan
1473.986,1.545472e-05,0.0,nan,nan,nan
1474.069,1.545693e-05,0.0,nan,nan,nan
1474.153,1.545485e-05,0.0,nan,nan,nan
1474.237,1.545341e-05,0.0,nan,nan,nan
1474.327,1.545117e-05,0.0,nan,nan,nan
1474.438,1.546035e-05,0.0,nan,nan,nan
1474.526,1.545539e-05,0.0,nan,nan,nan
1474.61,1.545576e-05,0.0,nan,nan,nan
1474.693,1.545274e-05,0.0,nan,nan,nan
1474.777,1.545915e-05,0.0,nan,nan,nan
1474.861,1.545286e-05,0.0,nan,nan,nan
1474.946,1.545773e-05,0.0,nan,nan,nan
1475.029,1.545251e-05,0.0,nan,nan,nan
1475.113,1.545576e-05,0.0,nan,nan,nan
1475.197,1.545274e-05,0.0,nan,nan,nan
1475.281,1.545475e-05,0.0,nan,nan,nan
1475.364,1.545624e-05,0.0,nan,nan,nan
1475.448,1.545443e-05,0.0,nan,nan,nan
1475.536,1.545629e-05,0.0,nan,nan,nan
1475.62,1.545687e-05,0.0,nan,nan,nan
1475.703,1.545895e-05,0.0,nan,nan,nan
1475.787,1.545684e-05,0.0,nan,nan,nan
1475.871,1.545664e-05,0.0,nan,nan,nan
1475.954,1.545752e-05,0.0,nan,nan,nan
1476.038,1.545585e-05,0.0,nan,nan,nan
1476.121,1.545586e-05,0.0,nan,nan,nan
1476.205,1.545823e-05,0.0,nan,nan,nan
1476.289,1.54597e-05,0.0,nan,nan,nan
1476.374,1.545425e-05,0.0,nan,nan,nan
1476.458,1.545716e-05,0.0,nan,nan,nan
1476.541,1.545469e-05,0.0,nan,nan,nan
1476.625,1.545918e-05,0.0,nan,nan,nan
1476.708,1.545619e-05,0.0,nan,nan,nan
1476.795,1.545996e-05,0.0,nan,nan,nan
1476.879,1.545899e-05,0.0,nan,nan,nan
1476.974,1.545827e-05,0.0,nan,nan,nan
1477.058,1.546138e-05,0.0,nan,nan,nan
1477.143,1.546131e-05,0.0,nan,nan,nan
1477.226,1.545987e-05,0.0,nan,nan,nan
1477.31,1.545861e-05,0.0,nan,nan,nan
1477.394,1.545851e-05,0.0,nan,nan,nan
1477.477,1.546074e-05,0.0,nan,nan,nan
1477.564,1.545882e-05,0.0,nan,nan,nan
1477.647,1.545739e-05,0.0,nan,nan,nan
1477.731,1.545742e-05,0.0,nan,nan,nan
1477.815,1.545808e-05,0.0,nan,nan,nan
1477.898,1.546074e-05,0.0,nan,nan,nan
1477.984,1.545655e-05,0.0,nan,nan,nan
1478.068,1.546302e-05,0.0,nan,nan,nan
1478.151,1.545849e-05,0.0,nan,nan,nan
1478.235,1.546021e-05,0.0,nan,nan,nan
1478.318,1.545937e-05,0.0,nan,nan,nan
1478.402,1.546052e-05,0.0,nan,nan,nan
1478.485,1.545609e-05,0.0,nan,nan,nan
1478.573,1.545979e-05,0.0,nan,nan,nan
1478.674,1.546019e-05,0.0,nan,nan,nan
1478.757,1.546145e-05,0.0,nan,nan,nan
1478.841,1.545695e-05,0.0,nan,nan,nan
1478.925,1.545788e-05,0.0,nan,nan,nan
1479.023,1.546045e-05,0.0,nan,nan,nan
1479.107,1.546024e-05,0.0,nan,nan,nan
1479.19,1.546227e-05,0.0,nan,nan,nan
1479.274,1.546359e-05,0.0,nan,nan,nan
1479.358,1.546079e-05,0.0,nan,nan,nan
1479.442,1.546217e-05,0.0,nan,nan,nan
1479.525,1.546464e-05,0.0,nan,nan,nan
1479.609,1.54623e-05,0.0,nan,nan,nan
1479.693,1.545977e-05,0.0,nan,nan,nan
1479.777,1.545944e-05,0.0,nan,nan,nan
1479.86,1.546157e-05,0.0,nan,nan,nan
1479.944,1.545831e-05,0.0,nan,nan,nan
1480.039,1.545913e-05,0.0,nan,nan,nan
1480.123,1.546137e-05,0.0,nan,nan,nan
1480.207,1.546071e-05,0.0,nan,nan,nan
1480.29,1.546309e-05,0.0,nan,nan,nan
1480.374,1.546326e-05,0.0,nan,nan,nan
1480.477,1.546264e-05,0.0,nan,nan,nan
1480.56,1.54624e-05,0.0,nan,nan,nan
1480.681,1.546011e-05,0.0,nan,nan,nan
1480.765,1.545896e-05,0.0,nan,nan,nan
1480.848,1.54629e-05,0.0,nan,nan,nan
1480.932,1.546331e-05,0.0,nan,nan,nan
1481.015,1.545953e-05,0.0,nan,nan,nan
1481.099,1.54606e-05,0.0,nan,nan,nan
1481.182,1.546228e-05,0.0,nan,nan,nan
1481.28,1.54608e-05,0.0,nan,nan,nan
1481.364,1.546112e-05,0.0,nan,nan,nan
1481.447,1.545903e-05,0.0,nan,nan,nan
1481.531,1.545982e-05,0.0,nan,nan,nan
1481.614,1.546421e-05,0.0,nan,nan,nan
1481.698,1.545917e-05,0.0,nan,nan,nan
1481.782,1.545733e-05,0.0,nan,nan,nan
1481.865,1.546357e-05,0.0,nan,nan,nan
1481.949,1.546407e-05,0.0,nan,nan,nan
1482.032,1.546124e-05,0.0,nan,nan,nan
1482.116,1.546112e-05,0.0,nan,nan,nan
1482.199,1.546055e-05,0.0,nan,nan,nan
1482.299,1.545847e-05,0.0,nan,nan,nan
1482.383,1.545858e-05,0.0,nan,nan,nan
1482.467,1.545466e-05,0.0,nan,nan,nan
1482.55,1.545891e-05,0.0,nan,nan,nan
1482.634,1.546248e-05,0.0,nan,nan,nan
1482.723,1.546327e-05,0.0,nan,nan,nan
1482.819,1.545865e-05,0.0,nan,nan,nan
1482.902,1.546043e-05,0.0,nan,nan,nan
1482.986,1.546013e-05,0.0,nan,nan,nan
1483.069,1.546276e-05,0.0,nan,nan,nan
1483.153,1.545871e-05,0.0,nan,nan,nan
1483.237,1.546044e-05,0.0,nan,nan,nan
1483.323,1.546026e-05,0.0,nan,nan,nan
1483.406,1.546225e-05,0.0,nan,nan,nan
1483.491,1.546204e-05,0.0,nan,nan,nan
1483.574,1.546353e-05,0.0,nan,nan,nan
1483.658,1.545948e-05,0.0,nan,nan,nan
1483.742,1.545926e-05,0.0,nan,nan,nan
1483.825,1.545576e-05,0.0,nan,nan,nan
1483.909,1.545801e-05,0.0,nan,nan,nan
1483.993,1.545856e-05,0.0,nan,nan,nan
1484.076,1.545937e-05,0.0,nan,nan,nan
1484.16,1.545973e-05,0.0,nan,nan,nan
1484.244,1.545927e-05,0.0,nan,nan,nan
1484.344,1.546322e-05,0.0,nan,nan,nan
1484.428,1.545959e-05,0.0,nan,nan,nan
1484.512,1.54639e-05,0.0,nan,nan,nan
1484.595,1.546202e-05,0.0,nan,nan,nan
1484.68,1.546203e-05,0.0,nan,nan,nan
1484.763,1.546548e-05,0.0,nan,nan,nan
1484.871,1.545608e-05,0.0,nan,nan,nan
1484.962,1.545638e-05,0.0,nan,nan,nan
1485.046,1.546272e-05,0.0,nan,nan,nan
1485.157,1.54611e-05,0.0,nan,nan,nan
1485.241,1.546028e-05,0.0,nan,nan,nan
1485.325,1.546151e-05,0.0,nan,nan,nan
1485.408,1.546365e-05,0.0,nan,nan,nan
1485.492,1.546171e-05,0.0,nan,nan,nan
1485.585,1.545699e-05,0.0,nan,nan,nan
1485.669,1.546287e-05,0.0,nan,nan,nan
1485.755,1.545993e-05,0.0,nan,nan,nan
1485.839,1.545848e-05,0.0,nan,nan,nan
1485.922,1.546048e-05,0.0,nan,nan,nan
1486.006,1.546051e-05,0.0,nan,nan,nan
1486.089,1.546241e-05,0.0,nan,nan,nan
1486.185,1.546405e-05,0.0,nan,nan,nan
1486.268,1.545831e-05,0.0,nan,nan,nan
1486.352,1.545612e-05,0.0,nan,nan,nan
1486.435,1.54588e-05,0.0,nan,nan,nan
1486.519,1.545848e-05,0.0,nan,nan,nan
1486.603,1.545716e-05,0.0,nan,nan,nan
1486.686,1.546042e-05,0.0,nan,nan,nan
1486.793,1.545911e-05,0.0,nan,nan,nan
1486.876,1.545965e-05,0.0,nan,nan,nan
1486.96,1.546314e-05,0.0,nan,nan,nan
1487.043,1.545953e-05,0.0,nan,nan,nan
1487.127,1.546096e-05,0.0,nan,nan,nan
1487.231,1.546116e-05,0.0,nan,nan,nan
1487.314,1.546071e-05,0.0,nan,nan,nan
1487.423,1.546087e-05,0.0,nan,nan,nan
1487.506,1.546318e-05,0.0,nan,nan,nan
1487.59,1.545996e-05,0.0,nan,nan,nan
1487.674,1.54646e-05,0.0,nan,nan,nan
1487.759,1.546434e-05,0.0,nan,nan,nan
1487.842,1.546174e-05,0.0,nan,nan,nan
1487.926,1.546205e-05,0.0,nan,nan,nan
1488.01,1.545775e-05,0.0,nan,nan,nan
1488.094,1.545818e-05,0.0,nan,nan,nan
1488.177,1.546165e-05,0.0,nan,nan,nan
1488.261,1.545971e-05,0.0,nan,nan,nan
1488.345,1.546099e-05,0.0,nan,nan,nan
1488.431,1.546034e-05,0.0,nan,nan,nan
1488.515,1.545553e-05,0.0,nan,nan,nan
1488.598,1.545724e-05,0.0,nan,nan,nan
1488.682,1.545891e-05,0.0,nan,nan,nan
1488.765,1.545532e-05,0.0,nan,nan,nan
1488.849,1.545737e-05,0.0,nan,nan,nan
1488.932,1.54557e-05,0.0,nan,nan,nan
1489.016,1.545642e-05,0.0,nan,nan,nan
1489.1,1.54539e-05,0.0,nan,nan,nan
1489.183,1.545976e-05,0.0,nan,nan,nan
1489.267,1.545909e-05,0.0,nan,nan,nan
1489.35,1.545674e-05,0.0,nan,nan,nan
1489.449,1.545746e-05,0.0,nan,nan,nan
1489.532,1.545489e-05,0.0,nan,nan,nan
1489.616,1.545435e-05,0.0,nan,nan,nan
1489.699,1.54532e-05,0.0,nan,nan,nan
1489.783,1.545752e-05,0.0,nan,nan,nan
1489.866,1.545465e-05,0.0,nan,nan,nan
1489.95,1.545758e-05,0.0,nan,nan,nan
1490.04,1.545361e-05,0.0,nan,nan,nan
1490.124,1.545641e-05,0.0,nan,nan,nan
1490.208,1.545752e-05,0.0,nan,nan,nan
1490.291,1.545883e-05,0.0,nan,nan,nan
1490.374,1.545845e-05,0.0,nan,nan,nan
1490.463,1.545589e-05,0.0,nan,nan,nan
1490.547,1.54542e-05,0.0,nan,nan,nan
1490.631,1.545326e-05,0.0,nan,nan,nan
1490.715,1.54557e-05,0.0,nan,nan,nan
1490.798,1.545495e-05,0.0,nan,nan,nan
1490.882,1.545454e-05,0.0,nan,nan,nan
1490.965,1.54553e-05,0.0,nan,nan,nan
1491.049,1.545723e-05,0.0,nan,nan,nan
1491.133,1.545807e-05,0.0,nan,nan,nan
1491.216,1.546206e-05,0.0,nan,nan,nan
1491.3,1.545969e-05,0.0,nan,nan,nan
1491.383,1.545751e-05,0.0,nan,nan,nan
1491.477,1.545644e-05,0.0,nan,nan,nan
1491.561,1.546143e-05,0.0,nan,nan,nan
1491.645,1.545559e-05,0.0,nan,nan,nan
1491.729,1.545369e-05,0.0,nan,nan,nan
1491.812,1.545408e-05,0.0,nan,nan,nan
1491.896,1.545439e-05,0.0,nan,nan,nan
1491.98,1.545678e-05,0.0,nan,nan,nan
1492.074,1.545922e-05,0.0,nan,nan,nan
1492.158,1.545883e-05,0.0,nan,nan,nan
1492.242,1.54598e-05,0.0,nan,nan,nan
1492.325,1.545769e-05,0.0,nan,nan,nan
1492.409,1.54554e-05,0.0,nan,nan,nan
1492.493,1.545549e-05,0.0,nan,nan,nan
1492.576,1.545736e-05,0.0,nan,nan,nan
1492.66,1.545915e-05,0.0,nan,nan,nan
1492.743,1.545559e-05,0.0,nan,nan,nan
1492.827,1.545781e-05,0.0,nan,nan,nan
1492.915,1.545548e-05,0.0,nan,nan,nan
1492.999,1.545959e-05,0.0,nan,nan,nan
1493.096,1.545643e-05,0.0,nan,nan,nan
1493.185,1.545402e-05,0.0,nan,nan,nan
1493.269,1.545446e-05,0.0,nan,nan,nan
1493.353,1.545826e-05,0.0,nan,nan,nan
1493.437,1.545611e-05,0.0,nan,nan,nan
1493.531,1.545513e-05,0.0,nan,nan,nan
1493.615,1.545784e-05,0.0,nan,nan,nan
1493.699,1.545909e-05,0.0,nan,nan,nan
1493.783,1.54591e-05,0.0,nan,nan,nan
1493.867,1.546299e-05,0.0,nan,nan,nan
1493.95,1.545691e-05,0.0,nan,nan,nan
1494.034,1.546026e-05,0.0,nan,nan,nan
1494.118,1.546124e-05,0.0,nan,nan,nan
1494.202,1.545856e-05,0.0,nan,nan,nan
1494.285,1.545566e-05,0.0,nan,nan,nan
1494.369,1.545697e-05,0.0,nan,nan,nan
1494.452,1.545767e-05,0.0,nan,nan,nan
1494.536,1.546031e-05,0.0,nan,nan,nan
1494.62,1.545489e-05,0.0,nan,nan,nan
1494.704,1.545643e-05,0.0,nan,nan,nan
1494.787,1.54574e-05,0.0,nan,nan,nan
1494.871,1.54575e-05,0.0,nan,nan,nan
1494.975,1.54582e-05,0.0,nan,nan,nan
1495.059,1.546012e-05,0.0,nan,nan,nan
1495.186,1.545946e-05,0.0,nan,nan,nan
1495.269,1.54614e-05,0.0,nan,nan,nan
1495.353,1.546082e-05,0.0,nan,nan,nan
1495.436,1.546124e-05,0.0,nan,nan,nan
1495.52,1.546294e-05,0.0,nan,nan,nan
1495.603,1.546192e-05,0.0,nan,nan,nan
1495.687,1.54611e-05,0.0,nan,nan,nan
1495.778,1.545899e-05,0.0,nan,nan,nan
1495.862,1.546105e-05,0.0,nan,nan,nan
1495.946,1.546048e-05,0.0,nan,nan,nan
1496.029,1.545913e-05,0.0,nan,nan,nan
1496.113,1.545889e-05,0.0,nan,nan,nan
1496.208,1.545533e-05,0.0,nan,nan,nan
1496.292,1.545695e-05,0.0,nan,nan,nan
1496.375,1.54582e-05,0.0,nan,nan,nan
1496.459,1.545851e-05,0.0,nan,nan,nan
1496.543,1.545794e-05,0.0,nan,nan,nan
1496.626,1.546277e-05,0.0,nan,nan,nan
1496.71,1.545725e-05,0.0,nan,nan,nan
1496.813,1.546008e-05,0.0,nan,nan,nan
1496.897,1.545916e-05,0.0,nan,nan,nan
1497.002,1.545926e-05,0.0,nan,nan,nan
1497.085,1.546244e-05,0.0,nan,nan,nan
1497.17,1.546256e-05,0.0,nan,nan,nan
1497.254,1.546015e-05,0.0,nan,nan,nan
1497.337,1.546432e-05,0.0,nan,nan,nan
1497.421,1.546066e-05,0.0,nan,nan,nan
1497.505,1.546479e-05,0.0,nan,nan,nan
1497.588,1.546608e-05,0.0,nan,nan,nan
1497.672,1.546303e-05,0.0,nan,nan,nan
1497.756,1.546037e-05,0.0,nan,nan,nan
1497.839,1.546294e-05,0.0,nan,nan,nan
1497.923,1.546423e-05,0.0,nan,nan,nan
1498.026,1.546032e-05,0.0,nan,nan,nan
1498.11,1.546254e-05,0.0,nan,nan,nan
1498.194,1.545871e-05,0.0,nan,nan,nan
1498.278,1.54604e-05,0.0,nan,nan,nan
1498.361,1.545626e-05,0.0,nan,nan,nan
1498.445,1.545166e-05,0.0,nan,nan,nan
1498.529,1.545381e-05,0.0,nan,nan,nan
1498.612,1.545411e-05,0.0,nan,nan,nan
1498.696,1.545606e-05,0.0,nan,nan,nan
1498.78,1.545852e-05,0.0,nan,nan,nan
1498.863,1.54563e-05,0.0,nan,nan,nan
1498.947,1.545735e-05,0.0,nan,nan,nan
1499.042,1.545581e-05,0.0,nan,nan,nan
1499.126,1.545661e-05,0.0,nan,nan,nan
1499.209,1.545858e-05,0.0,nan,nan,nan
1499.322,1.545411e-05,0.0,nan,nan,nan
1499.406,1.545565e-05,0.0,nan,nan,nan
1499.49,1.5457e-05,0.0,nan,nan,nan
1499.574,1.54581e-05,0.0,nan,nan,nan
1499.673,1.545889e-05,0.0,nan,nan,nan
1499.757,1.545985e-05,0.0,nan,nan,nan
1499.86,1.54644e-05,0.0,nan,nan,nan
1499.944,1.545951e-05,0.0,nan,nan,nan
1500.027,1.545748e-05,0.0,nan,nan,nan
1500.111,1.546526e-05,0.0,nan,nan,nan
1500.195,1.546141e-05,0.0,nan,nan,nan
1500.289,1.546383e-05,0.0,nan,nan,nan
1500.373,1.546273e-05,0.0,nan,nan,nan
1500.456,1.546565e-05,0.0,nan,nan,nan
1500.54,1.546049e-05,0.0,nan,nan,nan
1500.625,1.546338e-05,0.0,nan,nan,nan
1500.71,1.546245e-05,0.0,nan,nan,nan
1500.793,1.545779e-05,0.0,nan,nan,nan
1500.892,1.546077e-05,0.0,nan,nan,nan
1500.975,1.546173e-05,0.0,nan,nan,nan
1501.058,1.546286e-05,0.0,nan,nan,nan
1501.142,1.546518e-05,0.0,nan,nan,nan
1501.226,1.546228e-05,0.0,nan,nan,nan
1501.31,1.545816e-05,0.0,nan,nan,nan
1501.393,1.546258e-05,0.0,nan,nan,nan
1501.477,1.546099e-05,0.0,nan,nan,nan
1501.561,1.546159e-05,0.0,nan,nan,nan
1501.645,1.545799e-05,0.0,nan,nan,nan
1501.729,1.545626e-05,0.0,nan,nan,nan
1501.812,1.546164e-05,0.0,nan,nan,nan
1501.898,1.545704e-05,0.0,nan,nan,nan
1501.982,1.54561e-05,0.0,nan,nan,nan
1502.066,1.545947e-05,0.0,nan,nan,nan
1502.149,1.545714e-05,0.0,nan,nan,nan
1502.233,1.545759e-05,0.0,nan,nan,nan
1502.336,1.546171e-05,0.0,nan,nan,nan
1502.42,1.546158e-05,0.0,nan,nan,nan
1502.523,1.545779e-05,0.0,nan,nan,nan
1502.606,1.546056e-05,0.0,nan,nan,nan
1502.69,1.545904e-05,0.0,nan,nan,nan
1502.774,1.546255e-05,0.0,nan,nan,nan
1502.857,1.546162e-05,0.0,nan,nan,nan
1502.94,1.546031e-05,0.0,nan,nan,nan
1503.024,1.545787e-05,0.0,nan,nan,nan
1503.108,1.545668e-05,0.0,nan,nan,nan
1503.192,1.545602e-05,0.0,nan,nan,nan
1503.276,1.546301e-05,0.0,nan,nan,nan
1503.359,1.546176e-05,0.0,nan,nan,nan
1503.471,1.546044e-05,0.0,nan,nan,nan
1503.566,1.54587e-05,0.0,nan,nan,nan
1503.65,1.546135e-05,0.0,nan,nan,nan
1503.734,1.546018e-05,0.0,nan,nan,nan
1503.817,1.545682e-05,0.0,nan,nan,nan
1503.901,1.545943e-05,0.0,nan,nan,nan
1503.985,1.545975e-05,0.0,nan,nan,nan
1504.068,1.545842e-05,0.0,nan,nan,nan
1504.168,1.546325e-05,0.0,nan,nan,nan
1504.252,1.54612e-05,0.0,nan,nan,nan
1504.336,1.546118e-05,0.0,nan,nan,nan
1504.42,1.54596e-05,0.0,nan,nan,nan
1504.504,1.546335e-05,0.0,nan,nan,nan
1504.587,1.545979e-05,0.0,nan,nan,nan
1504.671,1.545999e-05,0.0,nan,nan,nan
1504.778,1.546152e-05,0.0,nan,nan,nan
1504.862,1.546213e-05,0.0,nan,nan,nan
1504.946,1.546285e-05,0.0,nan,nan,nan
1505.03,1.546273e-05,0.0,nan,nan,nan
1505.114,1.546646e-05,0.0,nan,nan,nan
1505.197,1.546283e-05,0.0,nan,nan,nan
1505.281,1.546151e-05,0.0,nan,nan,nan
1505.379,1.546455e-05,0.0,nan,nan,nan
1505.463,1.546044e-05,0.0,nan,nan,nan
1505.571,1.545997e-05,0.0,nan,nan,nan
1505.656,1.545927e-05,0.0,nan,nan,nan
1505.739,1.546162e-05,0.0,nan,nan,nan
1505.823,1.545872e-05,0.0,nan,nan,nan
1505.907,1.546084e-05,0.0,nan,nan,nan
1506.008,1.54618e-05,0.0,nan,nan,nan
1506.092,1.546498e-05,0.0,nan,nan,nan
1506.177,1.546421e-05,0.0,nan,nan,nan
1506.26,1.54604e-05,0.0,nan,nan,nan
1506.344,1.546058e-05,0.0,nan,nan,nan
1506.428,1.546227e-05,0.0,nan,nan,nan
1506.512,1.546564e-05,0.0,nan,nan,nan
1506.622,1.545962e-05,0.0,nan,nan,nan
1506.706,1.545823e-05,0.0,nan,nan,nan
1506.789,1.546098e-05,0.0,nan,nan,nan
1506.873,1.546436e-05,0.0,nan,nan,nan
1506.956,1.546205e-05,0.0,nan,nan,nan
1507.04,1.546071e-05,0.0,nan,nan,nan
1507.124,1.546139e-05,0.0,nan,nan,nan
1507.207,1.54623e-05,0.0,nan,nan,nan
1507.291,1.546016e-05,0.0,nan,nan,nan
1507.375,1.546092e-05,0.0,nan,nan,nan
1507.458,1.546619e-05,0.0,nan,nan,nan
1507.542,1.545967e-05,0.0,nan,nan,nan
1507.638,1.546182e-05,0.0,nan,nan,nan
1507.724,1.546062e-05,0.0,nan,nan,nan
1507.808,1.546152e-05,0.0,nan,nan,nan
1507.891,1.545965e-05,0.0,nan,nan,nan
1507.975,1.546185e-05,0.0,nan,nan,nan
1508.059,1.546004e-05,0.0,nan,nan,nan
1508.143,1.545905e-05,0.0,nan,nan,nan
1508.24,1.546171e-05,0.0,nan,nan,nan
1508.324,1.546081e-05,0.0,nan,nan,nan
1508.407,1.546099e-05,0.0,nan,nan,nan
1508.491,1.546331e-05,0.0,nan,nan,nan
1508.575,1.546152e-05,0.0,nan,nan,nan
1508.66,1.545915e-05,0.0,nan,nan,nan
1508.744,1.54586e-05,0.0,nan,nan,nan
1508.829,1.54623e-05,0.0,nan,nan,nan
1508.912,1.546268e-05,0.0,nan,nan,nan
1508.996,1.545787e-05,0.0,nan,nan,nan
1509.082,1.54575e-05,0.0,nan,nan,nan
1509.165,1.546072e-05,0.0,nan,nan,nan
1509.255,1.546055e-05,0.0,nan,nan,nan
1509.339,1.546437e-05,0.0,nan,nan,nan
1509.423,1.546072e-05,0.0,nan,nan,nan
1509.506,1.546371e-05,0.0,nan,nan,nan
1509.59,1.545954e-05,0.0,nan,nan,nan
1509.722,1.546148e-05,0.0,nan,nan,nan
1509.805,1.546296e-05,0.0,nan,nan,nan
1509.889,1.546368e-05,0.0,nan,nan,nan
1509.972,1.5461e-05,0.0,nan,nan,nan
1510.073,1.546072e-05,0.0,nan,nan,nan
1510.157,1.546005e-05,0.0,nan,nan,nan
1510.241,1.546348e-05,0.0,nan,nan,nan
1510.325,1.546319e-05,0.0,nan,nan,nan
1510.408,1.545998e-05,0.0,nan,nan,nan
1510.492,1.54611e-05,0.0,nan,nan,nan
1510.576,1.545861e-05,0.0,nan,nan,nan
1510.659,1.546094e-05,0.0,nan,nan,nan
1510.743,1.545759e-05,0.0,nan,nan,nan
1510.826,1.54605e-05,0.0,nan,nan,nan
1510.91,1.545786e-05,0.0,nan,nan,nan
1510.994,1.545582e-05,0.0,nan,nan,nan
1511.081,1.545646e-05,0.0,nan,nan,nan
1511.165,1.5461e-05,0.0,nan,nan,nan
1511.249,1.545876e-05,0.0,nan,nan,nan
1511.333,1.545927e-05,0.0,nan,nan,nan
1511.416,1.545536e-05,0.0,nan,nan,nan
1511.514,1.546328e-05,0.0,nan,nan,nan
1511.598,1.545668e-05,0.0,nan,nan,nan
1511.682,1.545709e-05,0.0,nan,nan,nan
1511.797,1.545612e-05,0.0,nan,nan,nan
1511.881,1.54573e-05,0.0,nan,nan,nan
1511.964,1.54569e-05,0.0,nan,nan,nan
1512.048,1.545563e-05,0.0,nan,nan,nan
1512.132,1.545791e-05,0.0,nan,nan,nan
1512.216,1.545536e-05,0.0,nan,nan,nan
1512.317,1.545236e-05,0.0,nan,nan,nan
1512.4,1.545924e-05,0.0,nan,nan,nan
1512.484,1.545779e-05,0.0,nan,nan,nan
1512.568,1.545965e-05,0.0,nan,nan,nan
1512.652,1.545647e-05,0.0,nan,nan,nan
1512.742,1.546161e-05,0.0,nan,nan,nan
1512.826,1.545896e-05,0.0,nan,nan,nan
1512.909,1.546103e-05,0.0,nan,nan,nan
1512.993,1.545893e-05,0.0,nan,nan,nan
1513.077,1.546208e-05,0.0,nan,nan,nan
1513.161,1.54599e-05,0.0,nan,nan,nan
1513.245,1.546052e-05,0.0,nan,nan,nan
1513.329,1.545923e-05,0.0,nan,nan,nan
1513.413,1.545687e-05,0.0,nan,nan,nan
1513.496,1.545981e-05,0.0,nan,nan,nan
1513.58,1.545802e-05,0.0,nan,nan,nan
1513.664,1.546521e-05,0.0,nan,nan,nan
1513.761,1.546417e-05,0.0,nan,nan,nan
1513.865,1.546139e-05,0.0,nan,nan,nan
1513.976,1.545784e-05,0.0,nan,nan,nan
1514.06,1.54576e-05,0.0,nan,nan,nan
1514.143,1.546043e-05,0.0,nan,nan,nan
1514.227,1.54558e-05,0.0,nan,nan,nan
1514.311,1.545975e-05,0.0,nan,nan,nan
1514.395,1.54602e-05,0.0,nan,nan,nan
1514.479,1.545741e-05,0.0,nan,nan,nan
1514.572,1.546297e-05,0.0,nan,nan,nan
1514.656,1.546035e-05,0.0,nan,nan,nan
1514.739,1.546014e-05,0.0,nan,nan,nan
1514.822,1.545991e-05,0.0,nan,nan,nan
1514.906,1.545909e-05,0.0,nan,nan,nan
1514.992,1.546273e-05,0.0,nan,nan,nan
1515.075,1.545678e-05,0.0,nan,nan,nan
1515.159,1.545857e-05,0.0,nan,nan,nan
1515.242,1.545743e-05,0.0,nan,nan,nan
1515.326,1.545534e-05,0.0,nan,nan,nan
1515.41,1.54545e-05,0.0,nan,nan,nan
1515.494,1.545264e-05,0.0,nan,nan,nan
1515.587,1.5457e-05,0.0,nan,nan,nan
1515.671,1.546115e-05,0.0,nan,nan,nan
1515.755,1.546214e-05,0.0,nan,nan,nan
1515.839,1.546019e-05,0.0,nan,nan,nan
1515.934,1.545942e-05,0.0,nan,nan,nan
1516.017,1.546163e-05,0.0,nan,nan,nan
1516.101,1.545688e-05,0.0,nan,nan,nan
1516.197,1.545928e-05,0.0,nan,nan,nan
1516.28,1.546212e-05,0.0,nan,nan,nan
1516.364,1.545702e-05,0.0,nan,nan,nan
1516.447,1.546058e-05,0.0,nan,nan,nan
1516.531,1.545977e-05,0.0,nan,nan,nan
1516.615,1.5456e-05,0.0,nan,nan,nan
1516.699,1.546319e-05,0.0,nan,nan,nan
1516.784,1.546105e-05,0.0,nan,nan,nan
1516.868,1.545992e-05,0.0,nan,nan,nan
1516.952,1.54585e-05,0.0,nan,nan,nan
1517.036,1.545831e-05,0.0,nan,nan,nan
1517.12,1.545971e-05,0.0,nan,nan,nan
1517.207,1.546474e-05,0.0,nan,nan,nan
1517.291,1.546368e-05,0.0,nan,nan,nan
1517.374,1.545767e-05,0.0,nan,nan,nan
1517.458,1.546183e-05,0.0,nan,nan,nan
1517.541,1.545543e-05,0.0,nan,nan,nan
1517.624,1.545943e-05,0.0,nan,nan,nan
1517.708,1.545475e-05,0.0,nan,nan,nan
1517.791,1.545866e-05,0.0,nan,nan,nan
1517.875,1.545801e-05,0.0,nan,nan,nan
1517.988,1.546274e-05,0.0,nan,nan,nan
1518.085,1.545607e-05,0.0,nan,nan,nan
1518.169,1.54587e-05,0.0,nan,nan,nan
1518.252,1.545868e-05,0.0,nan,nan,nan
1518.336,1.545769e-05,0.0,nan,nan,nan
1518.42,1.54583e-05,0.0,nan,nan,nan
1518.504,1.545853e-05,0.0,nan,nan,nan
1518.587,1.54611e-05,0.0,nan,nan,nan
1518.671,1.546388e-05,0.0,nan,nan,nan
1518.755,1.545781e-05,0.0,nan,nan,nan
1518.84,1.546105e-05,0.0,nan,nan,nan
1518.923,1.545918e-05,0.0,nan,nan,nan
1519.008,1.545898e-05,0.0,nan,nan,nan
1519.092,1.545706e-05,0.0,nan,nan,nan
1519.175,1.546347e-05,0.0,nan,nan,nan
1519.26,1.545466e-05,0.0,nan,nan,nan
1519.344,1.545684e-05,0.0,nan,nan,nan
1519.427,1.545944e-05,0.0,nan,nan,nan
1519.511,1.545858e-05,0.0,nan,nan,nan
1519.595,1.545768e-05,0.0,nan,nan,nan
1519.679,1.54551e-05,0.0,nan,nan,nan
1519.762,1.545633e-05,0.0,nan,nan,nan
1519.873,1.546056e-05,0.0,nan,nan,nan
1519.957,1.546222e-05,0.0,nan,nan,nan
1520.089,1.54584e-05,0.0,nan,nan,nan
1520.173,1.545944e-05,0.0,nan,nan,nan
1520.273,1.545598e-05,0.0,nan,nan,nan
1520.357,1.545595e-05,0.0,nan,nan,nan
1520.441,1.545654e-05,0.0,nan,nan,nan
1520.524,1.545978e-05,0.0,nan,nan,nan
1520.608,1.546159e-05,0.0,nan,nan,nan
1520.695,1.546008e-05,0.0,nan,nan,nan
1520.779,1.545971e-05,0.0,nan,nan,nan
1520.862,1.545861e-05,0.0,nan,nan,nan
1520.946,1.546222e-05,0.0,nan,nan,nan
1521.03,1.546194e-05,0.0,nan,nan,nan
1521.113,1.545997e-05,0.0,nan,nan,nan
1521.197,1.546132e-05,0.0,nan,nan,nan
1521.294,1.546052e-05,0.0,nan,nan,nan
1521.378,1.546102e-05,0.0,nan,nan,nan
1521.462,1.546381e-05,0.0,nan,nan,nan
1521.546,1.546276e-05,0.0,nan,nan,nan
1521.63,1.545744e-05,0.0,nan,nan,nan
1521.721,1.546236e-05,0.0,nan,nan,nan
1521.805,1.546189e-05,0.0,nan,nan,nan
1521.889,1.546612e-05,0.0,nan,nan,nan
1521.972,1.546272e-05,0.0,nan,nan,nan
1522.057,1.545982e-05,0.0,nan,nan,nan
1522.171,1.546085e-05,0.0,nan,nan,nan
1522.255,1.546128e-05,0.0,nan,nan,nan
1522.339,1.545824e-05,0.0,nan,nan,nan
1522.422,1.546071e-05,0.0,nan,nan,nan
1522.526,1.545771e-05,0.0,nan,nan,nan
1522.61,1.546536e-05,0.0,nan,nan,nan
1522.694,1.546121e-05,0.0,nan,nan,nan
1522.778,1.54606e-05,0.0,nan,nan,nan
1522.862,1.546359e-05,0.0,nan,nan,nan
1522.945,1.54611e-05,0.0,nan,nan,nan
1523.029,1.546001e-05,0.0,nan,nan,nan
1523.122,1.545652e-05,0.0,nan,nan,nan
1523.205,1.545486e-05,0.0,nan,nan,nan
1523.289,1.545808e-05,0.0,nan,nan,nan
1523.372,1.545782e-05,0.0,nan,nan,nan
1523.456,1.546117e-05,0.0,nan,nan,nan
1523.546,1.545868e-05,0.0,nan,nan,nan
1523.63,1.546124e-05,0.0,nan,nan,nan
1523.714,1.546374e-05,0.0,nan,nan,nan
1523.797,1.545459e-05,0.0,nan,nan,nan
1523.881,1.545734e-05,0.0,nan,nan,nan
1523.984,1.545783e-05,0.0,nan,nan,nan
1524.068,1.545482e-05,0.0,nan,nan,nan
1524.151,1.545574e-05,0.0,nan,nan,nan
1524.256,1.545588e-05,0.0,nan,nan,nan
1524.339,1.546026e-05,0.0,nan,nan,nan
1524.423,1.546141e-05,0.0,nan,nan,nan
1524.507,1.546002e-05,0.0,nan,nan,nan
1524.6,1.545459e-05,0.0,nan,nan,nan
1524.684,1.545675e-05,0.0,nan,nan,nan
1524.768,1.545786e-05,0.0,nan,nan,nan
1524.852,1.546039e-05,0.0,nan,nan,nan
1524.935,1.546114e-05,0.0,nan,nan,nan
1525.019,1.546074e-05,0.0,nan,nan,nan
1525.103,1.545774e-05,0.0,nan,nan,nan
1525.206,1.546077e-05,0.0,nan,nan,nan
1525.29,1.545564e-05,0.0,nan,nan,nan
1525.373,1.545891e-05,0.0,nan,nan,nan
1525.457,1.546104e-05,0.0,nan,nan,nan
1525.543,1.546396e-05,0.0,nan,nan,nan
1525.627,1.546333e-05,0.0,nan,nan,nan
1525.711,1.545992e-05,0.0,nan,nan,nan
1525.816,1.545993e-05,0.0,nan,nan,nan
1525.9,1.546094e-05,0.0,nan,nan,nan
1525.983,1.545946e-05,0.0,nan,nan,nan
1526.067,1.545514e-05,0.0,nan,nan,nan
1526.151,1.545725e-05,0.0,nan,nan,nan
1526.234,1.545603e-05,0.0,nan,nan,nan
1526.324,1.545492e-05,0.0,nan,nan,nan
1526.407,1.545916e-05,0.0,nan,nan,nan
1526.491,1.545743e-05,0.0,nan,nan,nan
1526.575,1.546167e-05,0.0,nan,nan,nan
1526.659,1.546103e-05,0.0,nan,nan,nan
1526.742,1.54594e-05,0.0,nan,nan,nan
1526.835,1.545892e-05,0.0,nan,nan,nan
1526.919,1.545825e-05,0.0,nan,nan,nan
1527.002,1.546186e-05,0.0,nan,nan,nan
1527.086,1.545988e-05,0.0,nan,nan,nan
1527.17,1.546415e-05,0.0,nan,nan,nan
1527.263,1.545905e-05,0.0,nan,nan,nan
1527.346,1.545744e-05,0.0,nan,nan,nan
1527.43,1.546306e-05,0.0,nan,nan,nan
1527.514,1.546001e-05,0.0,nan,nan,nan
1527.598,1.546038e-05,0.0,nan,nan,nan
1527.69,1.545905e-05,0.0,nan,nan,nan
1527.773,1.546271e-05,0.0,nan,nan,nan
1527.877,1.546016e-05,0.0,nan,nan,nan
1527.961,1.545575e-05,0.0,nan,nan,nan
1528.071,1.545712e-05,0.0,nan,nan,nan
1528.154,1.545986e-05,0.0,nan,nan,nan
1528.238,1.545942e-05,0.0,nan,nan,nan
1528.322,1.545836e-05,0.0,nan,nan,nan
1528.405,1.545982e-05,0.0,nan,nan,nan
1528.489,1.54597e-05,0.0,nan,nan,nan
1528.573,1.545672e-05,0.0,nan,nan,nan
1528.657,1.545982e-05,0.0,nan,nan,nan
1528.741,1.545608e-05,0.0,nan,nan,nan
1528.825,1.545239e-05,0.0,nan,nan,nan
1528.909,1.545803e-05,0.0,nan,nan,nan
1528.993,1.545905e-05,0.0,nan,nan,nan
1529.086,1.545854e-05,0.0,nan,nan,nan
1529.17,1.545944e-05,0.0,nan,nan,nan
1529.254,1.545537e-05,0.0,nan,nan,nan
1529.337,1.545658e-05,0.0,nan,nan,nan
1529.421,1.545697e-05,0.0,nan,nan,nan
1529.513,1.545942e-05,0.0,nan,nan,nan
1529.597,1.545601e-05,0.0,nan,nan,nan
1529.681,1.545743e-05,0.0,nan,nan,nan
1529.765,1.545944e-05,0.0,nan,nan,nan
1529.849,1.546246e-05,0.0,nan,nan,nan
1529.933,1.546017e-05,0.0,nan,nan,nan
1530.016,1.546086e-05,0.0,nan,nan,nan
1530.1,1.545251e-05,0.0,nan,nan,nan
1530.184,1.545789e-05,0.0,nan,nan,nan
1530.267,1.545601e-05,0.0,nan,nan,nan
1530.351,1.545735e-05,0.0,nan,nan,nan
1530.467,1.545905e-05,0.0,nan,nan,nan
1530.551,1.545704e-05,0.0,nan,nan,nan
1530.635,1.545643e-05,0.0,nan,nan,nan
1530.74,1.545525e-05,0.0,nan,nan,nan
1530.824,1.546121e-05,0.0,nan,nan,nan
1530.909,1.545632e-05,0.0,nan,nan,nan
1530.992,1.545727e-05,0.0,nan,nan,nan
1531.076,1.546262e-05,0.0,nan,nan,nan
1531.16,1.545979e-05,0.0,nan,nan,nan
1531.244,1.545645e-05,0.0,nan,nan,nan
1531.332,1.545502e-05,0.0,nan,nan,nan
1531.416,1.54576e-05,0.0,nan,nan,nan
1531.501,1.545612e-05,0.0,nan,nan,nan
1531.584,1.545746e-05,0.0,nan,nan,nan
1531.668,1.54597e-05,0.0,nan,nan,nan
1531.756,1.546126e-05,0.0,nan,nan,nan
1531.839,1.546221e-05,0.0,nan,nan,nan
1531.923,1.545833e-05,0.0,nan,nan,nan
1532.007,1.545716e-05,0.0,nan,nan,nan
1532.09,1.54612e-05,0.0,nan,nan,nan
1532.176,1.545914e-05,0.0,nan,nan,nan
1532.259,1.545944e-05,0.0,nan,nan,nan
1532.343,1.546059e-05,0.0,nan,nan,nan
1532.427,1.546011e-05,0.0,nan,nan,nan
1532.528,1.546036e-05,0.0,nan,nan,nan
1532.612,1.545759e-05,0.0,nan,nan,nan
1532.695,1.5458e-05,0.0,nan,nan,nan
1532.779,1.545765e-05,0.0,nan,nan,nan
1532.863,1.546155e-05,0.0,nan,nan,nan
1532.949,1.546332e-05,0.0,nan,nan,nan
1533.033,1.545791e-05,0.0,nan,nan,nan
1533.116,1.545896e-05,0.0,nan,nan,nan
1533.2,1.546257e-05,0.0,nan,nan,nan
1533.284,1.545801e-05,0.0,nan,nan,nan
1533.367,1.545605e-05,0.0,nan,nan,nan
1533.451,1.545768e-05,0.0,nan,nan,nan
1533.535,1.545882e-05,0.0,nan,nan,nan
1533.618,1.545966e-05,0.0,nan,nan,nan
1533.702,1.546133e-05,0.0,nan,nan,nan
1533.798,1.54613e-05,0.0,nan,nan,nan
1533.882,1.545788e-05,0.0,nan,nan,nan
1533.965,1.54559e-05,0.0,nan,nan,nan
1534.049,1.545945e-05,0.0,nan,nan,nan
1534.133,1.545672e-05,0.0,nan,nan,nan
1534.227,1.546019e-05,0.0,nan,nan,nan
1534.311,1.545869e-05,0.0,nan,nan,nan
1534.395,1.54621e-05,0.0,nan,nan,nan
1534.478,1.546049e-05,0.0,nan,nan,nan
1534.593,1.545876e-05,0.0,nan,nan,nan
1534.677,1.545988e-05,0.0,nan,nan,nan
1534.761,1.546012e-05,0.0,nan,nan,nan
1534.845,1.545742e-05,0.0,nan,nan,nan
1534.928,1.545665e-05,0.0,nan,nan,nan
1535.026,1.546264e-05,0.0,nan,nan,nan
1535.109,1.545926e-05,0.0,nan,nan,nan
1535.193,1.545923e-05,0.0,nan,nan,nan
1535.276,1.546513e-05,0.0,nan,nan,nan
1535.36,1.545868e-05,0.0,nan,nan,nan
1535.444,1.545903e-05,0.0,nan,nan,nan
1535.528,1.545655e-05,0.0,nan,nan,nan
1535.612,1.545701e-05,0.0,nan,nan,nan
1535.695,1.546123e-05,0.0,nan,nan,nan
1535.779,1.546043e-05,0.0,nan,nan,nan
1535.863,1.545433e-05,0.0,nan,nan,nan
1535.947,1.545642e-05,0.0,nan,nan,nan
1536.033,1.546477e-05,0.0,nan,nan,nan
1536.117,1.54626e-05,0.0,nan,nan,nan
1536.2,1.545742e-05,0.0,nan,nan,nan
1536.284,1.545861e-05,0.0,nan,nan,nan
1536.368,1.545869e-05,0.0,nan,nan,nan
1536.474,1.545937e-05,0.0,nan,nan,nan
1536.558,1.545858e-05,0.0,nan,nan,nan
1536.659,1.546254e-05,0.0,nan,nan,nan
1536.743,1.545936e-05,0.0,nan,nan,nan
1536.826,1.546089e-05,0.0,nan,nan,nan
1536.909,1.545869e-05,0.0,nan,nan,nan
1536.993,1.54599e-05,0.0,nan,nan,nan
1537.078,1.545986e-05,0.0,nan,nan,nan
1537.161,1.546076e-05,0.0,nan,nan,nan
1537.245,1.545758e-05,0.0,nan,nan,nan
1537.329,1.545875e-05,0.0,nan,nan,nan
1537.412,1.545765e-05,0.0,nan,nan,nan
1537.496,1.546187e-05,0.0,nan,nan,nan
1537.58,1.546002e-05,0.0,nan,nan,nan
1537.664,1.545601e-05,0.0,nan,nan,nan
1537.747,1.545805e-05,0.0,nan,nan,nan
1537.831,1.546014e-05,0.0,nan,nan,nan
1537.914,1.54626e-05,0.0,nan,nan,nan
1537.998,1.545893e-05,0.0,nan,nan,nan
1538.087,1.54606e-05,0.0,nan,nan,nan
1538.171,1.546313e-05,0.0,nan,nan,nan
1538.255,1.546236e-05,0.0,nan,nan,nan
1538.338,1.545846e-05,0.0,nan,nan,nan
1538.422,1.54568e-05,0.0,nan,nan,nan
1538.507,1.545843e-05,0.0,nan,nan,nan
1538.59,1.546459e-05,0.0,nan,nan,nan
1538.729,1.546049e-05,0.0,nan,nan,nan
1538.812,1.545975e-05,0.0,nan,nan,nan
1538.91,1.545986e-05,0.0,nan,nan,nan
1538.993,1.546209e-05,0.0,nan,nan,nan
1539.077,1.545891e-05,0.0,nan,nan,nan
1539.16,1.545915e-05,0.0,nan,nan,nan
1539.244,1.546479e-05,0.0,nan,nan,nan
1539.328,1.54603e-05,0.0,nan,nan,nan
1539.411,1.545853e-05,0.0,nan,nan,nan
1539.506,1.54608e-05,0.0,nan,nan,nan
1539.59,1.545922e-05,0.0,nan,nan,nan
1539.674,1.546182e-05,0.0,nan,nan,nan
1539.757,1.545385e-05,0.0,nan,nan,nan
1539.841,1.546281e-05,0.0,nan,nan,nan
1539.927,1.545805e-05,0.0,nan,nan,nan
1540.011,1.545813e-05,0.0,nan,nan,nan
1540.095,1.546023e-05,0.0,nan,nan,nan
1540.178,1.545671e-05,0.0,nan,nan,nan
1540.262,1.545801e-05,0.0,nan,nan,nan
1540.351,1.54568e-05,0.0,nan,nan,nan
1540.434,1.545679e-05,0.0,nan,nan,nan
1540.525,1.54572e-05,0.0,nan,nan,nan
1540.608,1.546267e-05,0.0,nan,nan,nan
1540.692,1.54597e-05,0.0,nan,nan,nan
1540.79,1.545857e-05,0.0,nan,nan,nan
1540.873,1.546032e-05,0.0,nan,nan,nan
1540.957,1.545775e-05,0.0,nan,nan,nan
1541.041,1.545412e-05,0.0,nan,nan,nan
1541.125,1.545633e-05,0.0,nan,nan,nan
1541.208,1.545843e-05,0.0,nan,nan,nan
1541.292,1.545773e-05,0.0,nan,nan,nan
1541.376,1.546216e-05,0.0,nan,nan,nan
1541.459,1.545681e-05,0.0,nan,nan,nan
1541.556,1.54593e-05,0.0,nan,nan,nan
1541.64,1.545892e-05,0.0,nan,nan,nan
1541.724,1.545688e-05,0.0,nan,nan,nan
1541.807,1.545706e-05,0.0,nan,nan,nan
1541.891,1.545554e-05,0.0,nan,nan,nan
1541.977,1.545957e-05,0.0,nan,nan,nan
1542.06,1.545814e-05,0.0,nan,nan,nan
1542.16,1.545723e-05,0.0,nan,nan,nan
1542.244,1.54528e-05,0.0,nan,nan,nan
1542.327,1.546028e-05,0.0,nan,nan,nan
1542.411,1.546246e-05,0.0,nan,nan,nan
1542.495,1.545904e-05,0.0,nan,nan,nan
1542.58,1.54609e-05,0.0,nan,nan,nan
1542.663,1.545869e-05,0.0,nan,nan,nan
1542.748,1.545796e-05,0.0,nan,nan,nan
1542.875,1.546104e-05,0.0,nan,nan,nan
1542.964,1.545981e-05,0.0,nan,nan,nan
1543.068,1.545952e-05,0.0,nan,nan,nan
1543.152,1.545994e-05,0.0,nan,nan,nan
1543.243,1.546085e-05,0.0,nan,nan,nan
1543.326,1.546116e-05,0.0,nan,nan,nan
1543.41,1.546107e-05,0.0,nan,nan,nan
1543.494,1.545912e-05,0.0,nan,nan,nan
1543.592,1.546161e-05,0.0,nan,nan,nan
1543.675,1.546222e-05,0.0,nan,nan,nan
1543.759,1.545908e-05,0.0,nan,nan,nan
1543.843,1.545863e-05,0.0,nan,nan,nan
1543.926,1.54671e-05,0.0,nan,nan,nan
1544.01,1.546053e-05,0.0,nan,nan,nan
1544.093,1.545592e-05,0.0,nan,nan,nan
1544.18,1.545983e-05,0.0,nan,nan,nan
1544.264,1.546377e-05,0.0,nan,nan,nan
1544.347,1.546091e-05,0.0,nan,nan,nan
1544.431,1.54589e-05,0.0,nan,nan,nan
1544.515,1.546012e-05,0.0,nan,nan,nan
1544.613,1.546293e-05,0.0,nan,nan,nan
1544.697,1.546074e-05,0.0,nan,nan,nan
1544.781,1.546421e-05,0.0,nan,nan,nan
1544.864,1.546589e-05,0.0,nan,nan,nan
1544.948,1.546307e-05,0.0,nan,nan,nan
1545.031,1.546396e-05,0.0,nan,nan,nan
1545.115,1.546268e-05,0.0,nan,nan,nan
1545.198,1.546598e-05,0.0,nan,nan,nan
1545.282,1.546636e-05,0.0,nan,nan,nan
1545.365,1.546326e-05,0.0,nan,nan,nan
1545.449,1.546239e-05,0.0,nan,nan,nan
1545.533,1.545915e-05,0.0,nan,nan,nan
1545.636,1.546084e-05,0.0,nan,nan,nan
1545.72,1.546292e-05,0.0,nan,nan,nan
1545.827,1.546233e-05,0.0,nan,nan,nan
1545.911,1.546125e-05,0.0,nan,nan,nan
1545.995,1.546211e-05,0.0,nan,nan,nan
1546.079,1.546161e-05,0.0,nan,nan,nan
1546.163,1.546156e-05,0.0,nan,nan,nan
1546.246,1.545951e-05,0.0,nan,nan,nan
1546.33,1.545925e-05,0.0,nan,nan,nan
1546.413,1.546175e-05,0.0,nan,nan,nan
1546.497,1.545683e-05,0.0,nan,nan,nan
1546.581,1.546387e-05,0.0,nan,nan,nan
1546.664,1.546086e-05,0.0,nan,nan,nan
1546.748,1.545989e-05,0.0,nan,nan,nan
1546.845,1.54617e-05,0.0,nan,nan,nan
1546.928,1.546286e-05,0.0,nan,nan,nan
1547.012,1.546354e-05,0.0,nan,nan,nan
1547.096,1.54575e-05,0.0,nan,nan,nan
1547.18,1.54587e-05,0.0,nan,nan,nan
1547.263,1.546047e-05,0.0,nan,nan,nan
1547.347,1.545878e-05,0.0,nan,nan,nan
1547.432,1.546079e-05,0.0,nan,nan,nan
1547.516,1.545983e-05,0.0,nan,nan,nan
1547.6,1.546122e-05,0.0,nan,nan,nan
1547.684,1.545604e-05,0.0,nan,nan,nan
1547.767,1.545855e-05,0.0,nan,nan,nan
1547.86,1.545995e-05,0.0,nan,nan,nan
1547.943,1.545698e-05,0.0,nan,nan,nan
1548.029,1.546225e-05,0.0,nan,nan,nan
1548.112,1.545806e-05,0.0,nan,nan,nan
1548.196,1.545984e-05,0.0,nan,nan,nan
1548.28,1.545854e-05,0.0,nan,nan,nan
1548.363,1.545937e-05,0.0,nan,nan,nan
1548.447,1.545892e-05,0.0,nan,nan,nan
1548.531,1.545829e-05,0.0,nan,nan,nan
1548.615,1.545996e-05,0.0,nan,nan,nan
1548.698,1.545663e-05,0.0,nan,nan,nan
1548.782,1.545838e-05,0.0,nan,nan,nan
1548.874,1.546198e-05,0.0,nan,nan,nan
1548.957,1.546295e-05,0.0,nan,nan,nan
1549.041,1.545606e-05,0.0,nan,nan,nan
1549.151,1.545556e-05,0.0,nan,nan,nan
1549.235,1.54547e-05,0.0,nan,nan,nan
1549.318,1.54576e-05,0.0,nan,nan,nan
1549.402,1.545995e-05,0.0,nan,nan,nan
1549.494,1.54561e-05,0.0,nan,nan,nan
1549.578,1.545742e-05,0.0,nan,nan,nan
1549.661,1.545709e-05,0.0,nan,nan,nan
1549.745,1.545487e-05,0.0,nan,nan,nan
1549.829,1.545576e-05,0.0,nan,nan,nan
1549.923,1.545323e-05,0.0,nan,nan,nan
1550.006,1.545956e-05,0.0,nan,nan,nan
1550.105,1.545788e-05,0.0,nan,nan,nan
1550.188,1.546066e-05,0.0,nan,nan,nan
1550.299,1.545772e-05,0.0,nan,nan,nan
1550.382,1.545974e-05,0.0,nan,nan,nan
1550.467,1.545745e-05,0.0,nan,nan,nan
1550.55,1.545808e-05,0.0,nan,nan,nan
1550.634,1.546096e-05,0.0,nan,nan,nan
1550.721,1.545786e-05,0.0,nan,nan,nan
1550.805,1.545793e-05,0.0,nan,nan,nan
1550.889,1.545468e-05,0.0,nan,nan,nan
1550.972,1.545807e-05,0.0,nan,nan,nan
1551.056,1.545789e-05,0.0,nan,nan,nan
1551.14,1.546211e-05,0.0,nan,nan,nan
1551.233,1.545899e-05,0.0,nan,nan,nan
1551.323,1.545984e-05,0.0,nan,nan,nan
1551.406,1.545874e-05,0.0,nan,nan,nan
1551.491,1.546233e-05,0.0,nan,nan,nan
1551.574,1.546538e-05,0.0,nan,nan,nan
1551.658,1.545903e-05,0.0,nan,nan,nan
1551.742,1.545792e-05,0.0,nan,nan,nan
1551.826,1.545766e-05,0.0,nan,nan,nan
1551.93,1.546166e-05,0.0,nan,nan,nan
1552.014,1.545785e-05,0.0,nan,nan,nan
1552.098,1.545511e-05,0.0,nan,nan,nan
1552.181,1.545576e-05,0.0,nan,nan,nan
1552.265,1.545935e-05,0.0,nan,nan,nan
1552.349,1.546116e-05,0.0,nan,nan,nan
1552.432,1.545977e-05,0.0,nan,nan,nan
1552.516,1.545824e-05,0.0,nan,nan,nan
1552.6,1.546214e-05,0.0,nan,nan,nan
1552.683,1.546327e-05,0.0,nan,nan,nan
1552.767,1.545859e-05,0.0,nan,nan,nan
1552.851,1.546177e-05,0.0,nan,nan,nan
1552.942,1.54569e-05,0.0,nan,nan,nan
1553.026,1.545886e-05,0.0,nan,nan,nan
1553.11,1.545684e-05,0.0,nan,nan,nan
1553.194,1.54589e-05,0.0,nan,nan,nan
1553.296,1.546142e-05,0.0,nan,nan,nan
1553.38,1.546365e-05,0.0,nan,nan,nan
1553.464,1.546242e-05,0.0,nan,nan,nan
1553.558,1.546072e-05,0.0,nan,nan,nan
1553.642,1.546182e-05,0.0,nan,nan,nan
1553.726,1.546068e-05,0.0,nan,nan,nan
1553.81,1.5463e-05,0.0,nan,nan,nan
1553.894,1.546435e-05,0.0,nan,nan,nan
1553.978,1.54627e-05,0.0,nan,nan,nan
1554.061,1.546279e-05,0.0,nan,nan,nan
1554.166,1.546142e-05,0.0,nan,nan,nan
1554.25,1.545882e-05,0.0,nan,nan,nan
1554.335,1.546129e-05,0.0,nan,nan,nan
1554.419,1.545734e-05,0.0,nan,nan,nan
1554.502,1.545871e-05,0.0,nan,nan,nan
1554.586,1.546237e-05,0.0,nan,nan,nan
1554.67,1.545737e-05,0.0,nan,nan,nan
1554.773,1.546133e-05,0.0,nan,nan,nan
1554.857,1.545859e-05,0.0,nan,nan,nan
1554.94,1.545914e-05,0.0,nan,nan,nan
1555.024,1.546121e-05,0.0,nan,nan,nan
1555.108,1.546416e-05,0.0,nan,nan,nan
1555.196,1.546482e-05,0.0,nan,nan,nan
1555.28,1.546254e-05,0.0,nan,nan,nan
1555.364,1.546226e-05,0.0,nan,nan,nan
1555.447,1.546338e-05,0.0,nan,nan,nan
1555.531,1.546651e-05,0.0,nan,nan,nan
1555.614,1.546494e-05,0.0,nan,nan,nan
1555.698,1.546795e-05,0.0,nan,nan,nan
1555.785,1.546407e-05,0.0,nan,nan,nan
1555.869,1.546235e-05,0.0,nan,nan,nan
1555.954,1.546561e-05,0.0,nan,nan,nan
1556.038,1.546033e-05,0.0,nan,nan,nan
1556.122,1.546445e-05,0.0,nan,nan,nan
1556.226,1.546541e-05,0.0,nan,nan,nan
1556.31,1.546424e-05,0.0,nan,nan,nan
1556.397,1.546183e-05,0.0,nan,nan,nan
1556.48,1.546258e-05,0.0,nan,nan,nan
1556.564,1.54628e-05,0.0,nan,nan,nan
1556.648,1.546411e-05,0.0,nan,nan,nan
1556.731,1.546602e-05,0.0,nan,nan,nan
1556.842,1.546487e-05,0.0,nan,nan,nan
1556.926,1.546701e-05,0.0,nan,nan,nan
1557.028,1.546464e-05,0.0,nan,nan,nan
1557.111,1.546598e-05,0.0,nan,nan,nan
1557.195,1.546364e-05,0.0,nan,nan,nan
1557.279,1.546673e-05,0.0,nan,nan,nan
1557.363,1.546254e-05,0.0,nan,nan,nan
1557.446,1.546203e-05,0.0,nan,nan,nan
1557.53,1.546389e-05,0.0,nan,nan,nan
1557.614,1.546973e-05,0.0,nan,nan,nan
1557.698,1.546233e-05,0.0,nan,nan,nan
1557.782,1.546525e-05,0.0,nan,nan,nan
1557.865,1.546768e-05,0.0,nan,nan,nan
1557.949,1.546765e-05,0.0,nan,nan,nan
1558.046,1.546572e-05,0.0,nan,nan,nan
1558.129,1.546769e-05,0.0,nan,nan,nan
1558.213,1.546877e-05,0.0,nan,nan,nan
1558.297,1.546689e-05,0.0,nan,nan,nan
1558.38,1.546217e-05,0.0,nan,nan,nan
1558.474,1.546641e-05,0.0,nan,nan,nan
1558.558,1.546427e-05,0.0,nan,nan,nan
1558.642,1.546509e-05,0.0,nan,nan,nan
1558.725,1.546356e-05,0.0,nan,nan,nan
1558.809,1.546261e-05,0.0,nan,nan,nan
1558.893,1.546369e-05,0.0,nan,nan,nan
1558.977,1.546355e-05,0.0,nan,nan,nan
1559.083,1.546405e-05,0.0,nan,nan,nan
1559.167,1.546004e-05,0.0,nan,nan,nan
1559.275,1.546486e-05,0.0,nan,nan,nan
1559.359,1.54634e-05,0.0,nan,nan,nan
1559.471,1.546679e-05,0.0,nan,nan,nan
1559.555,1.546702e-05,0.0,nan,nan,nan
1559.639,1.546515e-05,0.0,nan,nan,nan
1559.722,1.546569e-05,0.0,nan,nan,nan
1559.806,1.546437e-05,0.0,nan,nan,nan
1559.895,1.546414e-05,0.0,nan,nan,nan
1559.979,1.546678e-05,0.0,nan,nan,nan
1560.062,1.54628e-05,0.0,nan,nan,nan
1560.146,1.546453e-05,0.0,nan,nan,nan
1560.23,1.546447e-05,0.0,nan,nan,nan
1560.313,1.546423e-05,0.0,nan,nan,nan
1560.397,1.546443e-05,0.0,nan,nan,nan
1560.48,1.546612e-05,0.0,nan,nan,nan
1560.564,1.545966e-05,0.0,nan,nan,nan
1560.648,1.54629e-05,0.0,nan,nan,nan
1560.731,1.546435e-05,0.0,nan,nan,nan
1560.815,1.546311e-05,0.0,nan,nan,nan
1560.899,1.546419e-05,0.0,nan,nan,nan
1560.982,1.546614e-05,0.0,nan,nan,nan
1561.066,1.546624e-05,0.0,nan,nan,nan
1561.15,1.54627e-05,0.0,nan,nan,nan
1561.233,1.546112e-05,0.0,nan,nan,nan
1561.322,1.546427e-05,0.0,nan,nan,nan
1561.405,1.546449e-05,0.0,nan,nan,nan
1561.489,1.546684e-05,0.0,nan,nan,nan
1561.587,1.546978e-05,0.0,nan,nan,nan
1561.671,1.546582e-05,0.0,nan,nan,nan
1561.755,1.546533e-05,0.0,nan,nan,nan
1561.839,1.546443e-05,0.0,nan,nan,nan
1561.947,1.546643e-05,0.0,nan,nan,nan
1562.031,1.545815e-05,0.0,nan,nan,nan
1562.133,1.545964e-05,0.0,nan,nan,nan
1562.216,1.546269e-05,0.0,nan,nan,nan
1562.3,1.546533e-05,0.0,nan,nan,nan
1562.384,1.546397e-05,0.0,nan,nan,nan
1562.467,1.546415e-05,0.0,nan,nan,nan
1562.551,1.546499e-05,0.0,nan,nan,nan
1562.635,1.546586e-05,0.0,nan,nan,nan
1562.719,1.546316e-05,0.0,nan,nan,nan
1562.802,1.546429e-05,0.0,nan,nan,nan
1562.886,1.546747e-05,0.0,nan,nan,nan
1562.984,1.546618e-05,0.0,nan,nan,nan
1563.068,1.546367e-05,0.0,nan,nan,nan
1563.165,1.546627e-05,0.0,nan,nan,nan
1563.249,1.546748e-05,0.0,nan,nan,nan
1563.333,1.546266e-05,0.0,nan,nan,nan
1563.417,1.546292e-05,0.0,nan,nan,nan
1563.5,1.546417e-05,0.0,nan,nan,nan
1563.584,1.54671e-05,0.0,nan,nan,nan
1563.667,1.546463e-05,0.0,nan,nan,nan
1563.751,1.546326e-05,0.0,nan,nan,nan
1563.835,1.546134e-05,0.0,nan,nan,nan
1563.918,1.546415e-05,0.0,nan,nan,nan
1564.002,1.54614e-05,0.0,nan,nan,nan
1564.086,1.546531e-05,0.0,nan,nan,nan
1564.203,1.546584e-05,0.0,nan,nan,nan
1564.287,1.546533e-05,0.0,nan,nan,nan
1564.391,1.546321e-05,0.0,nan,nan,nan
1564.475,1.546592e-05,0.0,nan,nan,nan
1564.558,1.546261e-05,0.0,nan,nan,nan
1564.642,1.545781e-05,0.0,nan,nan,nan
1564.726,1.546203e-05,0.0,nan,nan,nan
1564.81,1.546124e-05,0.0,nan,nan,nan
1564.894,1.546011e-05,0.0,nan,nan,nan
1564.978,1.546403e-05,0.0,nan,nan,nan
1565.061,1.546416e-05,0.0,nan,nan,nan
1565.145,1.546106e-05,0.0,nan,nan,nan
1565.229,1.546518e-05,0.0,nan,nan,nan
1565.312,1.546471e-05,0.0,nan,nan,nan
1565.397,1.546265e-05,0.0,nan,nan,nan
1565.481,1.546375e-05,0.0,nan,nan,nan
1565.565,1.546279e-05,0.0,nan,nan,nan
1565.648,1.545902e-05,0.0,nan,nan,nan
1565.732,1.545977e-05,0.0,nan,nan,nan
1565.823,1.54565e-05,0.0,nan,nan,nan
1565.907,1.545902e-05,0.0,nan,nan,nan
1565.991,1.546184e-05,0.0,nan,nan,nan
1566.074,1.546147e-05,0.0,nan,nan,nan
1566.158,1.546202e-05,0.0,nan,nan,nan
1566.242,1.546064e-05,0.0,nan,nan,nan
1566.326,1.546548e-05,0.0,nan,nan,nan
1566.41,1.546145e-05,0.0,nan,nan,nan
1566.494,1.546375e-05,0.0,nan,nan,nan
1566.578,1.546712e-05,0.0,nan,nan,nan
1566.661,1.545984e-05,0.0,nan,nan,nan
1566.745,1.54621e-05,0.0,nan,nan,nan
1566.836,1.545555e-05,0.0,nan,nan,nan
1566.919,1.546162e-05,0.0,nan,nan,nan
1567.003,1.54582e-05,0.0,nan,nan,nan
1567.087,1.546176e-05,0.0,nan,nan,nan
1567.171,1.546338e-05,0.0,nan,nan,nan
1567.264,1.546429e-05,0.0,nan,nan,nan
1567.347,1.546368e-05,0.0,nan,nan,nan
1567.431,1.54642e-05,0.0,nan,nan,nan
1567.515,1.546224e-05,0.0,nan,nan,nan
1567.599,1.546134e-05,0.0,nan,nan,nan
1567.682,1.545801e-05,0.0,nan,nan,nan
1567.784,1.546345e-05,0.0,nan,nan,nan
1567.885,1.545995e-05,0.0,nan,nan,nan
1567.969,1.545988e-05,0.0,nan,nan,nan
1568.074,1.546146e-05,0.0,nan,nan,nan
1568.158,1.545783e-05,0.0,nan,nan,nan
1568.241,1.546049e-05,0.0,nan,nan,nan
1568.325,1.54575e-05,0.0,nan,nan,nan
1568.409,1.545678e-05,0.0,nan,nan,nan
1568.492,1.545864e-05,0.0,nan,nan,nan
1568.576,1.54615e-05,0.0,nan,nan,nan
1568.66,1.545741e-05,0.0,nan,nan,nan
1568.743,1.546149e-05,0.0,nan,nan,nan
1568.827,1.546004e-05,0.0,nan,nan,nan
1568.911,1.545699e-05,0.0,nan,nan,nan
1568.995,1.546179e-05,0.0,nan,nan,nan
1569.089,1.545681e-05,0.0,nan,nan,nan
1569.173,1.54574e-05,0.0,nan,nan,nan
1569.256,1.545407e-05,0.0,nan,nan,nan
1569.34,1.545895e-05,0.0,nan,nan,nan
1569.423,1.545932e-05,0.0,nan,nan,nan
1569.507,1.546047e-05,0.0,nan,nan,nan
1569.59,1.546042e-05,0.0,nan,nan,nan
1569.674,1.546004e-05,0.0,nan,nan,nan
1569.758,1.546203e-05,0.0,nan,nan,nan
1569.862,1.546298e-05,0.0,nan,nan,nan
1569.945,1.546305e-05,0.0,nan,nan,nan
1570.029,1.546284e-05,0.0,nan,nan,nan
1570.113,1.54577e-05,0.0,nan,nan,nan
1570.197,1.546135e-05,0.0,nan,nan,nan
1570.306,1.546242e-05,0.0,nan,nan,nan
1570.39,1.546179e-05,0.0,nan,nan,nan
1570.473,1.546182e-05,0.0,nan,nan,nan
1570.557,1.54588e-05,0.0,nan,nan,nan
1570.641,1.546012e-05,0.0,nan,nan,nan
1570.725,1.546257e-05,0.0,nan,nan,nan
1570.809,1.546017e-05,0.0,nan,nan,nan
1570.893,1.546068e-05,0.0,nan,nan,nan
1570.976,1.546043e-05,0.0,nan,nan,nan
1571.06,1.546335e-05,0.0,nan,nan,nan
1571.144,1.546096e-05,0.0,nan,nan,nan
1571.228,1.545992e-05,0.0,nan,nan,nan
1571.324,1.545827e-05,0.0,nan,nan,nan
1571.408,1.54568e-05,0.0,nan,nan,nan
1571.492,1.546244e-05,0.0,nan,nan,nan
1571.575,1.545959e-05,0.0,nan,nan,nan
1571.66,1.545928e-05,0.0,nan,nan,nan
1571.744,1.54627e-05,0.0,nan,nan,nan
1571.828,1.545838e-05,0.0,nan,nan,nan
1571.913,1.546329e-05,0.0,nan,nan,nan
1572.006,1.54661e-05,0.0,nan,nan,nan
1572.09,1.546121e-05,0.0,nan,nan,nan
1572.173,1.546379e-05,0.0,nan,nan,nan
1572.257,1.546356e-05,0.0,nan,nan,nan
1572.345,1.546776e-05,0.0,nan,nan,nan
1572.428,1.546368e-05,0.0,nan,nan,nan
1572.512,1.545749e-05,0.0,nan,nan,nan
1572.595,1.545737e-05,0.0,nan,nan,nan
1572.679,1.546009e-05,0.0,nan,nan,nan
1572.763,1.546075e-05,0.0,nan,nan,nan
1572.847,1.545964e-05,0.0,nan,nan,nan
1572.955,1.546356e-05,0.0,nan,nan,nan
1573.039,1.546029e-05,0.0,nan,nan,nan
1573.122,1.546249e-05,0.0,nan,nan,nan
1573.206,1.546226e-05,0.0,nan,nan,nan
1573.29,1.546447e-05,0.0,nan,nan,nan
1573.374,1.546194e-05,0.0,nan,nan,nan
1573.457,1.545897e-05,0.0,nan,nan,nan
1573.556,1.546143e-05,0.0,nan,nan,nan
1573.639,1.546018e-05,0.0,nan,nan,nan
1573.723,1.546399e-05,0.0,nan,nan,nan
1573.807,1.546055e-05,0.0,nan,nan,nan
1573.89,1.546334e-05,0.0,nan,nan,nan
1573.989,1.546322e-05,0.0,nan,nan,nan
1574.072,1.546394e-05,0.0,nan,nan,nan
1574.157,1.545802e-05,0.0,nan,nan,nan
1574.241,1.54627e-05,0.0,nan,nan,nan
1574.325,1.54621e-05,0.0,nan,nan,nan
1574.409,1.546217e-05,0.0,nan,nan,nan
1574.493,1.546014e-05,0.0,nan,nan,nan
1574.587,1.546364e-05,0.0,nan,nan,nan
1574.671,1.546509e-05,0.0,nan,nan,nan
1574.755,1.54615e-05,0.0,nan,nan,nan
1574.838,1.54604e-05,0.0,nan,nan,nan
1574.922,1.545865e-05,0.0,nan,nan,nan
1575.006,1.546237e-05,0.0,nan,nan,nan
1575.09,1.546125e-05,0.0,nan,nan,nan
1575.174,1.546343e-05,0.0,nan,nan,nan
1575.257,1.546441e-05,0.0,nan,nan,nan
1575.341,1.546231e-05,0.0,nan,nan,nan
1575.428,1.546592e-05,0.0,nan,nan,nan
1575.511,1.546424e-05,0.0,nan,nan,nan
1575.595,1.546596e-05,0.0,nan,nan,nan
1575.678,1.546704e-05,0.0,nan,nan,nan
1575.762,1.546584e-05,0.0,nan,nan,nan
1575.845,1.546383e-05,0.0,nan,nan,nan
1575.929,1.546208e-05,0.0,nan,nan,nan
1576.038,1.54635e-05,0.0,nan,nan,nan
1576.122,1.546558e-05,0.0,nan,nan,nan
1576.205,1.54624e-05,0.0,nan,nan,nan
1576.289,1.546067e-05,0.0,nan,nan,nan
1576.372,1.546012e-05,0.0,nan,nan,nan
1576.456,1.546492e-05,0.0,nan,nan,nan
1576.539,1.546092e-05,0.0,nan,nan,nan
1576.623,1.546035e-05,0.0,nan,nan,nan
1576.707,1.546447e-05,0.0,nan,nan,nan
1576.79,1.546263e-05,0.0,nan,nan,nan
1576.875,1.546053e-05,0.0,nan,nan,nan
1576.958,1.546612e-05,0.0,nan,nan,nan
1577.042,1.546502e-05,0.0,nan,nan,nan
1577.126,1.546421e-05,0.0,nan,nan,nan
1577.209,1.546545e-05,0.0,nan,nan,nan
1577.293,1.546475e-05,0.0,nan,nan,nan
1577.377,1.546348e-05,0.0,nan,nan,nan
1577.465,1.546053e-05,0.0,nan,nan,nan
1577.548,1.546656e-05,0.0,nan,nan,nan
1577.633,1.546594e-05,0.0,nan,nan,nan
1577.716,1.545992e-05,0.0,nan,nan,nan
1577.8,1.546125e-05,0.0,nan,nan,nan
1577.884,1.546319e-05,0.0,nan,nan,nan
1577.967,1.546408e-05,0.0,nan,nan,nan
1578.051,1.546122e-05,0.0,nan,nan,nan
1578.138,1.546203e-05,0.0,nan,nan,nan
1578.222,1.546145e-05,0.0,nan,nan,nan
1578.306,1.546529e-05,0.0,nan,nan,nan
1578.389,1.546236e-05,0.0,nan,nan,nan
1578.473,1.546457e-05,0.0,nan,nan,nan
1578.557,1.545965e-05,0.0,nan,nan,nan
1578.64,1.546278e-05,0.0,nan,nan,nan
1578.724,1.546319e-05,0.0,nan,nan,nan
1578.808,1.545954e-05,0.0,nan,nan,nan
1578.894,1.545773e-05,0.0,nan,nan,nan
1578.978,1.545807e-05,0.0,nan,nan,nan
1579.078,1.545896e-05,0.0,nan,nan,nan
1579.161,1.545765e-05,0.0,nan,nan,nan
1579.245,1.5455e-05,0.0,nan,nan,nan
1579.328,1.545607e-05,0.0,nan,nan,nan
1579.412,1.545517e-05,0.0,nan,nan,nan
1579.495,1.545924e-05,0.0,nan,nan,nan
1579.579,1.545971e-05,0.0,nan,nan,nan
1579.663,1.545752e-05,0.0,nan,nan,nan
1579.747,1.546042e-05,0.0,nan,nan,nan
1579.83,1.545911e-05,0.0,nan,nan,nan
1579.941,1.545844e-05,0.0,nan,nan,nan
1580.025,1.546192e-05,0.0,nan,nan,nan
1580.137,1.54606e-05,0.0,nan,nan,nan
1580.22,1.546338e-05,0.0,nan,nan,nan
1580.325,1.546367e-05,0.0,nan,nan,nan
1580.408,1.546236e-05,0.0,nan,nan,nan
1580.493,1.546385e-05,0.0,nan,nan,nan
1580.576,1.546261e-05,0.0,nan,nan,nan
1580.66,1.546185e-05,0.0,nan,nan,nan
1580.744,1.545549e-05,0.0,nan,nan,nan
1580.828,1.545881e-05,0.0,nan,nan,nan
1580.913,1.545745e-05,0.0,nan,nan,nan
1580.997,1.546226e-05,0.0,nan,nan,nan
1581.081,1.545891e-05,0.0,nan,nan,nan
1581.164,1.54606e-05,0.0,nan,nan,nan
1581.248,1.545976e-05,0.0,nan,nan,nan
1581.348,1.54579e-05,0.0,nan,nan,nan
1581.432,1.545844e-05,0.0,nan,nan,nan
1581.516,1.546006e-05,0.0,nan,nan,nan
1581.599,1.546101e-05,0.0,nan,nan,nan
1581.683,1.546136e-05,0.0,nan,nan,nan
1581.767,1.546244e-05,0.0,nan,nan,nan
1581.85,1.545707e-05,0.0,nan,nan,nan
1581.935,1.545827e-05,0.0,nan,nan,nan
1582.019,1.546093e-05,0.0,nan,nan,nan
1582.104,1.546198e-05,0.0,nan,nan,nan
1582.188,1.546383e-05,0.0,nan,nan,nan
1582.272,1.54633e-05,0.0,nan,nan,nan
1582.355,1.545996e-05,0.0,nan,nan,nan
1582.438,1.546393e-05,0.0,nan,nan,nan
1582.523,1.546072e-05,0.0,nan,nan,nan
1582.607,1.546095e-05,0.0,nan,nan,nan
1582.69,1.546178e-05,0.0,nan,nan,nan
1582.774,1.545979e-05,0.0,nan,nan,nan
1582.858,1.546018e-05,0.0,nan,nan,nan
1582.941,1.545756e-05,0.0,nan,nan,nan
1583.025,1.545986e-05,0.0,nan,nan,nan
1583.108,1.546142e-05,0.0,nan,nan,nan
1583.192,1.54598e-05,0.0,nan,nan,nan
1583.276,1.545823e-05,0.0,nan,nan,nan
1583.366,1.546533e-05,0.0,nan,nan,nan
1583.45,1.546097e-05,0.0,nan,nan,nan
1583.535,1.546311e-05,0.0,nan,nan,nan
1583.619,1.545942e-05,0.0,nan,nan,nan
1583.703,1.545891e-05,0.0,nan,nan,nan
1583.787,1.545973e-05,0.0,nan,nan,nan
1583.871,1.546235e-05,0.0,nan,nan,nan
1583.955,1.546136e-05,0.0,nan,nan,nan
1584.039,1.545872e-05,0.0,nan,nan,nan
1584.124,1.546008e-05,0.0,nan,nan,nan
1584.207,1.546082e-05,0.0,nan,nan,nan
1584.326,1.545939e-05,0.0,nan,nan,nan
1584.409,1.545788e-05,0.0,nan,nan,nan
1584.493,1.545973e-05,0.0,nan,nan,nan
1584.589,1.546004e-05,0.0,nan,nan,nan
1584.673,1.546127e-05,0.0,nan,nan,nan
1584.756,1.54571e-05,0.0,nan,nan,nan
1584.84,1.545874e-05,0.0,nan,nan,nan
1584.924,1.546255e-05,0.0,nan,nan,nan
1585.008,1.545913e-05,0.0,nan,nan,nan
1585.091,1.546303e-05,0.0,nan,nan,nan
1585.175,1.546378e-05,0.0,nan,nan,nan
1585.259,1.546244e-05,0.0,nan,nan,nan
1585.343,1.545869e-05,0.0,nan,nan,nan
1585.426,1.546308e-05,0.0,nan,nan,nan
1585.51,1.546395e-05,0.0,nan,nan,nan
1585.593,1.546197e-05,0.0,nan,nan,nan
1585.677,1.546343e-05,0.0,nan,nan,nan
1585.761,1.546275e-05,0.0,nan,nan,nan
1585.845,1.54621e-05,0.0,nan,nan,nan
1585.928,1.546064e-05,0.0,nan,nan,nan
1586.025,1.546236e-05,0.0,nan,nan,nan
1586.108,1.546255e-05,0.0,nan,nan,nan
1586.192,1.545873e-05,0.0,nan,nan,nan
1586.276,1.546371e-05,0.0,nan,nan,nan
1586.405,1.54611e-05,0.0,nan,nan,nan
1586.488,1.546028e-05,0.0,nan,nan,nan
1586.572,1.545883e-05,0.0,nan,nan,nan
1586.656,1.546028e-05,0.0,nan,nan,nan
1586.74,1.54639e-05,0.0,nan,nan,nan
1586.847,1.546595e-05,0.0,nan,nan,nan
1586.931,1.546377e-05,0.0,nan,nan,nan
1587.014,1.546185e-05,0.0,nan,nan,nan
1587.098,1.546468e-05,0.0,nan,nan,nan
1587.182,1.546198e-05,0.0,nan,nan,nan
1587.265,1.546023e-05,0.0,nan,nan,nan
1587.349,1.546249e-05,0.0,nan,nan,nan
1587.433,1.546224e-05,0.0,nan,nan,nan
1587.516,1.54607e-05,0.0,nan,nan,nan
1587.6,1.546067e-05,0.0,nan,nan,nan
1587.684,1.546461e-05,0.0,nan,nan,nan
1587.767,1.545926e-05,0.0,nan,nan,nan
1587.871,1.54625e-05,0.0,nan,nan,nan
1587.954,1.546125e-05,0.0,nan,nan,nan
1588.038,1.546522e-05,0.0,nan,nan,nan
1588.122,1.545786e-05,0.0,nan,nan,nan
1588.206,1.546433e-05,0.0,nan,nan,nan
1588.289,1.546215e-05,0.0,nan,nan,nan
1588.373,1.546415e-05,0.0,nan,nan,nan
1588.495,1.546556e-05,0.0,nan,nan,nan
1588.579,1.546306e-05,0.0,nan,nan,nan
1588.69,1.546104e-05,0.0,nan,nan,nan
1588.774,1.545975e-05,0.0,nan,nan,nan
1588.858,1.546033e-05,0.0,nan,nan,nan
1588.941,1.545846e-05,0.0,nan,nan,nan
1589.025,1.546262e-05,0.0,nan,nan,nan
1589.124,1.546555e-05,0.0,nan,nan,nan
1589.208,1.546638e-05,0.0,nan,nan,nan
1589.323,1.546388e-05,0.0,nan,nan,nan
1589.407,1.546902e-05,0.0,nan,nan,nan
1589.5,1.546908e-05,0.0,nan,nan,nan
1589.584,1.546423e-05,0.0,nan,nan,nan
1589.668,1.546301e-05,0.0,nan,nan,nan
1589.752,1.546528e-05,0.0,nan,nan,nan
1589.835,1.546207e-05,0.0,nan,nan,nan
1589.919,1.546349e-05,0.0,nan,nan,nan
1590.003,1.546004e-05,0.0,nan,nan,nan
1590.097,1.546439e-05,0.0,nan,nan,nan
1590.18,1.546356e-05,0.0,nan,nan,nan
1590.264,1.546428e-05,0.0,nan,nan,nan
1590.348,1.546212e-05,0.0,nan,nan,nan
1590.431,1.546296e-05,0.0,nan,nan,nan
1590.555,1.546224e-05,0.0,nan,nan,nan
1590.638,1.546597e-05,0.0,nan,nan,nan
1590.722,1.546309e-05,0.0,nan,nan,nan
1590.805,1.545967e-05,0.0,nan,nan,nan
1590.913,1.546133e-05,0.0,nan,nan,nan
1590.997,1.546421e-05,0.0,nan,nan,nan
1591.081,1.54648e-05,0.0,nan,nan,nan
1591.164,1.546355e-05,0.0,nan,nan,nan
1591.248,1.546138e-05,0.0,nan,nan,nan
1591.331,1.546727e-05,0.0,nan,nan,nan
1591.415,1.546312e-05,0.0,nan,nan,nan
1591.498,1.546509e-05,0.0,nan,nan,nan
1591.582,1.546522e-05,0.0,nan,nan,nan
1591.665,1.54628e-05,0.0,nan,nan,nan
1591.749,1.545995e-05,0.0,nan,nan,nan
1591.833,1.546317e-05,0.0,nan,nan,nan
1591.916,1.54637e-05,0.0,nan,nan,nan
1592.0,1.546098e-05,0.0,nan,nan,nan
1592.084,1.546252e-05,0.0,nan,nan,nan
1592.168,1.546396e-05,0.0,nan,nan,nan
1592.252,1.546429e-05,0.0,nan,nan,nan
1592.346,1.546351e-05,0.0,nan,nan,nan
1592.43,1.546156e-05,0.0,nan,nan,nan
1592.514,1.546207e-05,0.0,nan,nan,nan
1592.621,1.546131e-05,0.0,nan,nan,nan
1592.705,1.546201e-05,0.0,nan,nan,nan
1592.788,1.546419e-05,0.0,nan,nan,nan
1592.872,1.54636e-05,0.0,nan,nan,nan
1592.983,1.546582e-05,0.0,nan,nan,nan
1593.067,1.546337e-05,0.0,nan,nan,nan
1593.167,1.546628e-05,0.0,nan,nan,nan
1593.251,1.546471e-05,0.0,nan,nan,nan
1593.334,1.546473e-05,0.0,nan,nan,nan
1593.418,1.546395e-05,0.0,nan,nan,nan
1593.501,1.546277e-05,0.0,nan,nan,nan
1593.585,1.546629e-05,0.0,nan,nan,nan
1593.669,1.546703e-05,0.0,nan,nan,nan
1593.773,1.54651e-05,0.0,nan,nan,nan
1593.857,1.546598e-05,0.0,nan,nan,nan
1593.941,1.546663e-05,0.0,nan,nan,nan
1594.024,1.546609e-05,0.0,nan,nan,nan
1594.108,1.546593e-05,0.0,nan,nan,nan
1594.197,1.546422e-05,0.0,nan,nan,nan
1594.281,1.546566e-05,0.0,nan,nan,nan
1594.365,1.546728e-05,0.0,nan,nan,nan
1594.448,1.546534e-05,0.0,nan,nan,nan
1594.532,1.54666e-05,0.0,nan,nan,nan
1594.646,1.54666e-05,0.0,nan,nan,nan
1594.745,1.546458e-05,0.0,nan,nan,nan
1594.856,1.546192e-05,0.0,nan,nan,nan
1594.94,1.546132e-05,0.0,nan,nan,nan
1595.024,1.546375e-05,0.0,nan,nan,nan
1595.107,1.546104e-05,0.0,nan,nan,nan
1595.192,1.546566e-05,0.0,nan,nan,nan
1595.276,1.546754e-05,0.0,nan,nan,nan
1595.359,1.546473e-05,0.0,nan,nan,nan
1595.443,1.546502e-05,0.0,nan,nan,nan
1595.527,1.546463e-05,0.0,nan,nan,nan
1595.62,1.54636e-05,0.0,nan,nan,nan
1595.704,1.546892e-05,0.0,nan,nan,nan
1595.789,1.546512e-05,0.0,nan,nan,nan
1595.872,1.546604e-05,0.0,nan,nan,nan
1595.956,1.546915e-05,0.0,nan,nan,nan
1596.039,1.546968e-05,0.0,nan,nan,nan
1596.123,1.546271e-05,0.0,nan,nan,nan
1596.206,1.54682e-05,0.0,nan,nan,nan
1596.29,1.54655e-05,0.0,nan,nan,nan
1596.374,1.546471e-05,0.0,nan,nan,nan
1596.459,1.54705e-05,0.0,nan,nan,nan
1596.543,1.546395e-05,0.0,nan,nan,nan
1596.647,1.546662e-05,0.0,nan,nan,nan
1596.731,1.546256e-05,0.0,nan,nan,nan
1596.837,1.546617e-05,0.0,nan,nan,nan
1596.921,1.546608e-05,0.0,nan,nan,nan
1597.005,1.546766e-05,0.0,nan,nan,nan
1597.088,1.546711e-05,0.0,nan,nan,nan
1597.171,1.546873e-05,0.0,nan,nan,nan
1597.268,1.546671e-05,0.0,nan,nan,nan
1597.352,1.546529e-05,0.0,nan,nan,nan
1597.454,1.546585e-05,0.0,nan,nan,nan
1597.538,1.54631e-05,0.0,nan,nan,nan
1597.622,1.546493e-05,0.0,nan,nan,nan
1597.705,1.545771e-05,0.0,nan,nan,nan
1597.789,1.546284e-05,0.0,nan,nan,nan
1597.873,1.546563e-05,0.0,nan,nan,nan
1597.956,1.546632e-05,0.0,nan,nan,nan
1598.057,1.546446e-05,0.0,nan,nan,nan
1598.141,1.546325e-05,0.0,nan,nan,nan
1598.225,1.546265e-05,0.0,nan,nan,nan
1598.309,1.54617e-05,0.0,nan,nan,nan
1598.392,1.546656e-05,0.0,nan,nan,nan
1598.476,1.546464e-05,0.0,nan,nan,nan
1598.559,1.546651e-05,0.0,nan,nan,nan
1598.643,1.546116e-05,0.0,nan,nan,nan
1598.727,1.546612e-05,0.0,nan,nan,nan
1598.811,1.546582e-05,0.0,nan,nan,nan
1598.895,1.546345e-05,0.0,nan,nan,nan
1598.978,1.546514e-05,0.0,nan,nan,nan
1599.082,1.546425e-05,0.0,nan,nan,nan
1599.166,1.546543e-05,0.0,nan,nan,nan
1599.252,1.546401e-05,0.0,nan,nan,nan
1599.335,1.546158e-05,0.0,nan,nan,nan
1599.419,1.546199e-05,0.0,nan,nan,nan
1599.502,1.546507e-05,0.0,nan,nan,nan
1599.586,1.546413e-05,0.0,nan,nan,nan
1599.693,1.546202e-05,0.0,nan,nan,nan
1599.776,1.546504e-05,0.0,nan,nan,nan
1599.86,1.546242e-05,0.0,nan,nan,nan
1599.944,1.546608e-05,0.0,nan,nan,nan
1600.028,1.546407e-05,0.0,nan,nan,nan
1600.111,1.546532e-05,0.0,nan,nan,nan
1600.195,1.546212e-05,0.0,nan,nan,nan
1600.288,1.546185e-05,0.0,nan,nan,nan
1600.372,1.546475e-05,0.0,nan,nan,nan
1600.456,1.546689e-05,0.0,nan,nan,nan
1600.539,1.546351e-05,0.0,nan,nan,nan
1600.623,1.546342e-05,0.0,nan,nan,nan
1600.714,1.546485e-05,0.0,nan,nan,nan
1600.798,1.546286e-05,0.0,nan,nan,nan
1600.906,1.546409e-05,0.0,nan,nan,nan
1600.99,1.546579e-05,0.0,nan,nan,nan
1601.073,1.546807e-05,0.0,nan,nan,nan
1601.157,1.546623e-05,0.0,nan,nan,nan
1601.241,1.546163e-05,0.0,nan,nan,nan
1601.339,1.546355e-05,0.0,nan,nan,nan
1601.423,1.546699e-05,0.0,nan,nan,nan
1601.507,1.546092e-05,0.0,nan,nan,nan
1601.59,1.546452e-05,0.0,nan,nan,nan
1601.674,1.546272e-05,0.0,nan,nan,nan
1601.758,1.546576e-05,0.0,nan,nan,nan
1601.841,1.546087e-05,0.0,nan,nan,nan
1601.925,1.546244e-05,0.0,nan,nan,nan
1602.009,1.546244e-05,0.0,nan,nan,nan
1602.092,1.545965e-05,0.0,nan,nan,nan
1602.176,1.546285e-05,0.0,nan,nan,nan
1602.26,1.546281e-05,0.0,nan,nan,nan
1602.343,1.546508e-05,0.0,nan,nan,nan
1602.427,1.546093e-05,0.0,nan,nan,nan
1602.52,1.546209e-05,0.0,nan,nan,nan
1602.604,1.546246e-05,0.0,nan,nan,nan
1602.688,1.546009e-05,0.0,nan,nan,nan
1602.772,1.546273e-05,0.0,nan,nan,nan
1602.855,1.54655e-05,0.0,nan,nan,nan
1602.939,1.546171e-05,0.0,nan,nan,nan
1603.03,1.54618e-05,0.0,nan,nan,nan
1603.114,1.546365e-05,0.0,nan,nan,nan
1603.198,1.546664e-05,0.0,nan,nan,nan
1603.281,1.546124e-05,0.0,nan,nan,nan
1603.365,1.546188e-05,0.0,nan,nan,nan
1603.449,1.545984e-05,0.0,nan,nan,nan
1603.54,1.546035e-05,0.0,nan,nan,nan
1603.624,1.545959e-05,0.0,nan,nan,nan
1603.707,1.546279e-05,0.0,nan,nan,nan
1603.791,1.545975e-05,0.0,nan,nan,nan
1603.875,1.546188e-05,0.0,nan,nan,nan
1603.958,1.545862e-05,0.0,nan,nan,nan
1604.042,1.546252e-05,0.0,nan,nan,nan
1604.125,1.546281e-05,0.0,nan,nan,nan
1604.209,1.546132e-05,0.0,nan,nan,nan
1604.293,1.546012e-05,0.0,nan,nan,nan
1604.38,1.546045e-05,0.0,nan,nan,nan
1604.463,1.546072e-05,0.0,nan,nan,nan
1604.575,1.545818e-05,0.0,nan,nan,nan
1604.659,1.546051e-05,0.0,nan,nan,nan
1604.745,1.545989e-05,0.0,nan,nan,nan
1604.828,1.546177e-05,0.0,nan,nan,nan
1604.912,1.546137e-05,0.0,nan,nan,nan
1604.996,1.546252e-05,0.0,nan,nan,nan
1605.088,1.546384e-05,0.0,nan,nan,nan
1605.192,1.546349e-05,0.0,nan,nan,nan
1605.276,1.54589e-05,0.0,nan,nan,nan
1605.36,1.546143e-05,0.0,nan,nan,nan
1605.444,1.545716e-05,0.0,nan,nan,nan
1605.527,1.545747e-05,0.0,nan,nan,nan
1605.613,1.545845e-05,0.0,nan,nan,nan
1605.697,1.545937e-05,0.0,nan,nan,nan
1605.802,1.54584e-05,0.0,nan,nan,nan
1605.886,1.545942e-05,0.0,nan,nan,nan
1605.971,1.545822e-05,0.0,nan,nan,nan
1606.055,1.546036e-05,0.0,nan,nan,nan
1606.138,1.545823e-05,0.0,nan,nan,nan
1606.238,1.545904e-05,0.0,nan,nan,nan
1606.322,1.546275e-05,0.0,nan,nan,nan
1606.432,1.54604e-05,0.0,nan,nan,nan
1606.516,1.545936e-05,0.0,nan,nan,nan
1606.6,1.545944e-05,0.0,nan,nan,nan
1606.683,1.545778e-05,0.0,nan,nan,nan
1606.767,1.545679e-05,0.0,nan,nan,nan
1606.85,1.545935e-05,0.0,nan,nan,nan
1606.934,1.545919e-05,0.0,nan,nan,nan
1607.034,1.545939e-05,0.0,nan,nan,nan
1607.138,1.545915e-05,0.0,nan,nan,nan
1607.231,1.545758e-05,0.0,nan,nan,nan
1607.315,1.54627e-05,0.0,nan,nan,nan
1607.399,1.546048e-05,0.0,nan,nan,nan
1607.483,1.546259e-05,0.0,nan,nan,nan
1607.566,1.546024e-05,0.0,nan,nan,nan
1607.65,1.545727e-05,0.0,nan,nan,nan
1607.734,1.545914e-05,0.0,nan,nan,nan
1607.817,1.545895e-05,0.0,nan,nan,nan
1607.901,1.546169e-05,0.0,nan,nan,nan
1607.985,1.545912e-05,0.0,nan,nan,nan
1608.068,1.54615e-05,0.0,nan,nan,nan
1608.152,1.545928e-05,0.0,nan,nan,nan
1608.241,1.545886e-05,0.0,nan,nan,nan
1608.325,1.546178e-05,0.0,nan,nan,nan
1608.408,1.545917e-05,0.0,nan,nan,nan
1608.492,1.545558e-05,0.0,nan,nan,nan
1608.576,1.545991e-05,0.0,nan,nan,nan
1608.666,1.545917e-05,0.0,nan,nan,nan
1608.75,1.546168e-05,0.0,nan,nan,nan
1608.854,1.546149e-05,0.0,nan,nan,nan
1608.938,1.545885e-05,0.0,nan,nan,nan
1609.022,1.545949e-05,0.0,nan,nan,nan
1609.106,1.545895e-05,0.0,nan,nan,nan
1609.205,1.545774e-05,0.0,nan,nan,nan
1609.292,1.545868e-05,0.0,nan,nan,nan
1609.376,1.545902e-05,0.0,nan,nan,nan
1609.477,1.546069e-05,0.0,nan,nan,nan
1609.561,1.545991e-05,0.0,nan,nan,nan
1609.646,1.545828e-05,0.0,nan,nan,nan
1609.73,1.54583e-05,0.0,nan,nan,nan
1609.814,1.546291e-05,0.0,nan,nan,nan
1609.897,1.545984e-05,0.0,nan,nan,nan
1609.981,1.546199e-05,0.0,nan,nan,nan
1610.071,1.546565e-05,0.0,nan,nan,nan
1610.154,1.546637e-05,0.0,nan,nan,nan
1610.239,1.546206e-05,0.0,nan,nan,nan
1610.322,1.545958e-05,0.0,nan,nan,nan
1610.406,1.546088e-05,0.0,nan,nan,nan
1610.49,1.546035e-05,0.0,nan,nan,nan
1610.573,1.545807e-05,0.0,nan,nan,nan
1610.657,1.545883e-05,0.0,nan,nan,nan
1610.741,1.545749e-05,0.0,nan,nan,nan
1610.825,1.546018e-05,0.0,nan,nan,nan
1610.909,1.546059e-05,0.0,nan,nan,nan
1610.993,1.546058e-05,0.0,nan,nan,nan
1611.076,1.545865e-05,0.0,nan,nan,nan
1611.16,1.545922e-05,0.0,nan,nan,nan
1611.29,1.546213e-05,0.0,nan,nan,nan
1611.374,1.546164e-05,0.0,nan,nan,nan
1611.458,1.545999e-05,0.0,nan,nan,nan
1611.541,1.545839e-05,0.0,nan,nan,nan
1611.625,1.546041e-05,0.0,nan,nan,nan
1611.728,1.546102e-05,0.0,nan,nan,nan
1611.811,1.546443e-05,0.0,nan,nan,nan
1611.897,1.545975e-05,0.0,nan,nan,nan
1611.98,1.545695e-05,0.0,nan,nan,nan
1612.064,1.546263e-05,0.0,nan,nan,nan
1612.148,1.546132e-05,0.0,nan,nan,nan
1612.232,1.546442e-05,0.0,nan,nan,nan
1612.321,1.546097e-05,0.0,nan,nan,nan
1612.405,1.545955e-05,0.0,nan,nan,nan
1612.488,1.545996e-05,0.0,nan,nan,nan
1612.572,1.546302e-05,0.0,nan,nan,nan
1612.656,1.54571e-05,0.0,nan,nan,nan
1612.747,1.545821e-05,0.0,nan,nan,nan
1612.83,1.54603e-05,0.0,nan,nan,nan
1612.926,1.546282e-05,0.0,nan,nan,nan
1613.01,1.54608e-05,0.0,nan,nan,nan
1613.093,1.545939e-05,0.0,nan,nan,nan
1613.177,1.546127e-05,0.0,nan,nan,nan
1613.261,1.546108e-05,0.0,nan,nan,nan
1613.358,1.546332e-05,0.0,nan,nan,nan
1613.441,1.546327e-05,0.0,nan,nan,nan
1613.542,1.546207e-05,0.0,nan,nan,nan
1613.626,1.546351e-05,0.0,nan,nan,nan
1613.71,1.546547e-05,0.0,nan,nan,nan
1613.794,1.546212e-05,0.0,nan,nan,nan
1613.877,1.546091e-05,0.0,nan,nan,nan
1613.968,1.546266e-05,0.0,nan,nan,nan
1614.052,1.546485e-05,0.0,nan,nan,nan
1614.136,1.546266e-05,0.0,nan,nan,nan
1614.219,1.546274e-05,0.0,nan,nan,nan
1614.303,1.54671e-05,0.0,nan,nan,nan
1614.388,1.546016e-05,0.0,nan,nan,nan
1614.471,1.545891e-05,0.0,nan,nan,nan
1614.574,1.546279e-05,0.0,nan,nan,nan
1614.658,1.546385e-05,0.0,nan,nan,nan
1614.741,1.545969e-05,0.0,nan,nan,nan
1614.825,1.546324e-05,0.0,nan,nan,nan
1614.909,1.546529e-05,0.0,nan,nan,nan
1614.995,1.546405e-05,0.0,nan,nan,nan
1615.079,1.546582e-05,0.0,nan,nan,nan
1615.164,1.546423e-05,0.0,nan,nan,nan
1615.247,1.546098e-05,0.0,nan,nan,nan
1615.331,1.5463e-05,0.0,nan,nan,nan
1615.446,1.546101e-05,0.0,nan,nan,nan
1615.53,1.54584e-05,0.0,nan,nan,nan
1615.613,1.546361e-05,0.0,nan,nan,nan
1615.697,1.546116e-05,0.0,nan,nan,nan
1615.78,1.546385e-05,0.0,nan,nan,nan
1615.864,1.54618e-05,0.0,nan,nan,nan
1615.948,1.546209e-05,0.0,nan,nan,nan
1616.031,1.545996e-05,0.0,nan,nan,nan
1616.115,1.545961e-05,0.0,nan,nan,nan
1616.199,1.546347e-05,0.0,nan,nan,nan
1616.282,1.546332e-05,0.0,nan,nan,nan
1616.366,1.546516e-05,0.0,nan,nan,nan
1616.45,1.546266e-05,0.0,nan,nan,nan
1616.534,1.546541e-05,0.0,nan,nan,nan
1616.617,1.546372e-05,0.0,nan,nan,nan
1616.701,1.546626e-05,0.0,nan,nan,nan
1616.785,1.546198e-05,0.0,nan,nan,nan
1616.868,1.54651e-05,0.0,nan,nan,nan
1616.952,1.546284e-05,0.0,nan,nan,nan
1617.036,1.546261e-05,0.0,nan,nan,nan
1617.12,1.546124e-05,0.0,nan,nan,nan
1617.203,1.545897e-05,0.0,nan,nan,nan
1617.287,1.545936e-05,0.0,nan,nan,nan
1617.371,1.546162e-05,0.0,nan,nan,nan
1617.488,1.545974e-05,0.0,nan,nan,nan
1617.572,1.5463e-05,0.0,nan,nan,nan
1617.656,1.546074e-05,0.0,nan,nan,nan
1617.739,1.546214e-05,0.0,nan,nan,nan
1617.839,1.54625e-05,0.0,nan,nan,nan
1617.923,1.54654e-05,0.0,nan,nan,nan
1618.007,1.546547e-05,0.0,nan,nan,nan
1618.09,1.546394e-05,0.0,nan,nan,nan
1618.174,1.546185e-05,0.0,nan,nan,nan
1618.258,1.546354e-05,0.0,nan,nan,nan
1618.342,1.546709e-05,0.0,nan,nan,nan
1618.426,1.546422e-05,0.0,nan,nan,nan
1618.509,1.546482e-05,0.0,nan,nan,nan
1618.593,1.546367e-05,0.0,nan,nan,nan
1618.678,1.545894e-05,0.0,nan,nan,nan
1618.761,1.546267e-05,0.0,nan,nan,nan
1618.845,1.546399e-05,0.0,nan,nan,nan
1618.929,1.546211e-05,0.0,nan,nan,nan
1619.012,1.546256e-05,0.0,nan,nan,nan
1619.096,1.546425e-05,0.0,nan,nan,nan
1619.18,1.546196e-05,0.0,nan,nan,nan
1619.287,1.545994e-05,0.0,nan,nan,nan
1619.371,1.546105e-05,0.0,nan,nan,nan
1619.454,1.545991e-05,0.0,nan,nan,nan
1619.554,1.545983e-05,0.0,nan,nan,nan
1619.638,1.546414e-05,0.0,nan,nan,nan
1619.721,1.546348e-05,0.0,nan,nan,nan
1619.805,1.546411e-05,0.0,nan,nan,nan
1619.889,1.545971e-05,0.0,nan,nan,nan
1619.972,1.546193e-05,0.0,nan,nan,nan
1620.055,1.546062e-05,0.0,nan,nan,nan
1620.139,1.546343e-05,0.0,nan,nan,nan
1620.224,1.54627e-05,0.0,nan,nan,nan
1620.308,1.54634e-05,0.0,nan,nan,nan
1620.392,1.546092e-05,0.0,nan,nan,nan
1620.485,1.545789e-05,0.0,nan,nan,nan
1620.569,1.546076e-05,0.0,nan,nan,nan
1620.653,1.546218e-05,0.0,nan,nan,nan
1620.736,1.545786e-05,0.0,nan,nan,nan
1620.82,1.545956e-05,0.0,nan,nan,nan
1620.904,1.54565e-05,0.0,nan,nan,nan
1620.988,1.545808e-05,0.0,nan,nan,nan
1621.071,1.545755e-05,0.0,nan,nan,nan
1621.156,1.545755e-05,0.0,nan,nan,nan
1621.239,1.546107e-05,0.0,nan,nan,nan
1621.323,1.545839e-05,0.0,nan,nan,nan
1621.407,1.546136e-05,0.0,nan,nan,nan
1621.517,1.546151e-05,0.0,nan,nan,nan
1621.621,1.546394e-05,0.0,nan,nan,nan
1621.713,1.546083e-05,0.0,nan,nan,nan
1621.797,1.545704e-05,0.0,nan,nan,nan
1621.882,1.545843e-05,0.0,nan,nan,nan
1621.965,1.54593e-05,0.0,nan,nan,nan
1622.049,1.545696e-05,0.0,nan,nan,nan
1622.133,1.545882e-05,0.0,nan,nan,nan
1622.216,1.545968e-05,0.0,nan,nan,nan
1622.324,1.545842e-05,0.0,nan,nan,nan
1622.407,1.545851e-05,0.0,nan,nan,nan
1622.491,1.546047e-05,0.0,nan,nan,nan
1622.575,1.545925e-05,0.0,nan,nan,nan
1622.659,1.545806e-05,0.0,nan,nan,nan
1622.742,1.545721e-05,0.0,nan,nan,nan
1622.826,1.545685e-05,0.0,nan,nan,nan
1622.91,1.545903e-05,0.0,nan,nan,nan
1622.994,1.545415e-05,0.0,nan,nan,nan
1623.077,1.545786e-05,0.0,nan,nan,nan
1623.161,1.545696e-05,0.0,nan,nan,nan
1623.245,1.545764e-05,0.0,nan,nan,nan
1623.347,1.545653e-05,0.0,nan,nan,nan
1623.431,1.545715e-05,0.0,nan,nan,nan
1623.515,1.545864e-05,0.0,nan,nan,nan
1623.598,1.545718e-05,0.0,nan,nan,nan
1623.707,1.546073e-05,0.0,nan,nan,nan
1623.791,1.545625e-05,0.0,nan,nan,nan
1623.875,1.545525e-05,0.0,nan,nan,nan
1623.967,1.545486e-05,0.0,nan,nan,nan
1624.051,1.545876e-05,0.0,nan,nan,nan
1624.14,1.545444e-05,0.0,nan,nan,nan
1624.224,1.54518e-05,0.0,nan,nan,nan
1624.308,1.545583e-05,0.0,nan,nan,nan
1624.392,1.545652e-05,0.0,nan,nan,nan
1624.476,1.545603e-05,0.0,nan,nan,nan
1624.559,1.546003e-05,0.0,nan,nan,nan
1624.643,1.545712e-05,0.0,nan,nan,nan
1624.726,1.545684e-05,0.0,nan,nan,nan
1624.81,1.545585e-05,0.0,nan,nan,nan
1624.894,1.545686e-05,0.0,nan,nan,nan
1624.978,1.54601e-05,0.0,nan,nan,nan
1625.062,1.546182e-05,0.0,nan,nan,nan
1625.145,1.545811e-05,0.0,nan,nan,nan
1625.229,1.546056e-05,0.0,nan,nan,nan
1625.313,1.546025e-05,0.0,nan,nan,nan
1625.397,1.546131e-05,0.0,nan,nan,nan
1625.481,1.546006e-05,0.0,nan,nan,nan
1625.575,1.545823e-05,0.0,nan,nan,nan
1625.658,1.545792e-05,0.0,nan,nan,nan
1625.777,1.546032e-05,0.0,nan,nan,nan
1625.861,1.545825e-05,0.0,nan,nan,nan
1625.946,1.546088e-05,0.0,nan,nan,nan
1626.03,1.546117e-05,0.0,nan,nan,nan
1626.114,1.54619e-05,0.0,nan,nan,nan
1626.197,1.545821e-05,0.0,nan,nan,nan
1626.281,1.545996e-05,0.0,nan,nan,nan
1626.386,1.545862e-05,0.0,nan,nan,nan
1626.47,1.54573e-05,0.0,nan,nan,nan
1626.555,1.546038e-05,0.0,nan,nan,nan
1626.639,1.545679e-05,0.0,nan,nan,nan
1626.722,1.546155e-05,0.0,nan,nan,nan
1626.806,1.545756e-05,0.0,nan,nan,nan
1626.89,1.546148e-05,0.0,nan,nan,nan
1626.973,1.545974e-05,0.0,nan,nan,nan
1627.057,1.545334e-05,0.0,nan,nan,nan
1627.141,1.54575e-05,0.0,nan,nan,nan
1627.225,1.545587e-05,0.0,nan,nan,nan
1627.308,1.545805e-05,0.0,nan,nan,nan
1627.392,1.545711e-05,0.0,nan,nan,nan
1627.476,1.545746e-05,0.0,nan,nan,nan
1627.56,1.54578e-05,0.0,nan,nan,nan
1627.643,1.546111e-05,0.0,nan,nan,nan
1627.727,1.546071e-05,0.0,nan,nan,nan
1627.838,1.546328e-05,0.0,nan,nan,nan
1627.922,1.546255e-05,0.0,nan,nan,nan
1628.033,1.545837e-05,0.0,nan,nan,nan
1628.117,1.545975e-05,0.0,nan,nan,nan
1628.2,1.546098e-05,0.0,nan,nan,nan
1628.284,1.545828e-05,0.0,nan,nan,nan
1628.367,1.546308e-05,0.0,nan,nan,nan
1628.451,1.546578e-05,0.0,nan,nan,nan
1628.535,1.54619e-05,0.0,nan,nan,nan
1628.619,1.545738e-05,0.0,nan,nan,nan
1628.702,1.546199e-05,0.0,nan,nan,nan
1628.786,1.54615e-05,0.0,nan,nan,nan
1628.87,1.546067e-05,0.0,nan,nan,nan
1628.954,1.545945e-05,0.0,nan,nan,nan
1629.045,1.546147e-05,0.0,nan,nan,nan
1629.128,1.5461e-05,0.0,nan,nan,nan
1629.212,1.546111e-05,0.0,nan,nan,nan
1629.295,1.545949e-05,0.0,nan,nan,nan
1629.379,1.54584e-05,0.0,nan,nan,nan
1629.471,1.545811e-05,0.0,nan,nan,nan
1629.555,1.545729e-05,0.0,nan,nan,nan
1629.639,1.546402e-05,0.0,nan,nan,nan
1629.722,1.545904e-05,0.0,nan,nan,nan
1629.806,1.545744e-05,0.0,nan,nan,nan
1629.921,1.545837e-05,0.0,nan,nan,nan
1630.005,1.545895e-05,0.0,nan,nan,nan
1630.089,1.546041e-05,0.0,nan,nan,nan
1630.172,1.545884e-05,0.0,nan,nan,nan
1630.274,1.546157e-05,0.0,nan,nan,nan
1630.358,1.545571e-05,0.0,nan,nan,nan
1630.443,1.546085e-05,0.0,nan,nan,nan
1630.527,1.545858e-05,0.0,nan,nan,nan
1630.61,1.545851e-05,0.0,nan,nan,nan
1630.694,1.545745e-05,0.0,nan,nan,nan
1630.778,1.545608e-05,0.0,nan,nan,nan
1630.861,1.546051e-05,0.0,nan,nan,nan
1630.945,1.546021e-05,0.0,nan,nan,nan
1631.028,1.54585e-05,0.0,nan,nan,nan
1631.116,1.545281e-05,0.0,nan,nan,nan
1631.2,1.545483e-05,0.0,nan,nan,nan
1631.288,1.545622e-05,0.0,nan,nan,nan
1631.371,1.545264e-05,0.0,nan,nan,nan
1631.455,1.545546e-05,0.0,nan,nan,nan
1631.538,1.545779e-05,0.0,nan,nan,nan
1631.622,1.545514e-05,0.0,nan,nan,nan
1631.722,1.545537e-05,0.0,nan,nan,nan
1631.806,1.545644e-05,0.0,nan,nan,nan
1631.89,1.545602e-05,0.0,nan,nan,nan
1631.996,1.545957e-05,0.0,nan,nan,nan
1632.08,1.546037e-05,0.0,nan,nan,nan
1632.164,1.545671e-05,0.0,nan,nan,nan
1632.248,1.546122e-05,0.0,nan,nan,nan
1632.331,1.54599e-05,0.0,nan,nan,nan
1632.415,1.545567e-05,0.0,nan,nan,nan
1632.498,1.545755e-05,0.0,nan,nan,nan
1632.582,1.545896e-05,0.0,nan,nan,nan
1632.666,1.545684e-05,0.0,nan,nan,nan
1632.75,1.545422e-05,0.0,nan,nan,nan
1632.833,1.545641e-05,0.0,nan,nan,nan
1632.917,1.545884e-05,0.0,nan,nan,nan
1633.001,1.545651e-05,0.0,nan,nan,nan
1633.085,1.545559e-05,0.0,nan,nan,nan
1633.168,1.545349e-05,0.0,nan,nan,nan
1633.252,1.545744e-05,0.0,nan,nan,nan
1633.338,1.545858e-05,0.0,nan,nan,nan
1633.422,1.545501e-05,0.0,nan,nan,nan
1633.505,1.545743e-05,0.0,nan,nan,nan
1633.589,1.545782e-05,0.0,nan,nan,nan
1633.672,1.545596e-05,0.0,nan,nan,nan
1633.763,1.545863e-05,0.0,nan,nan,nan
1633.846,1.545745e-05,0.0,nan,nan,nan
1633.93,1.546408e-05,0.0,nan,nan,nan
1634.038,1.546403e-05,0.0,nan,nan,nan
1634.121,1.545946e-05,0.0,nan,nan,nan
1634.205,1.546186e-05,0.0,nan,nan,nan
1634.289,1.546168e-05,0.0,nan,nan,nan
1634.391,1.545634e-05,0.0,nan,nan,nan
1634.475,1.546064e-05,0.0,nan,nan,nan
1634.572,1.546066e-05,0.0,nan,nan,nan
1634.656,1.546069e-05,0.0,nan,nan,nan
1634.739,1.54598e-05,0.0,nan,nan,nan
1634.823,1.546285e-05,0.0,nan,nan,nan
1634.907,1.546525e-05,0.0,nan,nan,nan
1634.996,1.546265e-05,0.0,nan,nan,nan
1635.08,1.546248e-05,0.0,nan,nan,nan
1635.174,1.546139e-05,0.0,nan,nan,nan
1635.258,1.546135e-05,0.0,nan,nan,nan
1635.341,1.546083e-05,0.0,nan,nan,nan
1635.425,1.546157e-05,0.0,nan,nan,nan
1635.509,1.54619e-05,0.0,nan,nan,nan
1635.596,1.546093e-05,0.0,nan,nan,nan
1635.68,1.545823e-05,0.0,nan,nan,nan
1635.788,1.546037e-05,0.0,nan,nan,nan
1635.872,1.546191e-05,0.0,nan,nan,nan
1635.956,1.545833e-05,0.0,nan,nan,nan
1636.039,1.546598e-05,0.0,nan,nan,nan
1636.133,1.546062e-05,0.0,nan,nan,nan
1636.217,1.546127e-05,0.0,nan,nan,nan
1636.3,1.545999e-05,0.0,nan,nan,nan
1636.384,1.545904e-05,0.0,nan,nan,nan
1636.467,1.546016e-05,0.0,nan,nan,nan
1636.551,1.545904e-05,0.0,nan,nan,nan
1636.635,1.545729e-05,0.0,nan,nan,nan
1636.718,1.545977e-05,0.0,nan,nan,nan
1636.82,1.546227e-05,0.0,nan,nan,nan
1636.904,1.545673e-05,0.0,nan,nan,nan
1636.988,1.54568e-05,0.0,nan,nan,nan
1637.072,1.545724e-05,0.0,nan,nan,nan
1637.155,1.545743e-05,0.0,nan,nan,nan
1637.256,1.546112e-05,0.0,nan,nan,nan
1637.339,1.545741e-05,0.0,nan,nan,nan
1637.443,1.546176e-05,0.0,nan,nan,nan
1637.526,1.546193e-05,0.0,nan,nan,nan
1637.612,1.545523e-05,0.0,nan,nan,nan
1637.696,1.545813e-05,0.0,nan,nan,nan
1637.78,1.545447e-05,0.0,nan,nan,nan
1637.863,1.545925e-05,0.0,nan,nan,nan
1637.947,1.545748e-05,0.0,nan,nan,nan
1638.048,1.545787e-05,0.0,nan,nan,nan
1638.131,1.545571e-05,0.0,nan,nan,nan
1638.215,1.545999e-05,0.0,nan,nan,nan
1638.299,1.54567e-05,0.0,nan,nan,nan
1638.382,1.546026e-05,0.0,nan,nan,nan
1638.479,1.546049e-05,0.0,nan,nan,nan
1638.562,1.545814e-05,0.0,nan,nan,nan
1638.652,1.546258e-05,0.0,nan,nan,nan
1638.736,1.546402e-05,0.0,nan,nan,nan
1638.82,1.546394e-05,0.0,nan,nan,nan
1638.903,1.546519e-05,0.0,nan,nan,nan
1638.987,1.545946e-05,0.0,nan,nan,nan
1639.076,1.545981e-05,0.0,nan,nan,nan
1639.159,1.546363e-05,0.0,nan,nan,nan
1639.246,1.546256e-05,0.0,nan,nan,nan
1639.33,1.546378e-05,0.0,nan,nan,nan
1639.413,1.546285e-05,0.0,nan,nan,nan
1639.497,1.546167e-05,0.0,nan,nan,nan
1639.58,1.546173e-05,0.0,nan,nan,nan
1639.664,1.546368e-05,0.0,nan,nan,nan
1639.748,1.545773e-05,0.0,nan,nan,nan
1639.831,1.546039e-05,0.0,nan,nan,nan
1639.915,1.546403e-05,0.0,nan,nan,nan
1639.998,1.546295e-05,0.0,nan,nan,nan
1640.1,1.54615e-05,0.0,nan,nan,nan
1640.183,1.546269e-05,0.0,nan,nan,nan
1640.267,1.546265e-05,0.0,nan,nan,nan
1640.351,1.546202e-05,0.0,nan,nan,nan
1640.435,1.546277e-05,0.0,nan,nan,nan
1640.519,1.546593e-05,0.0,nan,nan,nan
1640.603,1.546397e-05,0.0,nan,nan,nan
1640.71,1.546268e-05,0.0,nan,nan,nan
1640.794,1.546175e-05,0.0,nan,nan,nan
1640.907,1.546539e-05,0.0,nan,nan,nan
1640.991,1.546682e-05,0.0,nan,nan,nan
1641.074,1.546105e-05,0.0,nan,nan,nan
1641.158,1.545889e-05,0.0,nan,nan,nan
1641.242,1.54592e-05,0.0,nan,nan,nan
1641.328,1.545975e-05,0.0,nan,nan,nan
1641.411,1.546252e-05,0.0,nan,nan,nan
1641.514,1.546198e-05,0.0,nan,nan,nan
1641.598,1.546474e-05,0.0,nan,nan,nan
1641.681,1.546185e-05,0.0,nan,nan,nan
1641.765,1.546243e-05,0.0,nan,nan,nan
1641.849,1.546433e-05,0.0,nan,nan,nan
1641.932,1.546422e-05,0.0,nan,nan,nan
1642.016,1.546437e-05,0.0,nan,nan,nan
1642.121,1.545981e-05,0.0,nan,nan,nan
1642.205,1.546283e-05,0.0,nan,nan,nan
1642.327,1.546326e-05,0.0,nan,nan,nan
1642.411,1.546172e-05,0.0,nan,nan,nan
1642.495,1.545884e-05,0.0,nan,nan,nan
1642.578,1.545928e-05,0.0,nan,nan,nan
1642.662,1.54585e-05,0.0,nan,nan,nan
1642.745,1.545972e-05,0.0,nan,nan,nan
1642.829,1.546042e-05,0.0,nan,nan,nan
1642.913,1.546124e-05,0.0,nan,nan,nan
1642.996,1.545949e-05,0.0,nan,nan,nan
1643.08,1.546055e-05,0.0,nan,nan,nan
1643.164,1.546395e-05,0.0,nan,nan,nan
1643.247,1.545947e-05,0.0,nan,nan,nan
1643.345,1.545481e-05,0.0,nan,nan,nan
1643.429,1.545731e-05,0.0,nan,nan,nan
1643.512,1.545672e-05,0.0,nan,nan,nan
1643.596,1.545999e-05,0.0,nan,nan,nan
1643.68,1.545699e-05,0.0,nan,nan,nan
1643.763,1.545778e-05,0.0,nan,nan,nan
1643.847,1.545956e-05,0.0,nan,nan,nan
1643.93,1.545855e-05,0.0,nan,nan,nan
1644.014,1.545838e-05,0.0,nan,nan,nan
1644.098,1.545853e-05,0.0,nan,nan,nan
1644.182,1.546176e-05,0.0,nan,nan,nan
1644.266,1.545982e-05,0.0,nan,nan,nan
1644.388,1.545965e-05,0.0,nan,nan,nan
1644.472,1.546073e-05,0.0,nan,nan,nan
1644.561,1.546567e-05,0.0,nan,nan,nan
1644.645,1.546349e-05,0.0,nan,nan,nan
1644.729,1.54593e-05,0.0,nan,nan,nan
1644.812,1.545678e-05,0.0,nan,nan,nan
1644.896,1.54625e-05,0.0,nan,nan,nan
1644.98,1.546055e-05,0.0,nan,nan,nan
1645.063,1.545926e-05,0.0,nan,nan,nan
1645.147,1.545767e-05,0.0,nan,nan,nan
1645.231,1.5457e-05,0.0,nan,nan,nan
1645.315,1.545969e-05,0.0,nan,nan,nan
1645.398,1.545882e-05,0.0,nan,nan,nan
1645.482,1.545755e-05,0.0,nan,nan,nan
1645.572,1.546224e-05,0.0,nan,nan,nan
1645.655,1.545954e-05,0.0,nan,nan,nan
1645.74,1.545883e-05,0.0,nan,nan,nan
1645.824,1.545912e-05,0.0,nan,nan,nan
1645.908,1.545971e-05,0.0,nan,nan,nan
1645.991,1.545646e-05,0.0,nan,nan,nan
1646.075,1.546002e-05,0.0,nan,nan,nan
1646.159,1.546143e-05,0.0,nan,nan,nan
1646.243,1.546076e-05,0.0,nan,nan,nan
1646.326,1.545634e-05,0.0,nan,nan,nan
1646.41,1.545946e-05,0.0,nan,nan,nan
1646.494,1.545914e-05,0.0,nan,nan,nan
1646.594,1.545993e-05,0.0,nan,nan,nan
1646.678,1.546154e-05,0.0,nan,nan,nan
1646.761,1.546213e-05,0.0,nan,nan,nan
1646.845,1.546476e-05,0.0,nan,nan,nan
1646.929,1.5461e-05,0.0,nan,nan,nan
1647.012,1.546241e-05,0.0,nan,nan,nan
1647.096,1.545891e-05,0.0,nan,nan,nan
1647.181,1.545965e-05,0.0,nan,nan,nan
1647.264,1.545832e-05,0.0,nan,nan,nan
1647.348,1.545975e-05,0.0,nan,nan,nan
1647.432,1.546032e-05,0.0,nan,nan,nan
1647.515,1.546549e-05,0.0,nan,nan,nan
1647.611,1.546184e-05,0.0,nan,nan,nan
1647.694,1.546102e-05,0.0,nan,nan,nan
1647.8,1.546296e-05,0.0,nan,nan,nan
1647.883,1.545952e-05,0.0,nan,nan,nan
1647.967,1.54603e-05,0.0,nan,nan,nan
1648.051,1.546064e-05,0.0,nan,nan,nan
1648.135,1.545781e-05,0.0,nan,nan,nan
1648.225,1.545999e-05,0.0,nan,nan,nan
1648.308,1.545673e-05,0.0,nan,nan,nan
1648.392,1.545864e-05,0.0,nan,nan,nan
1648.521,1.545667e-05,0.0,nan,nan,nan
1648.625,1.545761e-05,0.0,nan,nan,nan
1648.709,1.54562e-05,0.0,nan,nan,nan
1648.793,1.545918e-05,0.0,nan,nan,nan
1648.877,1.546275e-05,0.0,nan,nan,nan
1648.96,1.545903e-05,0.0,nan,nan,nan
1649.044,1.545795e-05,0.0,nan,nan,nan
1649.128,1.545736e-05,0.0,nan,nan,nan
1649.213,1.545958e-05,0.0,nan,nan,nan
1649.297,1.54586e-05,0.0,nan,nan,nan
1649.381,1.545993e-05,0.0,nan,nan,nan
1649.464,1.545777e-05,0.0,nan,nan,nan
1649.548,1.546009e-05,0.0,nan,nan,nan
1649.649,1.545886e-05,0.0,nan,nan,nan
1649.732,1.54632e-05,0.0,nan,nan,nan
1649.822,1.54581e-05,0.0,nan,nan,nan
1649.905,1.54627e-05,0.0,nan,nan,nan
1649.989,1.546336e-05,0.0,nan,nan,nan
1650.073,1.546078e-05,0.0,nan,nan,nan
1650.156,1.545865e-05,0.0,nan,nan,nan
1650.256,1.545838e-05,0.0,nan,nan,nan
1650.34,1.545675e-05,0.0,nan,nan,nan
1650.423,1.546169e-05,0.0,nan,nan,nan
1650.507,1.546018e-05,0.0,nan,nan,nan
1650.598,1.545734e-05,0.0,nan,nan,nan
1650.681,1.545688e-05,0.0,nan,nan,nan
1650.765,1.545987e-05,0.0,nan,nan,nan
1650.848,1.545608e-05,0.0,nan,nan,nan
1650.932,1.545416e-05,0.0,nan,nan,nan
1651.016,1.545939e-05,0.0,nan,nan,nan
1651.099,1.545533e-05,0.0,nan,nan,nan
1651.183,1.545417e-05,0.0,nan,nan,nan
1651.272,1.545062e-05,0.0,nan,nan,nan
1651.356,1.545587e-05,0.0,nan,nan,nan
1651.44,1.545837e-05,0.0,nan,nan,nan
1651.523,1.545838e-05,0.0,nan,nan,nan
1651.607,1.545974e-05,0.0,nan,nan,nan
1651.691,1.54561e-05,0.0,nan,nan,nan
1651.774,1.545848e-05,0.0,nan,nan,nan
1651.858,1.545653e-05,0.0,nan,nan,nan
1651.942,1.546031e-05,0.0,nan,nan,nan
1652.027,1.545927e-05,0.0,nan,nan,nan
1652.112,1.546128e-05,0.0,nan,nan,nan
1652.196,1.546156e-05,0.0,nan,nan,nan
1652.294,1.54625e-05,0.0,nan,nan,nan
1652.378,1.545993e-05,0.0,nan,nan,nan
1652.462,1.545723e-05,0.0,nan,nan,nan
1652.545,1.545912e-05,0.0,nan,nan,nan
1652.671,1.545963e-05,0.0,nan,nan,nan
1652.756,1.545876e-05,0.0,nan,nan,nan
1652.839,1.545825e-05,0.0,nan,nan,nan
1652.924,1.54571e-05,0.0,nan,nan,nan
1653.008,1.546064e-05,0.0,nan,nan,nan
1653.093,1.546029e-05,0.0,nan,nan,nan
1653.177,1.546088e-05,0.0,nan,nan,nan
1653.26,1.546179e-05,0.0,nan,nan,nan
1653.344,1.546269e-05,0.0,nan,nan,nan
1653.428,1.546406e-05,0.0,nan,nan,nan
1653.522,1.545947e-05,0.0,nan,nan,nan
1653.606,1.546309e-05,0.0,nan,nan,nan
1653.69,1.546441e-05,0.0,nan,nan,nan
1653.773,1.54642e-05,0.0,nan,nan,nan
1653.857,1.546325e-05,0.0,nan,nan,nan
1653.941,1.546178e-05,0.0,nan,nan,nan
1654.024,1.546337e-05,0.0,nan,nan,nan
1654.109,1.546272e-05,0.0,nan,nan,nan
1654.193,1.546315e-05,0.0,nan,nan,nan
1654.276,1.546597e-05,0.0,nan,nan,nan
1654.36,1.546062e-05,0.0,nan,nan,nan
1654.444,1.546139e-05,0.0,nan,nan,nan
1654.535,1.546001e-05,0.0,nan,nan,nan
1654.618,1.546087e-05,0.0,nan,nan,nan
1654.702,1.546269e-05,0.0,nan,nan,nan
1654.785,1.545952e-05,0.0,nan,nan,nan
1654.869,1.545855e-05,0.0,nan,nan,nan
1654.974,1.545807e-05,0.0,nan,nan,nan
1655.057,1.545714e-05,0.0,nan,nan,nan
1655.141,1.546101e-05,0.0,nan,nan,nan
1655.225,1.546222e-05,0.0,nan,nan,nan
1655.308,1.546204e-05,0.0,nan,nan,nan
1655.392,1.546081e-05,0.0,nan,nan,nan
1655.476,1.546053e-05,0.0,nan,nan,nan
1655.583,1.546077e-05,0.0,nan,nan,nan
1655.667,1.545958e-05,0.0,nan,nan,nan
1655.751,1.546212e-05,0.0,nan,nan,nan
1655.835,1.545981e-05,0.0,nan,nan,nan
1655.918,1.546178e-05,0.0,nan,nan,nan
1656.002,1.545819e-05,0.0,nan,nan,nan
1656.086,1.545967e-05,0.0,nan,nan,nan
1656.175,1.546466e-05,0.0,nan,nan,nan
1656.259,1.546734e-05,0.0,nan,nan,nan
1656.343,1.546368e-05,0.0,nan,nan,nan
1656.427,1.546204e-05,0.0,nan,nan,nan
1656.511,1.546235e-05,0.0,nan,nan,nan
1656.594,1.546075e-05,0.0,nan,nan,nan
1656.678,1.546304e-05,0.0,nan,nan,nan
1656.762,1.545895e-05,0.0,nan,nan,nan
1656.862,1.545781e-05,0.0,nan,nan,nan
1656.945,1.545807e-05,0.0,nan,nan,nan
1657.029,1.545849e-05,0.0,nan,nan,nan
1657.113,1.545871e-05,0.0,nan,nan,nan
1657.197,1.545735e-05,0.0,nan,nan,nan
1657.281,1.545912e-05,0.0,nan,nan,nan
1657.364,1.545793e-05,0.0,nan,nan,nan
1657.448,1.546003e-05,0.0,nan,nan,nan
1657.532,1.545948e-05,0.0,nan,nan,nan
1657.621,1.546226e-05,0.0,nan,nan,nan
1657.705,1.546262e-05,0.0,nan,nan,nan
1657.788,1.546107e-05,0.0,nan,nan,nan
1657.872,1.546121e-05,0.0,nan,nan,nan
1657.955,1.545763e-05,0.0,nan,nan,nan
1658.038,1.546468e-05,0.0,nan,nan,nan
1658.122,1.54656e-05,0.0,nan,nan,nan
1658.206,1.546441e-05,0.0,nan,nan,nan
1658.29,1.546055e-05,0.0,nan,nan,nan
1658.373,1.54611e-05,0.0,nan,nan,nan
1658.457,1.546615e-05,0.0,nan,nan,nan
1658.541,1.54628e-05,0.0,nan,nan,nan
1658.644,1.546482e-05,0.0,nan,nan,nan
1658.728,1.546167e-05,0.0,nan,nan,nan
1658.812,1.546719e-05,0.0,nan,nan,nan
1658.912,1.546312e-05,0.0,nan,nan,nan
1658.997,1.546025e-05,0.0,nan,nan,nan
1659.08,1.546224e-05,0.0,nan,nan,nan
1659.164,1.546043e-05,0.0,nan,nan,nan
1659.259,1.546358e-05,0.0,nan,nan,nan
1659.343,1.546127e-05,0.0,nan,nan,nan
1659.428,1.546426e-05,0.0,nan,nan,nan
1659.511,1.546263e-05,0.0,nan,nan,nan
1659.595,1.546326e-05,0.0,nan,nan,nan
1659.678,1.546192e-05,0.0,nan,nan,nan
1659.762,1.546413e-05,0.0,nan,nan,nan
1659.848,1.546449e-05,0.0,nan,nan,nan
1659.932,1.546171e-05,0.0,nan,nan,nan
1660.016,1.54608e-05,0.0,nan,nan,nan
1660.099,1.54642e-05,0.0,nan,nan,nan
1660.183,1.546288e-05,0.0,nan,nan,nan
1660.271,1.546329e-05,0.0,nan,nan,nan
1660.355,1.546365e-05,0.0,nan,nan,nan
1660.439,1.546055e-05,0.0,nan,nan,nan
1660.522,1.545854e-05,0.0,nan,nan,nan
1660.606,1.545866e-05,0.0,nan,nan,nan
1660.689,1.546395e-05,0.0,nan,nan,nan
1660.773,1.546364e-05,0.0,nan,nan,nan
1660.856,1.545855e-05,0.0,nan,nan,nan
1660.97,1.54596e-05,0.0,nan,nan,nan
1661.053,1.545916e-05,0.0,nan,nan,nan
1661.137,1.545616e-05,0.0,nan,nan,nan
1661.221,1.546268e-05,0.0,nan,nan,nan
1661.304,1.546376e-05,0.0,nan,nan,nan
1661.388,1.546506e-05,0.0,nan,nan,nan
1661.484,1.546083e-05,0.0,nan,nan,nan
1661.568,1.546135e-05,0.0,nan,nan,nan
1661.652,1.546321e-05,0.0,nan,nan,nan
1661.736,1.546205e-05,0.0,nan,nan,nan
1661.819,1.546365e-05,0.0,nan,nan,nan
1661.923,1.546519e-05,0.0,nan,nan,nan
1662.007,1.546457e-05,0.0,nan,nan,nan
1662.102,1.546285e-05,0.0,nan,nan,nan
1662.186,1.546345e-05,0.0,nan,nan,nan
1662.269,1.546406e-05,0.0,nan,nan,nan
1662.353,1.546676e-05,0.0,nan,nan,nan
1662.437,1.546333e-05,0.0,nan,nan,nan
1662.52,1.546316e-05,0.0,nan,nan,nan
1662.604,1.546073e-05,0.0,nan,nan,nan
1662.688,1.545907e-05,0.0,nan,nan,nan
1662.771,1.545597e-05,0.0,nan,nan,nan
1662.858,1.546223e-05,0.0,nan,nan,nan
1662.941,1.546181e-05,0.0,nan,nan,nan
1663.026,1.545617e-05,0.0,nan,nan,nan
1663.129,1.546063e-05,0.0,nan,nan,nan
1663.213,1.54567e-05,0.0,nan,nan,nan
1663.296,1.546296e-05,0.0,nan,nan,nan
1663.38,1.546065e-05,0.0,nan,nan,nan
1663.464,1.546292e-05,0.0,nan,nan,nan
1663.548,1.54645e-05,0.0,nan,nan,nan
1663.631,1.546196e-05,0.0,nan,nan,nan
1663.715,1.546234e-05,0.0,nan,nan,nan
1663.799,1.546023e-05,0.0,nan,nan,nan
1663.882,1.546205e-05,0.0,nan,nan,nan
1663.966,1.546299e-05,0.0,nan,nan,nan
1664.05,1.545904e-05,0.0,nan,nan,nan
1664.133,1.546324e-05,0.0,nan,nan,nan
1664.217,1.546273e-05,0.0,nan,nan,nan
1664.301,1.546162e-05,0.0,nan,nan,nan
1664.385,1.546007e-05,0.0,nan,nan,nan
1664.468,1.545937e-05,0.0,nan,nan,nan
1664.552,1.545865e-05,0.0,nan,nan,nan
1664.636,1.546685e-05,0.0,nan,nan,nan
1664.721,1.545967e-05,0.0,nan,nan,nan
1664.805,1.546461e-05,0.0,nan,nan,nan
1664.888,1.546519e-05,0.0,nan,nan,nan
1664.985,1.546423e-05,0.0,nan,nan,nan
1665.085,1.546372e-05,0.0,nan,nan,nan
1665.176,1.546394e-05,0.0,nan,nan,nan
1665.26,1.546692e-05,0.0,nan,nan,nan
1665.344,1.546614e-05,0.0,nan,nan,nan
1665.427,1.54693e-05,0.0,nan,nan,nan
1665.511,1.546895e-05,0.0,nan,nan,nan
1665.596,1.547106e-05,0.0,nan,nan,nan
1665.68,1.546548e-05,0.0,nan,nan,nan
1665.782,1.546417e-05,0.0,nan,nan,nan
1665.866,1.546337e-05,0.0,nan,nan,nan
1665.952,1.546767e-05,0.0,nan,nan,nan
1666.035,1.546695e-05,0.0,nan,nan,nan
1666.119,1.546337e-05,0.0,nan,nan,nan
1666.203,1.546365e-05,0.0,nan,nan,nan
1666.287,1.546352e-05,0.0,nan,nan,nan
1666.37,1.546385e-05,0.0,nan,nan,nan
1666.454,1.546357e-05,0.0,nan,nan,nan
1666.537,1.546555e-05,0.0,nan,nan,nan
1666.621,1.546745e-05,0.0,nan,nan,nan
1666.704,1.546432e-05,0.0,nan,nan,nan
1666.799,1.546137e-05,0.0,nan,nan,nan
1666.883,1.546697e-05,0.0,nan,nan,nan
1666.966,1.54648e-05,0.0,nan,nan,nan
1667.05,1.546425e-05,0.0,nan,nan,nan
1667.151,1.546571e-05,0.0,nan,nan,nan
1667.235,1.546385e-05,0.0,nan,nan,nan
1667.318,1.546755e-05,0.0,nan,nan,nan
1667.416,1.546264e-05,0.0,nan,nan,nan
1667.5,1.546369e-05,0.0,nan,nan,nan
1667.584,1.546447e-05,0.0,nan,nan,nan
1667.667,1.546021e-05,0.0,nan,nan,nan
1667.751,1.546357e-05,0.0,nan,nan,nan
1667.835,1.546025e-05,0.0,nan,nan,nan
1667.918,1.546146e-05,0.0,nan,nan,nan
1668.002,1.546622e-05,0.0,nan,nan,nan
1668.086,1.546648e-05,0.0,nan,nan,nan
1668.17,1.54656e-05,0.0,nan,nan,nan
1668.253,1.546521e-05,0.0,nan,nan,nan
1668.337,1.546672e-05,0.0,nan,nan,nan
1668.439,1.54681e-05,0.0,nan,nan,nan
1668.522,1.54669e-05,0.0,nan,nan,nan
1668.606,1.546351e-05,0.0,nan,nan,nan
1668.689,1.546676e-05,0.0,nan,nan,nan
1668.773,1.546892e-05,0.0,nan,nan,nan
1668.856,1.546584e-05,0.0,nan,nan,nan
1668.94,1.546315e-05,0.0,nan,nan,nan
1669.036,1.545942e-05,0.0,nan,nan,nan
1669.119,1.546175e-05,0.0,nan,nan,nan
1669.21,1.546393e-05,0.0,nan,nan,nan
1669.293,1.546452e-05,0.0,nan,nan,nan
1669.377,1.546691e-05,0.0,nan,nan,nan
1669.461,1.546303e-05,0.0,nan,nan,nan
1669.544,1.546578e-05,0.0,nan,nan,nan
1669.628,1.546404e-05,0.0,nan,nan,nan
1669.711,1.546516e-05,0.0,nan,nan,nan
1669.796,1.546482e-05,0.0,nan,nan,nan
1669.879,1.546513e-05,0.0,nan,nan,nan
1669.963,1.546714e-05,0.0,nan,nan,nan
1670.057,1.546371e-05,0.0,nan,nan,nan
1670.141,1.545968e-05,0.0,nan,nan,nan
1670.224,1.546124e-05,0.0,nan,nan,nan
1670.308,1.546101e-05,0.0,nan,nan,nan
1670.391,1.545982e-05,0.0,nan,nan,nan
1670.476,1.546464e-05,0.0,nan,nan,nan
1670.56,1.546196e-05,0.0,nan,nan,nan
1670.643,1.54636e-05,0.0,nan,nan,nan
1670.727,1.546177e-05,0.0,nan,nan,nan
1670.811,1.546113e-05,0.0,nan,nan,nan
1670.894,1.546568e-05,0.0,nan,nan,nan
1670.978,1.546034e-05,0.0,nan,nan,nan
1671.073,1.546049e-05,0.0,nan,nan,nan
1671.156,1.546064e-05,0.0,nan,nan,nan
1671.271,1.545712e-05,0.0,nan,nan,nan
1671.354,1.545972e-05,0.0,nan,nan,nan
1671.438,1.546061e-05,0.0,nan,nan,nan
1671.522,1.546015e-05,0.0,nan,nan,nan
1671.605,1.546313e-05,0.0,nan,nan,nan
1671.702,1.546034e-05,0.0,nan,nan,nan
1671.786,1.545714e-05,0.0,nan,nan,nan
1671.872,1.545804e-05,0.0,nan,nan,nan
1671.955,1.546574e-05,0.0,nan,nan,nan
1672.038,1.546219e-05,0.0,nan,nan,nan
1672.122,1.54635e-05,0.0,nan,nan,nan
1672.205,1.546593e-05,0.0,nan,nan,nan
1672.293,1.546273e-05,0.0,nan,nan,nan
1672.377,1.546478e-05,0.0,nan,nan,nan
1672.461,1.546502e-05,0.0,nan,nan,nan
1672.544,1.545994e-05,0.0,nan,nan,nan
1672.628,1.545937e-05,0.0,nan,nan,nan
1672.73,1.546066e-05,0.0,nan,nan,nan
1672.813,1.545788e-05,0.0,nan,nan,nan
1672.897,1.546017e-05,0.0,nan,nan,nan
1672.98,1.545791e-05,0.0,nan,nan,nan
1673.064,1.545933e-05,0.0,nan,nan,nan
1673.148,1.546111e-05,0.0,nan,nan,nan
1673.231,1.546165e-05,0.0,nan,nan,nan
1673.337,1.545987e-05,0.0,nan,nan,nan
1673.421,1.546114e-05,0.0,nan,nan,nan
1673.514,1.546429e-05,0.0,nan,nan,nan
1673.597,1.545984e-05,0.0,nan,nan,nan
1673.681,1.546329e-05,0.0,nan,nan,nan
1673.765,1.546719e-05,0.0,nan,nan,nan
1673.848,1.546713e-05,0.0,nan,nan,nan
1673.933,1.546658e-05,0.0,nan,nan,nan
1674.016,1.546569e-05,0.0,nan,nan,nan
1674.1,1.545985e-05,0.0,nan,nan,nan
1674.183,1.546403e-05,0.0,nan,nan,nan
1674.267,1.546555e-05,0.0,nan,nan,nan
1674.35,1.546416e-05,0.0,nan,nan,nan
1674.434,1.546813e-05,0.0,nan,nan,nan
1674.531,1.546517e-05,0.0,nan,nan,nan
1674.614,1.546094e-05,0.0,nan,nan,nan
1674.698,1.546442e-05,0.0,nan,nan,nan
1674.781,1.546215e-05,0.0,nan,nan,nan
1674.865,1.545889e-05,0.0,nan,nan,nan
1674.961,1.546552e-05,0.0,nan,nan,nan
1675.044,1.546615e-05,0.0,nan,nan,nan
1675.131,1.545989e-05,0.0,nan,nan,nan
1675.214,1.545961e-05,0.0,nan,nan,nan
1675.298,1.546396e-05,0.0,nan,nan,nan
1675.415,1.545819e-05,0.0,nan,nan,nan
1675.499,1.546272e-05,0.0,nan,nan,nan
1675.582,1.546416e-05,0.0,nan,nan,nan
1675.666,1.546175e-05,0.0,nan,nan,nan
1675.763,1.546369e-05,0.0,nan,nan,nan
1675.846,1.546204e-05,0.0,nan,nan,nan
1675.93,1.546199e-05,0.0,nan,nan,nan
1676.013,1.546457e-05,0.0,nan,nan,nan
1676.097,1.546494e-05,0.0,nan,nan,nan
1676.181,1.546237e-05,0.0,nan,nan,nan
1676.264,1.546468e-05,0.0,nan,nan,nan
1676.348,1.546336e-05,0.0,nan,nan,nan
1676.432,1.546432e-05,0.0,nan,nan,nan
1676.516,1.546095e-05,0.0,nan,nan,nan
1676.599,1.545994e-05,0.0,nan,nan,nan
1676.683,1.546198e-05,0.0,nan,nan,nan
1676.771,1.545875e-05,0.0,nan,nan,nan
1676.855,1.546131e-05,0.0,nan,nan,nan
1676.938,1.546362e-05,0.0,nan,nan,nan
1677.022,1.546302e-05,0.0,nan,nan,nan
1677.105,1.546173e-05,0.0,nan,nan,nan
1677.196,1.546346e-05,0.0,nan,nan,nan
1677.28,1.546267e-05,0.0,nan,nan,nan
1677.366,1.546315e-05,0.0,nan,nan,nan
1677.487,1.545778e-05,0.0,nan,nan,nan
1677.573,1.546087e-05,0.0,nan,nan,nan
1677.657,1.5459e-05,0.0,nan,nan,nan
1677.742,1.545921e-05,0.0,nan,nan,nan
1677.826,1.546278e-05,0.0,nan,nan,nan
1677.91,1.546338e-05,0.0,nan,nan,nan
1678.013,1.546311e-05,0.0,nan,nan,nan
1678.097,1.546235e-05,0.0,nan,nan,nan
1678.18,1.545875e-05,0.0,nan,nan,nan
1678.264,1.545676e-05,0.0,nan,nan,nan
1678.348,1.545565e-05,0.0,nan,nan,nan
1678.431,1.545923e-05,0.0,nan,nan,nan
1678.515,1.54592e-05,0.0,nan,nan,nan
1678.599,1.545961e-05,0.0,nan,nan,nan
1678.683,1.545585e-05,0.0,nan,nan,nan
1678.766,1.54605e-05,0.0,nan,nan,nan
1678.85,1.54544e-05,0.0,nan,nan,nan
1678.934,1.545733e-05,0.0,nan,nan,nan
1679.017,1.545648e-05,0.0,nan,nan,nan
1679.101,1.545756e-05,0.0,nan,nan,nan
1679.184,1.545668e-05,0.0,nan,nan,nan
1679.268,1.545676e-05,0.0,nan,nan,nan
1679.352,1.545905e-05,0.0,nan,nan,nan
1679.436,1.545592e-05,0.0,nan,nan,nan
1679.555,1.545375e-05,0.0,nan,nan,nan
1679.644,1.546011e-05,0.0,nan,nan,nan
1679.728,1.545374e-05,0.0,nan,nan,nan
1679.812,1.545496e-05,0.0,nan,nan,nan
1679.896,1.545813e-05,0.0,nan,nan,nan
1679.979,1.545683e-05,0.0,nan,nan,nan
1680.063,1.545896e-05,0.0,nan,nan,nan
1680.147,1.545861e-05,0.0,nan,nan,nan
1680.231,1.545756e-05,0.0,nan,nan,nan
1680.315,1.545827e-05,0.0,nan,nan,nan
1680.398,1.546124e-05,0.0,nan,nan,nan
1680.482,1.545874e-05,0.0,nan,nan,nan
1680.566,1.545242e-05,0.0,nan,nan,nan
1680.649,1.545514e-05,0.0,nan,nan,nan
1680.733,1.545837e-05,0.0,nan,nan,nan
1680.817,1.545651e-05,0.0,nan,nan,nan
1680.9,1.545836e-05,0.0,nan,nan,nan
1680.984,1.546026e-05,0.0,nan,nan,nan
1681.08,1.546015e-05,0.0,nan,nan,nan
1681.164,1.545868e-05,0.0,nan,nan,nan
1681.248,1.546159e-05,0.0,nan,nan,nan
1681.331,1.545943e-05,0.0,nan,nan,nan
1681.415,1.546136e-05,0.0,nan,nan,nan
1681.499,1.545879e-05,0.0,nan,nan,nan
1681.604,1.546089e-05,0.0,nan,nan,nan
1681.7,1.546081e-05,0.0,nan,nan,nan
1681.784,1.546142e-05,0.0,nan,nan,nan
1681.886,1.545948e-05,0.0,nan,nan,nan
1681.97,1.545747e-05,0.0,nan,nan,nan
1682.053,1.545608e-05,0.0,nan,nan,nan
1682.137,1.545536e-05,0.0,nan,nan,nan
1682.221,1.54597e-05,0.0,nan,nan,nan
1682.304,1.545721e-05,0.0,nan,nan,nan
1682.388,1.545752e-05,0.0,nan,nan,nan
1682.471,1.545794e-05,0.0,nan,nan,nan
1682.555,1.545789e-05,0.0,nan,nan,nan
1682.638,1.54527e-05,0.0,nan,nan,nan
1682.727,1.545616e-05,0.0,nan,nan,nan
1682.811,1.54549e-05,0.0,nan,nan,nan
1682.897,1.545587e-05,0.0,nan,nan,nan
1682.981,1.546125e-05,0.0,nan,nan,nan
1683.065,1.546025e-05,0.0,nan,nan,nan
1683.148,1.546006e-05,0.0,nan,nan,nan
1683.232,1.545941e-05,0.0,nan,nan,nan
1683.316,1.546298e-05,0.0,nan,nan,nan
1683.399,1.545816e-05,0.0,nan,nan,nan
1683.483,1.545836e-05,0.0,nan,nan,nan
1683.566,1.54568e-05,0.0,nan,nan,nan
1683.687,1.545653e-05,0.0,nan,nan,nan
1683.791,1.54604e-05,0.0,nan,nan,nan
1683.876,1.545246e-05,0.0,nan,nan,nan
1683.96,1.545651e-05,0.0,nan,nan,nan
1684.043,1.54579e-05,0.0,nan,nan,nan
1684.134,1.545366e-05,0.0,nan,nan,nan
1684.218,1.545352e-05,0.0,nan,nan,nan
1684.302,1.545136e-05,0.0,nan,nan,nan
1684.386,1.545503e-05,0.0,nan,nan,nan
1684.469,1.546201e-05,0.0,nan,nan,nan
1684.553,1.545245e-05,0.0,nan,nan,nan
1684.636,1.545999e-05,0.0,nan,nan,nan
1684.721,1.545779e-05,0.0,nan,nan,nan
1684.805,1.545889e-05,0.0,nan,nan,nan
1684.889,1.54571e-05,0.0,nan,nan,nan
1684.972,1.545672e-05,0.0,nan,nan,nan
1685.056,1.545763e-05,0.0,nan,nan,nan
1685.14,1.546094e-05,0.0,nan,nan,nan
1685.223,1.545981e-05,0.0,nan,nan,nan
1685.308,1.54589e-05,0.0,nan,nan,nan
1685.392,1.545636e-05,0.0,nan,nan,nan
1685.476,1.545564e-05,0.0,nan,nan,nan
1685.568,1.546092e-05,0.0,nan,nan,nan
1685.652,1.546067e-05,0.0,nan,nan,nan
1685.735,1.545879e-05,0.0,nan,nan,nan
1685.819,1.545918e-05,0.0,nan,nan,nan
1685.903,1.545824e-05,0.0,nan,nan,nan
1686.005,1.546166e-05,0.0,nan,nan,nan
1686.089,1.546064e-05,0.0,nan,nan,nan
1686.181,1.54549e-05,0.0,nan,nan,nan
1686.264,1.546301e-05,0.0,nan,nan,nan
1686.348,1.545949e-05,0.0,nan,nan,nan
1686.432,1.546295e-05,0.0,nan,nan,nan
1686.516,1.546004e-05,0.0,nan,nan,nan
1686.601,1.545976e-05,0.0,nan,nan,nan
1686.684,1.546498e-05,0.0,nan,nan,nan
1686.787,1.545978e-05,0.0,nan,nan,nan
1686.871,1.545789e-05,0.0,nan,nan,nan
1686.955,1.545637e-05,0.0,nan,nan,nan
1687.038,1.545633e-05,0.0,nan,nan,nan
1687.122,1.545591e-05,0.0,nan,nan,nan
1687.227,1.545919e-05,0.0,nan,nan,nan
1687.311,1.546163e-05,0.0,nan,nan,nan
1687.396,1.545802e-05,0.0,nan,nan,nan
1687.48,1.545833e-05,0.0,nan,nan,nan
1687.564,1.545791e-05,0.0,nan,nan,nan
1687.648,1.546216e-05,0.0,nan,nan,nan
1687.731,1.546169e-05,0.0,nan,nan,nan
1687.854,1.546269e-05,0.0,nan,nan,nan
1687.938,1.545817e-05,0.0,nan,nan,nan
1688.038,1.545776e-05,0.0,nan,nan,nan
1688.122,1.545931e-05,0.0,nan,nan,nan
1688.205,1.546107e-05,0.0,nan,nan,nan
1688.289,1.546225e-05,0.0,nan,nan,nan
1688.372,1.546133e-05,0.0,nan,nan,nan
1688.469,1.545991e-05,0.0,nan,nan,nan
1688.553,1.545944e-05,0.0,nan,nan,nan
1688.636,1.545757e-05,0.0,nan,nan,nan
1688.72,1.545701e-05,0.0,nan,nan,nan
1688.804,1.545815e-05,0.0,nan,nan,nan
1688.887,1.545805e-05,0.0,nan,nan,nan
1688.971,1.546118e-05,0.0,nan,nan,nan
1689.081,1.546386e-05,0.0,nan,nan,nan
1689.165,1.545971e-05,0.0,nan,nan,nan
1689.248,1.546118e-05,0.0,nan,nan,nan
1689.332,1.546215e-05,0.0,nan,nan,nan
1689.416,1.5463e-05,0.0,nan,nan,nan
1689.499,1.546699e-05,0.0,nan,nan,nan
1689.583,1.546407e-05,0.0,nan,nan,nan
1689.689,1.545832e-05,0.0,nan,nan,nan
1689.773,1.546223e-05,0.0,nan,nan,nan
1689.856,1.545975e-05,0.0,nan,nan,nan
1689.952,1.546211e-05,0.0,nan,nan,nan
1690.036,1.546059e-05,0.0,nan,nan,nan
1690.119,1.545913e-05,0.0,nan,nan,nan
1690.203,1.545857e-05,0.0,nan,nan,nan
1690.3,1.54596e-05,0.0,nan,nan,nan
1690.384,1.545822e-05,0.0,nan,nan,nan
1690.468,1.54564e-05,0.0,nan,nan,nan
1690.552,1.545662e-05,0.0,nan,nan,nan
1690.636,1.545898e-05,0.0,nan,nan,nan
1690.735,1.545287e-05,0.0,nan,nan,nan
1690.819,1.545611e-05,0.0,nan,nan,nan
1690.902,1.546084e-05,0.0,nan,nan,nan
1690.986,1.545927e-05,0.0,nan,nan,nan
1691.071,1.546113e-05,0.0,nan,nan,nan
1691.155,1.546189e-05,0.0,nan,nan,nan
1691.238,1.545877e-05,0.0,nan,nan,nan
1691.324,1.545534e-05,0.0,nan,nan,nan
1691.408,1.545842e-05,0.0,nan,nan,nan
1691.492,1.545546e-05,0.0,nan,nan,nan
1691.576,1.545982e-05,0.0,nan,nan,nan
1691.66,1.546383e-05,0.0,nan,nan,nan
1691.745,1.546413e-05,0.0,nan,nan,nan
1691.829,1.54599e-05,0.0,nan,nan,nan
1691.912,1.545912e-05,0.0,nan,nan,nan
1692.001,1.546175e-05,0.0,nan,nan,nan
1692.085,1.545966e-05,0.0,nan,nan,nan
1692.169,1.546027e-05,0.0,nan,nan,nan
1692.252,1.545979e-05,0.0,nan,nan,nan
1692.336,1.546078e-05,0.0,nan,nan,nan
1692.42,1.546151e-05,0.0,nan,nan,nan
1692.503,1.546415e-05,0.0,nan,nan,nan
1692.587,1.546394e-05,0.0,nan,nan,nan
1692.671,1.545658e-05,0.0,nan,nan,nan
1692.755,1.546397e-05,0.0,nan,nan,nan
1692.839,1.546485e-05,0.0,nan,nan,nan
1692.922,1.546152e-05,0.0,nan,nan,nan
1693.005,1.545758e-05,0.0,nan,nan,nan
1693.089,1.546128e-05,0.0,nan,nan,nan
1693.179,1.54621e-05,0.0,nan,nan,nan
1693.263,1.545936e-05,0.0,nan,nan,nan
1693.347,1.546176e-05,0.0,nan,nan,nan
1693.431,1.546239e-05,0.0,nan,nan,nan
1693.514,1.545659e-05,0.0,nan,nan,nan
1693.598,1.54627e-05,0.0,nan,nan,nan
1693.682,1.546104e-05,0.0,nan,nan,nan
1693.768,1.545903e-05,0.0,nan,nan,nan
1693.851,1.546016e-05,0.0,nan,nan,nan
1693.935,1.545741e-05,0.0,nan,nan,nan
1694.038,1.545922e-05,0.0,nan,nan,nan
1694.121,1.545671e-05,0.0,nan,nan,nan
1694.205,1.545949e-05,0.0,nan,nan,nan
1694.289,1.546518e-05,0.0,nan,nan,nan
1694.4,1.546184e-05,0.0,nan,nan,nan
1694.484,1.545489e-05,0.0,nan,nan,nan
1694.588,1.545741e-05,0.0,nan,nan,nan
1694.672,1.545774e-05,0.0,nan,nan,nan
1694.755,1.545937e-05,0.0,nan,nan,nan
1694.839,1.545554e-05,0.0,nan,nan,nan
1694.922,1.545722e-05,0.0,nan,nan,nan
1695.006,1.546144e-05,0.0,nan,nan,nan
1695.09,1.545804e-05,0.0,nan,nan,nan
1695.174,1.546497e-05,0.0,nan,nan,nan
1695.258,1.546034e-05,0.0,nan,nan,nan
1695.345,1.546317e-05,0.0,nan,nan,nan
1695.428,1.546179e-05,0.0,nan,nan,nan
1695.512,1.546475e-05,0.0,nan,nan,nan
1695.618,1.546593e-05,0.0,nan,nan,nan
1695.702,1.546609e-05,0.0,nan,nan,nan
1695.788,1.546565e-05,0.0,nan,nan,nan
1695.872,1.546611e-05,0.0,nan,nan,nan
1695.956,1.546579e-05,0.0,nan,nan,nan
1696.039,1.546366e-05,0.0,nan,nan,nan
1696.123,1.546418e-05,0.0,nan,nan,nan
1696.206,1.546286e-05,0.0,nan,nan,nan
1696.29,1.545835e-05,0.0,nan,nan,nan
1696.374,1.546309e-05,0.0,nan,nan,nan
1696.457,1.54616e-05,0.0,nan,nan,nan
1696.541,1.546105e-05,0.0,nan,nan,nan
1696.634,1.546284e-05,0.0,nan,nan,nan
1696.717,1.54607e-05,0.0,nan,nan,nan
1696.801,1.545467e-05,0.0,nan,nan,nan
1696.885,1.545885e-05,0.0,nan,nan,nan
1696.968,1.545762e-05,0.0,nan,nan,nan
1697.052,1.545875e-05,0.0,nan,nan,nan
1697.135,1.545819e-05,0.0,nan,nan,nan
1697.219,1.545751e-05,0.0,nan,nan,nan
1697.303,1.545678e-05,0.0,nan,nan,nan
1697.386,1.545746e-05,0.0,nan,nan,nan
1697.47,1.546206e-05,0.0,nan,nan,nan
1697.554,1.545951e-05,0.0,nan,nan,nan
1697.637,1.54587e-05,0.0,nan,nan,nan
1697.721,1.545762e-05,0.0,nan,nan,nan
1697.805,1.545869e-05,0.0,nan,nan,nan
1697.888,1.545961e-05,0.0,nan,nan,nan
1697.972,1.546175e-05,0.0,nan,nan,nan
1698.065,1.545567e-05,0.0,nan,nan,nan
1698.171,1.546025e-05,0.0,nan,nan,nan
1698.273,1.54577e-05,0.0,nan,nan,nan
1698.357,1.54565e-05,0.0,nan,nan,nan
1698.44,1.54576e-05,0.0,nan,nan,nan
1698.524,1.545657e-05,0.0,nan,nan,nan
1698.607,1.545479e-05,0.0,nan,nan,nan
1698.691,1.545766e-05,0.0,nan,nan,nan
1698.775,1.545768e-05,0.0,nan,nan,nan
1698.86,1.545632e-05,0.0,nan,nan,nan
1698.943,1.545388e-05,0.0,nan,nan,nan
1699.027,1.54557e-05,0.0,nan,nan,nan
1699.111,1.545334e-05,0.0,nan,nan,nan
1699.195,1.545777e-05,0.0,nan,nan,nan
1699.288,1.545682e-05,0.0,nan,nan,nan
1699.372,1.545446e-05,0.0,nan,nan,nan
1699.455,1.545639e-05,0.0,nan,nan,nan
1699.539,1.545552e-05,0.0,nan,nan,nan
1699.623,1.544955e-05,0.0,nan,nan,nan
1699.723,1.545706e-05,0.0,nan,nan,nan
1699.807,1.54553e-05,0.0,nan,nan,nan
1699.892,1.545725e-05,0.0,nan,nan,nan
1699.975,1.545873e-05,0.0,nan,nan,nan
1700.06,1.545377e-05,0.0,nan,nan,nan
1700.143,1.545295e-05,0.0,nan,nan,nan
1700.231,1.545695e-05,0.0,nan,nan,nan
1700.32,1.545918e-05,0.0,nan,nan,nan
1700.404,1.54562e-05,0.0,nan,nan,nan
1700.488,1.546017e-05,0.0,nan,nan,nan
1700.571,1.546057e-05,0.0,nan,nan,nan
1700.655,1.545888e-05,0.0,nan,nan,nan
1700.763,1.545621e-05,0.0,nan,nan,nan
1700.846,1.545744e-05,0.0,nan,nan,nan
1700.946,1.546101e-05,0.0,nan,nan,nan
1701.03,1.546291e-05,0.0,nan,nan,nan
1701.116,1.546568e-05,0.0,nan,nan,nan
1701.199,1.546264e-05,0.0,nan,nan,nan
1701.283,1.545935e-05,0.0,nan,nan,nan
1701.367,1.545945e-05,0.0,nan,nan,nan
1701.45,1.545629e-05,0.0,nan,nan,nan
1701.546,1.545632e-05,0.0,nan,nan,nan
1701.63,1.545853e-05,0.0,nan,nan,nan
1701.713,1.545811e-05,0.0,nan,nan,nan
1701.797,1.545087e-05,0.0,nan,nan,nan
1701.881,1.545838e-05,0.0,nan,nan,nan
1701.984,1.545769e-05,0.0,nan,nan,nan
1702.068,1.545652e-05,0.0,nan,nan,nan
1702.17,1.545789e-05,0.0,nan,nan,nan
1702.273,1.545747e-05,0.0,nan,nan,nan
1702.385,1.546487e-05,0.0,nan,nan,nan
1702.469,1.545809e-05,0.0,nan,nan,nan
1702.557,1.546168e-05,0.0,nan,nan,nan
1702.641,1.545901e-05,0.0,nan,nan,nan
1702.724,1.545888e-05,0.0,nan,nan,nan
1702.808,1.545993e-05,0.0,nan,nan,nan
1702.892,1.545911e-05,0.0,nan,nan,nan
1702.976,1.545536e-05,0.0,nan,nan,nan
1703.06,1.545995e-05,0.0,nan,nan,nan
1703.143,1.546093e-05,0.0,nan,nan,nan
1703.227,1.546151e-05,0.0,nan,nan,nan
1703.311,1.545878e-05,0.0,nan,nan,nan
1703.395,1.545889e-05,0.0,nan,nan,nan
1703.478,1.545834e-05,0.0,nan,nan,nan
1703.563,1.545781e-05,0.0,nan,nan,nan
1703.647,1.545778e-05,0.0,nan,nan,nan
1703.73,1.545769e-05,0.0,nan,nan,nan
1703.814,1.546101e-05,0.0,nan,nan,nan
1703.898,1.545863e-05,0.0,nan,nan,nan
1703.981,1.545654e-05,0.0,nan,nan,nan
1704.065,1.545661e-05,0.0,nan,nan,nan
1704.149,1.546028e-05,0.0,nan,nan,nan
1704.233,1.545848e-05,0.0,nan,nan,nan
1704.354,1.546203e-05,0.0,nan,nan,nan
1704.454,1.545471e-05,0.0,nan,nan,nan
1704.538,1.54557e-05,0.0,nan,nan,nan
1704.635,1.545964e-05,0.0,nan,nan,nan
1704.719,1.545801e-05,0.0,nan,nan,nan
1704.824,1.54569e-05,0.0,nan,nan,nan
1704.908,1.545705e-05,0.0,nan,nan,nan
1704.992,1.545989e-05,0.0,nan,nan,nan
1705.076,1.546321e-05,0.0,nan,nan,nan
1705.16,1.545913e-05,0.0,nan,nan,nan
1705.244,1.545929e-05,0.0,nan,nan,nan
1705.328,1.545921e-05,0.0,nan,nan,nan
1705.412,1.545632e-05,0.0,nan,nan,nan
1705.497,1.545947e-05,0.0,nan,nan,nan
1705.58,1.545692e-05,0.0,nan,nan,nan
1705.664,1.546384e-05,0.0,nan,nan,nan
1705.748,1.546297e-05,0.0,nan,nan,nan
1705.85,1.54634e-05,0.0,nan,nan,nan
1705.933,1.546199e-05,0.0,nan,nan,nan
1706.017,1.545989e-05,0.0,nan,nan,nan
1706.101,1.545672e-05,0.0,nan,nan,nan
1706.184,1.545881e-05,0.0,nan,nan,nan
1706.268,1.546235e-05,0.0,nan,nan,nan
1706.352,1.546132e-05,0.0,nan,nan,nan
1706.456,1.545867e-05,0.0,nan,nan,nan
1706.539,1.545812e-05,0.0,nan,nan,nan
1706.624,1.546151e-05,0.0,nan,nan,nan
1706.708,1.545857e-05,0.0,nan,nan,nan
1706.793,1.545858e-05,0.0,nan,nan,nan
1706.876,1.546496e-05,0.0,nan,nan,nan
1706.96,1.546209e-05,0.0,nan,nan,nan
1707.058,1.545888e-05,0.0,nan,nan,nan
1707.142,1.54582e-05,0.0,nan,nan,nan
1707.225,1.545954e-05,0.0,nan,nan,nan
1707.309,1.545903e-05,0.0,nan,nan,nan
1707.393,1.545643e-05,0.0,nan,nan,nan
1707.476,1.545888e-05,0.0,nan,nan,nan
1707.56,1.545578e-05,0.0,nan,nan,nan
1707.644,1.545972e-05,0.0,nan,nan,nan
1707.728,1.546002e-05,0.0,nan,nan,nan
1707.811,1.546052e-05,0.0,nan,nan,nan
1707.895,1.545783e-05,0.0,nan,nan,nan
1707.978,1.545455e-05,0.0,nan,nan,nan
1708.079,1.54601e-05,0.0,nan,nan,nan
1708.163,1.54584e-05,0.0,nan,nan,nan
1708.247,1.545884e-05,0.0,nan,nan,nan
1708.331,1.545584e-05,0.0,nan,nan,nan
1708.415,1.545846e-05,0.0,nan,nan,nan
1708.521,1.545946e-05,0.0,nan,nan,nan
1708.604,1.546061e-05,0.0,nan,nan,nan
1708.699,1.545733e-05,0.0,nan,nan,nan
1708.783,1.545891e-05,0.0,nan,nan,nan
1708.866,1.545826e-05,0.0,nan,nan,nan
1708.95,1.545616e-05,0.0,nan,nan,nan
1709.034,1.546103e-05,0.0,nan,nan,nan
1709.118,1.546067e-05,0.0,nan,nan,nan
1709.202,1.545996e-05,0.0,nan,nan,nan
1709.301,1.545969e-05,0.0,nan,nan,nan
1709.385,1.545761e-05,0.0,nan,nan,nan
1709.469,1.546094e-05,0.0,nan,nan,nan
1709.552,1.546221e-05,0.0,nan,nan,nan
1709.636,1.546264e-05,0.0,nan,nan,nan
1709.726,1.546172e-05,0.0,nan,nan,nan
1709.81,1.546256e-05,0.0,nan,nan,nan
1709.894,1.546546e-05,0.0,nan,nan,nan
1709.978,1.546275e-05,0.0,nan,nan,nan
1710.062,1.546078e-05,0.0,nan,nan,nan
1710.148,1.545977e-05,0.0,nan,nan,nan
1710.232,1.546086e-05,0.0,nan,nan,nan
1710.329,1.546042e-05,0.0,nan,nan,nan
1710.413,1.545617e-05,0.0,nan,nan,nan
1710.497,1.546164e-05,0.0,nan,nan,nan
1710.604,1.546122e-05,0.0,nan,nan,nan
1710.687,1.546253e-05,0.0,nan,nan,nan
1710.771,1.54641e-05,0.0,nan,nan,nan
1710.854,1.54634e-05,0.0,nan,nan,nan
1710.946,1.546226e-05,0.0,nan,nan,nan
1711.03,1.546342e-05,0.0,nan,nan,nan
1711.115,1.546687e-05,0.0,nan,nan,nan
1711.199,1.546281e-05,0.0,nan,nan,nan
1711.283,1.546232e-05,0.0,nan,nan,nan
1711.366,1.546086e-05,0.0,nan,nan,nan
1711.45,1.545586e-05,0.0,nan,nan,nan
1711.554,1.546095e-05,0.0,nan,nan,nan
1711.638,1.546086e-05,0.0,nan,nan,nan
1711.741,1.546175e-05,0.0,nan,nan,nan
1711.825,1.54651e-05,0.0,nan,nan,nan
1711.909,1.546362e-05,0.0,nan,nan,nan
1711.992,1.546417e-05,0.0,nan,nan,nan
1712.076,1.546542e-05,0.0,nan,nan,nan
1712.168,1.545885e-05,0.0,nan,nan,nan
1712.251,1.546264e-05,0.0,nan,nan,nan
1712.335,1.546361e-05,0.0,nan,nan,nan
1712.419,1.546016e-05,0.0,nan,nan,nan
1712.502,1.546041e-05,0.0,nan,nan,nan
1712.596,1.546112e-05,0.0,nan,nan,nan
1712.693,1.546176e-05,0.0,nan,nan,nan
1712.778,1.546142e-05,0.0,nan,nan,nan
1712.862,1.54632e-05,0.0,nan,nan,nan
1712.945,1.546095e-05,0.0,nan,nan,nan
1713.029,1.54642e-05,0.0,nan,nan,nan
1713.113,1.546042e-05,0.0,nan,nan,nan
1713.196,1.545995e-05,0.0,nan,nan,nan
1713.28,1.545795e-05,0.0,nan,nan,nan
1713.386,1.546174e-05,0.0,nan,nan,nan
1713.47,1.546591e-05,0.0,nan,nan,nan
1713.579,1.546306e-05,0.0,nan,nan,nan
1713.663,1.545422e-05,0.0,nan,nan,nan
1713.746,1.546263e-05,0.0,nan,nan,nan
1713.83,1.545708e-05,0.0,nan,nan,nan
1713.914,1.545941e-05,0.0,nan,nan,nan
1714.008,1.54608e-05,0.0,nan,nan,nan
1714.091,1.546003e-05,0.0,nan,nan,nan
1714.175,1.546096e-05,0.0,nan,nan,nan
1714.259,1.545627e-05,0.0,nan,nan,nan
1714.342,1.546116e-05,0.0,nan,nan,nan
1714.426,1.546568e-05,0.0,nan,nan,nan
1714.509,1.546355e-05,0.0,nan,nan,nan
1714.594,1.546064e-05,0.0,nan,nan,nan
1714.678,1.546065e-05,0.0,nan,nan,nan
1714.769,1.545961e-05,0.0,nan,nan,nan
1714.853,1.546174e-05,0.0,nan,nan,nan
1714.937,1.546403e-05,0.0,nan,nan,nan
1715.031,1.546509e-05,0.0,nan,nan,nan
1715.115,1.546146e-05,0.0,nan,nan,nan
1715.198,1.546532e-05,0.0,nan,nan,nan
1715.282,1.546483e-05,0.0,nan,nan,nan
1715.366,1.546196e-05,0.0,nan,nan,nan
1715.464,1.546437e-05,0.0,nan,nan,nan
1715.547,1.546347e-05,0.0,nan,nan,nan
1715.631,1.546561e-05,0.0,nan,nan,nan
1715.715,1.546282e-05,0.0,nan,nan,nan
1715.798,1.545896e-05,0.0,nan,nan,nan
1715.882,1.546183e-05,0.0,nan,nan,nan
1715.966,1.546195e-05,0.0,nan,nan,nan
1716.05,1.546134e-05,0.0,nan,nan,nan
1716.133,1.546232e-05,0.0,nan,nan,nan
1716.217,1.546388e-05,0.0,nan,nan,nan
1716.32,1.546472e-05,0.0,nan,nan,nan
1716.403,1.546321e-05,0.0,nan,nan,nan
1716.502,1.546229e-05,0.0,nan,nan,nan
1716.586,1.546585e-05,0.0,nan,nan,nan
1716.691,1.546059e-05,0.0,nan,nan,nan
1716.821,1.545814e-05,0.0,nan,nan,nan
1716.904,1.546144e-05,0.0,nan,nan,nan
1716.988,1.546395e-05,0.0,nan,nan,nan
1717.084,1.545974e-05,0.0,nan,nan,nan
1717.168,1.546204e-05,0.0,nan,nan,nan
1717.276,1.545899e-05,0.0,nan,nan,nan
1717.36,1.546126e-05,0.0,nan,nan,nan
1717.444,1.546092e-05,0.0,nan,nan,nan
1717.528,1.546268e-05,0.0,nan,nan,nan
1717.612,1.546207e-05,0.0,nan,nan,nan
1717.696,1.546285e-05,0.0,nan,nan,nan
1717.78,1.54634e-05,0.0,nan,nan,nan
1717.863,1.545769e-05,0.0,nan,nan,nan
1717.947,1.546197e-05,0.0,nan,nan,nan
1718.03,1.545996e-05,0.0,nan,nan,nan
1718.114,1.546068e-05,0.0,nan,nan,nan
1718.197,1.54621e-05,0.0,nan,nan,nan
1718.307,1.546339e-05,0.0,nan,nan,nan
1718.39,1.546375e-05,0.0,nan,nan,nan
1718.474,1.546203e-05,0.0,nan,nan,nan
1718.558,1.546321e-05,0.0,nan,nan,nan
1718.642,1.546015e-05,0.0,nan,nan,nan
1718.735,1.5461e-05,0.0,nan,nan,nan
1718.819,1.545951e-05,0.0,nan,nan,nan
1718.921,1.545886e-05,0.0,nan,nan,nan
1719.004,1.546368e-05,0.0,nan,nan,nan
1719.088,1.546419e-05,0.0,nan,nan,nan
1719.171,1.546847e-05,0.0,nan,nan,nan
1719.257,1.546423e-05,0.0,nan,nan,nan
1719.34,1.546356e-05,0.0,nan,nan,nan
1719.424,1.546308e-05,0.0,nan,nan,nan
1719.533,1.546568e-05,0.0,nan,nan,nan
1719.617,1.546519e-05,0.0,nan,nan,nan
1719.7,1.546559e-05,0.0,nan,nan,nan
1719.784,1.546444e-05,0.0,nan,nan,nan
1719.868,1.546605e-05,0.0,nan,nan,nan
1719.951,1.546936e-05,0.0,nan,nan,nan
1720.035,1.546674e-05,0.0,nan,nan,nan
1720.139,1.546569e-05,0.0,nan,nan,nan
1720.222,1.546675e-05,0.0,nan,nan,nan
1720.306,1.546429e-05,0.0,nan,nan,nan
1720.389,1.546442e-05,0.0,nan,nan,nan
1720.474,1.54638e-05,0.0,nan,nan,nan
1720.557,1.546326e-05,0.0,nan,nan,nan
1720.641,1.546309e-05,0.0,nan,nan,nan
1720.738,1.546548e-05,0.0,nan,nan,nan
1720.822,1.54651e-05,0.0,nan,nan,nan
1720.906,1.546287e-05,0.0,nan,nan,nan
1720.989,1.54585e-05,0.0,nan,nan,nan
1721.073,1.54635e-05,0.0,nan,nan,nan
1721.161,1.54626e-05,0.0,nan,nan,nan
1721.245,1.54621e-05,0.0,nan,nan,nan
1721.346,1.546722e-05,0.0,nan,nan,nan
1721.43,1.546112e-05,0.0,nan,nan,nan
1721.513,1.546082e-05,0.0,nan,nan,nan
1721.597,1.546156e-05,0.0,nan,nan,nan
1721.681,1.546052e-05,0.0,nan,nan,nan
1721.765,1.546232e-05,0.0,nan,nan,nan
1721.849,1.546307e-05,0.0,nan,nan,nan
1721.933,1.545999e-05,0.0,nan,nan,nan
1722.017,1.546153e-05,0.0,nan,nan,nan
1722.101,1.546381e-05,0.0,nan,nan,nan
1722.185,1.546051e-05,0.0,nan,nan,nan
1722.268,1.545966e-05,0.0,nan,nan,nan
1722.372,1.54613e-05,0.0,nan,nan,nan
1722.456,1.546417e-05,0.0,nan,nan,nan
1722.539,1.545941e-05,0.0,nan,nan,nan
1722.623,1.546391e-05,0.0,nan,nan,nan
1722.71,1.546169e-05,0.0,nan,nan,nan
1722.794,1.54625e-05,0.0,nan,nan,nan
1722.878,1.546034e-05,0.0,nan,nan,nan
1722.962,1.546316e-05,0.0,nan,nan,nan
1723.045,1.546766e-05,0.0,nan,nan,nan
1723.129,1.546209e-05,0.0,nan,nan,nan
1723.213,1.546298e-05,0.0,nan,nan,nan
1723.297,1.54654e-05,0.0,nan,nan,nan
1723.399,1.546633e-05,0.0,nan,nan,nan
1723.482,1.546386e-05,0.0,nan,nan,nan
1723.566,1.546541e-05,0.0,nan,nan,nan
1723.65,1.546379e-05,0.0,nan,nan,nan
1723.733,1.546131e-05,0.0,nan,nan,nan
1723.817,1.545997e-05,0.0,nan,nan,nan
1723.9,1.54611e-05,0.0,nan,nan,nan
1723.984,1.545247e-05,0.0,nan,nan,nan
1724.067,1.54608e-05,0.0,nan,nan,nan
1724.151,1.545778e-05,0.0,nan,nan,nan
1724.236,1.546418e-05,0.0,nan,nan,nan
1724.32,1.545912e-05,0.0,nan,nan,nan
1724.42,1.546525e-05,0.0,nan,nan,nan
1724.504,1.546214e-05,0.0,nan,nan,nan
1724.587,1.546207e-05,0.0,nan,nan,nan
1724.671,1.546026e-05,0.0,nan,nan,nan
1724.755,1.546654e-05,0.0,nan,nan,nan
1724.838,1.546366e-05,0.0,nan,nan,nan
1724.922,1.546078e-05,0.0,nan,nan,nan
1725.029,1.546482e-05,0.0,nan,nan,nan
1725.112,1.54623e-05,0.0,nan,nan,nan
1725.2,1.546362e-05,0.0,nan,nan,nan
1725.284,1.546606e-05,0.0,nan,nan,nan
1725.367,1.546384e-05,0.0,nan,nan,nan
1725.451,1.546211e-05,0.0,nan,nan,nan
1725.535,1.546379e-05,0.0,nan,nan,nan
1725.618,1.546205e-05,0.0,nan,nan,nan
1725.702,1.545991e-05,0.0,nan,nan,nan
1725.788,1.546224e-05,0.0,nan,nan,nan
1725.871,1.546059e-05,0.0,nan,nan,nan
1725.955,1.545987e-05,0.0,nan,nan,nan
1726.038,1.546332e-05,0.0,nan,nan,nan
1726.122,1.546248e-05,0.0,nan,nan,nan
1726.206,1.546078e-05,0.0,nan,nan,nan
1726.29,1.545934e-05,0.0,nan,nan,nan
1726.373,1.546299e-05,0.0,nan,nan,nan
1726.457,1.546088e-05,0.0,nan,nan,nan
1726.541,1.545997e-05,0.0,nan,nan,nan
1726.625,1.545902e-05,0.0,nan,nan,nan
1726.708,1.5463e-05,0.0,nan,nan,nan
1726.792,1.546244e-05,0.0,nan,nan,nan
1726.877,1.546188e-05,0.0,nan,nan,nan
1726.961,1.545978e-05,0.0,nan,nan,nan
1727.044,1.546333e-05,0.0,nan,nan,nan
1727.161,1.546119e-05,0.0,nan,nan,nan
1727.245,1.545793e-05,0.0,nan,nan,nan
1727.329,1.54628e-05,0.0,nan,nan,nan
1727.413,1.54627e-05,0.0,nan,nan,nan
1727.497,1.546067e-05,0.0,nan,nan,nan
1727.58,1.546058e-05,0.0,nan,nan,nan
1727.664,1.546133e-05,0.0,nan,nan,nan
1727.748,1.545808e-05,0.0,nan,nan,nan
1727.832,1.545726e-05,0.0,nan,nan,nan
1727.916,1.545606e-05,0.0,nan,nan,nan
1727.999,1.545447e-05,0.0,nan,nan,nan
1728.093,1.545957e-05,0.0,nan,nan,nan
1728.178,1.546067e-05,0.0,nan,nan,nan
1728.262,1.546176e-05,0.0,nan,nan,nan
1728.345,1.546359e-05,0.0,nan,nan,nan
1728.429,1.545663e-05,0.0,nan,nan,nan
1728.513,1.545712e-05,0.0,nan,nan,nan
1728.597,1.545322e-05,0.0,nan,nan,nan
1728.681,1.545492e-05,0.0,nan,nan,nan
1728.765,1.545913e-05,0.0,nan,nan,nan
1728.849,1.546201e-05,0.0,nan,nan,nan
1728.933,1.54604e-05,0.0,nan,nan,nan
1729.017,1.545831e-05,0.0,nan,nan,nan
1729.109,1.546407e-05,0.0,nan,nan,nan
1729.204,1.546176e-05,0.0,nan,nan,nan
1729.288,1.546025e-05,0.0,nan,nan,nan
1729.372,1.546387e-05,0.0,nan,nan,nan
1729.456,1.5464e-05,0.0,nan,nan,nan
1729.539,1.54608e-05,0.0,nan,nan,nan
1729.623,1.546633e-05,0.0,nan,nan,nan
1729.726,1.54634e-05,0.0,nan,nan,nan
1729.809,1.546248e-05,0.0,nan,nan,nan
1729.895,1.546472e-05,0.0,nan,nan,nan
1729.979,1.546073e-05,0.0,nan,nan,nan
1730.063,1.545934e-05,0.0,nan,nan,nan
1730.146,1.545978e-05,0.0,nan,nan,nan
1730.23,1.546125e-05,0.0,nan,nan,nan
1730.313,1.546443e-05,0.0,nan,nan,nan
1730.397,1.54627e-05,0.0,nan,nan,nan
1730.48,1.54619e-05,0.0,nan,nan,nan
1730.564,1.546028e-05,0.0,nan,nan,nan
1730.647,1.546453e-05,0.0,nan,nan,nan
1730.731,1.546053e-05,0.0,nan,nan,nan
1730.815,1.546082e-05,0.0,nan,nan,nan
1730.898,1.545943e-05,0.0,nan,nan,nan
1730.982,1.545639e-05,0.0,nan,nan,nan
1731.066,1.545789e-05,0.0,nan,nan,nan
1731.15,1.5457e-05,0.0,nan,nan,nan
1731.233,1.545472e-05,0.0,nan,nan,nan
1731.317,1.545624e-05,0.0,nan,nan,nan
1731.4,1.545883e-05,0.0,nan,nan,nan
1731.484,1.54593e-05,0.0,nan,nan,nan
1731.583,1.545833e-05,0.0,nan,nan,nan
1731.667,1.545926e-05,0.0,nan,nan,nan
1731.751,1.545912e-05,0.0,nan,nan,nan
1731.835,1.546171e-05,0.0,nan,nan,nan
1731.919,1.545877e-05,0.0,nan,nan,nan
1732.003,1.546368e-05,0.0,nan,nan,nan
1732.087,1.546251e-05,0.0,nan,nan,nan
1732.189,1.546551e-05,0.0,nan,nan,nan
1732.272,1.546162e-05,0.0,nan,nan,nan
1732.356,1.546315e-05,0.0,nan,nan,nan
1732.44,1.546574e-05,0.0,nan,nan,nan
1732.527,1.546366e-05,0.0,nan,nan,nan
1732.617,1.546446e-05,0.0,nan,nan,nan
1732.701,1.546127e-05,0.0,nan,nan,nan
1732.793,1.545819e-05,0.0,nan,nan,nan
1732.876,1.546382e-05,0.0,nan,nan,nan
1732.961,1.5464e-05,0.0,nan,nan,nan
1733.044,1.546287e-05,0.0,nan,nan,nan
1733.128,1.546007e-05,0.0,nan,nan,nan
1733.238,1.546332e-05,0.0,nan,nan,nan
1733.338,1.545895e-05,0.0,nan,nan,nan
1733.422,1.546287e-05,0.0,nan,nan,nan
1733.505,1.546369e-05,0.0,nan,nan,nan
1733.589,1.546368e-05,0.0,nan,nan,nan
1733.673,1.54621e-05,0.0,nan,nan,nan
1733.761,1.545966e-05,0.0,nan,nan,nan
1733.844,1.546214e-05,0.0,nan,nan,nan
1733.928,1.546117e-05,0.0,nan,nan,nan
1734.034,1.546433e-05,0.0,nan,nan,nan
1734.118,1.546216e-05,0.0,nan,nan,nan
1734.201,1.546571e-05,0.0,nan,nan,nan
1734.285,1.546632e-05,0.0,nan,nan,nan
1734.369,1.546261e-05,0.0,nan,nan,nan
1734.468,1.546345e-05,0.0,nan,nan,nan
1734.551,1.546671e-05,0.0,nan,nan,nan
1734.635,1.546357e-05,0.0,nan,nan,nan
1734.718,1.546547e-05,0.0,nan,nan,nan
1734.802,1.546389e-05,0.0,nan,nan,nan
1734.886,1.546189e-05,0.0,nan,nan,nan
1734.969,1.546515e-05,0.0,nan,nan,nan
1735.066,1.546407e-05,0.0,nan,nan,nan
1735.15,1.546335e-05,0.0,nan,nan,nan
1735.234,1.546298e-05,0.0,nan,nan,nan
1735.318,1.54636e-05,0.0,nan,nan,nan
1735.402,1.546061e-05,0.0,nan,nan,nan
1735.486,1.545991e-05,0.0,nan,nan,nan
1735.57,1.54631e-05,0.0,nan,nan,nan
1735.661,1.546023e-05,0.0,nan,nan,nan
1735.745,1.546351e-05,0.0,nan,nan,nan
1735.829,1.546134e-05,0.0,nan,nan,nan
1735.913,1.546531e-05,0.0,nan,nan,nan
1735.996,1.545752e-05,0.0,nan,nan,nan
1736.081,1.546108e-05,0.0,nan,nan,nan
1736.165,1.545819e-05,0.0,nan,nan,nan
1736.25,1.546035e-05,0.0,nan,nan,nan
1736.333,1.546406e-05,0.0,nan,nan,nan
1736.417,1.546292e-05,0.0,nan,nan,nan
1736.501,1.546357e-05,0.0,nan,nan,nan
1736.585,1.545954e-05,0.0,nan,nan,nan
1736.685,1.54597e-05,0.0,nan,nan,nan
1736.769,1.546063e-05,0.0,nan,nan,nan
1736.852,1.54649e-05,0.0,nan,nan,nan
1736.936,1.546279e-05,0.0,nan,nan,nan
1737.02,1.546225e-05,0.0,nan,nan,nan
1737.103,1.546064e-05,0.0,nan,nan,nan
1737.187,1.54626e-05,0.0,nan,nan,nan
1737.271,1.546097e-05,0.0,nan,nan,nan
1737.355,1.546148e-05,0.0,nan,nan,nan
1737.439,1.546234e-05,0.0,nan,nan,nan
1737.524,1.54616e-05,0.0,nan,nan,nan
1737.608,1.546317e-05,0.0,nan,nan,nan
1737.692,1.546148e-05,0.0,nan,nan,nan
1737.776,1.546223e-05,0.0,nan,nan,nan
1737.86,1.545872e-05,0.0,nan,nan,nan
1737.944,1.54581e-05,0.0,nan,nan,nan
1738.027,1.545706e-05,0.0,nan,nan,nan
1738.132,1.545738e-05,0.0,nan,nan,nan
1738.216,1.546195e-05,0.0,nan,nan,nan
1738.302,1.546238e-05,0.0,nan,nan,nan
1738.386,1.5462e-05,0.0,nan,nan,nan
1738.47,1.54641e-05,0.0,nan,nan,nan
1738.553,1.546331e-05,0.0,nan,nan,nan
1738.637,1.546678e-05,0.0,nan,nan,nan
1738.72,1.545822e-05,0.0,nan,nan,nan
1738.804,1.546199e-05,0.0,nan,nan,nan
1738.89,1.546338e-05,0.0,nan,nan,nan
1738.974,1.546222e-05,0.0,nan,nan,nan
1739.058,1.545857e-05,0.0,nan,nan,nan
1739.155,1.546167e-05,0.0,nan,nan,nan
1739.238,1.54578e-05,0.0,nan,nan,nan
1739.345,1.546069e-05,0.0,nan,nan,nan
1739.429,1.545804e-05,0.0,nan,nan,nan
1739.513,1.546029e-05,0.0,nan,nan,nan
1739.604,1.546192e-05,0.0,nan,nan,nan
1739.688,1.546199e-05,0.0,nan,nan,nan
1739.772,1.546118e-05,0.0,nan,nan,nan
1739.855,1.546092e-05,0.0,nan,nan,nan
1739.939,1.546185e-05,0.0,nan,nan,nan
1740.023,1.54665e-05,0.0,nan,nan,nan
1740.11,1.546809e-05,0.0,nan,nan,nan
1740.193,1.546177e-05,0.0,nan,nan,nan
1740.277,1.546487e-05,0.0,nan,nan,nan
1740.361,1.546216e-05,0.0,nan,nan,nan
1740.444,1.545665e-05,0.0,nan,nan,nan
1740.528,1.545853e-05,0.0,nan,nan,nan
1740.611,1.546098e-05,0.0,nan,nan,nan
1740.695,1.546636e-05,0.0,nan,nan,nan
1740.779,1.546138e-05,0.0,nan,nan,nan
1740.863,1.546098e-05,0.0,nan,nan,nan
1740.947,1.545444e-05,0.0,nan,nan,nan
1741.031,1.54613e-05,0.0,nan,nan,nan
1741.114,1.54581e-05,0.0,nan,nan,nan
1741.198,1.545976e-05,0.0,nan,nan,nan
1741.281,1.54542e-05,0.0,nan,nan,nan
1741.366,1.545665e-05,0.0,nan,nan,nan
1741.45,1.545483e-05,0.0,nan,nan,nan
1741.534,1.546029e-05,0.0,nan,nan,nan
1741.654,1.545746e-05,0.0,nan,nan,nan
1741.738,1.546013e-05,0.0,nan,nan,nan
1741.822,1.545471e-05,0.0,nan,nan,nan
1741.906,1.545691e-05,0.0,nan,nan,nan
1741.989,1.54545e-05,0.0,nan,nan,nan
1742.073,1.545686e-05,0.0,nan,nan,nan
1742.157,1.546021e-05,0.0,nan,nan,nan
1742.24,1.545749e-05,0.0,nan,nan,nan
1742.324,1.545672e-05,0.0,nan,nan,nan
1742.408,1.545499e-05,0.0,nan,nan,nan
1742.492,1.545526e-05,0.0,nan,nan,nan
1742.576,1.545304e-05,0.0,nan,nan,nan
1742.66,1.545794e-05,0.0,nan,nan,nan
1742.744,1.545655e-05,0.0,nan,nan,nan
1742.851,1.545563e-05,0.0,nan,nan,nan
1742.935,1.546176e-05,0.0,nan,nan,nan
1743.019,1.546153e-05,0.0,nan,nan,nan
1743.102,1.545797e-05,0.0,nan,nan,nan
1743.186,1.545449e-05,0.0,nan,nan,nan
1743.27,1.545725e-05,0.0,nan,nan,nan
1743.354,1.545842e-05,0.0,nan,nan,nan
1743.437,1.545981e-05,0.0,nan,nan,nan
1743.521,1.546081e-05,0.0,nan,nan,nan
1743.605,1.545961e-05,0.0,nan,nan,nan
1743.721,1.545651e-05,0.0,nan,nan,nan
1743.805,1.545963e-05,0.0,nan,nan,nan
1743.889,1.545734e-05,0.0,nan,nan,nan
1743.972,1.545585e-05,0.0,nan,nan,nan
1744.061,1.545955e-05,0.0,nan,nan,nan
1744.145,1.545978e-05,0.0,nan,nan,nan
1744.23,1.545948e-05,0.0,nan,nan,nan
1744.314,1.545467e-05,0.0,nan,nan,nan
1744.398,1.5461e-05,0.0,nan,nan,nan
1744.482,1.545445e-05,0.0,nan,nan,nan
1744.565,1.546439e-05,0.0,nan,nan,nan
1744.649,1.546e-05,0.0,nan,nan,nan
1744.733,1.546003e-05,0.0,nan,nan,nan
1744.817,1.545935e-05,0.0,nan,nan,nan
1744.9,1.545976e-05,0.0,nan,nan,nan
1744.984,1.545653e-05,0.0,nan,nan,nan
1745.087,1.54568e-05,0.0,nan,nan,nan
1745.171,1.545423e-05,0.0,nan,nan,nan
1745.272,1.545786e-05,0.0,nan,nan,nan
1745.356,1.546118e-05,0.0,nan,nan,nan
1745.44,1.546003e-05,0.0,nan,nan,nan
1745.523,1.546096e-05,0.0,nan,nan,nan
1745.607,1.545666e-05,0.0,nan,nan,nan
1745.697,1.545602e-05,0.0,nan,nan,nan
1745.796,1.545736e-05,0.0,nan,nan,nan
1745.891,1.545838e-05,0.0,nan,nan,nan
1745.974,1.545582e-05,0.0,nan,nan,nan
1746.058,1.545947e-05,0.0,nan,nan,nan
1746.142,1.545455e-05,0.0,nan,nan,nan
1746.225,1.545754e-05,0.0,nan,nan,nan
1746.309,1.545882e-05,0.0,nan,nan,nan
1746.393,1.545694e-05,0.0,nan,nan,nan
1746.476,1.545597e-05,0.0,nan,nan,nan
1746.56,1.545692e-05,0.0,nan,nan,nan
1746.644,1.545919e-05,0.0,nan,nan,nan
1746.728,1.545858e-05,0.0,nan,nan,nan
1746.812,1.545786e-05,0.0,nan,nan,nan
1746.897,1.545992e-05,0.0,nan,nan,nan
1746.98,1.546072e-05,0.0,nan,nan,nan
1747.064,1.545424e-05,0.0,nan,nan,nan
1747.149,1.545758e-05,0.0,nan,nan,nan
1747.233,1.545869e-05,0.0,nan,nan,nan
1747.337,1.545832e-05,0.0,nan,nan,nan
1747.42,1.545519e-05,0.0,nan,nan,nan
1747.504,1.545892e-05,0.0,nan,nan,nan
1747.587,1.545504e-05,0.0,nan,nan,nan
1747.671,1.545638e-05,0.0,nan,nan,nan
1747.755,1.545859e-05,0.0,nan,nan,nan
1747.863,1.54597e-05,0.0,nan,nan,nan
1747.953,1.546088e-05,0.0,nan,nan,nan
1748.037,1.545729e-05,0.0,nan,nan,nan
1748.12,1.545598e-05,0.0,nan,nan,nan
1748.204,1.545847e-05,0.0,nan,nan,nan
1748.288,1.54568e-05,0.0,nan,nan,nan
1748.371,1.545365e-05,0.0,nan,nan,nan
1748.454,1.545814e-05,0.0,nan,nan,nan
1748.543,1.545656e-05,0.0,nan,nan,nan
1748.626,1.54606e-05,0.0,nan,nan,nan
1748.711,1.545769e-05,0.0,nan,nan,nan
1748.795,1.545591e-05,0.0,nan,nan,nan
1748.879,1.546043e-05,0.0,nan,nan,nan
1748.962,1.545613e-05,0.0,nan,nan,nan
1749.046,1.545964e-05,0.0,nan,nan,nan
1749.13,1.545757e-05,0.0,nan,nan,nan
1749.213,1.545828e-05,0.0,nan,nan,nan
1749.297,1.546164e-05,0.0,nan,nan,nan
1749.381,1.545932e-05,0.0,nan,nan,nan
1749.464,1.545721e-05,0.0,nan,nan,nan
1749.565,1.545803e-05,0.0,nan,nan,nan
1749.649,1.546031e-05,0.0,nan,nan,nan
1749.734,1.546021e-05,0.0,nan,nan,nan
1749.817,1.545794e-05,0.0,nan,nan,nan
1749.92,1.545778e-05,0.0,nan,nan,nan
1750.004,1.546195e-05,0.0,nan,nan,nan
1750.088,1.546048e-05,0.0,nan,nan,nan
1750.178,1.545812e-05,0.0,nan,nan,nan
1750.262,1.545623e-05,0.0,nan,nan,nan
1750.346,1.545948e-05,0.0,nan,nan,nan
1750.429,1.546095e-05,0.0,nan,nan,nan
1750.513,1.545989e-05,0.0,nan,nan,nan
1750.596,1.5458e-05,0.0,nan,nan,nan
1750.68,1.545915e-05,0.0,nan,nan,nan
1750.77,1.54576e-05,0.0,nan,nan,nan
1750.853,1.546007e-05,0.0,nan,nan,nan
1750.937,1.54628e-05,0.0,nan,nan,nan
1751.02,1.546218e-05,0.0,nan,nan,nan
1751.104,1.545919e-05,0.0,nan,nan,nan
1751.188,1.546044e-05,0.0,nan,nan,nan
1751.271,1.546135e-05,0.0,nan,nan,nan
1751.357,1.545886e-05,0.0,nan,nan,nan
1751.441,1.545694e-05,0.0,nan,nan,nan
1751.528,1.545718e-05,0.0,nan,nan,nan
1751.611,1.545816e-05,0.0,nan,nan,nan
1751.695,1.545778e-05,0.0,nan,nan,nan
1751.797,1.546268e-05,0.0,nan,nan,nan
1751.881,1.546052e-05,0.0,nan,nan,nan
1751.999,1.545952e-05,0.0,nan,nan,nan
1752.083,1.54592e-05,0.0,nan,nan,nan
1752.167,1.545804e-05,0.0,nan,nan,nan
1752.25,1.545833e-05,0.0,nan,nan,nan
1752.334,1.545829e-05,0.0,nan,nan,nan
1752.427,1.545876e-05,0.0,nan,nan,nan
1752.511,1.546318e-05,0.0,nan,nan,nan
1752.594,1.54591e-05,0.0,nan,nan,nan
1752.678,1.545989e-05,0.0,nan,nan,nan
1752.762,1.546e-05,0.0,nan,nan,nan
1752.845,1.545814e-05,0.0,nan,nan,nan
1752.929,1.546204e-05,0.0,nan,nan,nan
1753.013,1.546405e-05,0.0,nan,nan,nan
1753.096,1.546183e-05,0.0,nan,nan,nan
1753.18,1.546268e-05,0.0,nan,nan,nan
1753.291,1.545806e-05,0.0,nan,nan,nan
1753.376,1.546116e-05,0.0,nan,nan,nan
1753.462,1.545939e-05,0.0,nan,nan,nan
1753.546,1.546171e-05,0.0,nan,nan,nan
1753.63,1.545969e-05,0.0,nan,nan,nan
1753.713,1.546092e-05,0.0,nan,nan,nan
1753.797,1.546017e-05,0.0,nan,nan,nan
1753.881,1.546251e-05,0.0,nan,nan,nan
1753.964,1.546201e-05,0.0,nan,nan,nan
1754.062,1.54642e-05,0.0,nan,nan,nan
1754.146,1.546187e-05,0.0,nan,nan,nan
1754.23,1.546137e-05,0.0,nan,nan,nan
1754.313,1.546109e-05,0.0,nan,nan,nan
1754.397,1.546451e-05,0.0,nan,nan,nan
1754.481,1.546606e-05,0.0,nan,nan,nan
1754.564,1.545988e-05,0.0,nan,nan,nan
1754.648,1.545613e-05,0.0,nan,nan,nan
1754.732,1.54591e-05,0.0,nan,nan,nan
1754.815,1.546167e-05,0.0,nan,nan,nan
1754.899,1.546015e-05,0.0,nan,nan,nan
1754.982,1.546188e-05,0.0,nan,nan,nan
1755.082,1.546013e-05,0.0,nan,nan,nan
1755.165,1.545905e-05,0.0,nan,nan,nan
1755.249,1.546237e-05,0.0,nan,nan,nan
1755.333,1.54611e-05,0.0,nan,nan,nan
1755.416,1.546008e-05,0.0,nan,nan,nan
1755.501,1.546149e-05,0.0,nan,nan,nan
1755.585,1.546033e-05,0.0,nan,nan,nan
1755.669,1.545744e-05,0.0,nan,nan,nan
1755.752,1.545752e-05,0.0,nan,nan,nan
1755.836,1.546445e-05,0.0,nan,nan,nan
1755.92,1.545865e-05,0.0,nan,nan,nan
1756.004,1.545452e-05,0.0,nan,nan,nan
1756.096,1.545899e-05,0.0,nan,nan,nan
1756.185,1.546192e-05,0.0,nan,nan,nan
1756.269,1.546247e-05,0.0,nan,nan,nan
1756.353,1.546053e-05,0.0,nan,nan,nan
1756.437,1.545994e-05,0.0,nan,nan,nan
1756.52,1.545931e-05,0.0,nan,nan,nan
1756.604,1.546122e-05,0.0,nan,nan,nan
1756.688,1.546411e-05,0.0,nan,nan,nan
1756.772,1.546076e-05,0.0,nan,nan,nan
1756.855,1.545976e-05,0.0,nan,nan,nan
1756.939,1.546135e-05,0.0,nan,nan,nan
1757.022,1.545568e-05,0.0,nan,nan,nan
1757.111,1.546006e-05,0.0,nan,nan,nan
1757.194,1.54571e-05,0.0,nan,nan,nan
1757.278,1.545992e-05,0.0,nan,nan,nan
1757.362,1.545792e-05,0.0,nan,nan,nan
1757.446,1.545642e-05,0.0,nan,nan,nan
1757.529,1.545461e-05,0.0,nan,nan,nan
1757.613,1.545925e-05,0.0,nan,nan,nan
1757.698,1.545859e-05,0.0,nan,nan,nan
1757.781,1.545957e-05,0.0,nan,nan,nan
1757.865,1.545998e-05,0.0,nan,nan,nan
1757.949,1.545983e-05,0.0,nan,nan,nan
1758.033,1.545864e-05,0.0,nan,nan,nan
1758.125,1.545793e-05,0.0,nan,nan,nan
1758.208,1.545829e-05,0.0,nan,nan,nan
1758.293,1.545827e-05,0.0,nan,nan,nan
1758.377,1.545827e-05,0.0,nan,nan,nan
1758.46,1.54581e-05,0.0,nan,nan,nan
1758.544,1.546142e-05,0.0,nan,nan,nan
1758.628,1.545787e-05,0.0,nan,nan,nan
1758.737,1.546202e-05,0.0,nan,nan,nan
1758.821,1.545931e-05,0.0,nan,nan,nan
1758.904,1.545801e-05,0.0,nan,nan,nan
1758.988,1.545925e-05,0.0,nan,nan,nan
1759.072,1.545953e-05,0.0,nan,nan,nan
1759.156,1.546066e-05,0.0,nan,nan,nan
1759.24,1.545769e-05,0.0,nan,nan,nan
1759.341,1.54578e-05,0.0,nan,nan,nan
1759.425,1.545617e-05,0.0,nan,nan,nan
1759.509,1.545641e-05,0.0,nan,nan,nan
1759.593,1.545728e-05,0.0,nan,nan,nan
1759.677,1.545897e-05,0.0,nan,nan,nan
1759.76,1.545573e-05,0.0,nan,nan,nan
1759.844,1.545467e-05,0.0,nan,nan,nan
1759.928,1.545772e-05,0.0,nan,nan,nan
1760.011,1.545473e-05,0.0,nan,nan,nan
1760.095,1.545222e-05,0.0,nan,nan,nan
1760.178,1.545497e-05,0.0,nan,nan,nan
1760.277,1.545717e-05,0.0,nan,nan,nan
1760.364,1.545855e-05,0.0,nan,nan,nan
1760.448,1.545728e-05,0.0,nan,nan,nan
1760.532,1.545813e-05,0.0,nan,nan,nan
1760.616,1.545615e-05,0.0,nan,nan,nan
1760.7,1.545448e-05,0.0,nan,nan,nan
1760.783,1.545663e-05,0.0,nan,nan,nan
1760.867,1.545438e-05,0.0,nan,nan,nan
1760.958,1.545662e-05,0.0,nan,nan,nan
1761.042,1.54523e-05,0.0,nan,nan,nan
1761.126,1.545432e-05,0.0,nan,nan,nan
1761.21,1.54573e-05,0.0,nan,nan,nan
1761.294,1.545682e-05,0.0,nan,nan,nan
1761.384,1.545642e-05,0.0,nan,nan,nan
1761.468,1.545243e-05,0.0,nan,nan,nan
1761.551,1.544959e-05,0.0,nan,nan,nan
1761.635,1.545157e-05,0.0,nan,nan,nan
1761.72,1.545661e-05,0.0,nan,nan,nan
1761.803,1.545311e-05,0.0,nan,nan,nan
1761.887,1.545207e-05,0.0,nan,nan,nan
1761.972,1.545655e-05,0.0,nan,nan,nan
1762.056,1.545579e-05,0.0,nan,nan,nan
1762.139,1.545384e-05,0.0,nan,nan,nan
1762.223,1.545353e-05,0.0,nan,nan,nan
1763.004,1.545406e-05,0.0,nan,nan,nan
1763.103,1.54591e-05,0.0,nan,nan,nan
1763.186,1.545757e-05,0.0,nan,nan,nan
1763.27,1.545801e-05,0.0,nan,nan,nan
1763.353,1.545765e-05,0.0,nan,nan,nan
1763.437,1.545696e-05,0.0,nan,nan,nan
1763.521,1.545511e-05,0.0,nan,nan,nan
1763.624,1.545612e-05,0.0,nan,nan,nan
1763.708,1.545643e-05,0.0,nan,nan,nan
1763.792,1.545352e-05,0.0,nan,nan,nan
1763.876,1.544761e-05,0.0,nan,nan,nan
1763.959,1.545352e-05,0.0,nan,nan,nan
1764.044,1.545272e-05,0.0,nan,nan,nan
1764.128,1.545868e-05,0.0,nan,nan,nan
1764.211,1.545518e-05,0.0,nan,nan,nan
1764.295,1.545456e-05,0.0,nan,nan,nan
1764.378,1.545329e-05,0.0,nan,nan,nan
1764.462,1.545772e-05,0.0,nan,nan,nan
1764.546,1.5458e-05,0.0,nan,nan,nan
1764.642,1.545671e-05,0.0,nan,nan,nan
1764.726,1.545383e-05,0.0,nan,nan,nan
1764.809,1.545559e-05,0.0,nan,nan,nan
1764.893,1.54572e-05,0.0,nan,nan,nan
1764.977,1.546225e-05,0.0,nan,nan,nan
1765.087,1.546055e-05,0.0,nan,nan,nan
1765.171,1.546017e-05,0.0,nan,nan,nan
1765.262,1.545355e-05,0.0,nan,nan,nan
1765.346,1.54555e-05,0.0,nan,nan,nan
1765.43,1.545672e-05,0.0,nan,nan,nan
1765.513,1.545861e-05,0.0,nan,nan,nan
1765.597,1.545448e-05,0.0,nan,nan,nan
1765.681,1.546004e-05,0.0,nan,nan,nan
1765.764,1.545786e-05,0.0,nan,nan,nan
1765.848,1.545954e-05,0.0,nan,nan,nan
1765.932,1.545986e-05,0.0,nan,nan,nan
1766.015,1.545681e-05,0.0,nan,nan,nan
1766.099,1.545727e-05,0.0,nan,nan,nan
1766.183,1.545467e-05,0.0,nan,nan,nan
1766.281,1.545975e-05,0.0,nan,nan,nan
1766.365,1.545656e-05,0.0,nan,nan,nan
1766.449,1.545742e-05,0.0,nan,nan,nan
1766.532,1.545945e-05,0.0,nan,nan,nan
1766.616,1.545983e-05,0.0,nan,nan,nan
1766.705,1.545986e-05,0.0,nan,nan,nan
1766.789,1.545791e-05,0.0,nan,nan,nan
1766.872,1.546046e-05,0.0,nan,nan,nan
1766.956,1.545713e-05,0.0,nan,nan,nan
1767.039,1.545531e-05,0.0,nan,nan,nan
1767.146,1.545888e-05,0.0,nan,nan,nan
1767.23,1.5457e-05,0.0,nan,nan,nan
1767.321,1.545862e-05,0.0,nan,nan,nan
1767.404,1.545727e-05,0.0,nan,nan,nan
1767.488,1.545896e-05,0.0,nan,nan,nan
1767.572,1.54569e-05,0.0,nan,nan,nan
1767.658,1.545745e-05,0.0,nan,nan,nan
1767.741,1.545777e-05,0.0,nan,nan,nan
1767.825,1.545696e-05,0.0,nan,nan,nan
1767.935,1.545575e-05,0.0,nan,nan,nan
1768.019,1.546098e-05,0.0,nan,nan,nan
1768.116,1.545625e-05,0.0,nan,nan,nan
1768.2,1.545717e-05,0.0,nan,nan,nan
1768.284,1.545436e-05,0.0,nan,nan,nan
1768.368,1.546015e-05,0.0,nan,nan,nan
1768.452,1.545955e-05,0.0,nan,nan,nan
1768.535,1.546338e-05,0.0,nan,nan,nan
1768.619,1.545779e-05,0.0,nan,nan,nan
1768.702,1.546008e-05,0.0,nan,nan,nan
1768.786,1.545785e-05,0.0,nan,nan,nan
1768.87,1.546026e-05,0.0,nan,nan,nan
1768.954,1.546365e-05,0.0,nan,nan,nan
1769.038,1.545639e-05,0.0,nan,nan,nan
1769.121,1.545544e-05,0.0,nan,nan,nan
1769.224,1.54611e-05,0.0,nan,nan,nan
1769.308,1.545726e-05,0.0,nan,nan,nan
1769.392,1.546131e-05,0.0,nan,nan,nan
1769.476,1.545754e-05,0.0,nan,nan,nan
1769.559,1.545973e-05,0.0,nan,nan,nan
1769.643,1.545977e-05,0.0,nan,nan,nan
1769.727,1.546336e-05,0.0,nan,nan,nan
1769.811,1.54568e-05,0.0,nan,nan,nan
1769.894,1.546072e-05,0.0,nan,nan,nan
1769.978,1.54607e-05,0.0,nan,nan,nan
1770.061,1.546027e-05,0.0,nan,nan,nan
1770.147,1.545632e-05,0.0,nan,nan,nan
1770.231,1.545931e-05,0.0,nan,nan,nan
1770.315,1.54565e-05,0.0,nan,nan,nan
1770.398,1.545781e-05,0.0,nan,nan,nan
1770.482,1.545786e-05,0.0,nan,nan,nan
1770.577,1.546078e-05,0.0,nan,nan,nan
1770.661,1.545625e-05,0.0,nan,nan,nan
1770.745,1.545683e-05,0.0,nan,nan,nan
1770.828,1.545537e-05,0.0,nan,nan,nan
1770.912,1.54559e-05,0.0,nan,nan,nan
1770.996,1.545728e-05,0.0,nan,nan,nan
1771.079,1.546035e-05,0.0,nan,nan,nan
1771.163,1.545862e-05,0.0,nan,nan,nan
1771.287,1.545591e-05,0.0,nan,nan,nan
1771.371,1.545834e-05,0.0,nan,nan,nan
1771.455,1.546e-05,0.0,nan,nan,nan
1771.538,1.546402e-05,0.0,nan,nan,nan
1771.622,1.545862e-05,0.0,nan,nan,nan
1771.706,1.545921e-05,0.0,nan,nan,nan
1771.796,1.545683e-05,0.0,nan,nan,nan
1771.88,1.54577e-05,0.0,nan,nan,nan
1771.964,1.545848e-05,0.0,nan,nan,nan
1772.047,1.545931e-05,0.0,nan,nan,nan
1772.131,1.546085e-05,0.0,nan,nan,nan
1772.216,1.545702e-05,0.0,nan,nan,nan
1772.3,1.545765e-05,0.0,nan,nan,nan
1772.384,1.546136e-05,0.0,nan,nan,nan
1772.468,1.546489e-05,0.0,nan,nan,nan
1772.551,1.546107e-05,0.0,nan,nan,nan
1772.635,1.545562e-05,0.0,nan,nan,nan
1772.719,1.545917e-05,0.0,nan,nan,nan
1772.814,1.546019e-05,0.0,nan,nan,nan
1772.898,1.546255e-05,0.0,nan,nan,nan
1772.982,1.545832e-05,0.0,nan,nan,nan
1773.065,1.545798e-05,0.0,nan,nan,nan
1773.149,1.545413e-05,0.0,nan,nan,nan
1773.233,1.545768e-05,0.0,nan,nan,nan
1773.337,1.545898e-05,0.0,nan,nan,nan
1773.433,1.545899e-05,0.0,nan,nan,nan
1773.516,1.546102e-05,0.0,nan,nan,nan
1773.625,1.546114e-05,0.0,nan,nan,nan
1773.709,1.545864e-05,0.0,nan,nan,nan
1773.793,1.545766e-05,0.0,nan,nan,nan
1773.877,1.546062e-05,0.0,nan,nan,nan
1773.961,1.545365e-05,0.0,nan,nan,nan
1774.044,1.545591e-05,0.0,nan,nan,nan
1774.128,1.546034e-05,0.0,nan,nan,nan
1774.24,1.545549e-05,0.0,nan,nan,nan
1774.323,1.54589e-05,0.0,nan,nan,nan
1774.407,1.545893e-05,0.0,nan,nan,nan
1774.491,1.545924e-05,0.0,nan,nan,nan
1774.577,1.546015e-05,0.0,nan,nan,nan
1774.661,1.545984e-05,0.0,nan,nan,nan
1774.745,1.545873e-05,0.0,nan,nan,nan
1774.855,1.546015e-05,0.0,nan,nan,nan
1774.938,1.546102e-05,0.0,nan,nan,nan
1775.047,1.546177e-05,0.0,nan,nan,nan
1775.131,1.546433e-05,0.0,nan,nan,nan
1775.216,1.54604e-05,0.0,nan,nan,nan
1775.3,1.546286e-05,0.0,nan,nan,nan
1775.421,1.545621e-05,0.0,nan,nan,nan
1775.509,1.545483e-05,0.0,nan,nan,nan
1775.592,1.545683e-05,0.0,nan,nan,nan
1775.677,1.545875e-05,0.0,nan,nan,nan
1775.761,1.546064e-05,0.0,nan,nan,nan
1775.844,1.546296e-05,0.0,nan,nan,nan
1775.928,1.546322e-05,0.0,nan,nan,nan
1776.012,1.546009e-05,0.0,nan,nan,nan
1776.095,1.545666e-05,0.0,nan,nan,nan
1776.179,1.54594e-05,0.0,nan,nan,nan
1776.263,1.545979e-05,0.0,nan,nan,nan
1776.347,1.546134e-05,0.0,nan,nan,nan
1776.43,1.546326e-05,0.0,nan,nan,nan
1776.514,1.546455e-05,0.0,nan,nan,nan
1776.598,1.545949e-05,0.0,nan,nan,nan
1776.692,1.546055e-05,0.0,nan,nan,nan
1776.776,1.546014e-05,0.0,nan,nan,nan
1776.86,1.546388e-05,0.0,nan,nan,nan
1776.944,1.546453e-05,0.0,nan,nan,nan
1777.028,1.546168e-05,0.0,nan,nan,nan
1777.111,1.545792e-05,0.0,nan,nan,nan
1777.195,1.545999e-05,0.0,nan,nan,nan
1777.298,1.546031e-05,0.0,nan,nan,nan
1777.381,1.546209e-05,0.0,nan,nan,nan
1777.488,1.545907e-05,0.0,nan,nan,nan
1777.573,1.546572e-05,0.0,nan,nan,nan
1777.662,1.546257e-05,0.0,nan,nan,nan
1777.746,1.545967e-05,0.0,nan,nan,nan
1777.829,1.546093e-05,0.0,nan,nan,nan
1777.913,1.545804e-05,0.0,nan,nan,nan
1777.996,1.546181e-05,0.0,nan,nan,nan
1778.082,1.54612e-05,0.0,nan,nan,nan
1778.166,1.546507e-05,0.0,nan,nan,nan
1778.25,1.546695e-05,0.0,nan,nan,nan
1778.34,1.546462e-05,0.0,nan,nan,nan
1778.424,1.546058e-05,0.0,nan,nan,nan
1778.522,1.546336e-05,0.0,nan,nan,nan
1778.606,1.546317e-05,0.0,nan,nan,nan
1778.69,1.545903e-05,0.0,nan,nan,nan
1778.774,1.545976e-05,0.0,nan,nan,nan
1778.857,1.546551e-05,0.0,nan,nan,nan
1778.943,1.545914e-05,0.0,nan,nan,nan
1779.027,1.546066e-05,0.0,nan,nan,nan
1779.11,1.546129e-05,0.0,nan,nan,nan
1779.194,1.546228e-05,0.0,nan,nan,nan
1779.277,1.546655e-05,0.0,nan,nan,nan
1779.361,1.546085e-05,0.0,nan,nan,nan
1779.444,1.546215e-05,0.0,nan,nan,nan
1779.564,1.546127e-05,0.0,nan,nan,nan
1779.647,1.546102e-05,0.0,nan,nan,nan
1779.731,1.545868e-05,0.0,nan,nan,nan
1779.814,1.546054e-05,0.0,nan,nan,nan
1779.898,1.546388e-05,0.0,nan,nan,nan
1779.988,1.546526e-05,0.0,nan,nan,nan
1780.071,1.546005e-05,0.0,nan,nan,nan
1780.155,1.546012e-05,0.0,nan,nan,nan
1780.239,1.545944e-05,0.0,nan,nan,nan
1780.322,1.546255e-05,0.0,nan,nan,nan
1780.405,1.546324e-05,0.0,nan,nan,nan
1780.489,1.54591e-05,0.0,nan,nan,nan
1780.589,1.546117e-05,0.0,nan,nan,nan
1780.673,1.545783e-05,0.0,nan,nan,nan
1780.78,1.546081e-05,0.0,nan,nan,nan
1780.863,1.546171e-05,0.0,nan,nan,nan
1780.948,1.545731e-05,0.0,nan,nan,nan
1781.032,1.54634e-05,0.0,nan,nan,nan
1781.116,1.546462e-05,0.0,nan,nan,nan
1781.199,1.546205e-05,0.0,nan,nan,nan
1781.283,1.54628e-05,0.0,nan,nan,nan
1781.388,1.54619e-05,0.0,nan,nan,nan
1781.472,1.546027e-05,0.0,nan,nan,nan
1781.556,1.546262e-05,0.0,nan,nan,nan
1781.658,1.546289e-05,0.0,nan,nan,nan
1781.742,1.546194e-05,0.0,nan,nan,nan
1781.826,1.546383e-05,0.0,nan,nan,nan
1781.909,1.546345e-05,0.0,nan,nan,nan
1781.993,1.54619e-05,0.0,nan,nan,nan
1782.077,1.546103e-05,0.0,nan,nan,nan
1782.161,1.546004e-05,0.0,nan,nan,nan
1782.244,1.545491e-05,0.0,nan,nan,nan
1782.328,1.54574e-05,0.0,nan,nan,nan
1782.431,1.546051e-05,0.0,nan,nan,nan
1782.514,1.545996e-05,0.0,nan,nan,nan
1782.598,1.545964e-05,0.0,nan,nan,nan
1782.682,1.545824e-05,0.0,nan,nan,nan
1782.766,1.545876e-05,0.0,nan,nan,nan
1782.849,1.545575e-05,0.0,nan,nan,nan
1782.933,1.546031e-05,0.0,nan,nan,nan
1783.02,1.546474e-05,0.0,nan,nan,nan
1783.103,1.545793e-05,0.0,nan,nan,nan
1783.187,1.545954e-05,0.0,nan,nan,nan
1783.271,1.545921e-05,0.0,nan,nan,nan
1783.354,1.546686e-05,0.0,nan,nan,nan
1783.442,1.546167e-05,0.0,nan,nan,nan
1783.525,1.546206e-05,0.0,nan,nan,nan
1783.609,1.545887e-05,0.0,nan,nan,nan
1783.707,1.545758e-05,0.0,nan,nan,nan
1783.79,1.54599e-05,0.0,nan,nan,nan
1783.874,1.545894e-05,0.0,nan,nan,nan
1783.958,1.545867e-05,0.0,nan,nan,nan
1784.051,1.545769e-05,0.0,nan,nan,nan
1784.135,1.545806e-05,0.0,nan,nan,nan
1784.221,1.545985e-05,0.0,nan,nan,nan
1784.305,1.545875e-05,0.0,nan,nan,nan
1784.388,1.545962e-05,0.0,nan,nan,nan
1784.476,1.545884e-05,0.0,nan,nan,nan
1784.56,1.545549e-05,0.0,nan,nan,nan
1784.645,1.545587e-05,0.0,nan,nan,nan
1784.729,1.545534e-05,0.0,nan,nan,nan
1784.813,1.545722e-05,0.0,nan,nan,nan
1784.9,1.545342e-05,0.0,nan,nan,nan
1784.983,1.545497e-05,0.0,nan,nan,nan
1785.084,1.54552e-05,0.0,nan,nan,nan
1785.168,1.545513e-05,0.0,nan,nan,nan
1785.251,1.545389e-05,0.0,nan,nan,nan
1785.335,1.545687e-05,0.0,nan,nan,nan
1785.419,1.546016e-05,0.0,nan,nan,nan
1785.54,1.545455e-05,0.0,nan,nan,nan
1785.624,1.545479e-05,0.0,nan,nan,nan
1785.708,1.545491e-05,0.0,nan,nan,nan
1785.837,1.545306e-05,0.0,nan,nan,nan
1785.922,1.545502e-05,0.0,nan,nan,nan
1786.005,1.545598e-05,0.0,nan,nan,nan
1786.089,1.54542e-05,0.0,nan,nan,nan
1786.173,1.545684e-05,0.0,nan,nan,nan
1786.257,1.545413e-05,0.0,nan,nan,nan
1786.34,1.545414e-05,0.0,nan,nan,nan
1786.424,1.545693e-05,0.0,nan,nan,nan
1786.537,1.545489e-05,0.0,nan,nan,nan
1786.621,1.545827e-05,0.0,nan,nan,nan
1786.704,1.546027e-05,0.0,nan,nan,nan
1786.788,1.545403e-05,0.0,nan,nan,nan
1786.872,1.545369e-05,0.0,nan,nan,nan
1786.957,1.545255e-05,0.0,nan,nan,nan
1787.04,1.545376e-05,0.0,nan,nan,nan
1787.124,1.545701e-05,0.0,nan,nan,nan
1787.208,1.545955e-05,0.0,nan,nan,nan
1787.293,1.545652e-05,0.0,nan,nan,nan
1787.377,1.545977e-05,0.0,nan,nan,nan
1787.461,1.545998e-05,0.0,nan,nan,nan
1787.555,1.545841e-05,0.0,nan,nan,nan
1787.639,1.545738e-05,0.0,nan,nan,nan
1787.723,1.545478e-05,0.0,nan,nan,nan
1787.807,1.545629e-05,0.0,nan,nan,nan
1787.936,1.545482e-05,0.0,nan,nan,nan
1788.024,1.545532e-05,0.0,nan,nan,nan
1788.108,1.545914e-05,0.0,nan,nan,nan
1788.192,1.54582e-05,0.0,nan,nan,nan
1788.276,1.545885e-05,0.0,nan,nan,nan
1788.374,1.546237e-05,0.0,nan,nan,nan
1788.457,1.546079e-05,0.0,nan,nan,nan
1788.541,1.545922e-05,0.0,nan,nan,nan
1788.625,1.54589e-05,0.0,nan,nan,nan
1788.708,1.54594e-05,0.0,nan,nan,nan
1788.792,1.546113e-05,0.0,nan,nan,nan
1788.875,1.546355e-05,0.0,nan,nan,nan
1788.971,1.545565e-05,0.0,nan,nan,nan
1789.055,1.545781e-05,0.0,nan,nan,nan
1789.138,1.545514e-05,0.0,nan,nan,nan
1789.222,1.545782e-05,0.0,nan,nan,nan
1789.305,1.545842e-05,0.0,nan,nan,nan
1789.389,1.545678e-05,0.0,nan,nan,nan
1789.472,1.545954e-05,0.0,nan,nan,nan
1789.556,1.545704e-05,0.0,nan,nan,nan
1789.64,1.545942e-05,0.0,nan,nan,nan
1789.726,1.545919e-05,0.0,nan,nan,nan
1789.81,1.545766e-05,0.0,nan,nan,nan
1789.893,1.545839e-05,0.0,nan,nan,nan
1789.997,1.545928e-05,0.0,nan,nan,nan
1790.08,1.545571e-05,0.0,nan,nan,nan
1790.164,1.545257e-05,0.0,nan,nan,nan
1790.247,1.545545e-05,0.0,nan,nan,nan
1790.331,1.545838e-05,0.0,nan,nan,nan
1790.418,1.545598e-05,0.0,nan,nan,nan
1790.502,1.545807e-05,0.0,nan,nan,nan
1790.585,1.545398e-05,0.0,nan,nan,nan
1790.669,1.545523e-05,0.0,nan,nan,nan
1790.753,1.545845e-05,0.0,nan,nan,nan
1790.836,1.545403e-05,0.0,nan,nan,nan
1790.92,1.545653e-05,0.0,nan,nan,nan
1791.007,1.545661e-05,0.0,nan,nan,nan
1791.091,1.545503e-05,0.0,nan,nan,nan
1791.174,1.545753e-05,0.0,nan,nan,nan
1791.258,1.545692e-05,0.0,nan,nan,nan
1791.341,1.546242e-05,0.0,nan,nan,nan
1791.432,1.545988e-05,0.0,nan,nan,nan
1791.516,1.545799e-05,0.0,nan,nan,nan
1791.599,1.54543e-05,0.0,nan,nan,nan
1791.683,1.545672e-05,0.0,nan,nan,nan
1791.767,1.545755e-05,0.0,nan,nan,nan
1791.85,1.545877e-05,0.0,nan,nan,nan
1791.934,1.545906e-05,0.0,nan,nan,nan
1792.037,1.545555e-05,0.0,nan,nan,nan
1792.121,1.545695e-05,0.0,nan,nan,nan
1792.205,1.545718e-05,0.0,nan,nan,nan
1792.288,1.546509e-05,0.0,nan,nan,nan
1792.372,1.545787e-05,0.0,nan,nan,nan
1792.471,1.545515e-05,0.0,nan,nan,nan
1792.554,1.546127e-05,0.0,nan,nan,nan
1792.638,1.545833e-05,0.0,nan,nan,nan
1792.722,1.545646e-05,0.0,nan,nan,nan
1792.808,1.545656e-05,0.0,nan,nan,nan
1792.891,1.545744e-05,0.0,nan,nan,nan
1792.975,1.545827e-05,0.0,nan,nan,nan
1793.071,1.54561e-05,0.0,nan,nan,nan
1793.155,1.545682e-05,0.0,nan,nan,nan
1793.239,1.545704e-05,0.0,nan,nan,nan
1793.322,1.545552e-05,0.0,nan,nan,nan
1793.406,1.545946e-05,0.0,nan,nan,nan
1793.489,1.546302e-05,0.0,nan,nan,nan
1793.573,1.545527e-05,0.0,nan,nan,nan
1793.659,1.546119e-05,0.0,nan,nan,nan
1793.743,1.546283e-05,0.0,nan,nan,nan
1793.828,1.545619e-05,0.0,nan,nan,nan
1793.912,1.545729e-05,0.0,nan,nan,nan
1793.996,1.545465e-05,0.0,nan,nan,nan
1794.115,1.54587e-05,0.0,nan,nan,nan
1794.199,1.545707e-05,0.0,nan,nan,nan
1794.308,1.545827e-05,0.0,nan,nan,nan
1794.392,1.545464e-05,0.0,nan,nan,nan
1794.475,1.545708e-05,0.0,nan,nan,nan
1794.559,1.545723e-05,0.0,nan,nan,nan
1794.643,1.545849e-05,0.0,nan,nan,nan
1794.727,1.545611e-05,0.0,nan,nan,nan
1794.811,1.545954e-05,0.0,nan,nan,nan
1794.895,1.545959e-05,0.0,nan,nan,nan
1794.979,1.546203e-05,0.0,nan,nan,nan
1795.063,1.545721e-05,0.0,nan,nan,nan
1795.146,1.546212e-05,0.0,nan,nan,nan
1795.23,1.546008e-05,0.0,nan,nan,nan
1795.32,1.546216e-05,0.0,nan,nan,nan
1795.404,1.546411e-05,0.0,nan,nan,nan
1795.487,1.545876e-05,0.0,nan,nan,nan
1795.571,1.546003e-05,0.0,nan,nan,nan
1795.655,1.546168e-05,0.0,nan,nan,nan
1795.742,1.546203e-05,0.0,nan,nan,nan
1795.826,1.546175e-05,0.0,nan,nan,nan
1795.91,1.545956e-05,0.0,nan,nan,nan
1795.994,1.545963e-05,0.0,nan,nan,nan
1796.077,1.545809e-05,0.0,nan,nan,nan
1796.176,1.545868e-05,0.0,nan,nan,nan
1796.259,1.546027e-05,0.0,nan,nan,nan
1796.353,1.54609e-05,0.0,nan,nan,nan
1796.437,1.546434e-05,0.0,nan,nan,nan
1796.521,1.545964e-05,0.0,nan,nan,nan
1796.604,1.545859e-05,0.0,nan,nan,nan
1796.689,1.546133e-05,0.0,nan,nan,nan
1796.773,1.546722e-05,0.0,nan,nan,nan
1796.856,1.54615e-05,0.0,nan,nan,nan
1796.956,1.546064e-05,0.0,nan,nan,nan
1797.04,1.546242e-05,0.0,nan,nan,nan
1797.124,1.545882e-05,0.0,nan,nan,nan
1797.207,1.545991e-05,0.0,nan,nan,nan
1797.292,1.545754e-05,0.0,nan,nan,nan
1797.376,1.545804e-05,0.0,nan,nan,nan
1797.46,1.545545e-05,0.0,nan,nan,nan
1797.566,1.545983e-05,0.0,nan,nan,nan
1797.649,1.545949e-05,0.0,nan,nan,nan
1797.733,1.545924e-05,0.0,nan,nan,nan
1797.817,1.546062e-05,0.0,nan,nan,nan
1797.9,1.546414e-05,0.0,nan,nan,nan
1797.995,1.546283e-05,0.0,nan,nan,nan
1798.079,1.546187e-05,0.0,nan,nan,nan
1798.17,1.546022e-05,0.0,nan,nan,nan
1798.254,1.545891e-05,0.0,nan,nan,nan
1798.338,1.545588e-05,0.0,nan,nan,nan
1798.422,1.545944e-05,0.0,nan,nan,nan
1798.506,1.546041e-05,0.0,nan,nan,nan
1798.589,1.545885e-05,0.0,nan,nan,nan
1798.673,1.546194e-05,0.0,nan,nan,nan
1798.757,1.546079e-05,0.0,nan,nan,nan
1798.841,1.54618e-05,0.0,nan,nan,nan
1798.927,1.54578e-05,0.0,nan,nan,nan
1799.011,1.546153e-05,0.0,nan,nan,nan
1799.095,1.545951e-05,0.0,nan,nan,nan
1799.195,1.545579e-05,0.0,nan,nan,nan
1799.278,1.54617e-05,0.0,nan,nan,nan
1799.362,1.546091e-05,0.0,nan,nan,nan
1799.446,1.545824e-05,0.0,nan,nan,nan
1799.53,1.546402e-05,0.0,nan,nan,nan
1799.614,1.546319e-05,0.0,nan,nan,nan
1799.697,1.546082e-05,0.0,nan,nan,nan
1799.792,1.545923e-05,0.0,nan,nan,nan
1799.876,1.546093e-05,0.0,nan,nan,nan
1799.959,1.545867e-05,0.0,nan,nan,nan
1800.043,1.546074e-05,0.0,nan,nan,nan
1800.126,1.54627e-05,0.0,nan,nan,nan
1800.226,1.546056e-05,0.0,nan,nan,nan
1800.322,1.54589e-05,0.0,nan,nan,nan
1800.43,1.546182e-05,0.0,nan,nan,nan
1800.514,1.545994e-05,0.0,nan,nan,nan
1800.607,1.54628e-05,0.0,nan,nan,nan
1800.691,1.545753e-05,0.0,nan,nan,nan
1800.775,1.545904e-05,0.0,nan,nan,nan
1800.858,1.546392e-05,0.0,nan,nan,nan
1800.942,1.546389e-05,0.0,nan,nan,nan
1801.041,1.546112e-05,0.0,nan,nan,nan
1801.125,1.546025e-05,0.0,nan,nan,nan
1801.208,1.546243e-05,0.0,nan,nan,nan
1801.292,1.545817e-05,0.0,nan,nan,nan
1801.378,1.545804e-05,0.0,nan,nan,nan
1801.461,1.546035e-05,0.0,nan,nan,nan
1801.545,1.545963e-05,0.0,nan,nan,nan
1801.646,1.545975e-05,0.0,nan,nan,nan
1801.73,1.546057e-05,0.0,nan,nan,nan
1801.814,1.546058e-05,0.0,nan,nan,nan
1801.898,1.545716e-05,0.0,nan,nan,nan
1801.981,1.545721e-05,0.0,nan,nan,nan
1802.065,1.545774e-05,0.0,nan,nan,nan
1802.148,1.545671e-05,0.0,nan,nan,nan
1802.232,1.545922e-05,0.0,nan,nan,nan
1802.316,1.545752e-05,0.0,nan,nan,nan
1802.399,1.545704e-05,0.0,nan,nan,nan
1802.483,1.545695e-05,0.0,nan,nan,nan
1802.566,1.546108e-05,0.0,nan,nan,nan
1802.65,1.546034e-05,0.0,nan,nan,nan
1802.734,1.545864e-05,0.0,nan,nan,nan
1802.818,1.545955e-05,0.0,nan,nan,nan
1802.902,1.546128e-05,0.0,nan,nan,nan
1802.985,1.546094e-05,0.0,nan,nan,nan
1803.089,1.546419e-05,0.0,nan,nan,nan
1803.173,1.54638e-05,0.0,nan,nan,nan
1803.279,1.546046e-05,0.0,nan,nan,nan
1803.362,1.545393e-05,0.0,nan,nan,nan
1803.446,1.545527e-05,0.0,nan,nan,nan
1803.529,1.545644e-05,0.0,nan,nan,nan
1803.613,1.545995e-05,0.0,nan,nan,nan
1803.697,1.546292e-05,0.0,nan,nan,nan
1803.78,1.546125e-05,0.0,nan,nan,nan
1803.864,1.545696e-05,0.0,nan,nan,nan
1803.947,1.545752e-05,0.0,nan,nan,nan
1804.031,1.545983e-05,0.0,nan,nan,nan
1804.116,1.545634e-05,0.0,nan,nan,nan
1804.2,1.545674e-05,0.0,nan,nan,nan
1804.301,1.54597e-05,0.0,nan,nan,nan
1804.385,1.546409e-05,0.0,nan,nan,nan
1804.47,1.546347e-05,0.0,nan,nan,nan
1804.554,1.545978e-05,0.0,nan,nan,nan
1804.637,1.546183e-05,0.0,nan,nan,nan
1804.729,1.545835e-05,0.0,nan,nan,nan
1804.813,1.545652e-05,0.0,nan,nan,nan
1804.896,1.546041e-05,0.0,nan,nan,nan
1804.98,1.545641e-05,0.0,nan,nan,nan
1805.064,1.545324e-05,0.0,nan,nan,nan
1805.147,1.545537e-05,0.0,nan,nan,nan
1805.231,1.545677e-05,0.0,nan,nan,nan
1805.334,1.546018e-05,0.0,nan,nan,nan
1805.418,1.545907e-05,0.0,nan,nan,nan
1805.522,1.545488e-05,0.0,nan,nan,nan
1805.605,1.545526e-05,0.0,nan,nan,nan
1805.691,1.546002e-05,0.0,nan,nan,nan
1805.774,1.54577e-05,0.0,nan,nan,nan
1805.858,1.545977e-05,0.0,nan,nan,nan
1805.958,1.545569e-05,0.0,nan,nan,nan
1806.042,1.545679e-05,0.0,nan,nan,nan
1806.143,1.545645e-05,0.0,nan,nan,nan
1806.228,1.545749e-05,0.0,nan,nan,nan
1806.312,1.545562e-05,0.0,nan,nan,nan
1806.395,1.54559e-05,0.0,nan,nan,nan
1806.504,1.545725e-05,0.0,nan,nan,nan
1806.596,1.54599e-05,0.0,nan,nan,nan
1806.68,1.545965e-05,0.0,nan,nan,nan
1806.763,1.545698e-05,0.0,nan,nan,nan
1806.847,1.545681e-05,0.0,nan,nan,nan
1806.931,1.545695e-05,0.0,nan,nan,nan
1807.014,1.545368e-05,0.0,nan,nan,nan
1807.098,1.545843e-05,0.0,nan,nan,nan
1807.184,1.545981e-05,0.0,nan,nan,nan
1807.268,1.545753e-05,0.0,nan,nan,nan
1807.368,1.545705e-05,0.0,nan,nan,nan
1807.451,1.546043e-05,0.0,nan,nan,nan
1807.535,1.545745e-05,0.0,nan,nan,nan
1807.619,1.545531e-05,0.0,nan,nan,nan
1807.703,1.545406e-05,0.0,nan,nan,nan
1807.786,1.545883e-05,0.0,nan,nan,nan
1807.87,1.545818e-05,0.0,nan,nan,nan
1807.975,1.545399e-05,0.0,nan,nan,nan
1808.058,1.545699e-05,0.0,nan,nan,nan
1808.142,1.545528e-05,0.0,nan,nan,nan
1808.226,1.54596e-05,0.0,nan,nan,nan
1808.309,1.545489e-05,0.0,nan,nan,nan
1808.395,1.545708e-05,0.0,nan,nan,nan
1808.479,1.54585e-05,0.0,nan,nan,nan
1808.572,1.545737e-05,0.0,nan,nan,nan
1808.655,1.545887e-05,0.0,nan,nan,nan
1808.739,1.545893e-05,0.0,nan,nan,nan
1808.822,1.545755e-05,0.0,nan,nan,nan
1808.906,1.545872e-05,0.0,nan,nan,nan
1808.99,1.545555e-05,0.0,nan,nan,nan
1809.074,1.546201e-05,0.0,nan,nan,nan
1809.157,1.545714e-05,0.0,nan,nan,nan
1809.241,1.545816e-05,0.0,nan,nan,nan
1809.325,1.546003e-05,0.0,nan,nan,nan
1809.416,1.545713e-05,0.0,nan,nan,nan
1809.499,1.545944e-05,0.0,nan,nan,nan
1809.583,1.545914e-05,0.0,nan,nan,nan
1809.667,1.546087e-05,0.0,nan,nan,nan
1809.751,1.545981e-05,0.0,nan,nan,nan
1809.834,1.54574e-05,0.0,nan,nan,nan
1809.918,1.545716e-05,0.0,nan,nan,nan
1810.014,1.545831e-05,0.0,nan,nan,nan
1810.097,1.545777e-05,0.0,nan,nan,nan
1810.183,1.546133e-05,0.0,nan,nan,nan
1810.266,1.545938e-05,0.0,nan,nan,nan
1810.35,1.545494e-05,0.0,nan,nan,nan
1810.433,1.545328e-05,0.0,nan,nan,nan
1810.517,1.545272e-05,0.0,nan,nan,nan
1810.638,1.545511e-05,0.0,nan,nan,nan
1810.722,1.545308e-05,0.0,nan,nan,nan
1810.826,1.545457e-05,0.0,nan,nan,nan
1810.91,1.545554e-05,0.0,nan,nan,nan
1810.995,1.545393e-05,0.0,nan,nan,nan
1811.079,1.545211e-05,0.0,nan,nan,nan
1811.162,1.545147e-05,0.0,nan,nan,nan
1811.247,1.545577e-05,0.0,nan,nan,nan
1811.331,1.545486e-05,0.0,nan,nan,nan
1811.414,1.545404e-05,0.0,nan,nan,nan
1811.498,1.545493e-05,0.0,nan,nan,nan
1811.582,1.545736e-05,0.0,nan,nan,nan
1811.665,1.54584e-05,0.0,nan,nan,nan
1811.749,1.545788e-05,0.0,nan,nan,nan
1811.847,1.546124e-05,0.0,nan,nan,nan
1811.93,1.54553e-05,0.0,nan,nan,nan
1812.014,1.545519e-05,0.0,nan,nan,nan
1812.098,1.545689e-05,0.0,nan,nan,nan
1812.182,1.545495e-05,0.0,nan,nan,nan
1812.268,1.545601e-05,0.0,nan,nan,nan
1812.352,1.545744e-05,0.0,nan,nan,nan
1812.435,1.546124e-05,0.0,nan,nan,nan
1812.519,1.545999e-05,0.0,nan,nan,nan
1812.604,1.54605e-05,0.0,nan,nan,nan
1812.704,1.546257e-05,0.0,nan,nan,nan
1812.788,1.546167e-05,0.0,nan,nan,nan
1812.871,1.545686e-05,0.0,nan,nan,nan
1812.955,1.546393e-05,0.0,nan,nan,nan
1813.038,1.545994e-05,0.0,nan,nan,nan
1813.122,1.54623e-05,0.0,nan,nan,nan
1813.206,1.545467e-05,0.0,nan,nan,nan
1813.29,1.545912e-05,0.0,nan,nan,nan
1813.373,1.546109e-05,0.0,nan,nan,nan
1813.473,1.546172e-05,0.0,nan,nan,nan
1813.556,1.546211e-05,0.0,nan,nan,nan
1813.64,1.546365e-05,0.0,nan,nan,nan
1813.724,1.546155e-05,0.0,nan,nan,nan
1813.811,1.546153e-05,0.0,nan,nan,nan
1813.896,1.545711e-05,0.0,nan,nan,nan
1813.98,1.546027e-05,0.0,nan,nan,nan
1814.064,1.545913e-05,0.0,nan,nan,nan
1814.147,1.546012e-05,0.0,nan,nan,nan
1814.236,1.546129e-05,0.0,nan,nan,nan
1814.319,1.545802e-05,0.0,nan,nan,nan
1814.403,1.546136e-05,0.0,nan,nan,nan
1814.499,1.54595e-05,0.0,nan,nan,nan
1814.583,1.545976e-05,0.0,nan,nan,nan
1814.667,1.546001e-05,0.0,nan,nan,nan
1814.75,1.546051e-05,0.0,nan,nan,nan
1814.834,1.546135e-05,0.0,nan,nan,nan
1814.917,1.545925e-05,0.0,nan,nan,nan
1815.001,1.546357e-05,0.0,nan,nan,nan
1815.098,1.546429e-05,0.0,nan,nan,nan
1815.182,1.545901e-05,0.0,nan,nan,nan
1815.265,1.545914e-05,0.0,nan,nan,nan
1815.349,1.545591e-05,0.0,nan,nan,nan
1815.433,1.546057e-05,0.0,nan,nan,nan
1815.517,1.546097e-05,0.0,nan,nan,nan
1815.6,1.546388e-05,0.0,nan,nan,nan
1815.684,1.546121e-05,0.0,nan,nan,nan
1815.768,1.546409e-05,0.0,nan,nan,nan
1815.854,1.545774e-05,0.0,nan,nan,nan
1815.938,1.545898e-05,0.0,nan,nan,nan
1816.021,1.545887e-05,0.0,nan,nan,nan
1816.115,1.546355e-05,0.0,nan,nan,nan
1816.198,1.545679e-05,0.0,nan,nan,nan
1816.282,1.545748e-05,0.0,nan,nan,nan
1816.366,1.546213e-05,0.0,nan,nan,nan
1816.449,1.546048e-05,0.0,nan,nan,nan
1816.533,1.546154e-05,0.0,nan,nan,nan
1816.617,1.546218e-05,0.0,nan,nan,nan
1816.701,1.546036e-05,0.0,nan,nan,nan
1816.784,1.54625e-05,0.0,nan,nan,nan
1816.871,1.5471e-05,0.0,nan,nan,nan
1816.972,1.546797e-05,0.0,nan,nan,nan
1817.056,1.54618e-05,0.0,nan,nan,nan
1817.14,1.545818e-05,0.0,nan,nan,nan
1817.223,1.545583e-05,0.0,nan,nan,nan
1817.333,1.545987e-05,0.0,nan,nan,nan
1817.417,1.545792e-05,0.0,nan,nan,nan
1817.501,1.546241e-05,0.0,nan,nan,nan
1817.585,1.545891e-05,0.0,nan,nan,nan
1817.669,1.546048e-05,0.0,nan,nan,nan
1817.752,1.546459e-05,0.0,nan,nan,nan
1817.836,1.546162e-05,0.0,nan,nan,nan
1817.939,1.546103e-05,0.0,nan,nan,nan
1818.023,1.546245e-05,0.0,nan,nan,nan
1818.107,1.546317e-05,0.0,nan,nan,nan
1818.191,1.545813e-05,0.0,nan,nan,nan
1818.276,1.545949e-05,0.0,nan,nan,nan
1818.359,1.545932e-05,0.0,nan,nan,nan
1818.443,1.545748e-05,0.0,nan,nan,nan
1818.538,1.545826e-05,0.0,nan,nan,nan
1818.621,1.546201e-05,0.0,nan,nan,nan
1818.705,1.545838e-05,0.0,nan,nan,nan
1818.789,1.545759e-05,0.0,nan,nan,nan
1818.873,1.546045e-05,0.0,nan,nan,nan
1818.964,1.546577e-05,0.0,nan,nan,nan
1819.047,1.545943e-05,0.0,nan,nan,nan
1819.131,1.546009e-05,0.0,nan,nan,nan
1819.215,1.546292e-05,0.0,nan,nan,nan
1819.298,1.546308e-05,0.0,nan,nan,nan
1819.382,1.54608e-05,0.0,nan,nan,nan
1819.466,1.546209e-05,0.0,nan,nan,nan
1819.572,1.545981e-05,0.0,nan,nan,nan
1819.656,1.546325e-05,0.0,nan,nan,nan
1819.756,1.546479e-05,0.0,nan,nan,nan
1819.839,1.546487e-05,0.0,nan,nan,nan
1819.923,1.546567e-05,0.0,nan,nan,nan
1820.006,1.545973e-05,0.0,nan,nan,nan
1820.09,1.545929e-05,0.0,nan,nan,nan
1820.174,1.545842e-05,0.0,nan,nan,nan
1820.258,1.545684e-05,0.0,nan,nan,nan
1820.341,1.545689e-05,0.0,nan,nan,nan
1820.425,1.546072e-05,0.0,nan,nan,nan
1820.509,1.546281e-05,0.0,nan,nan,nan
1820.593,1.546001e-05,0.0,nan,nan,nan
1820.677,1.545941e-05,0.0,nan,nan,nan
1820.775,1.545911e-05,0.0,nan,nan,nan
1820.859,1.545697e-05,0.0,nan,nan,nan
1820.942,1.5455e-05,0.0,nan,nan,nan
1821.029,1.545593e-05,0.0,nan,nan,nan
1821.113,1.5454e-05,0.0,nan,nan,nan
1821.196,1.545818e-05,0.0,nan,nan,nan
1821.28,1.546132e-05,0.0,nan,nan,nan
1821.364,1.545875e-05,0.0,nan,nan,nan
1821.447,1.545979e-05,0.0,nan,nan,nan
1821.531,1.546423e-05,0.0,nan,nan,nan
1821.614,1.545764e-05,0.0,nan,nan,nan
1821.698,1.545983e-05,0.0,nan,nan,nan
1821.8,1.545974e-05,0.0,nan,nan,nan
1821.884,1.545551e-05,0.0,nan,nan,nan
1821.967,1.545624e-05,0.0,nan,nan,nan
1822.051,1.54568e-05,0.0,nan,nan,nan
1822.135,1.545628e-05,0.0,nan,nan,nan
1822.229,1.545757e-05,0.0,nan,nan,nan
1822.313,1.545989e-05,0.0,nan,nan,nan
1822.397,1.54589e-05,0.0,nan,nan,nan
1822.48,1.546334e-05,0.0,nan,nan,nan
1822.564,1.546166e-05,0.0,nan,nan,nan
1822.647,1.545965e-05,0.0,nan,nan,nan
1822.731,1.545934e-05,0.0,nan,nan,nan
1822.824,1.545966e-05,0.0,nan,nan,nan
1822.907,1.545471e-05,0.0,nan,nan,nan
1822.993,1.545746e-05,0.0,nan,nan,nan
1823.088,1.545926e-05,0.0,nan,nan,nan
1823.172,1.546019e-05,0.0,nan,nan,nan
1823.256,1.545611e-05,0.0,nan,nan,nan
1823.339,1.545699e-05,0.0,nan,nan,nan
1823.423,1.545829e-05,0.0,nan,nan,nan
1823.506,1.545652e-05,0.0,nan,nan,nan
1823.59,1.54571e-05,0.0,nan,nan,nan
1823.673,1.545716e-05,0.0,nan,nan,nan
1823.757,1.545482e-05,0.0,nan,nan,nan
1823.847,1.545807e-05,0.0,nan,nan,nan
1823.93,1.545928e-05,0.0,nan,nan,nan
1824.014,1.546111e-05,0.0,nan,nan,nan
1824.098,1.546135e-05,0.0,nan,nan,nan
1824.182,1.545646e-05,0.0,nan,nan,nan
1824.265,1.5457e-05,0.0,nan,nan,nan
1824.349,1.545799e-05,0.0,nan,nan,nan
1824.433,1.545789e-05,0.0,nan,nan,nan
1824.517,1.545705e-05,0.0,nan,nan,nan
1824.6,1.545926e-05,0.0,nan,nan,nan
1824.685,1.546001e-05,0.0,nan,nan,nan
1824.769,1.545555e-05,0.0,nan,nan,nan
1824.856,1.54578e-05,0.0,nan,nan,nan
1824.94,1.545437e-05,0.0,nan,nan,nan
1825.024,1.545406e-05,0.0,nan,nan,nan
1825.137,1.545981e-05,0.0,nan,nan,nan
1825.222,1.545762e-05,0.0,nan,nan,nan
1825.305,1.545786e-05,0.0,nan,nan,nan
1825.389,1.546071e-05,0.0,nan,nan,nan
1825.475,1.545873e-05,0.0,nan,nan,nan
1825.558,1.545905e-05,0.0,nan,nan,nan
1825.642,1.54573e-05,0.0,nan,nan,nan
1825.726,1.545563e-05,0.0,nan,nan,nan
1825.81,1.545651e-05,0.0,nan,nan,nan
1825.893,1.546077e-05,0.0,nan,nan,nan
1825.977,1.546104e-05,0.0,nan,nan,nan
1826.072,1.545564e-05,0.0,nan,nan,nan
1826.155,1.545665e-05,0.0,nan,nan,nan
1826.239,1.545751e-05,0.0,nan,nan,nan
1826.322,1.54577e-05,0.0,nan,nan,nan
1826.406,1.545869e-05,0.0,nan,nan,nan
1826.49,1.545591e-05,0.0,nan,nan,nan
1826.573,1.545695e-05,0.0,nan,nan,nan
1826.659,1.545999e-05,0.0,nan,nan,nan
1826.743,1.546055e-05,0.0,nan,nan,nan
1826.826,1.546017e-05,0.0,nan,nan,nan
1826.91,1.546131e-05,0.0,nan,nan,nan
1826.994,1.545979e-05,0.0,nan,nan,nan
1827.101,1.546248e-05,0.0,nan,nan,nan
1827.204,1.546027e-05,0.0,nan,nan,nan
1827.298,1.545808e-05,0.0,nan,nan,nan
1827.382,1.545666e-05,0.0,nan,nan,nan
1827.465,1.545601e-05,0.0,nan,nan,nan
1827.549,1.545962e-05,0.0,nan,nan,nan
1827.632,1.545614e-05,0.0,nan,nan,nan
1827.716,1.546011e-05,0.0,nan,nan,nan
1827.8,1.545785e-05,0.0,nan,nan,nan
1827.908,1.545503e-05,0.0,nan,nan,nan
1827.991,1.545509e-05,0.0,nan,nan,nan
1828.076,1.545222e-05,0.0,nan,nan,nan
1828.16,1.545875e-05,0.0,nan,nan,nan
1828.243,1.545589e-05,0.0,nan,nan,nan
1828.329,1.545489e-05,0.0,nan,nan,nan
1828.412,1.546056e-05,0.0,nan,nan,nan
1828.503,1.546074e-05,0.0,nan,nan,nan
1828.588,1.545991e-05,0.0,nan,nan,nan
1828.671,1.546206e-05,0.0,nan,nan,nan
1828.755,1.545873e-05,0.0,nan,nan,nan
1828.838,1.545798e-05,0.0,nan,nan,nan
1828.935,1.546112e-05,0.0,nan,nan,nan
1829.018,1.546078e-05,0.0,nan,nan,nan
1829.102,1.546037e-05,0.0,nan,nan,nan
1829.185,1.546096e-05,0.0,nan,nan,nan
1829.287,1.546037e-05,0.0,nan,nan,nan
1829.371,1.545853e-05,0.0,nan,nan,nan
1829.455,1.545828e-05,0.0,nan,nan,nan
1829.54,1.545657e-05,0.0,nan,nan,nan
1829.624,1.545748e-05,0.0,nan,nan,nan
1829.707,1.546048e-05,0.0,nan,nan,nan
1829.791,1.546153e-05,0.0,nan,nan,nan
1829.876,1.546206e-05,0.0,nan,nan,nan
1829.961,1.546142e-05,0.0,nan,nan,nan
1830.045,1.54586e-05,0.0,nan,nan,nan
1830.153,1.546036e-05,0.0,nan,nan,nan
1830.237,1.546211e-05,0.0,nan,nan,nan
1830.337,1.545891e-05,0.0,nan,nan,nan
1830.421,1.546079e-05,0.0,nan,nan,nan
1830.504,1.545652e-05,0.0,nan,nan,nan
1830.588,1.546178e-05,0.0,nan,nan,nan
1830.671,1.546033e-05,0.0,nan,nan,nan
1830.76,1.546019e-05,0.0,nan,nan,nan
1830.844,1.545904e-05,0.0,nan,nan,nan
1830.929,1.545654e-05,0.0,nan,nan,nan
1831.013,1.546039e-05,0.0,nan,nan,nan
1831.096,1.546116e-05,0.0,nan,nan,nan
1831.201,1.545514e-05,0.0,nan,nan,nan
1831.285,1.545865e-05,0.0,nan,nan,nan
1831.368,1.546079e-05,0.0,nan,nan,nan
1831.452,1.545976e-05,0.0,nan,nan,nan
1831.536,1.545985e-05,0.0,nan,nan,nan
1831.62,1.545954e-05,0.0,nan,nan,nan
1831.703,1.546127e-05,0.0,nan,nan,nan
1831.803,1.545993e-05,0.0,nan,nan,nan
1831.887,1.545683e-05,0.0,nan,nan,nan
1831.971,1.5463e-05,0.0,nan,nan,nan
1832.054,1.546165e-05,0.0,nan,nan,nan
1832.138,1.546247e-05,0.0,nan,nan,nan
1832.222,1.54579e-05,0.0,nan,nan,nan
1832.305,1.54604e-05,0.0,nan,nan,nan
1832.389,1.545948e-05,0.0,nan,nan,nan
1832.473,1.545864e-05,0.0,nan,nan,nan
1832.557,1.545746e-05,0.0,nan,nan,nan
1832.641,1.546089e-05,0.0,nan,nan,nan
1832.724,1.545449e-05,0.0,nan,nan,nan
1832.811,1.54582e-05,0.0,nan,nan,nan
1832.894,1.546176e-05,0.0,nan,nan,nan
1832.98,1.54604e-05,0.0,nan,nan,nan
1833.064,1.545472e-05,0.0,nan,nan,nan
1833.147,1.545428e-05,0.0,nan,nan,nan
1833.231,1.545713e-05,0.0,nan,nan,nan
1833.314,1.545664e-05,0.0,nan,nan,nan
1833.406,1.545561e-05,0.0,nan,nan,nan
1833.49,1.546044e-05,0.0,nan,nan,nan
1833.573,1.545688e-05,0.0,nan,nan,nan
1833.657,1.545723e-05,0.0,nan,nan,nan
1833.741,1.545457e-05,0.0,nan,nan,nan
1833.835,1.545867e-05,0.0,nan,nan,nan
1833.919,1.546051e-05,0.0,nan,nan,nan
1834.002,1.546077e-05,0.0,nan,nan,nan
1834.086,1.546243e-05,0.0,nan,nan,nan
1834.17,1.545607e-05,0.0,nan,nan,nan
1834.256,1.545357e-05,0.0,nan,nan,nan
1834.339,1.545871e-05,0.0,nan,nan,nan
1834.442,1.545889e-05,0.0,nan,nan,nan
1834.526,1.545955e-05,0.0,nan,nan,nan
1834.61,1.545586e-05,0.0,nan,nan,nan
1834.693,1.545951e-05,0.0,nan,nan,nan
1834.777,1.545828e-05,0.0,nan,nan,nan
1834.861,1.545932e-05,0.0,nan,nan,nan
1834.945,1.545771e-05,0.0,nan,nan,nan
1835.055,1.545687e-05,0.0,nan,nan,nan
1835.138,1.5454e-05,0.0,nan,nan,nan
1835.224,1.545687e-05,0.0,nan,nan,nan
1835.342,1.545659e-05,0.0,nan,nan,nan
1835.425,1.545501e-05,0.0,nan,nan,nan
1835.554,1.546443e-05,0.0,nan,nan,nan
1835.638,1.546172e-05,0.0,nan,nan,nan
1835.721,1.54623e-05,0.0,nan,nan,nan
1835.805,1.545992e-05,0.0,nan,nan,nan
1835.888,1.54553e-05,0.0,nan,nan,nan
1835.972,1.545875e-05,0.0,nan,nan,nan
1836.073,1.545834e-05,0.0,nan,nan,nan
1836.157,1.545607e-05,0.0,nan,nan,nan
1836.24,1.545658e-05,0.0,nan,nan,nan
1836.324,1.545664e-05,0.0,nan,nan,nan
1836.408,1.54607e-05,0.0,nan,nan,nan
1836.494,1.546065e-05,0.0,nan,nan,nan
1836.578,1.545745e-05,0.0,nan,nan,nan
1836.675,1.545931e-05,0.0,nan,nan,nan
1836.759,1.546615e-05,0.0,nan,nan,nan
1836.846,1.546247e-05,0.0,nan,nan,nan
1836.929,1.546355e-05,0.0,nan,nan,nan
1837.013,1.546158e-05,0.0,nan,nan,nan
1837.097,1.546188e-05,0.0,nan,nan,nan
1837.18,1.54586e-05,0.0,nan,nan,nan
1837.283,1.545684e-05,0.0,nan,nan,nan
1837.366,1.54615e-05,0.0,nan,nan,nan
1837.45,1.545623e-05,0.0,nan,nan,nan
1837.533,1.545457e-05,0.0,nan,nan,nan
1837.631,1.545731e-05,0.0,nan,nan,nan
1837.715,1.545354e-05,0.0,nan,nan,nan
1837.799,1.54535e-05,0.0,nan,nan,nan
1837.882,1.545735e-05,0.0,nan,nan,nan
1837.966,1.545914e-05,0.0,nan,nan,nan
1838.05,1.545785e-05,0.0,nan,nan,nan
1838.134,1.545618e-05,0.0,nan,nan,nan
1838.217,1.545606e-05,0.0,nan,nan,nan
1838.302,1.54529e-05,0.0,nan,nan,nan
1838.385,1.545802e-05,0.0,nan,nan,nan
1838.469,1.545873e-05,0.0,nan,nan,nan
1838.553,1.546039e-05,0.0,nan,nan,nan
1838.636,1.545785e-05,0.0,nan,nan,nan
1838.72,1.545908e-05,0.0,nan,nan,nan
1838.803,1.545812e-05,0.0,nan,nan,nan
1838.887,1.545627e-05,0.0,nan,nan,nan
1838.97,1.545545e-05,0.0,nan,nan,nan
1839.055,1.545623e-05,0.0,nan,nan,nan
1839.138,1.546017e-05,0.0,nan,nan,nan
1839.222,1.545662e-05,0.0,nan,nan,nan
1839.322,1.545663e-05,0.0,nan,nan,nan
1839.406,1.545448e-05,0.0,nan,nan,nan
1839.489,1.545553e-05,0.0,nan,nan,nan
1839.573,1.545347e-05,0.0,nan,nan,nan
1839.671,1.545795e-05,0.0,nan,nan,nan
1839.756,1.545562e-05,0.0,nan,nan,nan
1839.84,1.545582e-05,0.0,nan,nan,nan
1839.933,1.545755e-05,0.0,nan,nan,nan
1840.016,1.545629e-05,0.0,nan,nan,nan
1840.1,1.545582e-05,0.0,nan,nan,nan
1840.183,1.545275e-05,0.0,nan,nan,nan
1840.267,1.545612e-05,0.0,nan,nan,nan
1840.351,1.545735e-05,0.0,nan,nan,nan
1840.434,1.545486e-05,0.0,nan,nan,nan
1840.522,1.545336e-05,0.0,nan,nan,nan
1840.606,1.545324e-05,0.0,nan,nan,nan
1840.691,1.545595e-05,0.0,nan,nan,nan
1840.774,1.545634e-05,0.0,nan,nan,nan
1840.858,1.545672e-05,0.0,nan,nan,nan
1840.948,1.545978e-05,0.0,nan,nan,nan
1841.032,1.545878e-05,0.0,nan,nan,nan
1841.116,1.54617e-05,0.0,nan,nan,nan
1841.2,1.545793e-05,0.0,nan,nan,nan
1841.283,1.545897e-05,0.0,nan,nan,nan
1841.367,1.545371e-05,0.0,nan,nan,nan
1841.451,1.546017e-05,0.0,nan,nan,nan
1841.535,1.545551e-05,0.0,nan,nan,nan
1841.618,1.545561e-05,0.0,nan,nan,nan
1841.721,1.545689e-05,0.0,nan,nan,nan
1841.819,1.54547e-05,0.0,nan,nan,nan
1841.903,1.545301e-05,0.0,nan,nan,nan
1841.986,1.545485e-05,0.0,nan,nan,nan
1842.07,1.545443e-05,0.0,nan,nan,nan
1842.154,1.545906e-05,0.0,nan,nan,nan
1842.237,1.545753e-05,0.0,nan,nan,nan
1842.321,1.545465e-05,0.0,nan,nan,nan
1842.404,1.545593e-05,0.0,nan,nan,nan
1842.49,1.545223e-05,0.0,nan,nan,nan
1842.579,1.545092e-05,0.0,nan,nan,nan
1842.663,1.545207e-05,0.0,nan,nan,nan
1842.747,1.545816e-05,0.0,nan,nan,nan
1842.83,1.545506e-05,0.0,nan,nan,nan
1842.914,1.545693e-05,0.0,nan,nan,nan
1842.998,1.545899e-05,0.0,nan,nan,nan
1843.082,1.545815e-05,0.0,nan,nan,nan
1843.165,1.545344e-05,0.0,nan,nan,nan
1843.249,1.545508e-05,0.0,nan,nan,nan
1843.333,1.545696e-05,0.0,nan,nan,nan
1843.416,1.545851e-05,0.0,nan,nan,nan
1843.5,1.545358e-05,0.0,nan,nan,nan
1843.597,1.546095e-05,0.0,nan,nan,nan
1843.681,1.545532e-05,0.0,nan,nan,nan
1843.765,1.545953e-05,0.0,nan,nan,nan
1843.862,1.545518e-05,0.0,nan,nan,nan
1843.946,1.545799e-05,0.0,nan,nan,nan
1844.029,1.545268e-05,0.0,nan,nan,nan
1844.113,1.545352e-05,0.0,nan,nan,nan
1844.197,1.545484e-05,0.0,nan,nan,nan
1844.28,1.54553e-05,0.0,nan,nan,nan
1844.364,1.545365e-05,0.0,nan,nan,nan
1844.447,1.545315e-05,0.0,nan,nan,nan
1844.531,1.545143e-05,0.0,nan,nan,nan
1844.623,1.545581e-05,0.0,nan,nan,nan
1844.707,1.545108e-05,0.0,nan,nan,nan
1844.791,1.545499e-05,0.0,nan,nan,nan
1844.875,1.545532e-05,0.0,nan,nan,nan
1844.959,1.545676e-05,0.0,nan,nan,nan
1845.043,1.545752e-05,0.0,nan,nan,nan
1845.127,1.545471e-05,0.0,nan,nan,nan
1845.21,1.545356e-05,0.0,nan,nan,nan
1845.294,1.545488e-05,0.0,nan,nan,nan
1845.377,1.545646e-05,0.0,nan,nan,nan
1845.461,1.545268e-05,0.0,nan,nan,nan
1845.545,1.545181e-05,0.0,nan,nan,nan
1845.646,1.545139e-05,0.0,nan,nan,nan
1845.73,1.545267e-05,0.0,nan,nan,nan
1845.815,1.545678e-05,0.0,nan,nan,nan
1845.905,1.54515e-05,0.0,nan,nan,nan
1845.988,1.545938e-05,0.0,nan,nan,nan
1846.072,1.545543e-05,0.0,nan,nan,nan
1846.155,1.545341e-05,0.0,nan,nan,nan
1846.258,1.545315e-05,0.0,nan,nan,nan
1846.342,1.545595e-05,0.0,nan,nan,nan
1846.425,1.545503e-05,0.0,nan,nan,nan
1846.509,1.545302e-05,0.0,nan,nan,nan
1846.593,1.545601e-05,0.0,nan,nan,nan
1846.678,1.545498e-05,0.0,nan,nan,nan
1846.762,1.545152e-05,0.0,nan,nan,nan
1846.846,1.545425e-05,0.0,nan,nan,nan
1846.93,1.54524e-05,0.0,nan,nan,nan
1847.014,1.545319e-05,0.0,nan,nan,nan
1847.097,1.545557e-05,0.0,nan,nan,nan
1847.181,1.546083e-05,0.0,nan,nan,nan
1847.268,1.545639e-05,0.0,nan,nan,nan
1847.351,1.545858e-05,0.0,nan,nan,nan
1847.435,1.545851e-05,0.0,nan,nan,nan
1847.519,1.545848e-05,0.0,nan,nan,nan
1847.603,1.545563e-05,0.0,nan,nan,nan
1847.69,1.545608e-05,0.0,nan,nan,nan
1847.774,1.545543e-05,0.0,nan,nan,nan
1847.859,1.545582e-05,0.0,nan,nan,nan
1847.971,1.54585e-05,0.0,nan,nan,nan
1848.054,1.545648e-05,0.0,nan,nan,nan
1848.138,1.545828e-05,0.0,nan,nan,nan
1848.222,1.545782e-05,0.0,nan,nan,nan
1848.305,1.545531e-05,0.0,nan,nan,nan
1848.389,1.545743e-05,0.0,nan,nan,nan
1848.474,1.545982e-05,0.0,nan,nan,nan
1848.557,1.545623e-05,0.0,nan,nan,nan
1848.641,1.545682e-05,0.0,nan,nan,nan
1848.725,1.545627e-05,0.0,nan,nan,nan
1848.809,1.546077e-05,0.0,nan,nan,nan
1848.892,1.545963e-05,0.0,nan,nan,nan
1848.976,1.545442e-05,0.0,nan,nan,nan
1849.06,1.545724e-05,0.0,nan,nan,nan
1849.144,1.545656e-05,0.0,nan,nan,nan
1849.227,1.545639e-05,0.0,nan,nan,nan
1849.324,1.545647e-05,0.0,nan,nan,nan
1849.408,1.545988e-05,0.0,nan,nan,nan
1849.491,1.545853e-05,0.0,nan,nan,nan
1849.575,1.545887e-05,0.0,nan,nan,nan
1849.659,1.546002e-05,0.0,nan,nan,nan
1849.749,1.545708e-05,0.0,nan,nan,nan
1849.833,1.545521e-05,0.0,nan,nan,nan
1849.917,1.545972e-05,0.0,nan,nan,nan
1850.001,1.546066e-05,0.0,nan,nan,nan
1850.085,1.546126e-05,0.0,nan,nan,nan
1850.168,1.545877e-05,0.0,nan,nan,nan
1850.252,1.545766e-05,0.0,nan,nan,nan
1850.344,1.545581e-05,0.0,nan,nan,nan
1850.428,1.545713e-05,0.0,nan,nan,nan
1850.514,1.545586e-05,0.0,nan,nan,nan
1850.598,1.545517e-05,0.0,nan,nan,nan
1850.681,1.545717e-05,0.0,nan,nan,nan
1850.765,1.545763e-05,0.0,nan,nan,nan
1850.848,1.545551e-05,0.0,nan,nan,nan
1850.932,1.545619e-05,0.0,nan,nan,nan
1851.016,1.546146e-05,0.0,nan,nan,nan
1851.099,1.545873e-05,0.0,nan,nan,nan
1851.183,1.545653e-05,0.0,nan,nan,nan
1851.267,1.546284e-05,0.0,nan,nan,nan
1851.358,1.545961e-05,0.0,nan,nan,nan
1851.442,1.545791e-05,0.0,nan,nan,nan
1851.526,1.545852e-05,0.0,nan,nan,nan
1851.61,1.545837e-05,0.0,nan,nan,nan
1851.694,1.54594e-05,0.0,nan,nan,nan
1851.778,1.545759e-05,0.0,nan,nan,nan
1851.862,1.545564e-05,0.0,nan,nan,nan
1851.946,1.545371e-05,0.0,nan,nan,nan
1852.029,1.545802e-05,0.0,nan,nan,nan
1852.113,1.545238e-05,0.0,nan,nan,nan
1852.197,1.545867e-05,0.0,nan,nan,nan
1852.281,1.546001e-05,0.0,nan,nan,nan
1852.379,1.545868e-05,0.0,nan,nan,nan
1852.462,1.545836e-05,0.0,nan,nan,nan
1852.547,1.546151e-05,0.0,nan,nan,nan
1852.631,1.545672e-05,0.0,nan,nan,nan
1852.714,1.545708e-05,0.0,nan,nan,nan
1852.798,1.545949e-05,0.0,nan,nan,nan
1852.881,1.545998e-05,0.0,nan,nan,nan
1852.966,1.545805e-05,0.0,nan,nan,nan
1853.05,1.545736e-05,0.0,nan,nan,nan
1853.134,1.545817e-05,0.0,nan,nan,nan
1853.218,1.545871e-05,0.0,nan,nan,nan
1853.301,1.545807e-05,0.0,nan,nan,nan
1853.394,1.545529e-05,0.0,nan,nan,nan
1853.478,1.545073e-05,0.0,nan,nan,nan
1853.564,1.545259e-05,0.0,nan,nan,nan
1853.648,1.545404e-05,0.0,nan,nan,nan
1853.731,1.545902e-05,0.0,nan,nan,nan
1853.815,1.545745e-05,0.0,nan,nan,nan
1853.899,1.545807e-05,0.0,nan,nan,nan
1853.982,1.546124e-05,0.0,nan,nan,nan
1854.066,1.545937e-05,0.0,nan,nan,nan
1854.171,1.5459e-05,0.0,nan,nan,nan
1854.254,1.545812e-05,0.0,nan,nan,nan
1854.337,1.545863e-05,0.0,nan,nan,nan
1854.422,1.545894e-05,0.0,nan,nan,nan
1854.506,1.545667e-05,0.0,nan,nan,nan
1854.59,1.545803e-05,0.0,nan,nan,nan
1854.673,1.545794e-05,0.0,nan,nan,nan
1854.757,1.546362e-05,0.0,nan,nan,nan
1854.841,1.546023e-05,0.0,nan,nan,nan
1854.924,1.546049e-05,0.0,nan,nan,nan
1855.02,1.545989e-05,0.0,nan,nan,nan
1855.104,1.546092e-05,0.0,nan,nan,nan
1855.188,1.546003e-05,0.0,nan,nan,nan
1855.272,1.545808e-05,0.0,nan,nan,nan
1855.355,1.545968e-05,0.0,nan,nan,nan
1855.442,1.545554e-05,0.0,nan,nan,nan
1855.526,1.545727e-05,0.0,nan,nan,nan
1855.609,1.545617e-05,0.0,nan,nan,nan
1855.693,1.545799e-05,0.0,nan,nan,nan
1855.777,1.545798e-05,0.0,nan,nan,nan
1855.866,1.545588e-05,0.0,nan,nan,nan
1855.95,1.545444e-05,0.0,nan,nan,nan
1856.052,1.545477e-05,0.0,nan,nan,nan
1856.136,1.545413e-05,0.0,nan,nan,nan
1856.238,1.545788e-05,0.0,nan,nan,nan
1856.331,1.545865e-05,0.0,nan,nan,nan
1856.414,1.545511e-05,0.0,nan,nan,nan
1856.498,1.545515e-05,0.0,nan,nan,nan
1856.582,1.54534e-05,0.0,nan,nan,nan
1856.674,1.545805e-05,0.0,nan,nan,nan
1856.758,1.545603e-05,0.0,nan,nan,nan
1856.841,1.545385e-05,0.0,nan,nan,nan
1856.925,1.545347e-05,0.0,nan,nan,nan
1857.009,1.545938e-05,0.0,nan,nan,nan
1857.093,1.5456e-05,0.0,nan,nan,nan
1857.177,1.545823e-05,0.0,nan,nan,nan
1857.277,1.545604e-05,0.0,nan,nan,nan
1857.361,1.545724e-05,0.0,nan,nan,nan
1857.446,1.545655e-05,0.0,nan,nan,nan
1857.529,1.545732e-05,0.0,nan,nan,nan
1857.613,1.545901e-05,0.0,nan,nan,nan
1857.697,1.545935e-05,0.0,nan,nan,nan
1857.781,1.54577e-05,0.0,nan,nan,nan
1857.864,1.545798e-05,0.0,nan,nan,nan
1857.948,1.545952e-05,0.0,nan,nan,nan
1858.031,1.545813e-05,0.0,nan,nan,nan
1858.115,1.5456e-05,0.0,nan,nan,nan
1858.199,1.546178e-05,0.0,nan,nan,nan
1858.307,1.54578e-05,0.0,nan,nan,nan
1858.391,1.545741e-05,0.0,nan,nan,nan
1858.474,1.545906e-05,0.0,nan,nan,nan
1858.558,1.546154e-05,0.0,nan,nan,nan
1858.642,1.545987e-05,0.0,nan,nan,nan
1858.726,1.545499e-05,0.0,nan,nan,nan
1858.81,1.545256e-05,0.0,nan,nan,nan
1858.894,1.545417e-05,0.0,nan,nan,nan
1858.978,1.546155e-05,0.0,nan,nan,nan
1859.061,1.545706e-05,0.0,nan,nan,nan
1859.145,1.545814e-05,0.0,nan,nan,nan
1859.228,1.545494e-05,0.0,nan,nan,nan
1859.331,1.545766e-05,0.0,nan,nan,nan
1859.414,1.546098e-05,0.0,nan,nan,nan
1859.498,1.545474e-05,0.0,nan,nan,nan
1859.582,1.545577e-05,0.0,nan,nan,nan
1859.665,1.546263e-05,0.0,nan,nan,nan
1859.75,1.545686e-05,0.0,nan,nan,nan
1859.833,1.545848e-05,0.0,nan,nan,nan
1859.938,1.545671e-05,0.0,nan,nan,nan
1860.022,1.546034e-05,0.0,nan,nan,nan
1860.106,1.545556e-05,0.0,nan,nan,nan
1860.189,1.546035e-05,0.0,nan,nan,nan
1860.275,1.546085e-05,0.0,nan,nan,nan
1860.372,1.545412e-05,0.0,nan,nan,nan
1860.456,1.545155e-05,0.0,nan,nan,nan
1860.555,1.545838e-05,0.0,nan,nan,nan
1860.638,1.54557e-05,0.0,nan,nan,nan
1860.722,1.54603e-05,0.0,nan,nan,nan
1860.805,1.545432e-05,0.0,nan,nan,nan
1860.889,1.545721e-05,0.0,nan,nan,nan
1860.974,1.545694e-05,0.0,nan,nan,nan
1861.058,1.546003e-05,0.0,nan,nan,nan
1861.141,1.545887e-05,0.0,nan,nan,nan
1861.225,1.545798e-05,0.0,nan,nan,nan
1861.309,1.545627e-05,0.0,nan,nan,nan
1861.393,1.545617e-05,0.0,nan,nan,nan
1861.477,1.545679e-05,0.0,nan,nan,nan
1861.571,1.54568e-05,0.0,nan,nan,nan
1861.655,1.54564e-05,0.0,nan,nan,nan
1861.738,1.546353e-05,0.0,nan,nan,nan
1861.822,1.546116e-05,0.0,nan,nan,nan
1861.906,1.545903e-05,0.0,nan,nan,nan
1861.989,1.546114e-05,0.0,nan,nan,nan
1862.073,1.545478e-05,0.0,nan,nan,nan
1862.156,1.546268e-05,0.0,nan,nan,nan
1862.24,1.546149e-05,0.0,nan,nan,nan
1862.324,1.546105e-05,0.0,nan,nan,nan
1862.407,1.546125e-05,0.0,nan,nan,nan
1862.491,1.546267e-05,0.0,nan,nan,nan
1862.591,1.546328e-05,0.0,nan,nan,nan
1862.674,1.546294e-05,0.0,nan,nan,nan
1862.758,1.546525e-05,0.0,nan,nan,nan
1862.842,1.546244e-05,0.0,nan,nan,nan
1862.926,1.54628e-05,0.0,nan,nan,nan
1863.014,1.546238e-05,0.0,nan,nan,nan
1863.098,1.54622e-05,0.0,nan,nan,nan
1863.184,1.546308e-05,0.0,nan,nan,nan
1863.268,1.545767e-05,0.0,nan,nan,nan
1863.351,1.546117e-05,0.0,nan,nan,nan
1863.436,1.545945e-05,0.0,nan,nan,nan
1863.519,1.545957e-05,0.0,nan,nan,nan
1863.619,1.545993e-05,0.0,nan,nan,nan
1863.703,1.545903e-05,0.0,nan,nan,nan
1863.787,1.54608e-05,0.0,nan,nan,nan
1863.87,1.545966e-05,0.0,nan,nan,nan
1863.954,1.546041e-05,0.0,nan,nan,nan
1864.038,1.545777e-05,0.0,nan,nan,nan
1864.122,1.5456e-05,0.0,nan,nan,nan
1864.206,1.545524e-05,0.0,nan,nan,nan
1864.289,1.546009e-05,0.0,nan,nan,nan
1864.373,1.545657e-05,0.0,nan,nan,nan
1864.457,1.545837e-05,0.0,nan,nan,nan
1864.542,1.545524e-05,0.0,nan,nan,nan
1864.637,1.545707e-05,0.0,nan,nan,nan
1864.721,1.545667e-05,0.0,nan,nan,nan
1864.804,1.545754e-05,0.0,nan,nan,nan
1864.888,1.545704e-05,0.0,nan,nan,nan
1864.971,1.545836e-05,0.0,nan,nan,nan
1865.055,1.545867e-05,0.0,nan,nan,nan
1865.139,1.545973e-05,0.0,nan,nan,nan
1865.222,1.545583e-05,0.0,nan,nan,nan
1865.306,1.545625e-05,0.0,nan,nan,nan
1865.39,1.545601e-05,0.0,nan,nan,nan
1865.477,1.545832e-05,0.0,nan,nan,nan
1865.561,1.545507e-05,0.0,nan,nan,nan
1865.645,1.545459e-05,0.0,nan,nan,nan
1865.729,1.545485e-05,0.0,nan,nan,nan
1865.813,1.545434e-05,0.0,nan,nan,nan
1865.899,1.545192e-05,0.0,nan,nan,nan
1865.983,1.545677e-05,0.0,nan,nan,nan
1866.07,1.545531e-05,0.0,nan,nan,nan
1866.154,1.545434e-05,0.0,nan,nan,nan
1866.237,1.545532e-05,0.0,nan,nan,nan
1866.321,1.545921e-05,0.0,nan,nan,nan
1866.404,1.545216e-05,0.0,nan,nan,nan
1866.506,1.545984e-05,0.0,nan,nan,nan
1866.608,1.545864e-05,0.0,nan,nan,nan
1866.693,1.546294e-05,0.0,nan,nan,nan
1866.777,1.546032e-05,0.0,nan,nan,nan
1866.863,1.546295e-05,0.0,nan,nan,nan
1866.947,1.545958e-05,0.0,nan,nan,nan
1867.03,1.545614e-05,0.0,nan,nan,nan
1867.114,1.545579e-05,0.0,nan,nan,nan
1867.198,1.546107e-05,0.0,nan,nan,nan
1867.3,1.546205e-05,0.0,nan,nan,nan
1867.383,1.545865e-05,0.0,nan,nan,nan
1867.467,1.545958e-05,0.0,nan,nan,nan
1867.551,1.546142e-05,0.0,nan,nan,nan
1867.635,1.546007e-05,0.0,nan,nan,nan
1867.718,1.546304e-05,0.0,nan,nan,nan
1867.802,1.546329e-05,0.0,nan,nan,nan
1867.886,1.546476e-05,0.0,nan,nan,nan
1867.969,1.546004e-05,0.0,nan,nan,nan
1868.053,1.546287e-05,0.0,nan,nan,nan
1868.137,1.545921e-05,0.0,nan,nan,nan
1868.221,1.546019e-05,0.0,nan,nan,nan
1868.324,1.545943e-05,0.0,nan,nan,nan
1868.408,1.546063e-05,0.0,nan,nan,nan
1868.492,1.546138e-05,0.0,nan,nan,nan
1868.576,1.546234e-05,0.0,nan,nan,nan
1868.673,1.546215e-05,0.0,nan,nan,nan
1868.757,1.54605e-05,0.0,nan,nan,nan
1868.841,1.546148e-05,0.0,nan,nan,nan
1868.945,1.546251e-05,0.0,nan,nan,nan
1869.029,1.546602e-05,0.0,nan,nan,nan
1869.113,1.546272e-05,0.0,nan,nan,nan
1869.197,1.545988e-05,0.0,nan,nan,nan
1869.28,1.546184e-05,0.0,nan,nan,nan
1869.364,1.546067e-05,0.0,nan,nan,nan
1869.448,1.546043e-05,0.0,nan,nan,nan
1869.536,1.546008e-05,0.0,nan,nan,nan
1869.62,1.546116e-05,0.0,nan,nan,nan
1869.703,1.545677e-05,0.0,nan,nan,nan
1869.787,1.545996e-05,0.0,nan,nan,nan
1869.871,1.54585e-05,0.0,nan,nan,nan
1869.976,1.546047e-05,0.0,nan,nan,nan
1870.06,1.5462e-05,0.0,nan,nan,nan
1870.144,1.546158e-05,0.0,nan,nan,nan
1870.228,1.545963e-05,0.0,nan,nan,nan
1870.311,1.546109e-05,0.0,nan,nan,nan
1870.395,1.545759e-05,0.0,nan,nan,nan
1870.479,1.546045e-05,0.0,nan,nan,nan
1870.578,1.545848e-05,0.0,nan,nan,nan
1870.663,1.545713e-05,0.0,nan,nan,nan
1870.756,1.546032e-05,0.0,nan,nan,nan
1870.839,1.545734e-05,0.0,nan,nan,nan
1870.925,1.545984e-05,0.0,nan,nan,nan
1871.008,1.546014e-05,0.0,nan,nan,nan
1871.092,1.54627e-05,0.0,nan,nan,nan
1871.202,1.545953e-05,0.0,nan,nan,nan
1871.286,1.546161e-05,0.0,nan,nan,nan
1871.383,1.546016e-05,0.0,nan,nan,nan
1871.467,1.545955e-05,0.0,nan,nan,nan
1871.551,1.545995e-05,0.0,nan,nan,nan
1871.634,1.545577e-05,0.0,nan,nan,nan
1871.718,1.546043e-05,0.0,nan,nan,nan
1871.806,1.545793e-05,0.0,nan,nan,nan
1871.889,1.546085e-05,0.0,nan,nan,nan
1871.973,1.546443e-05,0.0,nan,nan,nan
1872.057,1.546057e-05,0.0,nan,nan,nan
1872.14,1.546079e-05,0.0,nan,nan,nan
1872.224,1.54581e-05,0.0,nan,nan,nan
1872.308,1.545893e-05,0.0,nan,nan,nan
1872.391,1.545961e-05,0.0,nan,nan,nan
1872.475,1.545566e-05,0.0,nan,nan,nan
1872.559,1.545764e-05,0.0,nan,nan,nan
1872.642,1.546115e-05,0.0,nan,nan,nan
1872.726,1.546048e-05,0.0,nan,nan,nan
1872.817,1.54598e-05,0.0,nan,nan,nan
1872.9,1.545839e-05,0.0,nan,nan,nan
1872.984,1.545924e-05,0.0,nan,nan,nan
1873.068,1.54605e-05,0.0,nan,nan,nan
1873.151,1.546226e-05,0.0,nan,nan,nan
1873.241,1.545999e-05,0.0,nan,nan,nan
1873.325,1.545942e-05,0.0,nan,nan,nan
1873.408,1.54561e-05,0.0,nan,nan,nan
1873.492,1.545677e-05,0.0,nan,nan,nan
1873.575,1.545432e-05,0.0,nan,nan,nan
1873.659,1.545646e-05,0.0,nan,nan,nan
1873.742,1.544855e-05,0.0,nan,nan,nan
1873.84,1.545344e-05,0.0,nan,nan,nan
1873.924,1.545942e-05,0.0,nan,nan,nan
1874.008,1.545581e-05,0.0,nan,nan,nan
1874.092,1.545686e-05,0.0,nan,nan,nan
1874.176,1.545547e-05,0.0,nan,nan,nan
1874.266,1.545355e-05,0.0,nan,nan,nan
1874.349,1.545517e-05,0.0,nan,nan,nan
1874.433,1.546034e-05,0.0,nan,nan,nan
1874.517,1.545733e-05,0.0,nan,nan,nan
1874.601,1.545639e-05,0.0,nan,nan,nan
1874.684,1.546009e-05,0.0,nan,nan,nan
1874.768,1.546023e-05,0.0,nan,nan,nan
1874.862,1.54604e-05,0.0,nan,nan,nan
1874.945,1.545794e-05,0.0,nan,nan,nan
1875.03,1.546111e-05,0.0,nan,nan,nan
1875.114,1.545725e-05,0.0,nan,nan,nan
1875.197,1.545822e-05,0.0,nan,nan,nan
1875.281,1.546058e-05,0.0,nan,nan,nan
1875.365,1.545808e-05,0.0,nan,nan,nan
1875.448,1.545981e-05,0.0,nan,nan,nan
1875.532,1.545864e-05,0.0,nan,nan,nan
1875.616,1.54627e-05,0.0,nan,nan,nan
1875.7,1.545921e-05,0.0,nan,nan,nan
1875.783,1.546103e-05,0.0,nan,nan,nan
1875.888,1.546065e-05,0.0,nan,nan,nan
1875.972,1.54611e-05,0.0,nan,nan,nan
1876.055,1.546195e-05,0.0,nan,nan,nan
1876.139,1.546226e-05,0.0,nan,nan,nan
1876.223,1.546286e-05,0.0,nan,nan,nan
1876.306,1.545889e-05,0.0,nan,nan,nan
1876.39,1.545741e-05,0.0,nan,nan,nan
1876.474,1.545595e-05,0.0,nan,nan,nan
1876.558,1.546006e-05,0.0,nan,nan,nan
1876.642,1.545285e-05,0.0,nan,nan,nan
1876.728,1.545678e-05,0.0,nan,nan,nan
1876.811,1.546247e-05,0.0,nan,nan,nan
1876.931,1.545726e-05,0.0,nan,nan,nan
1877.015,1.54596e-05,0.0,nan,nan,nan
1877.099,1.545789e-05,0.0,nan,nan,nan
1877.182,1.545802e-05,0.0,nan,nan,nan
1877.266,1.545714e-05,0.0,nan,nan,nan
1877.35,1.545693e-05,0.0,nan,nan,nan
1877.433,1.546146e-05,0.0,nan,nan,nan
1877.531,1.546079e-05,0.0,nan,nan,nan
1877.615,1.546006e-05,0.0,nan,nan,nan
1877.699,1.546086e-05,0.0,nan,nan,nan
1877.783,1.545768e-05,0.0,nan,nan,nan
1877.867,1.546105e-05,0.0,nan,nan,nan
1877.95,1.545805e-05,0.0,nan,nan,nan
1878.034,1.545613e-05,0.0,nan,nan,nan
1878.141,1.545464e-05,0.0,nan,nan,nan
1878.225,1.545937e-05,0.0,nan,nan,nan
1878.308,1.545881e-05,0.0,nan,nan,nan
1878.392,1.546119e-05,0.0,nan,nan,nan
1878.476,1.545223e-05,0.0,nan,nan,nan
1878.566,1.545809e-05,0.0,nan,nan,nan
1878.65,1.545977e-05,0.0,nan,nan,nan
1878.757,1.545868e-05,0.0,nan,nan,nan
1878.841,1.546464e-05,0.0,nan,nan,nan
1878.925,1.545923e-05,0.0,nan,nan,nan
1879.017,1.546002e-05,0.0,nan,nan,nan
1879.101,1.546283e-05,0.0,nan,nan,nan
1879.187,1.545797e-05,0.0,nan,nan,nan
1879.27,1.546185e-05,0.0,nan,nan,nan
1879.354,1.545962e-05,0.0,nan,nan,nan
1879.438,1.546182e-05,0.0,nan,nan,nan
1879.521,1.545803e-05,0.0,nan,nan,nan
1879.604,1.54609e-05,0.0,nan,nan,nan
1879.688,1.546377e-05,0.0,nan,nan,nan
1879.78,1.546121e-05,0.0,nan,nan,nan
1879.863,1.546276e-05,0.0,nan,nan,nan
1879.948,1.546164e-05,0.0,nan,nan,nan
1880.031,1.546173e-05,0.0,nan,nan,nan
1880.115,1.545942e-05,0.0,nan,nan,nan
1880.199,1.546127e-05,0.0,nan,nan,nan
1880.282,1.546192e-05,0.0,nan,nan,nan
1880.366,1.546122e-05,0.0,nan,nan,nan
1880.449,1.545846e-05,0.0,nan,nan,nan
1880.533,1.545961e-05,0.0,nan,nan,nan
1880.617,1.545827e-05,0.0,nan,nan,nan
1880.701,1.5462e-05,0.0,nan,nan,nan
1880.808,1.546274e-05,0.0,nan,nan,nan
1880.891,1.546286e-05,0.0,nan,nan,nan
1880.975,1.546566e-05,0.0,nan,nan,nan
1881.087,1.546489e-05,0.0,nan,nan,nan
1881.171,1.545973e-05,0.0,nan,nan,nan
1881.254,1.54631e-05,0.0,nan,nan,nan
1881.338,1.545969e-05,0.0,nan,nan,nan
1881.427,1.546423e-05,0.0,nan,nan,nan
1881.511,1.545977e-05,0.0,nan,nan,nan
1881.597,1.546475e-05,0.0,nan,nan,nan
1881.68,1.545685e-05,0.0,nan,nan,nan
1881.764,1.54565e-05,0.0,nan,nan,nan
1881.847,1.546202e-05,0.0,nan,nan,nan
1881.931,1.545559e-05,0.0,nan,nan,nan
1882.024,1.545753e-05,0.0,nan,nan,nan
1882.107,1.546114e-05,0.0,nan,nan,nan
1882.191,1.545959e-05,0.0,nan,nan,nan
1882.275,1.545986e-05,0.0,nan,nan,nan
1882.358,1.546e-05,0.0,nan,nan,nan
1882.442,1.545791e-05,0.0,nan,nan,nan
1882.526,1.546087e-05,0.0,nan,nan,nan
1882.609,1.546293e-05,0.0,nan,nan,nan
1882.693,1.545903e-05,0.0,nan,nan,nan
1882.777,1.54583e-05,0.0,nan,nan,nan
1882.86,1.54557e-05,0.0,nan,nan,nan
1882.944,1.546139e-05,0.0,nan,nan,nan
1883.042,1.546182e-05,0.0,nan,nan,nan
1883.126,1.545969e-05,0.0,nan,nan,nan
1883.214,1.545863e-05,0.0,nan,nan,nan
1883.297,1.546244e-05,0.0,nan,nan,nan
1883.381,1.546372e-05,0.0,nan,nan,nan
1883.465,1.545853e-05,0.0,nan,nan,nan
1883.549,1.545975e-05,0.0,nan,nan,nan
1883.632,1.546163e-05,0.0,nan,nan,nan
1883.716,1.546107e-05,0.0,nan,nan,nan
1883.799,1.545728e-05,0.0,nan,nan,nan
1883.883,1.545784e-05,0.0,nan,nan,nan
1883.967,1.545909e-05,0.0,nan,nan,nan
1884.054,1.545965e-05,0.0,nan,nan,nan
1884.138,1.546303e-05,0.0,nan,nan,nan
1884.222,1.546284e-05,0.0,nan,nan,nan
1884.306,1.546309e-05,0.0,nan,nan,nan
1884.389,1.54606e-05,0.0,nan,nan,nan
1884.475,1.545732e-05,0.0,nan,nan,nan
1884.558,1.545745e-05,0.0,nan,nan,nan
1884.644,1.545872e-05,0.0,nan,nan,nan
1884.729,1.545873e-05,0.0,nan,nan,nan
1884.812,1.545553e-05,0.0,nan,nan,nan
1884.896,1.546262e-05,0.0,nan,nan,nan
1884.979,1.545791e-05,0.0,nan,nan,nan
1885.078,1.545792e-05,0.0,nan,nan,nan
1885.18,1.546131e-05,0.0,nan,nan,nan
1885.282,1.546082e-05,0.0,nan,nan,nan
1885.366,1.545732e-05,0.0,nan,nan,nan
1885.45,1.546109e-05,0.0,nan,nan,nan
1885.534,1.546182e-05,0.0,nan,nan,nan
1885.617,1.546183e-05,0.0,nan,nan,nan
1885.718,1.546114e-05,0.0,nan,nan,nan
1885.801,1.546061e-05,0.0,nan,nan,nan
1885.885,1.546156e-05,0.0,nan,nan,nan
1885.969,1.546017e-05,0.0,nan,nan,nan
1886.053,1.545808e-05,0.0,nan,nan,nan
1886.136,1.545812e-05,0.0,nan,nan,nan
1886.22,1.545778e-05,0.0,nan,nan,nan
1886.304,1.545768e-05,0.0,nan,nan,nan
1886.388,1.545604e-05,0.0,nan,nan,nan
1886.471,1.54542e-05,0.0,nan,nan,nan
1886.555,1.545355e-05,0.0,nan,nan,nan
1886.638,1.545352e-05,0.0,nan,nan,nan
1886.732,1.545408e-05,0.0,nan,nan,nan
1886.816,1.545406e-05,0.0,nan,nan,nan
1886.9,1.545911e-05,0.0,nan,nan,nan
1886.984,1.545647e-05,0.0,nan,nan,nan
1887.067,1.545584e-05,0.0,nan,nan,nan
1887.151,1.545685e-05,0.0,nan,nan,nan
1887.245,1.545732e-05,0.0,nan,nan,nan
1887.33,1.545852e-05,0.0,nan,nan,nan
1887.413,1.545693e-05,0.0,nan,nan,nan
1887.497,1.545952e-05,0.0,nan,nan,nan
1887.581,1.545691e-05,0.0,nan,nan,nan
1887.664,1.5455e-05,0.0,nan,nan,nan
1887.748,1.545801e-05,0.0,nan,nan,nan
1887.832,1.545934e-05,0.0,nan,nan,nan
1887.915,1.545727e-05,0.0,nan,nan,nan
1887.999,1.54519e-05,0.0,nan,nan,nan
1888.082,1.54543e-05,0.0,nan,nan,nan
1888.166,1.545844e-05,0.0,nan,nan,nan
1888.25,1.545528e-05,0.0,nan,nan,nan
1888.333,1.545633e-05,0.0,nan,nan,nan
1888.417,1.545181e-05,0.0,nan,nan,nan
1888.501,1.545679e-05,0.0,nan,nan,nan
1888.585,1.545564e-05,0.0,nan,nan,nan
1888.669,1.54534e-05,0.0,nan,nan,nan
1888.756,1.545419e-05,0.0,nan,nan,nan
1888.841,1.545645e-05,0.0,nan,nan,nan
1888.924,1.545425e-05,0.0,nan,nan,nan
1889.008,1.545721e-05,0.0,nan,nan,nan
1889.092,1.545958e-05,0.0,nan,nan,nan
1889.176,1.545678e-05,0.0,nan,nan,nan
1889.27,1.545328e-05,0.0,nan,nan,nan
1889.373,1.545534e-05,0.0,nan,nan,nan
1889.456,1.545531e-05,0.0,nan,nan,nan
1889.541,1.545418e-05,0.0,nan,nan,nan
1889.625,1.545942e-05,0.0,nan,nan,nan
1889.712,1.545616e-05,0.0,nan,nan,nan
1889.795,1.545879e-05,0.0,nan,nan,nan
1889.879,1.545805e-05,0.0,nan,nan,nan
1889.966,1.54573e-05,0.0,nan,nan,nan
1890.05,1.545621e-05,0.0,nan,nan,nan
1890.134,1.545612e-05,0.0,nan,nan,nan
1890.218,1.545986e-05,0.0,nan,nan,nan
1890.302,1.545853e-05,0.0,nan,nan,nan
1890.401,1.545901e-05,0.0,nan,nan,nan
1890.485,1.54615e-05,0.0,nan,nan,nan
1890.569,1.545603e-05,0.0,nan,nan,nan
1890.652,1.546081e-05,0.0,nan,nan,nan
1890.736,1.545851e-05,0.0,nan,nan,nan
1890.82,1.545925e-05,0.0,nan,nan,nan
1890.904,1.546045e-05,0.0,nan,nan,nan
1891.004,1.546193e-05,0.0,nan,nan,nan
1891.087,1.545619e-05,0.0,nan,nan,nan
1891.171,1.545586e-05,0.0,nan,nan,nan
1891.254,1.546039e-05,0.0,nan,nan,nan
1891.37,1.545608e-05,0.0,nan,nan,nan
1891.46,1.546302e-05,0.0,nan,nan,nan
1891.544,1.545618e-05,0.0,nan,nan,nan
1891.632,1.545289e-05,0.0,nan,nan,nan
1891.715,1.545555e-05,0.0,nan,nan,nan
1891.799,1.545428e-05,0.0,nan,nan,nan
1891.883,1.545621e-05,0.0,nan,nan,nan
1891.966,1.545869e-05,0.0,nan,nan,nan
1892.05,1.545853e-05,0.0,nan,nan,nan
1892.134,1.545117e-05,0.0,nan,nan,nan
1892.238,1.545467e-05,0.0,nan,nan,nan
1892.321,1.545746e-05,0.0,nan,nan,nan
1892.405,1.545483e-05,0.0,nan,nan,nan
1892.488,1.545726e-05,0.0,nan,nan,nan
1892.573,1.545895e-05,0.0,nan,nan,nan
1892.656,1.545735e-05,0.0,nan,nan,nan
1892.74,1.545641e-05,0.0,nan,nan,nan
1892.848,1.545271e-05,0.0,nan,nan,nan
1892.932,1.545402e-05,0.0,nan,nan,nan
1893.015,1.54578e-05,0.0,nan,nan,nan
1893.099,1.545833e-05,0.0,nan,nan,nan
1893.183,1.545372e-05,0.0,nan,nan,nan
1893.267,1.545421e-05,0.0,nan,nan,nan
1893.35,1.545467e-05,0.0,nan,nan,nan
1893.458,1.545643e-05,0.0,nan,nan,nan
1893.542,1.54579e-05,0.0,nan,nan,nan
1893.625,1.545692e-05,0.0,nan,nan,nan
1893.709,1.545416e-05,0.0,nan,nan,nan
1893.794,1.545872e-05,0.0,nan,nan,nan
1893.878,1.545915e-05,0.0,nan,nan,nan
1893.962,1.54534e-05,0.0,nan,nan,nan
1894.072,1.545505e-05,0.0,nan,nan,nan
1894.156,1.545569e-05,0.0,nan,nan,nan
1894.272,1.545286e-05,0.0,nan,nan,nan
1894.356,1.545237e-05,0.0,nan,nan,nan
1894.44,1.545346e-05,0.0,nan,nan,nan
1894.523,1.545783e-05,0.0,nan,nan,nan
1894.609,1.545858e-05,0.0,nan,nan,nan
1894.692,1.545527e-05,0.0,nan,nan,nan
1894.776,1.545657e-05,0.0,nan,nan,nan
1894.88,1.545615e-05,0.0,nan,nan,nan
1894.964,1.545765e-05,0.0,nan,nan,nan
1895.048,1.54594e-05,0.0,nan,nan,nan
1895.132,1.545806e-05,0.0,nan,nan,nan
1895.216,1.545362e-05,0.0,nan,nan,nan
1895.3,1.545781e-05,0.0,nan,nan,nan
1895.383,1.54574e-05,0.0,nan,nan,nan
1895.505,1.545532e-05,0.0,nan,nan,nan
1895.589,1.545776e-05,0.0,nan,nan,nan
1895.7,1.545717e-05,0.0,nan,nan,nan
1895.784,1.54592e-05,0.0,nan,nan,nan
1895.868,1.545967e-05,0.0,nan,nan,nan
1895.951,1.545361e-05,0.0,nan,nan,nan
1896.035,1.545728e-05,0.0,nan,nan,nan
1896.119,1.545313e-05,0.0,nan,nan,nan
1896.202,1.545424e-05,0.0,nan,nan,nan
1896.287,1.546193e-05,0.0,nan,nan,nan
1896.371,1.545848e-05,0.0,nan,nan,nan
1896.454,1.545499e-05,0.0,nan,nan,nan
1896.538,1.546039e-05,0.0,nan,nan,nan
1896.622,1.545785e-05,0.0,nan,nan,nan
1896.713,1.545871e-05,0.0,nan,nan,nan
1896.797,1.545468e-05,0.0,nan,nan,nan
1896.881,1.545278e-05,0.0,nan,nan,nan
1896.964,1.545547e-05,0.0,nan,nan,nan
1897.048,1.545437e-05,0.0,nan,nan,nan
1897.132,1.545546e-05,0.0,nan,nan,nan
1897.216,1.545444e-05,0.0,nan,nan,nan
1897.305,1.546365e-05,0.0,nan,nan,nan
1897.389,1.545957e-05,0.0,nan,nan,nan
1897.472,1.545614e-05,0.0,nan,nan,nan
1897.603,1.545862e-05,0.0,nan,nan,nan
1897.687,1.545803e-05,0.0,nan,nan,nan
1897.771,1.545682e-05,0.0,nan,nan,nan
1897.854,1.545543e-05,0.0,nan,nan,nan
1897.938,1.54619e-05,0.0,nan,nan,nan
1898.021,1.545498e-05,0.0,nan,nan,nan
1898.13,1.545758e-05,0.0,nan,nan,nan
1898.214,1.545774e-05,0.0,nan,nan,nan
1898.3,1.545955e-05,0.0,nan,nan,nan
1898.384,1.546058e-05,0.0,nan,nan,nan
1898.467,1.545697e-05,0.0,nan,nan,nan
1898.565,1.545982e-05,0.0,nan,nan,nan
1898.649,1.545923e-05,0.0,nan,nan,nan
1898.752,1.545687e-05,0.0,nan,nan,nan
1898.835,1.546229e-05,0.0,nan,nan,nan
1898.919,1.546232e-05,0.0,nan,nan,nan
1899.003,1.545672e-05,0.0,nan,nan,nan
1899.087,1.545693e-05,0.0,nan,nan,nan
1899.17,1.545896e-05,0.0,nan,nan,nan
1899.254,1.545988e-05,0.0,nan,nan,nan
1899.351,1.546319e-05,0.0,nan,nan,nan
1899.434,1.545668e-05,0.0,nan,nan,nan
1899.537,1.545823e-05,0.0,nan,nan,nan
1899.654,1.546236e-05,0.0,nan,nan,nan
1899.75,1.546254e-05,0.0,nan,nan,nan
1899.834,1.5459e-05,0.0,nan,nan,nan
1899.917,1.545841e-05,0.0,nan,nan,nan
1900.001,1.546133e-05,0.0,nan,nan,nan
1900.085,1.546144e-05,0.0,nan,nan,nan
1900.171,1.54589e-05,0.0,nan,nan,nan
1900.254,1.545878e-05,0.0,nan,nan,nan
1900.362,1.545872e-05,0.0,nan,nan,nan
1900.445,1.545577e-05,0.0,nan,nan,nan
1900.529,1.546064e-05,0.0,nan,nan,nan
1900.613,1.545726e-05,0.0,nan,nan,nan
1900.696,1.54578e-05,0.0,nan,nan,nan
1900.78,1.54655e-05,0.0,nan,nan,nan
1900.864,1.54565e-05,0.0,nan,nan,nan
1900.947,1.545679e-05,0.0,nan,nan,nan
1901.031,1.545607e-05,0.0,nan,nan,nan
1901.114,1.54567e-05,0.0,nan,nan,nan
1901.198,1.545905e-05,0.0,nan,nan,nan
1901.282,1.545613e-05,0.0,nan,nan,nan
1901.376,1.546053e-05,0.0,nan,nan,nan
1901.46,1.54586e-05,0.0,nan,nan,nan
1901.546,1.54572e-05,0.0,nan,nan,nan
1901.63,1.546261e-05,0.0,nan,nan,nan
1901.739,1.54582e-05,0.0,nan,nan,nan
1901.822,1.54622e-05,0.0,nan,nan,nan
1901.906,1.546091e-05,0.0,nan,nan,nan
1901.996,1.545733e-05,0.0,nan,nan,nan
1902.079,1.545808e-05,0.0,nan,nan,nan
1902.164,1.545673e-05,0.0,nan,nan,nan
1902.247,1.546069e-05,0.0,nan,nan,nan
1902.331,1.545825e-05,0.0,nan,nan,nan
1902.414,1.545561e-05,0.0,nan,nan,nan
1902.498,1.545983e-05,0.0,nan,nan,nan
1902.588,1.545858e-05,0.0,nan,nan,nan
1902.672,1.546057e-05,0.0,nan,nan,nan
1902.755,1.54623e-05,0.0,nan,nan,nan
1902.839,1.545737e-05,0.0,nan,nan,nan
1902.923,1.545577e-05,0.0,nan,nan,nan
1903.007,1.54517e-05,0.0,nan,nan,nan
1903.09,1.545576e-05,0.0,nan,nan,nan
1903.175,1.545746e-05,0.0,nan,nan,nan
1903.259,1.545743e-05,0.0,nan,nan,nan
1903.343,1.545768e-05,0.0,nan,nan,nan
1903.426,1.545871e-05,0.0,nan,nan,nan
1903.51,1.54534e-05,0.0,nan,nan,nan
1903.594,1.546173e-05,0.0,nan,nan,nan
1903.678,1.545795e-05,0.0,nan,nan,nan
1903.804,1.54651e-05,0.0,nan,nan,nan
1903.887,1.546328e-05,0.0,nan,nan,nan
1903.971,1.546345e-05,0.0,nan,nan,nan
1904.054,1.546552e-05,0.0,nan,nan,nan
1904.138,1.545779e-05,0.0,nan,nan,nan
1904.256,1.545996e-05,0.0,nan,nan,nan
1904.339,1.545804e-05,0.0,nan,nan,nan
1904.45,1.546211e-05,0.0,nan,nan,nan
1904.533,1.545806e-05,0.0,nan,nan,nan
1904.617,1.545616e-05,0.0,nan,nan,nan
1904.701,1.545921e-05,0.0,nan,nan,nan
1904.784,1.545676e-05,0.0,nan,nan,nan
1904.868,1.546099e-05,0.0,nan,nan,nan
1904.952,1.545939e-05,0.0,nan,nan,nan
1905.051,1.54589e-05,0.0,nan,nan,nan
1905.134,1.545845e-05,0.0,nan,nan,nan
1905.219,1.545634e-05,0.0,nan,nan,nan
1905.303,1.545753e-05,0.0,nan,nan,nan
1905.387,1.545537e-05,0.0,nan,nan,nan
1905.47,1.545394e-05,0.0,nan,nan,nan
1905.554,1.545772e-05,0.0,nan,nan,nan
1905.667,1.545821e-05,0.0,nan,nan,nan
1905.751,1.54537e-05,0.0,nan,nan,nan
1905.871,1.545504e-05,0.0,nan,nan,nan
1905.954,1.545554e-05,0.0,nan,nan,nan
1906.039,1.546015e-05,0.0,nan,nan,nan
1906.122,1.545796e-05,0.0,nan,nan,nan
1906.206,1.545416e-05,0.0,nan,nan,nan
1906.289,1.545955e-05,0.0,nan,nan,nan
1906.373,1.545632e-05,0.0,nan,nan,nan
1906.474,1.545589e-05,0.0,nan,nan,nan
1906.558,1.545585e-05,0.0,nan,nan,nan
1906.641,1.545694e-05,0.0,nan,nan,nan
1906.725,1.545686e-05,0.0,nan,nan,nan
1906.809,1.545677e-05,0.0,nan,nan,nan
1906.892,1.545597e-05,0.0,nan,nan,nan
1906.976,1.545183e-05,0.0,nan,nan,nan
1907.088,1.545702e-05,0.0,nan,nan,nan
1907.171,1.545605e-05,0.0,nan,nan,nan
1907.274,1.545169e-05,0.0,nan,nan,nan
1907.358,1.545374e-05,0.0,nan,nan,nan
1907.442,1.545861e-05,0.0,nan,nan,nan
1907.525,1.545886e-05,0.0,nan,nan,nan
1907.609,1.546017e-05,0.0,nan,nan,nan
1907.702,1.54621e-05,0.0,nan,nan,nan
1907.785,1.546159e-05,0.0,nan,nan,nan
1907.894,1.545896e-05,0.0,nan,nan,nan
1907.978,1.546131e-05,0.0,nan,nan,nan
1908.062,1.545691e-05,0.0,nan,nan,nan
1908.145,1.5461e-05,0.0,nan,nan,nan
1908.229,1.545903e-05,0.0,nan,nan,nan
1908.313,1.545824e-05,0.0,nan,nan,nan
1908.397,1.546017e-05,0.0,nan,nan,nan
1908.482,1.545598e-05,0.0,nan,nan,nan
1908.566,1.545272e-05,0.0,nan,nan,nan
1908.65,1.545476e-05,0.0,nan,nan,nan
1908.733,1.545887e-05,0.0,nan,nan,nan
1908.817,1.545702e-05,0.0,nan,nan,nan
1908.914,1.545704e-05,0.0,nan,nan,nan
1908.998,1.545509e-05,0.0,nan,nan,nan
1909.081,1.545529e-05,0.0,nan,nan,nan
1909.165,1.545754e-05,0.0,nan,nan,nan
1909.249,1.545918e-05,0.0,nan,nan,nan
1909.333,1.545872e-05,0.0,nan,nan,nan
1909.416,1.545849e-05,0.0,nan,nan,nan
1909.5,1.545661e-05,0.0,nan,nan,nan
1909.583,1.546141e-05,0.0,nan,nan,nan
1909.667,1.545454e-05,0.0,nan,nan,nan
1909.753,1.545546e-05,0.0,nan,nan,nan
1909.837,1.545647e-05,0.0,nan,nan,nan
1909.939,1.545587e-05,0.0,nan,nan,nan
1910.032,1.545263e-05,0.0,nan,nan,nan
1910.116,1.545573e-05,0.0,nan,nan,nan
1910.199,1.545843e-05,0.0,nan,nan,nan
1910.283,1.545344e-05,0.0,nan,nan,nan
1910.367,1.545983e-05,0.0,nan,nan,nan
1910.45,1.545915e-05,0.0,nan,nan,nan
1910.555,1.545747e-05,0.0,nan,nan,nan
1910.641,1.545892e-05,0.0,nan,nan,nan
1910.724,1.54607e-05,0.0,nan,nan,nan
1910.808,1.545919e-05,0.0,nan,nan,nan
1910.891,1.545557e-05,0.0,nan,nan,nan
1910.975,1.545735e-05,0.0,nan,nan,nan
1911.058,1.545787e-05,0.0,nan,nan,nan
1911.142,1.545552e-05,0.0,nan,nan,nan
1911.226,1.545741e-05,0.0,nan,nan,nan
1911.309,1.54587e-05,0.0,nan,nan,nan
1911.393,1.545536e-05,0.0,nan,nan,nan
1911.477,1.545713e-05,0.0,nan,nan,nan
1911.59,1.545856e-05,0.0,nan,nan,nan
1911.674,1.54561e-05,0.0,nan,nan,nan
1911.775,1.545222e-05,0.0,nan,nan,nan
1911.859,1.545572e-05,0.0,nan,nan,nan
1911.942,1.545681e-05,0.0,nan,nan,nan
1912.026,1.545492e-05,0.0,nan,nan,nan
1912.11,1.545317e-05,0.0,nan,nan,nan
1912.193,1.544999e-05,0.0,nan,nan,nan
1912.277,1.545545e-05,0.0,nan,nan,nan
1912.364,1.545529e-05,0.0,nan,nan,nan
1912.448,1.54584e-05,0.0,nan,nan,nan
1912.531,1.545504e-05,0.0,nan,nan,nan
1912.615,1.545633e-05,0.0,nan,nan,nan
1912.699,1.54541e-05,0.0,nan,nan,nan
1912.806,1.545582e-05,0.0,nan,nan,nan
1912.89,1.54543e-05,0.0,nan,nan,nan
1912.974,1.545434e-05,0.0,nan,nan,nan
1913.057,1.54599e-05,0.0,nan,nan,nan
1913.141,1.545571e-05,0.0,nan,nan,nan
1913.233,1.545667e-05,0.0,nan,nan,nan
1913.317,1.545542e-05,0.0,nan,nan,nan
1913.4,1.545705e-05,0.0,nan,nan,nan
1913.484,1.546205e-05,0.0,nan,nan,nan
1913.568,1.545803e-05,0.0,nan,nan,nan
1913.652,1.545822e-05,0.0,nan,nan,nan
1913.735,1.545566e-05,0.0,nan,nan,nan
1913.821,1.545323e-05,0.0,nan,nan,nan
1913.905,1.545559e-05,0.0,nan,nan,nan
1913.989,1.545874e-05,0.0,nan,nan,nan
1914.072,1.54554e-05,0.0,nan,nan,nan
1914.157,1.545513e-05,0.0,nan,nan,nan
1914.24,1.545485e-05,0.0,nan,nan,nan
1914.324,1.545597e-05,0.0,nan,nan,nan
1914.407,1.545639e-05,0.0,nan,nan,nan
1914.491,1.545322e-05,0.0,nan,nan,nan
1914.577,1.545491e-05,0.0,nan,nan,nan
1914.66,1.545254e-05,0.0,nan,nan,nan
1914.744,1.545815e-05,0.0,nan,nan,nan
1914.835,1.54561e-05,0.0,nan,nan,nan
1914.918,1.545441e-05,0.0,nan,nan,nan
1915.002,1.546248e-05,0.0,nan,nan,nan
1915.086,1.545957e-05,0.0,nan,nan,nan
1915.169,1.545746e-05,0.0,nan,nan,nan
1915.262,1.545428e-05,0.0,nan,nan,nan
1915.346,1.545585e-05,0.0,nan,nan,nan
1915.43,1.545863e-05,0.0,nan,nan,nan
1915.514,1.54582e-05,0.0,nan,nan,nan
1915.597,1.545843e-05,0.0,nan,nan,nan
1915.682,1.545762e-05,0.0,nan,nan,nan
1915.766,1.545727e-05,0.0,nan,nan,nan
1915.854,1.545859e-05,0.0,nan,nan,nan
1915.938,1.545667e-05,0.0,nan,nan,nan
1916.024,1.545489e-05,0.0,nan,nan,nan
1916.107,1.545572e-05,0.0,nan,nan,nan
1916.212,1.546003e-05,0.0,nan,nan,nan
1916.296,1.545748e-05,0.0,nan,nan,nan
1916.379,1.545631e-05,0.0,nan,nan,nan
1916.463,1.545742e-05,0.0,nan,nan,nan
1916.546,1.545468e-05,0.0,nan,nan,nan
1916.63,1.545315e-05,0.0,nan,nan,nan
1916.714,1.545123e-05,0.0,nan,nan,nan
1916.798,1.545387e-05,0.0,nan,nan,nan
1916.885,1.545328e-05,0.0,nan,nan,nan
1916.969,1.545557e-05,0.0,nan,nan,nan
1917.052,1.545669e-05,0.0,nan,nan,nan
1917.136,1.545936e-05,0.0,nan,nan,nan
1917.221,1.545989e-05,0.0,nan,nan,nan
1917.305,1.546019e-05,0.0,nan,nan,nan
1917.389,1.545736e-05,0.0,nan,nan,nan
1917.49,1.545508e-05,0.0,nan,nan,nan
1917.573,1.545656e-05,0.0,nan,nan,nan
1917.657,1.54543e-05,0.0,nan,nan,nan
1917.741,1.545454e-05,0.0,nan,nan,nan
1917.825,1.545782e-05,0.0,nan,nan,nan
1917.91,1.545768e-05,0.0,nan,nan,nan
1917.994,1.545501e-05,0.0,nan,nan,nan
1918.079,1.545543e-05,0.0,nan,nan,nan
1918.163,1.54549e-05,0.0,nan,nan,nan
1918.271,1.545744e-05,0.0,nan,nan,nan
1918.366,1.545837e-05,0.0,nan,nan,nan
1918.45,1.546338e-05,0.0,nan,nan,nan
1918.534,1.545788e-05,0.0,nan,nan,nan
1918.618,1.545845e-05,0.0,nan,nan,nan
1918.701,1.545785e-05,0.0,nan,nan,nan
1918.785,1.545809e-05,0.0,nan,nan,nan
1918.869,1.545919e-05,0.0,nan,nan,nan
1918.953,1.545857e-05,0.0,nan,nan,nan
1919.036,1.5459e-05,0.0,nan,nan,nan
1919.12,1.546098e-05,0.0,nan,nan,nan
1919.204,1.545342e-05,0.0,nan,nan,nan
1919.287,1.545563e-05,0.0,nan,nan,nan
1919.371,1.545699e-05,0.0,nan,nan,nan
1919.455,1.545864e-05,0.0,nan,nan,nan
1919.538,1.545658e-05,0.0,nan,nan,nan
1919.622,1.545885e-05,0.0,nan,nan,nan
1919.707,1.545839e-05,0.0,nan,nan,nan
1919.791,1.545508e-05,0.0,nan,nan,nan
1919.875,1.546016e-05,0.0,nan,nan,nan
1919.962,1.545662e-05,0.0,nan,nan,nan
1920.046,1.545996e-05,0.0,nan,nan,nan
1920.144,1.545844e-05,0.0,nan,nan,nan
1920.227,1.545524e-05,0.0,nan,nan,nan
1920.354,1.545566e-05,0.0,nan,nan,nan
1920.437,1.545961e-05,0.0,nan,nan,nan
1920.521,1.546124e-05,0.0,nan,nan,nan
1920.604,1.545537e-05,0.0,nan,nan,nan
1920.688,1.546057e-05,0.0,nan,nan,nan
1920.772,1.545977e-05,0.0,nan,nan,nan
1920.856,1.545945e-05,0.0,nan,nan,nan
1920.939,1.545539e-05,0.0,nan,nan,nan
1921.023,1.545707e-05,0.0,nan,nan,nan
1921.107,1.546287e-05,0.0,nan,nan,nan
1921.191,1.546212e-05,0.0,nan,nan,nan
1921.274,1.546026e-05,0.0,nan,nan,nan
1921.363,1.545797e-05,0.0,nan,nan,nan
1921.447,1.54621e-05,0.0,nan,nan,nan
1921.531,1.546231e-05,0.0,nan,nan,nan
1921.615,1.545819e-05,0.0,nan,nan,nan
1921.699,1.545836e-05,0.0,nan,nan,nan
1921.782,1.545844e-05,0.0,nan,nan,nan
1921.866,1.545763e-05,0.0,nan,nan,nan
1921.95,1.54575e-05,0.0,nan,nan,nan
1922.034,1.545608e-05,0.0,nan,nan,nan
1922.118,1.545685e-05,0.0,nan,nan,nan
1922.201,1.545652e-05,0.0,nan,nan,nan
1922.285,1.545431e-05,0.0,nan,nan,nan
1922.37,1.545549e-05,0.0,nan,nan,nan
1922.454,1.545524e-05,0.0,nan,nan,nan
1922.538,1.545046e-05,0.0,nan,nan,nan
1922.621,1.545345e-05,0.0,nan,nan,nan
1922.705,1.545377e-05,0.0,nan,nan,nan
1922.799,1.545477e-05,0.0,nan,nan,nan
1922.883,1.545535e-05,0.0,nan,nan,nan
1922.967,1.545473e-05,0.0,nan,nan,nan
1923.051,1.545945e-05,0.0,nan,nan,nan
1923.135,1.545554e-05,0.0,nan,nan,nan
1923.236,1.546114e-05,0.0,nan,nan,nan
1923.32,1.545916e-05,0.0,nan,nan,nan
1923.413,1.546153e-05,0.0,nan,nan,nan
1923.497,1.546251e-05,0.0,nan,nan,nan
1923.581,1.545474e-05,0.0,nan,nan,nan
1923.664,1.545715e-05,0.0,nan,nan,nan
1923.748,1.545761e-05,0.0,nan,nan,nan
1923.833,1.546001e-05,0.0,nan,nan,nan
1923.917,1.545611e-05,0.0,nan,nan,nan
1924.001,1.545723e-05,0.0,nan,nan,nan
1924.085,1.545506e-05,0.0,nan,nan,nan
1924.169,1.545559e-05,0.0,nan,nan,nan
1924.253,1.545724e-05,0.0,nan,nan,nan
1924.336,1.54512e-05,0.0,nan,nan,nan
1924.42,1.545346e-05,0.0,nan,nan,nan
1924.507,1.545286e-05,0.0,nan,nan,nan
1924.59,1.545534e-05,0.0,nan,nan,nan
1924.674,1.545387e-05,0.0,nan,nan,nan
1924.758,1.545272e-05,0.0,nan,nan,nan
1924.847,1.545707e-05,0.0,nan,nan,nan
1924.93,1.545889e-05,0.0,nan,nan,nan
1925.014,1.545474e-05,0.0,nan,nan,nan
1925.097,1.5456e-05,0.0,nan,nan,nan
1925.181,1.546072e-05,0.0,nan,nan,nan
1925.265,1.546094e-05,0.0,nan,nan,nan
1925.349,1.545782e-05,0.0,nan,nan,nan
1925.432,1.545884e-05,0.0,nan,nan,nan
1925.516,1.545687e-05,0.0,nan,nan,nan
1925.599,1.546254e-05,0.0,nan,nan,nan
1925.683,1.545544e-05,0.0,nan,nan,nan
1925.767,1.545413e-05,0.0,nan,nan,nan
1925.866,1.546123e-05,0.0,nan,nan,nan
1925.95,1.545889e-05,0.0,nan,nan,nan
1926.056,1.545842e-05,0.0,nan,nan,nan
1926.14,1.5459e-05,0.0,nan,nan,nan
1926.223,1.54566e-05,0.0,nan,nan,nan
1926.307,1.545702e-05,0.0,nan,nan,nan
1926.391,1.545874e-05,0.0,nan,nan,nan
1926.475,1.545572e-05,0.0,nan,nan,nan
1926.565,1.54581e-05,0.0,nan,nan,nan
1926.65,1.545473e-05,0.0,nan,nan,nan
1926.733,1.54546e-05,0.0,nan,nan,nan
1926.817,1.545583e-05,0.0,nan,nan,nan
1926.901,1.545433e-05,0.0,nan,nan,nan
1926.984,1.54548e-05,0.0,nan,nan,nan
1927.069,1.545267e-05,0.0,nan,nan,nan
1927.153,1.545702e-05,0.0,nan,nan,nan
1927.237,1.545692e-05,0.0,nan,nan,nan
1927.321,1.546145e-05,0.0,nan,nan,nan
1927.405,1.545761e-05,0.0,nan,nan,nan
1927.508,1.54582e-05,0.0,nan,nan,nan
1927.592,1.545896e-05,0.0,nan,nan,nan
1927.676,1.545735e-05,0.0,nan,nan,nan
1927.76,1.545649e-05,0.0,nan,nan,nan
1927.844,1.545751e-05,0.0,nan,nan,nan
1927.937,1.545781e-05,0.0,nan,nan,nan
1928.021,1.545714e-05,0.0,nan,nan,nan
1928.134,1.545233e-05,0.0,nan,nan,nan
1928.218,1.545599e-05,0.0,nan,nan,nan
1928.325,1.545942e-05,0.0,nan,nan,nan
1928.409,1.5455e-05,0.0,nan,nan,nan
1928.492,1.545984e-05,0.0,nan,nan,nan
1928.603,1.545849e-05,0.0,nan,nan,nan
1928.687,1.545656e-05,0.0,nan,nan,nan
1928.77,1.546112e-05,0.0,nan,nan,nan
1928.854,1.546016e-05,0.0,nan,nan,nan
1928.948,1.545974e-05,0.0,nan,nan,nan
1929.031,1.545971e-05,0.0,nan,nan,nan
1929.117,1.545957e-05,0.0,nan,nan,nan
1929.201,1.545797e-05,0.0,nan,nan,nan
1929.285,1.545848e-05,0.0,nan,nan,nan
1929.368,1.545903e-05,0.0,nan,nan,nan
1929.452,1.546276e-05,0.0,nan,nan,nan
1929.554,1.545943e-05,0.0,nan,nan,nan
1929.638,1.546349e-05,0.0,nan,nan,nan
1929.721,1.545745e-05,0.0,nan,nan,nan
1929.805,1.546014e-05,0.0,nan,nan,nan
1929.888,1.546168e-05,0.0,nan,nan,nan
1929.979,1.546183e-05,0.0,nan,nan,nan
1930.063,1.546088e-05,0.0,nan,nan,nan
1930.147,1.54633e-05,0.0,nan,nan,nan
1930.231,1.546147e-05,0.0,nan,nan,nan
1930.315,1.545783e-05,0.0,nan,nan,nan
1930.398,1.546227e-05,0.0,nan,nan,nan
1930.482,1.545858e-05,0.0,nan,nan,nan
1930.566,1.54622e-05,0.0,nan,nan,nan
1930.67,1.54612e-05,0.0,nan,nan,nan
1930.771,1.546119e-05,0.0,nan,nan,nan
1930.855,1.546107e-05,0.0,nan,nan,nan
1930.938,1.546113e-05,0.0,nan,nan,nan
1931.022,1.546278e-05,0.0,nan,nan,nan
1931.105,1.546017e-05,0.0,nan,nan,nan
1931.209,1.545582e-05,0.0,nan,nan,nan
1931.293,1.545339e-05,0.0,nan,nan,nan
1931.391,1.545684e-05,0.0,nan,nan,nan
1931.475,1.545824e-05,0.0,nan,nan,nan
1931.559,1.545547e-05,0.0,nan,nan,nan
1931.643,1.545959e-05,0.0,nan,nan,nan
1931.728,1.546498e-05,0.0,nan,nan,nan
1931.812,1.546051e-05,0.0,nan,nan,nan
1931.895,1.546121e-05,0.0,nan,nan,nan
1931.997,1.545948e-05,0.0,nan,nan,nan
1932.081,1.546117e-05,0.0,nan,nan,nan
1932.165,1.546062e-05,0.0,nan,nan,nan
1932.249,1.546145e-05,0.0,nan,nan,nan
1932.333,1.546176e-05,0.0,nan,nan,nan
1932.417,1.546425e-05,0.0,nan,nan,nan
1932.501,1.545987e-05,0.0,nan,nan,nan
1932.608,1.546111e-05,0.0,nan,nan,nan
1932.692,1.54609e-05,0.0,nan,nan,nan
1932.775,1.546331e-05,0.0,nan,nan,nan
1932.859,1.546547e-05,0.0,nan,nan,nan
1932.945,1.546288e-05,0.0,nan,nan,nan
1933.028,1.546335e-05,0.0,nan,nan,nan
1933.112,1.546164e-05,0.0,nan,nan,nan
1933.197,1.546276e-05,0.0,nan,nan,nan
1933.28,1.546009e-05,0.0,nan,nan,nan
1933.364,1.546184e-05,0.0,nan,nan,nan
1933.448,1.546226e-05,0.0,nan,nan,nan
1933.532,1.546153e-05,0.0,nan,nan,nan
1933.62,1.545875e-05,0.0,nan,nan,nan
1933.704,1.546317e-05,0.0,nan,nan,nan
1933.788,1.546124e-05,0.0,nan,nan,nan
1933.872,1.546392e-05,0.0,nan,nan,nan
1933.955,1.545838e-05,0.0,nan,nan,nan
1934.039,1.545958e-05,0.0,nan,nan,nan
1934.123,1.545862e-05,0.0,nan,nan,nan
1934.207,1.546138e-05,0.0,nan,nan,nan
1934.291,1.54629e-05,0.0,nan,nan,nan
1934.375,1.546112e-05,0.0,nan,nan,nan
1934.458,1.5457e-05,0.0,nan,nan,nan
1934.542,1.545969e-05,0.0,nan,nan,nan
1934.64,1.545713e-05,0.0,nan,nan,nan
1934.724,1.546187e-05,0.0,nan,nan,nan
1934.837,1.545747e-05,0.0,nan,nan,nan
1934.92,1.54583e-05,0.0,nan,nan,nan
1935.004,1.545869e-05,0.0,nan,nan,nan
1935.088,1.545731e-05,0.0,nan,nan,nan
1935.172,1.545762e-05,0.0,nan,nan,nan
1935.256,1.545648e-05,0.0,nan,nan,nan
1935.34,1.545876e-05,0.0,nan,nan,nan
1935.423,1.5455e-05,0.0,nan,nan,nan
1935.507,1.545481e-05,0.0,nan,nan,nan
1935.591,1.545634e-05,0.0,nan,nan,nan
1935.681,1.545643e-05,0.0,nan,nan,nan
1935.765,1.546155e-05,0.0,nan,nan,nan
1935.849,1.54598e-05,0.0,nan,nan,nan
1935.933,1.545959e-05,0.0,nan,nan,nan
1936.016,1.545503e-05,0.0,nan,nan,nan
1936.1,1.545819e-05,0.0,nan,nan,nan
1936.184,1.546015e-05,0.0,nan,nan,nan
1936.271,1.54564e-05,0.0,nan,nan,nan
1936.355,1.545978e-05,0.0,nan,nan,nan
1936.438,1.545893e-05,0.0,nan,nan,nan
1936.522,1.545356e-05,0.0,nan,nan,nan
1936.606,1.545949e-05,0.0,nan,nan,nan
1936.693,1.545724e-05,0.0,nan,nan,nan
1936.777,1.54621e-05,0.0,nan,nan,nan
1936.911,1.546302e-05,0.0,nan,nan,nan
1936.994,1.54586e-05,0.0,nan,nan,nan
1937.103,1.545822e-05,0.0,nan,nan,nan
1937.187,1.54657e-05,0.0,nan,nan,nan
1937.295,1.546119e-05,0.0,nan,nan,nan
1937.378,1.546078e-05,0.0,nan,nan,nan
1937.463,1.545495e-05,0.0,nan,nan,nan
1937.546,1.545519e-05,0.0,nan,nan,nan
1937.63,1.545976e-05,0.0,nan,nan,nan
1937.736,1.545837e-05,0.0,nan,nan,nan
1937.82,1.545987e-05,0.0,nan,nan,nan
1937.903,1.545873e-05,0.0,nan,nan,nan
1937.987,1.545857e-05,0.0,nan,nan,nan
1938.071,1.546431e-05,0.0,nan,nan,nan
1938.154,1.546275e-05,0.0,nan,nan,nan
1938.238,1.546043e-05,0.0,nan,nan,nan
1938.336,1.545763e-05,0.0,nan,nan,nan
1938.419,1.546172e-05,0.0,nan,nan,nan
1938.522,1.545876e-05,0.0,nan,nan,nan
1938.606,1.546109e-05,0.0,nan,nan,nan
1938.689,1.545917e-05,0.0,nan,nan,nan
1938.773,1.545973e-05,0.0,nan,nan,nan
1938.857,1.545699e-05,0.0,nan,nan,nan
1938.961,1.545972e-05,0.0,nan,nan,nan
1939.045,1.545792e-05,0.0,nan,nan,nan
1939.139,1.545973e-05,0.0,nan,nan,nan
1939.222,1.546043e-05,0.0,nan,nan,nan
1939.307,1.546735e-05,0.0,nan,nan,nan
1939.391,1.546398e-05,0.0,nan,nan,nan
1939.475,1.546141e-05,0.0,nan,nan,nan
1939.559,1.545909e-05,0.0,nan,nan,nan
1939.643,1.545706e-05,0.0,nan,nan,nan
1939.729,1.545871e-05,0.0,nan,nan,nan
1939.812,1.545837e-05,0.0,nan,nan,nan
1939.896,1.545783e-05,0.0,nan,nan,nan
1939.986,1.545896e-05,0.0,nan,nan,nan
1940.069,1.545456e-05,0.0,nan,nan,nan
1940.153,1.546076e-05,0.0,nan,nan,nan
1940.237,1.546003e-05,0.0,nan,nan,nan
1940.321,1.545925e-05,0.0,nan,nan,nan
1940.405,1.545888e-05,0.0,nan,nan,nan
1940.488,1.546065e-05,0.0,nan,nan,nan
1940.575,1.545897e-05,0.0,nan,nan,nan
1940.659,1.54598e-05,0.0,nan,nan,nan
1940.742,1.545584e-05,0.0,nan,nan,nan
1940.826,1.545565e-05,0.0,nan,nan,nan
1940.91,1.545495e-05,0.0,nan,nan,nan
1940.994,1.545876e-05,0.0,nan,nan,nan
1941.077,1.545513e-05,0.0,nan,nan,nan
1941.163,1.545735e-05,0.0,nan,nan,nan
1941.247,1.545926e-05,0.0,nan,nan,nan
1941.33,1.545886e-05,0.0,nan,nan,nan
1941.414,1.546191e-05,0.0,nan,nan,nan
1941.497,1.54579e-05,0.0,nan,nan,nan
1941.585,1.545441e-05,0.0,nan,nan,nan
1941.668,1.545744e-05,0.0,nan,nan,nan
1941.753,1.545911e-05,0.0,nan,nan,nan
1941.836,1.545582e-05,0.0,nan,nan,nan
1941.92,1.545573e-05,0.0,nan,nan,nan
1942.019,1.545786e-05,0.0,nan,nan,nan
1942.102,1.545535e-05,0.0,nan,nan,nan
1942.186,1.545785e-05,0.0,nan,nan,nan
1942.27,1.545939e-05,0.0,nan,nan,nan
1942.354,1.545859e-05,0.0,nan,nan,nan
1942.437,1.546171e-05,0.0,nan,nan,nan
1942.521,1.545979e-05,0.0,nan,nan,nan
1942.623,1.546085e-05,0.0,nan,nan,nan
1942.707,1.545814e-05,0.0,nan,nan,nan
1942.791,1.546242e-05,0.0,nan,nan,nan
1942.875,1.545856e-05,0.0,nan,nan,nan
1942.958,1.545867e-05,0.0,nan,nan,nan
1943.042,1.545992e-05,0.0,nan,nan,nan
1943.137,1.545828e-05,0.0,nan,nan,nan
1943.25,1.54582e-05,0.0,nan,nan,nan
1943.334,1.545408e-05,0.0,nan,nan,nan
1943.418,1.546233e-05,0.0,nan,nan,nan
1943.502,1.545885e-05,0.0,nan,nan,nan
1943.585,1.545479e-05,0.0,nan,nan,nan
1943.669,1.54568e-05,0.0,nan,nan,nan
1943.752,1.545652e-05,0.0,nan,nan,nan
1943.839,1.545735e-05,0.0,nan,nan,nan
1943.923,1.545322e-05,0.0,nan,nan,nan
1944.007,1.545541e-05,0.0,nan,nan,nan
1944.091,1.546125e-05,0.0,nan,nan,nan
1944.175,1.545722e-05,0.0,nan,nan,nan
1944.262,1.5463e-05,0.0,nan,nan,nan
1944.345,1.546246e-05,0.0,nan,nan,nan
1944.431,1.54581e-05,0.0,nan,nan,nan
1944.514,1.545811e-05,0.0,nan,nan,nan
1944.598,1.545614e-05,0.0,nan,nan,nan
1944.682,1.545893e-05,0.0,nan,nan,nan
1944.766,1.545816e-05,0.0,nan,nan,nan
1944.849,1.545623e-05,0.0,nan,nan,nan
1944.933,1.545838e-05,0.0,nan,nan,nan
1945.017,1.54621e-05,0.0,nan,nan,nan
1945.101,1.546062e-05,0.0,nan,nan,nan
1945.2,1.545645e-05,0.0,nan,nan,nan
1945.284,1.545637e-05,0.0,nan,nan,nan
1945.367,1.545381e-05,0.0,nan,nan,nan
1945.451,1.545527e-05,0.0,nan,nan,nan
1945.535,1.54564e-05,0.0,nan,nan,nan
1945.618,1.545786e-05,0.0,nan,nan,nan
1945.702,1.545353e-05,0.0,nan,nan,nan
1945.786,1.545852e-05,0.0,nan,nan,nan
1945.87,1.545815e-05,0.0,nan,nan,nan
1945.954,1.545897e-05,0.0,nan,nan,nan
1946.037,1.5457e-05,0.0,nan,nan,nan
1946.121,1.545665e-05,0.0,nan,nan,nan
1946.205,1.546038e-05,0.0,nan,nan,nan
1946.289,1.545893e-05,0.0,nan,nan,nan
1946.373,1.546051e-05,0.0,nan,nan,nan
1946.458,1.545971e-05,0.0,nan,nan,nan
1946.541,1.546085e-05,0.0,nan,nan,nan
1946.625,1.546267e-05,0.0,nan,nan,nan
1946.725,1.545928e-05,0.0,nan,nan,nan
1946.809,1.545649e-05,0.0,nan,nan,nan
1946.926,1.545705e-05,0.0,nan,nan,nan
1947.009,1.546293e-05,0.0,nan,nan,nan
1947.093,1.545691e-05,0.0,nan,nan,nan
1947.177,1.545782e-05,0.0,nan,nan,nan
1947.264,1.54608e-05,0.0,nan,nan,nan
1947.347,1.545826e-05,0.0,nan,nan,nan
1947.431,1.545962e-05,0.0,nan,nan,nan
1947.521,1.546031e-05,0.0,nan,nan,nan
1947.605,1.546055e-05,0.0,nan,nan,nan
1947.689,1.545919e-05,0.0,nan,nan,nan
1947.772,1.545701e-05,0.0,nan,nan,nan
1947.857,1.545981e-05,0.0,nan,nan,nan
1947.956,1.545331e-05,0.0,nan,nan,nan
1948.039,1.545774e-05,0.0,nan,nan,nan
1948.136,1.54632e-05,0.0,nan,nan,nan
1948.22,1.54678e-05,0.0,nan,nan,nan
1948.307,1.546015e-05,0.0,nan,nan,nan
1948.391,1.546148e-05,0.0,nan,nan,nan
1948.475,1.545993e-05,0.0,nan,nan,nan
1948.559,1.546222e-05,0.0,nan,nan,nan
1948.642,1.546134e-05,0.0,nan,nan,nan
1948.739,1.545858e-05,0.0,nan,nan,nan
1948.823,1.545729e-05,0.0,nan,nan,nan
1948.907,1.546136e-05,0.0,nan,nan,nan
1948.991,1.545881e-05,0.0,nan,nan,nan
1949.075,1.545888e-05,0.0,nan,nan,nan
1949.158,1.546108e-05,0.0,nan,nan,nan
1949.242,1.546133e-05,0.0,nan,nan,nan
1949.338,1.545684e-05,0.0,nan,nan,nan
1949.421,1.546007e-05,0.0,nan,nan,nan
1949.505,1.545633e-05,0.0,nan,nan,nan
1949.588,1.545576e-05,0.0,nan,nan,nan
1949.672,1.545549e-05,0.0,nan,nan,nan
1949.767,1.545774e-05,0.0,nan,nan,nan
1949.85,1.546069e-05,0.0,nan,nan,nan
1949.934,1.545989e-05,0.0,nan,nan,nan
1950.017,1.545967e-05,0.0,nan,nan,nan
1950.101,1.545666e-05,0.0,nan,nan,nan
1950.184,1.545923e-05,0.0,nan,nan,nan
1950.268,1.545836e-05,0.0,nan,nan,nan
1950.37,1.545269e-05,0.0,nan,nan,nan
1950.454,1.545641e-05,0.0,nan,nan,nan
1950.538,1.546101e-05,0.0,nan,nan,nan
1950.621,1.546272e-05,0.0,nan,nan,nan
1950.705,1.546055e-05,0.0,nan,nan,nan
1950.789,1.545983e-05,0.0,nan,nan,nan
1950.872,1.545843e-05,0.0,nan,nan,nan
1950.958,1.545528e-05,0.0,nan,nan,nan
1951.042,1.54583e-05,0.0,nan,nan,nan
1951.127,1.545514e-05,0.0,nan,nan,nan
1951.211,1.545517e-05,0.0,nan,nan,nan
1951.294,1.545846e-05,0.0,nan,nan,nan
1951.425,1.545789e-05,0.0,nan,nan,nan
1951.508,1.546077e-05,0.0,nan,nan,nan
1951.592,1.545955e-05,0.0,nan,nan,nan
1951.676,1.546126e-05,0.0,nan,nan,nan
1951.76,1.545804e-05,0.0,nan,nan,nan
1951.844,1.545784e-05,0.0,nan,nan,nan
1951.927,1.54564e-05,0.0,nan,nan,nan
1952.011,1.545931e-05,0.0,nan,nan,nan
1952.094,1.545599e-05,0.0,nan,nan,nan
1952.178,1.546173e-05,0.0,nan,nan,nan
1952.262,1.546312e-05,0.0,nan,nan,nan
1952.345,1.546087e-05,0.0,nan,nan,nan
1952.429,1.546185e-05,0.0,nan,nan,nan
1952.513,1.545459e-05,0.0,nan,nan,nan
1952.604,1.545693e-05,0.0,nan,nan,nan
1952.688,1.545772e-05,0.0,nan,nan,nan
1952.771,1.545405e-05,0.0,nan,nan,nan
1952.855,1.545947e-05,0.0,nan,nan,nan
1952.939,1.545567e-05,0.0,nan,nan,nan
1953.022,1.546e-05,0.0,nan,nan,nan
1953.106,1.545721e-05,0.0,nan,nan,nan
1953.191,1.545896e-05,0.0,nan,nan,nan
1953.275,1.545852e-05,0.0,nan,nan,nan
1953.359,1.546006e-05,0.0,nan,nan,nan
1953.467,1.54614e-05,0.0,nan,nan,nan
1953.551,1.546346e-05,0.0,nan,nan,nan
1953.634,1.546071e-05,0.0,nan,nan,nan
1953.718,1.545945e-05,0.0,nan,nan,nan
1953.802,1.545805e-05,0.0,nan,nan,nan
1953.886,1.546369e-05,0.0,nan,nan,nan
1953.97,1.546447e-05,0.0,nan,nan,nan
1954.054,1.546329e-05,0.0,nan,nan,nan
1954.137,1.545772e-05,0.0,nan,nan,nan
1954.238,1.546356e-05,0.0,nan,nan,nan
1954.322,1.546408e-05,0.0,nan,nan,nan
1954.405,1.545848e-05,0.0,nan,nan,nan
1954.489,1.54634e-05,0.0,nan,nan,nan
1954.573,1.54621e-05,0.0,nan,nan,nan
1954.656,1.546044e-05,0.0,nan,nan,nan
1954.74,1.546108e-05,0.0,nan,nan,nan
1954.837,1.546049e-05,0.0,nan,nan,nan
1954.921,1.545654e-05,0.0,nan,nan,nan
1955.004,1.545659e-05,0.0,nan,nan,nan
1955.088,1.545869e-05,0.0,nan,nan,nan
1955.172,1.54598e-05,0.0,nan,nan,nan
1955.264,1.546107e-05,0.0,nan,nan,nan
1955.347,1.546182e-05,0.0,nan,nan,nan
1955.431,1.546007e-05,0.0,nan,nan,nan
1955.515,1.546247e-05,0.0,nan,nan,nan
1955.598,1.54584e-05,0.0,nan,nan,nan
1955.682,1.546043e-05,0.0,nan,nan,nan
1955.765,1.546265e-05,0.0,nan,nan,nan
1955.849,1.545839e-05,0.0,nan,nan,nan
1955.932,1.546093e-05,0.0,nan,nan,nan
1956.016,1.546391e-05,0.0,nan,nan,nan
1956.099,1.546081e-05,0.0,nan,nan,nan
1956.183,1.546043e-05,0.0,nan,nan,nan
1956.284,1.546323e-05,0.0,nan,nan,nan
1956.367,1.54619e-05,0.0,nan,nan,nan
1956.451,1.546181e-05,0.0,nan,nan,nan
1956.534,1.545941e-05,0.0,nan,nan,nan
1956.618,1.546055e-05,0.0,nan,nan,nan
1956.702,1.546218e-05,0.0,nan,nan,nan
1956.785,1.545973e-05,0.0,nan,nan,nan
1956.869,1.546085e-05,0.0,nan,nan,nan
1956.953,1.545955e-05,0.0,nan,nan,nan
1957.037,1.546349e-05,0.0,nan,nan,nan
1957.12,1.545897e-05,0.0,nan,nan,nan
1957.204,1.545924e-05,0.0,nan,nan,nan
1957.296,1.545862e-05,0.0,nan,nan,nan
1957.38,1.546092e-05,0.0,nan,nan,nan
1957.464,1.546154e-05,0.0,nan,nan,nan
1957.547,1.545633e-05,0.0,nan,nan,nan
1957.649,1.545944e-05,0.0,nan,nan,nan
1957.732,1.546129e-05,0.0,nan,nan,nan
1957.816,1.546105e-05,0.0,nan,nan,nan
1957.919,1.545964e-05,0.0,nan,nan,nan
1958.002,1.545844e-05,0.0,nan,nan,nan
1958.086,1.546034e-05,0.0,nan,nan,nan
1958.17,1.545969e-05,0.0,nan,nan,nan
1958.253,1.545951e-05,0.0,nan,nan,nan
1958.337,1.54614e-05,0.0,nan,nan,nan
1958.421,1.545727e-05,0.0,nan,nan,nan
1958.516,1.546141e-05,0.0,nan,nan,nan
1958.6,1.545723e-05,0.0,nan,nan,nan
1958.684,1.545689e-05,0.0,nan,nan,nan
1958.768,1.545721e-05,0.0,nan,nan,nan
1958.851,1.546056e-05,0.0,nan,nan,nan
1958.935,1.545873e-05,0.0,nan,nan,nan
1959.019,1.54605e-05,0.0,nan,nan,nan
1959.102,1.545643e-05,0.0,nan,nan,nan
1959.186,1.545592e-05,0.0,nan,nan,nan
1959.27,1.545461e-05,0.0,nan,nan,nan
1959.353,1.54567e-05,0.0,nan,nan,nan
1959.437,1.545917e-05,0.0,nan,nan,nan
1959.535,1.546185e-05,0.0,nan,nan,nan
1959.618,1.545698e-05,0.0,nan,nan,nan
1959.71,1.54602e-05,0.0,nan,nan,nan
1959.794,1.545985e-05,0.0,nan,nan,nan
1959.878,1.54598e-05,0.0,nan,nan,nan
1959.962,1.545968e-05,0.0,nan,nan,nan
1960.045,1.545672e-05,0.0,nan,nan,nan
1960.129,1.545846e-05,0.0,nan,nan,nan
1960.213,1.545491e-05,0.0,nan,nan,nan
1960.297,1.545461e-05,0.0,nan,nan,nan
1960.381,1.545575e-05,0.0,nan,nan,nan
1960.465,1.54575e-05,0.0,nan,nan,nan
1960.548,1.545476e-05,0.0,nan,nan,nan
1960.632,1.545343e-05,0.0,nan,nan,nan
1960.716,1.545961e-05,0.0,nan,nan,nan
1960.8,1.545987e-05,0.0,nan,nan,nan
1960.883,1.545846e-05,0.0,nan,nan,nan
1960.967,1.546031e-05,0.0,nan,nan,nan
1961.051,1.546049e-05,0.0,nan,nan,nan
1961.134,1.545722e-05,0.0,nan,nan,nan
1961.218,1.545751e-05,0.0,nan,nan,nan
1961.302,1.545539e-05,0.0,nan,nan,nan
1961.386,1.545977e-05,0.0,nan,nan,nan
1961.469,1.546202e-05,0.0,nan,nan,nan
1961.561,1.545717e-05,0.0,nan,nan,nan
1961.645,1.546195e-05,0.0,nan,nan,nan
1961.737,1.546106e-05,0.0,nan,nan,nan
1961.821,1.546098e-05,0.0,nan,nan,nan
1961.904,1.546102e-05,0.0,nan,nan,nan
1961.988,1.546238e-05,0.0,nan,nan,nan
1962.072,1.546377e-05,0.0,nan,nan,nan
1962.18,1.545701e-05,0.0,nan,nan,nan
1962.264,1.545624e-05,0.0,nan,nan,nan
1962.347,1.545911e-05,0.0,nan,nan,nan
1962.431,1.545759e-05,0.0,nan,nan,nan
1962.514,1.546201e-05,0.0,nan,nan,nan
1962.598,1.54602e-05,0.0,nan,nan,nan
1962.682,1.546198e-05,0.0,nan,nan,nan
1962.78,1.546269e-05,0.0,nan,nan,nan
1962.864,1.54618e-05,0.0,nan,nan,nan
1962.948,1.545848e-05,0.0,nan,nan,nan
1963.031,1.545848e-05,0.0,nan,nan,nan
1963.115,1.545909e-05,0.0,nan,nan,nan
1963.199,1.545865e-05,0.0,nan,nan,nan
1963.283,1.545872e-05,0.0,nan,nan,nan
1963.39,1.546038e-05,0.0,nan,nan,nan
1963.474,1.545917e-05,0.0,nan,nan,nan
1963.557,1.545987e-05,0.0,nan,nan,nan
1963.641,1.545669e-05,0.0,nan,nan,nan
1963.724,1.54613e-05,0.0,nan,nan,nan
1963.855,1.546278e-05,0.0,nan,nan,nan
1963.94,1.546284e-05,0.0,nan,nan,nan
1964.023,1.546079e-05,0.0,nan,nan,nan
1964.107,1.546297e-05,0.0,nan,nan,nan
1964.191,1.546485e-05,0.0,nan,nan,nan
1964.275,1.546217e-05,0.0,nan,nan,nan
1964.358,1.546579e-05,0.0,nan,nan,nan
1964.442,1.546302e-05,0.0,nan,nan,nan
1964.526,1.5462e-05,0.0,nan,nan,nan
1964.627,1.546047e-05,0.0,nan,nan,nan
1964.711,1.545605e-05,0.0,nan,nan,nan
1964.794,1.545948e-05,0.0,nan,nan,nan
1964.878,1.545776e-05,0.0,nan,nan,nan
1964.962,1.54581e-05,0.0,nan,nan,nan
1965.046,1.545842e-05,0.0,nan,nan,nan
1965.129,1.545665e-05,0.0,nan,nan,nan
1965.213,1.545814e-05,0.0,nan,nan,nan
1965.296,1.546128e-05,0.0,nan,nan,nan
1965.38,1.545855e-05,0.0,nan,nan,nan
1965.464,1.545811e-05,0.0,nan,nan,nan
1965.548,1.545703e-05,0.0,nan,nan,nan
1965.632,1.545999e-05,0.0,nan,nan,nan
1965.715,1.545649e-05,0.0,nan,nan,nan
1965.799,1.545505e-05,0.0,nan,nan,nan
1965.937,1.545648e-05,0.0,nan,nan,nan
1966.021,1.545532e-05,0.0,nan,nan,nan
1966.105,1.54543e-05,0.0,nan,nan,nan
1966.189,1.545921e-05,0.0,nan,nan,nan
1966.273,1.54602e-05,0.0,nan,nan,nan
1966.357,1.545932e-05,0.0,nan,nan,nan
1966.441,1.546001e-05,0.0,nan,nan,nan
1966.524,1.546303e-05,0.0,nan,nan,nan
1966.608,1.545676e-05,0.0,nan,nan,nan
1966.691,1.545601e-05,0.0,nan,nan,nan
1966.775,1.545548e-05,0.0,nan,nan,nan
1966.86,1.546109e-05,0.0,nan,nan,nan
1966.944,1.546167e-05,0.0,nan,nan,nan
1967.028,1.545589e-05,0.0,nan,nan,nan
1967.111,1.545496e-05,0.0,nan,nan,nan
1967.195,1.545226e-05,0.0,nan,nan,nan
1967.3,1.545469e-05,0.0,nan,nan,nan
1967.384,1.545921e-05,0.0,nan,nan,nan
1967.469,1.546026e-05,0.0,nan,nan,nan
1967.552,1.545557e-05,0.0,nan,nan,nan
1967.636,1.546171e-05,0.0,nan,nan,nan
1967.72,1.545523e-05,0.0,nan,nan,nan
1967.804,1.545654e-05,0.0,nan,nan,nan
1967.907,1.545444e-05,0.0,nan,nan,nan
1968.021,1.545812e-05,0.0,nan,nan,nan
1968.107,1.545501e-05,0.0,nan,nan,nan
1968.191,1.545718e-05,0.0,nan,nan,nan
1968.275,1.545408e-05,0.0,nan,nan,nan
1968.359,1.545749e-05,0.0,nan,nan,nan
1968.442,1.546045e-05,0.0,nan,nan,nan
1968.528,1.545724e-05,0.0,nan,nan,nan
1968.612,1.545439e-05,0.0,nan,nan,nan
1968.696,1.545107e-05,0.0,nan,nan,nan
1968.779,1.545399e-05,0.0,nan,nan,nan
1968.863,1.545363e-05,0.0,nan,nan,nan
1968.947,1.545495e-05,0.0,nan,nan,nan
1969.031,1.545459e-05,0.0,nan,nan,nan
1969.12,1.545838e-05,0.0,nan,nan,nan
1969.204,1.545718e-05,0.0,nan,nan,nan
1969.29,1.545469e-05,0.0,nan,nan,nan
1969.373,1.545952e-05,0.0,nan,nan,nan
1969.457,1.545888e-05,0.0,nan,nan,nan
1969.541,1.545841e-05,0.0,nan,nan,nan
1969.624,1.545949e-05,0.0,nan,nan,nan
1969.709,1.545544e-05,0.0,nan,nan,nan
1969.793,1.545742e-05,0.0,nan,nan,nan
1969.877,1.545772e-05,0.0,nan,nan,nan
1969.961,1.545809e-05,0.0,nan,nan,nan
1970.072,1.545936e-05,0.0,nan,nan,nan
1970.156,1.545849e-05,0.0,nan,nan,nan
1970.24,1.545398e-05,0.0,nan,nan,nan
1970.341,1.54574e-05,0.0,nan,nan,nan
1970.425,1.545648e-05,0.0,nan,nan,nan
1970.509,1.545705e-05,0.0,nan,nan,nan
1970.593,1.54578e-05,0.0,nan,nan,nan
1970.677,1.545553e-05,0.0,nan,nan,nan
1970.761,1.54546e-05,0.0,nan,nan,nan
1970.844,1.545744e-05,0.0,nan,nan,nan
1970.928,1.545902e-05,0.0,nan,nan,nan
1971.012,1.545941e-05,0.0,nan,nan,nan
1971.096,1.545881e-05,0.0,nan,nan,nan
1971.179,1.546046e-05,0.0,nan,nan,nan
1971.263,1.546086e-05,0.0,nan,nan,nan
1971.355,1.545849e-05,0.0,nan,nan,nan
1971.439,1.545563e-05,0.0,nan,nan,nan
1971.523,1.546162e-05,0.0,nan,nan,nan
1971.606,1.545634e-05,0.0,nan,nan,nan
1971.692,1.545715e-05,0.0,nan,nan,nan
1971.776,1.545757e-05,0.0,nan,nan,nan
1971.859,1.545635e-05,0.0,nan,nan,nan
1971.946,1.545212e-05,0.0,nan,nan,nan
1972.03,1.545633e-05,0.0,nan,nan,nan
1972.114,1.545956e-05,0.0,nan,nan,nan
1972.198,1.545912e-05,0.0,nan,nan,nan
1972.281,1.546302e-05,0.0,nan,nan,nan
1972.365,1.545952e-05,0.0,nan,nan,nan
1972.449,1.545817e-05,0.0,nan,nan,nan
1972.532,1.546085e-05,0.0,nan,nan,nan
1972.616,1.545693e-05,0.0,nan,nan,nan
1972.7,1.545356e-05,0.0,nan,nan,nan
1972.783,1.545966e-05,0.0,nan,nan,nan
1972.867,1.545848e-05,0.0,nan,nan,nan
1972.951,1.54573e-05,0.0,nan,nan,nan
1973.035,1.545742e-05,0.0,nan,nan,nan
1973.118,1.545476e-05,0.0,nan,nan,nan
1973.202,1.545809e-05,0.0,nan,nan,nan
1973.286,1.546013e-05,0.0,nan,nan,nan
1973.39,1.545645e-05,0.0,nan,nan,nan
1973.474,1.545745e-05,0.0,nan,nan,nan
1973.558,1.545465e-05,0.0,nan,nan,nan
1973.642,1.545485e-05,0.0,nan,nan,nan
1973.725,1.545531e-05,0.0,nan,nan,nan
1973.809,1.545509e-05,0.0,nan,nan,nan
1973.893,1.545324e-05,0.0,nan,nan,nan
1973.977,1.545765e-05,0.0,nan,nan,nan
1974.06,1.545245e-05,0.0,nan,nan,nan
1974.144,1.545193e-05,0.0,nan,nan,nan
1974.25,1.545291e-05,0.0,nan,nan,nan
1974.334,1.545565e-05,0.0,nan,nan,nan
1974.418,1.545399e-05,0.0,nan,nan,nan
1974.502,1.545516e-05,0.0,nan,nan,nan
1974.585,1.545802e-05,0.0,nan,nan,nan
1974.669,1.545787e-05,0.0,nan,nan,nan
1974.752,1.545531e-05,0.0,nan,nan,nan
1974.836,1.545274e-05,0.0,nan,nan,nan
1974.92,1.545513e-05,0.0,nan,nan,nan
1975.003,1.545384e-05,0.0,nan,nan,nan
1975.087,1.545469e-05,0.0,nan,nan,nan
1975.171,1.545123e-05,0.0,nan,nan,nan
1975.254,1.54558e-05,0.0,nan,nan,nan
1975.338,1.545542e-05,0.0,nan,nan,nan
1975.44,1.545618e-05,0.0,nan,nan,nan
1975.524,1.545442e-05,0.0,nan,nan,nan
1975.607,1.545842e-05,0.0,nan,nan,nan
1975.691,1.545746e-05,0.0,nan,nan,nan
1975.777,1.545209e-05,0.0,nan,nan,nan
1975.861,1.545352e-05,0.0,nan,nan,nan
1975.944,1.545224e-05,0.0,nan,nan,nan
1976.049,1.545486e-05,0.0,nan,nan,nan
1976.133,1.545385e-05,0.0,nan,nan,nan
1976.217,1.545887e-05,0.0,nan,nan,nan
1976.337,1.545749e-05,0.0,nan,nan,nan
1976.421,1.546094e-05,0.0,nan,nan,nan
1976.505,1.546024e-05,0.0,nan,nan,nan
1976.589,1.545923e-05,0.0,nan,nan,nan
1976.676,1.545936e-05,0.0,nan,nan,nan
1976.76,1.545948e-05,0.0,nan,nan,nan
1976.843,1.546246e-05,0.0,nan,nan,nan
1976.927,1.546179e-05,0.0,nan,nan,nan
1977.01,1.546245e-05,0.0,nan,nan,nan
1977.094,1.546158e-05,0.0,nan,nan,nan
1977.177,1.546135e-05,0.0,nan,nan,nan
1977.284,1.545672e-05,0.0,nan,nan,nan
1977.368,1.545597e-05,0.0,nan,nan,nan
1977.451,1.545524e-05,0.0,nan,nan,nan
1977.535,1.546092e-05,0.0,nan,nan,nan
1977.619,1.545672e-05,0.0,nan,nan,nan
1977.703,1.546208e-05,0.0,nan,nan,nan
1977.786,1.54574e-05,0.0,nan,nan,nan
1977.87,1.54586e-05,0.0,nan,nan,nan
1977.954,1.545645e-05,0.0,nan,nan,nan
1978.037,1.5455e-05,0.0,nan,nan,nan
1978.121,1.545634e-05,0.0,nan,nan,nan
1978.205,1.545521e-05,0.0,nan,nan,nan
1978.298,1.545509e-05,0.0,nan,nan,nan
1978.414,1.545807e-05,0.0,nan,nan,nan
1978.508,1.545744e-05,0.0,nan,nan,nan
1978.592,1.545734e-05,0.0,nan,nan,nan
1978.675,1.545595e-05,0.0,nan,nan,nan
1978.759,1.545606e-05,0.0,nan,nan,nan
1978.843,1.545931e-05,0.0,nan,nan,nan
1978.927,1.545874e-05,0.0,nan,nan,nan
1979.011,1.545341e-05,0.0,nan,nan,nan
1979.095,1.545673e-05,0.0,nan,nan,nan
1979.179,1.545728e-05,0.0,nan,nan,nan
1979.263,1.545519e-05,0.0,nan,nan,nan
1979.346,1.545878e-05,0.0,nan,nan,nan
1979.43,1.545944e-05,0.0,nan,nan,nan
1979.541,1.5462e-05,0.0,nan,nan,nan
1979.625,1.545824e-05,0.0,nan,nan,nan
1979.71,1.54575e-05,0.0,nan,nan,nan
1979.793,1.545834e-05,0.0,nan,nan,nan
1979.877,1.546094e-05,0.0,nan,nan,nan
1979.961,1.54593e-05,0.0,nan,nan,nan
1980.044,1.545835e-05,0.0,nan,nan,nan
1980.141,1.54598e-05,0.0,nan,nan,nan
1980.224,1.546225e-05,0.0,nan,nan,nan
1980.308,1.546062e-05,0.0,nan,nan,nan
1980.392,1.546292e-05,0.0,nan,nan,nan
1980.481,1.54623e-05,0.0,nan,nan,nan
1980.564,1.546017e-05,0.0,nan,nan,nan
1980.647,1.545789e-05,0.0,nan,nan,nan
1980.731,1.545766e-05,0.0,nan,nan,nan
1980.814,1.545804e-05,0.0,nan,nan,nan
1980.898,1.545796e-05,0.0,nan,nan,nan
1980.982,1.545553e-05,0.0,nan,nan,nan
1981.066,1.545626e-05,0.0,nan,nan,nan
1981.173,1.545994e-05,0.0,nan,nan,nan
1981.257,1.545488e-05,0.0,nan,nan,nan
1981.341,1.545595e-05,0.0,nan,nan,nan
1981.424,1.545789e-05,0.0,nan,nan,nan
1981.51,1.54557e-05,0.0,nan,nan,nan
1981.594,1.545735e-05,0.0,nan,nan,nan
1981.677,1.546084e-05,0.0,nan,nan,nan
1981.78,1.546352e-05,0.0,nan,nan,nan
1981.864,1.546104e-05,0.0,nan,nan,nan
1981.948,1.545795e-05,0.0,nan,nan,nan
1982.032,1.545728e-05,0.0,nan,nan,nan
1982.115,1.545858e-05,0.0,nan,nan,nan
1982.199,1.545989e-05,0.0,nan,nan,nan
1982.283,1.546067e-05,0.0,nan,nan,nan
1982.387,1.545845e-05,0.0,nan,nan,nan
1982.471,1.545848e-05,0.0,nan,nan,nan
1982.554,1.54605e-05,0.0,nan,nan,nan
1982.638,1.546011e-05,0.0,nan,nan,nan
1982.723,1.546065e-05,0.0,nan,nan,nan
1982.806,1.546071e-05,0.0,nan,nan,nan
1982.89,1.545852e-05,0.0,nan,nan,nan
1982.973,1.545727e-05,0.0,nan,nan,nan
1983.057,1.545866e-05,0.0,nan,nan,nan
1983.141,1.545992e-05,0.0,nan,nan,nan
1983.225,1.545927e-05,0.0,nan,nan,nan
1983.309,1.545822e-05,0.0,nan,nan,nan
1983.393,1.545977e-05,0.0,nan,nan,nan
1983.477,1.546044e-05,0.0,nan,nan,nan
1983.56,1.546119e-05,0.0,nan,nan,nan
1983.644,1.545974e-05,0.0,nan,nan,nan
1983.727,1.545652e-05,0.0,nan,nan,nan
1983.821,1.546104e-05,0.0,nan,nan,nan
1983.905,1.545748e-05,0.0,nan,nan,nan
1983.99,1.54605e-05,0.0,nan,nan,nan
1984.074,1.546005e-05,0.0,nan,nan,nan
1984.157,1.545875e-05,0.0,nan,nan,nan
1984.241,1.546212e-05,0.0,nan,nan,nan
1984.325,1.546261e-05,0.0,nan,nan,nan
1984.408,1.546203e-05,0.0,nan,nan,nan
1984.492,1.546409e-05,0.0,nan,nan,nan
1984.588,1.546325e-05,0.0,nan,nan,nan
1984.693,1.546361e-05,0.0,nan,nan,nan
1984.777,1.545925e-05,0.0,nan,nan,nan
1984.861,1.546133e-05,0.0,nan,nan,nan
1984.945,1.54572e-05,0.0,nan,nan,nan
1985.038,1.545523e-05,0.0,nan,nan,nan
1985.122,1.545605e-05,0.0,nan,nan,nan
1985.205,1.545875e-05,0.0,nan,nan,nan
1985.289,1.545899e-05,0.0,nan,nan,nan
1985.372,1.546351e-05,0.0,nan,nan,nan
1985.478,1.546013e-05,0.0,nan,nan,nan
1985.562,1.546121e-05,0.0,nan,nan,nan
1985.645,1.546058e-05,0.0,nan,nan,nan
1985.729,1.546423e-05,0.0,nan,nan,nan
1985.813,1.546407e-05,0.0,nan,nan,nan
1985.897,1.546182e-05,0.0,nan,nan,nan
1985.981,1.546249e-05,0.0,nan,nan,nan
1986.072,1.546149e-05,0.0,nan,nan,nan
1986.156,1.546049e-05,0.0,nan,nan,nan
1986.24,1.545996e-05,0.0,nan,nan,nan
1986.324,1.545928e-05,0.0,nan,nan,nan
1986.408,1.54565e-05,0.0,nan,nan,nan
1986.496,1.545649e-05,0.0,nan,nan,nan
1986.579,1.545852e-05,0.0,nan,nan,nan
1986.702,1.545968e-05,0.0,nan,nan,nan
1986.786,1.545666e-05,0.0,nan,nan,nan
1986.886,1.546029e-05,0.0,nan,nan,nan
1986.969,1.546255e-05,0.0,nan,nan,nan
1987.053,1.545909e-05,0.0,nan,nan,nan
1987.137,1.546522e-05,0.0,nan,nan,nan
1987.221,1.546399e-05,0.0,nan,nan,nan
1987.305,1.546111e-05,0.0,nan,nan,nan
1987.389,1.546177e-05,0.0,nan,nan,nan
1987.472,1.546004e-05,0.0,nan,nan,nan
1987.556,1.545829e-05,0.0,nan,nan,nan
1987.64,1.54597e-05,0.0,nan,nan,nan
1987.724,1.545918e-05,0.0,nan,nan,nan
1987.807,1.545776e-05,0.0,nan,nan,nan
1987.891,1.54559e-05,0.0,nan,nan,nan
1987.975,1.54619e-05,0.0,nan,nan,nan
1988.058,1.54593e-05,0.0,nan,nan,nan
1988.142,1.546017e-05,0.0,nan,nan,nan
1988.225,1.546009e-05,0.0,nan,nan,nan
1988.327,1.545682e-05,0.0,nan,nan,nan
1988.411,1.545608e-05,0.0,nan,nan,nan
1988.497,1.545462e-05,0.0,nan,nan,nan
1988.581,1.545773e-05,0.0,nan,nan,nan
1988.665,1.545741e-05,0.0,nan,nan,nan
1988.771,1.545655e-05,0.0,nan,nan,nan
1988.854,1.545852e-05,0.0,nan,nan,nan
1988.939,1.545644e-05,0.0,nan,nan,nan
1989.023,1.545796e-05,0.0,nan,nan,nan
1989.106,1.545906e-05,0.0,nan,nan,nan
1989.19,1.545886e-05,0.0,nan,nan,nan
1989.273,1.54587e-05,0.0,nan,nan,nan
1989.357,1.545969e-05,0.0,nan,nan,nan
1989.44,1.546246e-05,0.0,nan,nan,nan
1989.54,1.545923e-05,0.0,nan,nan,nan
1989.624,1.545879e-05,0.0,nan,nan,nan
1989.708,1.546009e-05,0.0,nan,nan,nan
1989.792,1.545739e-05,0.0,nan,nan,nan
1989.876,1.545969e-05,0.0,nan,nan,nan
1989.967,1.545361e-05,0.0,nan,nan,nan
1990.051,1.545935e-05,0.0,nan,nan,nan
1990.135,1.545935e-05,0.0,nan,nan,nan
1990.219,1.54615e-05,0.0,nan,nan,nan
1990.302,1.546215e-05,0.0,nan,nan,nan
1990.387,1.546124e-05,0.0,nan,nan,nan
1990.471,1.546181e-05,0.0,nan,nan,nan
1990.569,1.54592e-05,0.0,nan,nan,nan
1990.653,1.546027e-05,0.0,nan,nan,nan
1990.737,1.546056e-05,0.0,nan,nan,nan
1990.837,1.54608e-05,0.0,nan,nan,nan
1990.921,1.546113e-05,0.0,nan,nan,nan
1991.005,1.546271e-05,0.0,nan,nan,nan
1991.088,1.546162e-05,0.0,nan,nan,nan
1991.177,1.546197e-05,0.0,nan,nan,nan
1991.261,1.545934e-05,0.0,nan,nan,nan
1991.345,1.546024e-05,0.0,nan,nan,nan
1991.428,1.545728e-05,0.0,nan,nan,nan
1991.512,1.546282e-05,0.0,nan,nan,nan
1991.596,1.546434e-05,0.0,nan,nan,nan
1991.679,1.546442e-05,0.0,nan,nan,nan
1991.777,1.54679e-05,0.0,nan,nan,nan
1991.86,1.546371e-05,0.0,nan,nan,nan
1991.947,1.545912e-05,0.0,nan,nan,nan
1992.03,1.546301e-05,0.0,nan,nan,nan
1992.114,1.546409e-05,0.0,nan,nan,nan
1992.197,1.546126e-05,0.0,nan,nan,nan
1992.281,1.545941e-05,0.0,nan,nan,nan
1992.365,1.545871e-05,0.0,nan,nan,nan
1992.449,1.545698e-05,0.0,nan,nan,nan
1992.533,1.545848e-05,0.0,nan,nan,nan
1992.616,1.545989e-05,0.0,nan,nan,nan
1992.7,1.545945e-05,0.0,nan,nan,nan
1992.8,1.54646e-05,0.0,nan,nan,nan
1992.904,1.546044e-05,0.0,nan,nan,nan
1992.995,1.546279e-05,0.0,nan,nan,nan
1993.079,1.546269e-05,0.0,nan,nan,nan
1993.164,1.546386e-05,0.0,nan,nan,nan
1993.247,1.545983e-05,0.0,nan,nan,nan
1993.331,1.54619e-05,0.0,nan,nan,nan
1993.414,1.546291e-05,0.0,nan,nan,nan
1993.498,1.546009e-05,0.0,nan,nan,nan
1993.582,1.546095e-05,0.0,nan,nan,nan
1993.665,1.546133e-05,0.0,nan,nan,nan
1993.749,1.546585e-05,0.0,nan,nan,nan
1993.833,1.546509e-05,0.0,nan,nan,nan
1993.916,1.546437e-05,0.0,nan,nan,nan
1994.006,1.546299e-05,0.0,nan,nan,nan
1994.09,1.54592e-05,0.0,nan,nan,nan
1994.174,1.546158e-05,0.0,nan,nan,nan
1994.258,1.546367e-05,0.0,nan,nan,nan
1994.341,1.546236e-05,0.0,nan,nan,nan
1994.433,1.546016e-05,0.0,nan,nan,nan
1994.517,1.546306e-05,0.0,nan,nan,nan
1994.62,1.546992e-05,0.0,nan,nan,nan
1994.704,1.546341e-05,0.0,nan,nan,nan
1994.789,1.546343e-05,0.0,nan,nan,nan
1994.873,1.546589e-05,0.0,nan,nan,nan
1995.0,1.546391e-05,0.0,nan,nan,nan
1995.084,1.546705e-05,0.0,nan,nan,nan
1995.168,1.545933e-05,0.0,nan,nan,nan
1995.252,1.546164e-05,0.0,nan,nan,nan
1995.335,1.546279e-05,0.0,nan,nan,nan
1995.419,1.54596e-05,0.0,nan,nan,nan
1995.503,1.545743e-05,0.0,nan,nan,nan
1995.587,1.546111e-05,0.0,nan,nan,nan
1995.671,1.546271e-05,0.0,nan,nan,nan
1995.754,1.546298e-05,0.0,nan,nan,nan
1995.846,1.545957e-05,0.0,nan,nan,nan
1995.93,1.545459e-05,0.0,nan,nan,nan
1996.014,1.546095e-05,0.0,nan,nan,nan
1996.097,1.545905e-05,0.0,nan,nan,nan
1996.181,1.545311e-05,0.0,nan,nan,nan
1996.265,1.545783e-05,0.0,nan,nan,nan
1996.348,1.545904e-05,0.0,nan,nan,nan
1996.432,1.545927e-05,0.0,nan,nan,nan
1996.515,1.54617e-05,0.0,nan,nan,nan
1996.599,1.546288e-05,0.0,nan,nan,nan
1996.683,1.545907e-05,0.0,nan,nan,nan
1996.766,1.546267e-05,0.0,nan,nan,nan
1996.858,1.545919e-05,0.0,nan,nan,nan
1996.942,1.545853e-05,0.0,nan,nan,nan
1997.06,1.545989e-05,0.0,nan,nan,nan
1997.144,1.546248e-05,0.0,nan,nan,nan
1997.229,1.546076e-05,0.0,nan,nan,nan
1997.312,1.546175e-05,0.0,nan,nan,nan
1997.396,1.546314e-05,0.0,nan,nan,nan
1997.481,1.546194e-05,0.0,nan,nan,nan
1997.564,1.546199e-05,0.0,nan,nan,nan
1997.648,1.546252e-05,0.0,nan,nan,nan
1997.732,1.546626e-05,0.0,nan,nan,nan
1997.816,1.546417e-05,0.0,nan,nan,nan
1997.9,1.546443e-05,0.0,nan,nan,nan
1997.983,1.546251e-05,0.0,nan,nan,nan
1998.078,1.546122e-05,0.0,nan,nan,nan
1998.162,1.545826e-05,0.0,nan,nan,nan
1998.245,1.54598e-05,0.0,nan,nan,nan
1998.329,1.546016e-05,0.0,nan,nan,nan
1998.413,1.546327e-05,0.0,nan,nan,nan
1998.497,1.546218e-05,0.0,nan,nan,nan
1998.58,1.545501e-05,0.0,nan,nan,nan
1998.665,1.545791e-05,0.0,nan,nan,nan
1998.748,1.546102e-05,0.0,nan,nan,nan
1998.832,1.545746e-05,0.0,nan,nan,nan
1998.916,1.546123e-05,0.0,nan,nan,nan
1998.999,1.546108e-05,0.0,nan,nan,nan
1999.121,1.545485e-05,0.0,nan,nan,nan
1999.205,1.54573e-05,0.0,nan,nan,nan
1999.304,1.54589e-05,0.0,nan,nan,nan
1999.388,1.546125e-05,0.0,nan,nan,nan
1999.472,1.545887e-05,0.0,nan,nan,nan
1999.556,1.546088e-05,0.0,nan,nan,nan
1999.639,1.545797e-05,0.0,nan,nan,nan
1999.727,1.545997e-05,0.0,nan,nan,nan
1999.811,1.546369e-05,0.0,nan,nan,nan
1999.894,1.546651e-05,0.0,nan,nan,nan
1999.978,1.546171e-05,0.0,nan,nan,nan
2000.061,1.546487e-05,0.0,nan,nan,nan
2000.145,1.54622e-05,0.0,nan,nan,nan
2000.229,1.545969e-05,0.0,nan,nan,nan
2000.327,1.545967e-05,0.0,nan,nan,nan
2000.41,1.546112e-05,0.0,nan,nan,nan
2000.494,1.546014e-05,0.0,nan,nan,nan
2000.578,1.545837e-05,0.0,nan,nan,nan
2000.662,1.546078e-05,0.0,nan,nan,nan
2000.745,1.546068e-05,0.0,nan,nan,nan
2000.829,1.5463e-05,0.0,nan,nan,nan
2000.912,1.546247e-05,0.0,nan,nan,nan
2000.996,1.546411e-05,0.0,nan,nan,nan
2001.08,1.546068e-05,0.0,nan,nan,nan
2001.187,1.546182e-05,0.0,nan,nan,nan
2001.27,1.546097e-05,0.0,nan,nan,nan
2001.354,1.545863e-05,0.0,nan,nan,nan
2001.437,1.545926e-05,0.0,nan,nan,nan
2001.542,1.54591e-05,0.0,nan,nan,nan
2001.626,1.546098e-05,0.0,nan,nan,nan
2001.71,1.546213e-05,0.0,nan,nan,nan
2001.794,1.546041e-05,0.0,nan,nan,nan
2001.878,1.545864e-05,0.0,nan,nan,nan
2001.984,1.546049e-05,0.0,nan,nan,nan
2002.068,1.545773e-05,0.0,nan,nan,nan
2002.156,1.545435e-05,0.0,nan,nan,nan
2002.24,1.545712e-05,0.0,nan,nan,nan
2002.324,1.54602e-05,0.0,nan,nan,nan
2002.408,1.545709e-05,0.0,nan,nan,nan
2002.491,1.545729e-05,0.0,nan,nan,nan
2002.583,1.546041e-05,0.0,nan,nan,nan
2002.667,1.545614e-05,0.0,nan,nan,nan
2002.75,1.545684e-05,0.0,nan,nan,nan
2002.834,1.546106e-05,0.0,nan,nan,nan
2002.918,1.545758e-05,0.0,nan,nan,nan
2003.001,1.545555e-05,0.0,nan,nan,nan
2003.085,1.545678e-05,0.0,nan,nan,nan
2003.169,1.545878e-05,0.0,nan,nan,nan
2003.267,1.545862e-05,0.0,nan,nan,nan
2003.352,1.546146e-05,0.0,nan,nan,nan
2003.436,1.546223e-05,0.0,nan,nan,nan
2003.52,1.546057e-05,0.0,nan,nan,nan
2003.603,1.546166e-05,0.0,nan,nan,nan
2003.687,1.546152e-05,0.0,nan,nan,nan
2003.771,1.546219e-05,0.0,nan,nan,nan
2003.854,1.545864e-05,0.0,nan,nan,nan
2003.938,1.546017e-05,0.0,nan,nan,nan
2004.021,1.545844e-05,0.0,nan,nan,nan
2004.105,1.545673e-05,0.0,nan,nan,nan
2004.205,1.54573e-05,0.0,nan,nan,nan
2004.289,1.545818e-05,0.0,nan,nan,nan
2004.373,1.54616e-05,0.0,nan,nan,nan
2004.457,1.546167e-05,0.0,nan,nan,nan
2004.544,1.546063e-05,0.0,nan,nan,nan
2004.628,1.545768e-05,0.0,nan,nan,nan
2004.711,1.54558e-05,0.0,nan,nan,nan
2004.795,1.545858e-05,0.0,nan,nan,nan
2004.878,1.545737e-05,0.0,nan,nan,nan
2004.962,1.546155e-05,0.0,nan,nan,nan
2005.045,1.545776e-05,0.0,nan,nan,nan
2005.129,1.545883e-05,0.0,nan,nan,nan
2005.223,1.545657e-05,0.0,nan,nan,nan
2005.337,1.545559e-05,0.0,nan,nan,nan
2005.42,1.545831e-05,0.0,nan,nan,nan
2005.504,1.54585e-05,0.0,nan,nan,nan
2005.589,1.545731e-05,0.0,nan,nan,nan
2005.672,1.545365e-05,0.0,nan,nan,nan
2005.756,1.545947e-05,0.0,nan,nan,nan
2005.84,1.545857e-05,0.0,nan,nan,nan
2005.923,1.545984e-05,0.0,nan,nan,nan
2006.026,1.545634e-05,0.0,nan,nan,nan
2006.109,1.546194e-05,0.0,nan,nan,nan
2006.193,1.545885e-05,0.0,nan,nan,nan
2006.277,1.545879e-05,0.0,nan,nan,nan
2006.36,1.545869e-05,0.0,nan,nan,nan
2006.447,1.545252e-05,0.0,nan,nan,nan
2006.531,1.545474e-05,0.0,nan,nan,nan
2006.615,1.545829e-05,0.0,nan,nan,nan
2006.698,1.546097e-05,0.0,nan,nan,nan
2006.782,1.54568e-05,0.0,nan,nan,nan
2006.866,1.545804e-05,0.0,nan,nan,nan
2006.95,1.546158e-05,0.0,nan,nan,nan
2007.049,1.545728e-05,0.0,nan,nan,nan
2007.133,1.545549e-05,0.0,nan,nan,nan
2007.217,1.546007e-05,0.0,nan,nan,nan
2007.301,1.545808e-05,0.0,nan,nan,nan
2007.403,1.545775e-05,0.0,nan,nan,nan
2007.487,1.546196e-05,0.0,nan,nan,nan
2007.571,1.545682e-05,0.0,nan,nan,nan
2007.674,1.5458e-05,0.0,nan,nan,nan
2007.758,1.545695e-05,0.0,nan,nan,nan
2007.841,1.545637e-05,0.0,nan,nan,nan
2007.925,1.545851e-05,0.0,nan,nan,nan
2008.009,1.545712e-05,0.0,nan,nan,nan
2008.095,1.545589e-05,0.0,nan,nan,nan
2008.179,1.545744e-05,0.0,nan,nan,nan
2008.275,1.545824e-05,0.0,nan,nan,nan
2008.359,1.54579e-05,0.0,nan,nan,nan
2008.444,1.545503e-05,0.0,nan,nan,nan
2008.527,1.545658e-05,0.0,nan,nan,nan
2008.611,1.54591e-05,0.0,nan,nan,nan
2008.695,1.54569e-05,0.0,nan,nan,nan
2008.779,1.545872e-05,0.0,nan,nan,nan
2008.863,1.54577e-05,0.0,nan,nan,nan
2008.947,1.546078e-05,0.0,nan,nan,nan
2009.031,1.545693e-05,0.0,nan,nan,nan
2009.114,1.545979e-05,0.0,nan,nan,nan
2009.198,1.545971e-05,0.0,nan,nan,nan
2009.303,1.545617e-05,0.0,nan,nan,nan
2009.386,1.545607e-05,0.0,nan,nan,nan
2009.52,1.545386e-05,0.0,nan,nan,nan
2009.604,1.545729e-05,0.0,nan,nan,nan
2009.693,1.545676e-05,0.0,nan,nan,nan
2009.777,1.545644e-05,0.0,nan,nan,nan
2009.861,1.545862e-05,0.0,nan,nan,nan
2009.945,1.545806e-05,0.0,nan,nan,nan
2010.029,1.545855e-05,0.0,nan,nan,nan
2010.114,1.545908e-05,0.0,nan,nan,nan
2010.198,1.545656e-05,0.0,nan,nan,nan
2010.282,1.546039e-05,0.0,nan,nan,nan
2010.366,1.545695e-05,0.0,nan,nan,nan
2010.45,1.545797e-05,0.0,nan,nan,nan
2010.559,1.545784e-05,0.0,nan,nan,nan
2010.643,1.546101e-05,0.0,nan,nan,nan
2010.736,1.545965e-05,0.0,nan,nan,nan
2010.819,1.545757e-05,0.0,nan,nan,nan
2010.903,1.545699e-05,0.0,nan,nan,nan
2011.007,1.545927e-05,0.0,nan,nan,nan
2011.09,1.545763e-05,0.0,nan,nan,nan
2011.174,1.545895e-05,0.0,nan,nan,nan
2011.26,1.545674e-05,0.0,nan,nan,nan
2011.351,1.546173e-05,0.0,nan,nan,nan
2011.434,1.545938e-05,0.0,nan,nan,nan
2011.518,1.545924e-05,0.0,nan,nan,nan
2011.645,1.545617e-05,0.0,nan,nan,nan
2011.729,1.545973e-05,0.0,nan,nan,nan
2011.819,1.545352e-05,0.0,nan,nan,nan
2011.903,1.545518e-05,0.0,nan,nan,nan
2012.008,1.545467e-05,0.0,nan,nan,nan
2012.092,1.545815e-05,0.0,nan,nan,nan
2012.187,1.545792e-05,0.0,nan,nan,nan
2012.271,1.545929e-05,0.0,nan,nan,nan
2012.354,1.54576e-05,0.0,nan,nan,nan
2012.438,1.546181e-05,0.0,nan,nan,nan
2012.522,1.545759e-05,0.0,nan,nan,nan
2012.625,1.546079e-05,0.0,nan,nan,nan
2012.708,1.546019e-05,0.0,nan,nan,nan
2012.807,1.545903e-05,0.0,nan,nan,nan
2012.89,1.546019e-05,0.0,nan,nan,nan
2012.974,1.545926e-05,0.0,nan,nan,nan
2013.058,1.546152e-05,0.0,nan,nan,nan
2013.142,1.545741e-05,0.0,nan,nan,nan
2013.227,1.546161e-05,0.0,nan,nan,nan
2013.311,1.546198e-05,0.0,nan,nan,nan
2013.401,1.546001e-05,0.0,nan,nan,nan
2013.484,1.545752e-05,0.0,nan,nan,nan
2013.57,1.545752e-05,0.0,nan,nan,nan
2013.654,1.546007e-05,0.0,nan,nan,nan
2013.737,1.545896e-05,0.0,nan,nan,nan
2013.831,1.546192e-05,0.0,nan,nan,nan
2013.914,1.546082e-05,0.0,nan,nan,nan
2014.015,1.546411e-05,0.0,nan,nan,nan
2014.098,1.546027e-05,0.0,nan,nan,nan
2014.207,1.546139e-05,0.0,nan,nan,nan
2014.291,1.546598e-05,0.0,nan,nan,nan
2014.374,1.546057e-05,0.0,nan,nan,nan
2014.458,1.546107e-05,0.0,nan,nan,nan
2014.542,1.545813e-05,0.0,nan,nan,nan
2014.643,1.546116e-05,0.0,nan,nan,nan
2014.727,1.545828e-05,0.0,nan,nan,nan
2014.82,1.545844e-05,0.0,nan,nan,nan
2014.904,1.545667e-05,0.0,nan,nan,nan
2014.987,1.545719e-05,0.0,nan,nan,nan
2015.071,1.545634e-05,0.0,nan,nan,nan
2015.154,1.546022e-05,0.0,nan,nan,nan
2015.238,1.546493e-05,0.0,nan,nan,nan
2015.322,1.546191e-05,0.0,nan,nan,nan
2015.428,1.546025e-05,0.0,nan,nan,nan
2015.512,1.546049e-05,0.0,nan,nan,nan
2015.595,1.546129e-05,0.0,nan,nan,nan
2015.679,1.546018e-05,0.0,nan,nan,nan
2015.8,1.546222e-05,0.0,nan,nan,nan
2015.883,1.546082e-05,0.0,nan,nan,nan
2015.967,1.546057e-05,0.0,nan,nan,nan
2016.05,1.54591e-05,0.0,nan,nan,nan
2016.134,1.54588e-05,0.0,nan,nan,nan
2016.241,1.545656e-05,0.0,nan,nan,nan
2016.325,1.545939e-05,0.0,nan,nan,nan
2016.408,1.54582e-05,0.0,nan,nan,nan
2016.492,1.546182e-05,0.0,nan,nan,nan
2016.576,1.546074e-05,0.0,nan,nan,nan
2016.659,1.546069e-05,0.0,nan,nan,nan
2016.743,1.546185e-05,0.0,nan,nan,nan
2016.841,1.546395e-05,0.0,nan,nan,nan
2016.924,1.546313e-05,0.0,nan,nan,nan
2017.008,1.54669e-05,0.0,nan,nan,nan
2017.092,1.546402e-05,0.0,nan,nan,nan
2017.175,1.546406e-05,0.0,nan,nan,nan
2017.261,1.54676e-05,0.0,nan,nan,nan
2017.345,1.546195e-05,0.0,nan,nan,nan
2017.429,1.546604e-05,0.0,nan,nan,nan
2017.513,1.546127e-05,0.0,nan,nan,nan
2017.597,1.546083e-05,0.0,nan,nan,nan
2017.68,1.545682e-05,0.0,nan,nan,nan
2017.764,1.545927e-05,0.0,nan,nan,nan
2017.864,1.54593e-05,0.0,nan,nan,nan
2017.948,1.546309e-05,0.0,nan,nan,nan
2018.033,1.546202e-05,0.0,nan,nan,nan
2018.116,1.546112e-05,0.0,nan,nan,nan
2018.2,1.546017e-05,0.0,nan,nan,nan
2018.284,1.546253e-05,0.0,nan,nan,nan
2018.368,1.546021e-05,0.0,nan,nan,nan
2018.451,1.546019e-05,0.0,nan,nan,nan
2018.535,1.54628e-05,0.0,nan,nan,nan
2018.619,1.545873e-05,0.0,nan,nan,nan
2018.703,1.545685e-05,0.0,nan,nan,nan
2018.786,1.545841e-05,0.0,nan,nan,nan
2018.875,1.545742e-05,0.0,nan,nan,nan
2018.959,1.545905e-05,0.0,nan,nan,nan
2019.042,1.54597e-05,0.0,nan,nan,nan
2019.126,1.546525e-05,0.0,nan,nan,nan
2019.21,1.545853e-05,0.0,nan,nan,nan
2019.293,1.546053e-05,0.0,nan,nan,nan
2019.377,1.54604e-05,0.0,nan,nan,nan
2019.461,1.546636e-05,0.0,nan,nan,nan
2019.544,1.546293e-05,0.0,nan,nan,nan
2019.628,1.545974e-05,0.0,nan,nan,nan
2019.712,1.546161e-05,0.0,nan,nan,nan
2019.795,1.546043e-05,0.0,nan,nan,nan
2019.889,1.545965e-05,0.0,nan,nan,nan
2019.974,1.545893e-05,0.0,nan,nan,nan
2020.058,1.545836e-05,0.0,nan,nan,nan
2020.141,1.545633e-05,0.0,nan,nan,nan
2020.225,1.546054e-05,0.0,nan,nan,nan
2020.318,1.546141e-05,0.0,nan,nan,nan
2020.402,1.546048e-05,0.0,nan,nan,nan
2020.485,1.545773e-05,0.0,nan,nan,nan
2020.569,1.545762e-05,0.0,nan,nan,nan
2020.653,1.545946e-05,0.0,nan,nan,nan
2020.738,1.546249e-05,0.0,nan,nan,nan
2020.821,1.546024e-05,0.0,nan,nan,nan
2020.925,1.545896e-05,0.0,nan,nan,nan
2021.009,1.546043e-05,0.0,nan,nan,nan
2021.093,1.545964e-05,0.0,nan,nan,nan
2021.177,1.54568e-05,0.0,nan,nan,nan
2021.26,1.546036e-05,0.0,nan,nan,nan
2021.348,1.546178e-05,0.0,nan,nan,nan
2021.431,1.545915e-05,0.0,nan,nan,nan
2021.515,1.546093e-05,0.0,nan,nan,nan
2021.599,1.545732e-05,0.0,nan,nan,nan
2021.682,1.546342e-05,0.0,nan,nan,nan
2021.766,1.546542e-05,0.0,nan,nan,nan
2021.85,1.546046e-05,0.0,nan,nan,nan
2021.941,1.545829e-05,0.0,nan,nan,nan
2022.025,1.545832e-05,0.0,nan,nan,nan
2022.108,1.545827e-05,0.0,nan,nan,nan
2022.192,1.545573e-05,0.0,nan,nan,nan
2022.276,1.545995e-05,0.0,nan,nan,nan
2022.359,1.546079e-05,0.0,nan,nan,nan
2022.443,1.546009e-05,0.0,nan,nan,nan
2022.527,1.546245e-05,0.0,nan,nan,nan
2022.611,1.545638e-05,0.0,nan,nan,nan
2022.694,1.545849e-05,0.0,nan,nan,nan
2022.778,1.545818e-05,0.0,nan,nan,nan
2022.861,1.54576e-05,0.0,nan,nan,nan
2022.945,1.545744e-05,0.0,nan,nan,nan
2023.029,1.545735e-05,0.0,nan,nan,nan
2023.112,1.545809e-05,0.0,nan,nan,nan
2023.196,1.545624e-05,0.0,nan,nan,nan
2023.28,1.545523e-05,0.0,nan,nan,nan
2023.377,1.545574e-05,0.0,nan,nan,nan
2023.461,1.546004e-05,0.0,nan,nan,nan
2023.544,1.54548e-05,0.0,nan,nan,nan
2023.628,1.546039e-05,0.0,nan,nan,nan
2023.712,1.54579e-05,0.0,nan,nan,nan
2023.796,1.545834e-05,0.0,nan,nan,nan
2023.88,1.545548e-05,0.0,nan,nan,nan
2023.964,1.546066e-05,0.0,nan,nan,nan
2024.063,1.545924e-05,0.0,nan,nan,nan
2024.146,1.545513e-05,0.0,nan,nan,nan
2024.23,1.54571e-05,0.0,nan,nan,nan
2024.314,1.545568e-05,0.0,nan,nan,nan
2024.397,1.545753e-05,0.0,nan,nan,nan
2024.481,1.545611e-05,0.0,nan,nan,nan
2024.565,1.545572e-05,0.0,nan,nan,nan
2024.648,1.545445e-05,0.0,nan,nan,nan
2024.732,1.545589e-05,0.0,nan,nan,nan
2024.816,1.54591e-05,0.0,nan,nan,nan
2024.9,1.545745e-05,0.0,nan,nan,nan
2025.006,1.545278e-05,0.0,nan,nan,nan
2025.09,1.545516e-05,0.0,nan,nan,nan
2025.174,1.545451e-05,0.0,nan,nan,nan
2025.258,1.545465e-05,0.0,nan,nan,nan
2025.345,1.545345e-05,0.0,nan,nan,nan
2025.429,1.545384e-05,0.0,nan,nan,nan
2025.513,1.545449e-05,0.0,nan,nan,nan
2025.618,1.545244e-05,0.0,nan,nan,nan
2025.701,1.545308e-05,0.0,nan,nan,nan
2025.785,1.545702e-05,0.0,nan,nan,nan
2025.868,1.546005e-05,0.0,nan,nan,nan
2025.952,1.545452e-05,0.0,nan,nan,nan
2026.036,1.545594e-05,0.0,nan,nan,nan
2026.121,1.545332e-05,0.0,nan,nan,nan
2026.234,1.545851e-05,0.0,nan,nan,nan
2026.318,1.545236e-05,0.0,nan,nan,nan
2026.401,1.545422e-05,0.0,nan,nan,nan
2026.485,1.545348e-05,0.0,nan,nan,nan
2026.569,1.545693e-05,0.0,nan,nan,nan
2026.652,1.54585e-05,0.0,nan,nan,nan
2026.736,1.545917e-05,0.0,nan,nan,nan
2026.829,1.545023e-05,0.0,nan,nan,nan
2026.912,1.545835e-05,0.0,nan,nan,nan
2026.996,1.545479e-05,0.0,nan,nan,nan
2027.08,1.545701e-05,0.0,nan,nan,nan
2027.163,1.545394e-05,0.0,nan,nan,nan
2027.247,1.545173e-05,0.0,nan,nan,nan
2027.331,1.545338e-05,0.0,nan,nan,nan
2027.414,1.545726e-05,0.0,nan,nan,nan
2027.498,1.545617e-05,0.0,nan,nan,nan
2027.581,1.545415e-05,0.0,nan,nan,nan
2027.665,1.545322e-05,0.0,nan,nan,nan
2027.748,1.545374e-05,0.0,nan,nan,nan
2027.854,1.545706e-05,0.0,nan,nan,nan
2027.938,1.545657e-05,0.0,nan,nan,nan
2028.021,1.545422e-05,0.0,nan,nan,nan
2028.105,1.545828e-05,0.0,nan,nan,nan
2028.19,1.545566e-05,0.0,nan,nan,nan
2028.273,1.546043e-05,0.0,nan,nan,nan
2028.357,1.545726e-05,0.0,nan,nan,nan
2028.441,1.545665e-05,0.0,nan,nan,nan
2028.525,1.545678e-05,0.0,nan,nan,nan
2028.612,1.545537e-05,0.0,nan,nan,nan
2028.696,1.545633e-05,0.0,nan,nan,nan
2028.779,1.545358e-05,0.0,nan,nan,nan
2028.863,1.54536e-05,0.0,nan,nan,nan
2028.946,1.545549e-05,0.0,nan,nan,nan
2029.03,1.545646e-05,0.0,nan,nan,nan
2029.114,1.545579e-05,0.0,nan,nan,nan
2029.198,1.545687e-05,0.0,nan,nan,nan
2029.281,1.545618e-05,0.0,nan,nan,nan
2029.365,1.545829e-05,0.0,nan,nan,nan
2029.449,1.545241e-05,0.0,nan,nan,nan
2029.533,1.545777e-05,0.0,nan,nan,nan
2029.616,1.545917e-05,0.0,nan,nan,nan
2029.711,1.545819e-05,0.0,nan,nan,nan
2029.795,1.545502e-05,0.0,nan,nan,nan
2029.879,1.545582e-05,0.0,nan,nan,nan
2029.962,1.545366e-05,0.0,nan,nan,nan
2030.046,1.545773e-05,0.0,nan,nan,nan
2030.13,1.545478e-05,0.0,nan,nan,nan
2030.27,1.54574e-05,0.0,nan,nan,nan
2030.353,1.545869e-05,0.0,nan,nan,nan
2030.438,1.5461e-05,0.0,nan,nan,nan
2030.521,1.546161e-05,0.0,nan,nan,nan
2030.606,1.546131e-05,0.0,nan,nan,nan
2030.69,1.545802e-05,0.0,nan,nan,nan
2030.774,1.545991e-05,0.0,nan,nan,nan
2030.857,1.546094e-05,0.0,nan,nan,nan
2030.941,1.545839e-05,0.0,nan,nan,nan
2031.024,1.545901e-05,0.0,nan,nan,nan
2031.133,1.545908e-05,0.0,nan,nan,nan
2031.216,1.545506e-05,0.0,nan,nan,nan
2031.3,1.546259e-05,0.0,nan,nan,nan
2031.383,1.545723e-05,0.0,nan,nan,nan
2031.467,1.545616e-05,0.0,nan,nan,nan
2031.551,1.545758e-05,0.0,nan,nan,nan
2031.635,1.546092e-05,0.0,nan,nan,nan
2031.718,1.545968e-05,0.0,nan,nan,nan
2031.802,1.545881e-05,0.0,nan,nan,nan
2031.886,1.545543e-05,0.0,nan,nan,nan
2031.97,1.545237e-05,0.0,nan,nan,nan
2032.053,1.545449e-05,0.0,nan,nan,nan
2032.146,1.545555e-05,0.0,nan,nan,nan
2032.229,1.54565e-05,0.0,nan,nan,nan
2032.337,1.546014e-05,0.0,nan,nan,nan
2032.421,1.545598e-05,0.0,nan,nan,nan
2032.504,1.545926e-05,0.0,nan,nan,nan
2032.588,1.546274e-05,0.0,nan,nan,nan
2032.671,1.54567e-05,0.0,nan,nan,nan
2032.761,1.545627e-05,0.0,nan,nan,nan
2032.845,1.545843e-05,0.0,nan,nan,nan
2032.929,1.546401e-05,0.0,nan,nan,nan
2033.013,1.54626e-05,0.0,nan,nan,nan
2033.097,1.546015e-05,0.0,nan,nan,nan
2033.183,1.54629e-05,0.0,nan,nan,nan
2033.267,1.545571e-05,0.0,nan,nan,nan
2033.351,1.545756e-05,0.0,nan,nan,nan
2033.435,1.545989e-05,0.0,nan,nan,nan
2033.521,1.545671e-05,0.0,nan,nan,nan
2033.605,1.546036e-05,0.0,nan,nan,nan
2033.688,1.546234e-05,0.0,nan,nan,nan
2033.772,1.546531e-05,0.0,nan,nan,nan
2033.856,1.545958e-05,0.0,nan,nan,nan
2033.94,1.545985e-05,0.0,nan,nan,nan
2034.023,1.546127e-05,0.0,nan,nan,nan
2034.107,1.545974e-05,0.0,nan,nan,nan
2034.191,1.546057e-05,0.0,nan,nan,nan
2034.275,1.546189e-05,0.0,nan,nan,nan
2034.371,1.545963e-05,0.0,nan,nan,nan
2034.455,1.546075e-05,0.0,nan,nan,nan
2034.539,1.546049e-05,0.0,nan,nan,nan
2034.623,1.546468e-05,0.0,nan,nan,nan
2034.706,1.546353e-05,0.0,nan,nan,nan
2034.794,1.546567e-05,0.0,nan,nan,nan
2034.878,1.5465e-05,0.0,nan,nan,nan
2034.965,1.546296e-05,0.0,nan,nan,nan
2035.048,1.546473e-05,0.0,nan,nan,nan
2035.132,1.545974e-05,0.0,nan,nan,nan
2035.217,1.546013e-05,0.0,nan,nan,nan
2035.301,1.545724e-05,0.0,nan,nan,nan
2035.386,1.545645e-05,0.0,nan,nan,nan
2035.47,1.546185e-05,0.0,nan,nan,nan
2035.553,1.545692e-05,0.0,nan,nan,nan
2035.638,1.545941e-05,0.0,nan,nan,nan
2035.722,1.545884e-05,0.0,nan,nan,nan
2035.808,1.546209e-05,0.0,nan,nan,nan
2035.892,1.545765e-05,0.0,nan,nan,nan
2035.976,1.545824e-05,0.0,nan,nan,nan
2036.059,1.545832e-05,0.0,nan,nan,nan
2036.143,1.54655e-05,0.0,nan,nan,nan
2036.249,1.546265e-05,0.0,nan,nan,nan
2036.333,1.546386e-05,0.0,nan,nan,nan
2036.487,1.546498e-05,0.0,nan,nan,nan
2036.571,1.546342e-05,0.0,nan,nan,nan
2036.655,1.546328e-05,0.0,nan,nan,nan
2036.738,1.546077e-05,0.0,nan,nan,nan
2036.822,1.546587e-05,0.0,nan,nan,nan
2036.906,1.546247e-05,0.0,nan,nan,nan
2036.989,1.546207e-05,0.0,nan,nan,nan
2037.073,1.546516e-05,0.0,nan,nan,nan
2037.157,1.54617e-05,0.0,nan,nan,nan
2037.24,1.546335e-05,0.0,nan,nan,nan
2037.324,1.546382e-05,0.0,nan,nan,nan
2037.41,1.546499e-05,0.0,nan,nan,nan
2037.494,1.546206e-05,0.0,nan,nan,nan
2037.577,1.546353e-05,0.0,nan,nan,nan
2037.669,1.546172e-05,0.0,nan,nan,nan
2037.753,1.545897e-05,0.0,nan,nan,nan
2037.837,1.546358e-05,0.0,nan,nan,nan
2037.921,1.545964e-05,0.0,nan,nan,nan
2038.004,1.546108e-05,0.0,nan,nan,nan
2038.088,1.546085e-05,0.0,nan,nan,nan
2038.171,1.546017e-05,0.0,nan,nan,nan
2038.255,1.546133e-05,0.0,nan,nan,nan
2038.339,1.545637e-05,0.0,nan,nan,nan
2038.423,1.546089e-05,0.0,nan,nan,nan
2038.558,1.546193e-05,0.0,nan,nan,nan
2038.641,1.54635e-05,0.0,nan,nan,nan
2038.725,1.546167e-05,0.0,nan,nan,nan
2038.809,1.546047e-05,0.0,nan,nan,nan
2038.902,1.546044e-05,0.0,nan,nan,nan
2038.986,1.545943e-05,0.0,nan,nan,nan
2039.069,1.546169e-05,0.0,nan,nan,nan
2039.153,1.546056e-05,0.0,nan,nan,nan
2039.237,1.545699e-05,0.0,nan,nan,nan
2039.321,1.545884e-05,0.0,nan,nan,nan
2039.404,1.545617e-05,0.0,nan,nan,nan
2039.488,1.545329e-05,0.0,nan,nan,nan
2039.572,1.545687e-05,0.0,nan,nan,nan
2039.657,1.545697e-05,0.0,nan,nan,nan
2039.741,1.546252e-05,0.0,nan,nan,nan
2039.825,1.54613e-05,0.0,nan,nan,nan
2039.929,1.546326e-05,0.0,nan,nan,nan
2040.012,1.54645e-05,0.0,nan,nan,nan
2040.121,1.545925e-05,0.0,nan,nan,nan
2040.204,1.545975e-05,0.0,nan,nan,nan
2040.288,1.54618e-05,0.0,nan,nan,nan
2040.372,1.546222e-05,0.0,nan,nan,nan
2040.455,1.54604e-05,0.0,nan,nan,nan
2040.539,1.545922e-05,0.0,nan,nan,nan
2040.628,1.546367e-05,0.0,nan,nan,nan
2040.713,1.546243e-05,0.0,nan,nan,nan
2040.796,1.545934e-05,0.0,nan,nan,nan
2040.88,1.54543e-05,0.0,nan,nan,nan
2040.964,1.545766e-05,0.0,nan,nan,nan
2041.047,1.545612e-05,0.0,nan,nan,nan
2041.139,1.545605e-05,0.0,nan,nan,nan
2041.223,1.54594e-05,0.0,nan,nan,nan
2041.307,1.545522e-05,0.0,nan,nan,nan
2041.391,1.545859e-05,0.0,nan,nan,nan
2041.475,1.54573e-05,0.0,nan,nan,nan
2041.564,1.54578e-05,0.0,nan,nan,nan
2041.648,1.545909e-05,0.0,nan,nan,nan
2041.731,1.546058e-05,0.0,nan,nan,nan
2041.815,1.545946e-05,0.0,nan,nan,nan
2041.899,1.54582e-05,0.0,nan,nan,nan
2041.986,1.546014e-05,0.0,nan,nan,nan
2042.069,1.545731e-05,0.0,nan,nan,nan
2042.157,1.545681e-05,0.0,nan,nan,nan
2042.241,1.545848e-05,0.0,nan,nan,nan
2042.324,1.54561e-05,0.0,nan,nan,nan
2042.408,1.545882e-05,0.0,nan,nan,nan
2042.492,1.545568e-05,0.0,nan,nan,nan
2042.577,1.545671e-05,0.0,nan,nan,nan
2042.687,1.545705e-05,0.0,nan,nan,nan
2042.772,1.545913e-05,0.0,nan,nan,nan
2042.856,1.545986e-05,0.0,nan,nan,nan
2042.94,1.545906e-05,0.0,nan,nan,nan
2043.023,1.545977e-05,0.0,nan,nan,nan
2043.107,1.545963e-05,0.0,nan,nan,nan
2043.193,1.545906e-05,0.0,nan,nan,nan
2043.277,1.546005e-05,0.0,nan,nan,nan
2043.36,1.545884e-05,0.0,nan,nan,nan
2043.444,1.546243e-05,0.0,nan,nan,nan
2043.528,1.546352e-05,0.0,nan,nan,nan
2043.618,1.546238e-05,0.0,nan,nan,nan
2043.702,1.545539e-05,0.0,nan,nan,nan
2043.787,1.545991e-05,0.0,nan,nan,nan
2043.87,1.545974e-05,0.0,nan,nan,nan
2043.955,1.545524e-05,0.0,nan,nan,nan
2044.038,1.545461e-05,0.0,nan,nan,nan
2044.122,1.545745e-05,0.0,nan,nan,nan
2044.206,1.545569e-05,0.0,nan,nan,nan
2044.29,1.545818e-05,0.0,nan,nan,nan
2044.373,1.545659e-05,0.0,nan,nan,nan
2044.457,1.545745e-05,0.0,nan,nan,nan
2044.541,1.54586e-05,0.0,nan,nan,nan
2044.633,1.545676e-05,0.0,nan,nan,nan
2044.717,1.545839e-05,0.0,nan,nan,nan
2044.801,1.545532e-05,0.0,nan,nan,nan
2044.884,1.545555e-05,0.0,nan,nan,nan
2044.97,1.545219e-05,0.0,nan,nan,nan
2045.054,1.545636e-05,0.0,nan,nan,nan
2045.137,1.545451e-05,0.0,nan,nan,nan
2045.233,1.545773e-05,0.0,nan,nan,nan
2045.317,1.545477e-05,0.0,nan,nan,nan
2045.4,1.545429e-05,0.0,nan,nan,nan
2045.484,1.545646e-05,0.0,nan,nan,nan
2045.568,1.545729e-05,0.0,nan,nan,nan
2045.652,1.545837e-05,0.0,nan,nan,nan
2045.736,1.545864e-05,0.0,nan,nan,nan
2045.821,1.546172e-05,0.0,nan,nan,nan
2045.904,1.546132e-05,0.0,nan,nan,nan
2045.988,1.546096e-05,0.0,nan,nan,nan
2046.072,1.545474e-05,0.0,nan,nan,nan
2046.155,1.545822e-05,0.0,nan,nan,nan
2046.24,1.545465e-05,0.0,nan,nan,nan
2046.324,1.546047e-05,0.0,nan,nan,nan
2046.408,1.545759e-05,0.0,nan,nan,nan
2046.492,1.545777e-05,0.0,nan,nan,nan
2046.576,1.545856e-05,0.0,nan,nan,nan
2046.662,1.545599e-05,0.0,nan,nan,nan
2046.745,1.545638e-05,0.0,nan,nan,nan
2046.854,1.545761e-05,0.0,nan,nan,nan
2046.938,1.545767e-05,0.0,nan,nan,nan
2047.022,1.545993e-05,0.0,nan,nan,nan
2047.117,1.546195e-05,0.0,nan,nan,nan
2047.2,1.546255e-05,0.0,nan,nan,nan
2047.289,1.545714e-05,0.0,nan,nan,nan
2047.373,1.546136e-05,0.0,nan,nan,nan
2047.457,1.545882e-05,0.0,nan,nan,nan
2047.54,1.546214e-05,0.0,nan,nan,nan
2047.624,1.545738e-05,0.0,nan,nan,nan
2047.733,1.545997e-05,0.0,nan,nan,nan
2047.816,1.545918e-05,0.0,nan,nan,nan
2047.9,1.546054e-05,0.0,nan,nan,nan
2047.984,1.545971e-05,0.0,nan,nan,nan
2048.067,1.546011e-05,0.0,nan,nan,nan
2048.151,1.545872e-05,0.0,nan,nan,nan
2048.235,1.545484e-05,0.0,nan,nan,nan
2048.328,1.545986e-05,0.0,nan,nan,nan
2048.411,1.546396e-05,0.0,nan,nan,nan
2048.496,1.546048e-05,0.0,nan,nan,nan
2048.58,1.545851e-05,0.0,nan,nan,nan
2048.663,1.54622e-05,0.0,nan,nan,nan
2048.747,1.54629e-05,0.0,nan,nan,nan
2048.831,1.545918e-05,0.0,nan,nan,nan
2048.939,1.545674e-05,0.0,nan,nan,nan
2049.023,1.545921e-05,0.0,nan,nan,nan
2049.11,1.546066e-05,0.0,nan,nan,nan
2049.193,1.545623e-05,0.0,nan,nan,nan
2049.277,1.545754e-05,0.0,nan,nan,nan
2049.361,1.54545e-05,0.0,nan,nan,nan
2049.445,1.545953e-05,0.0,nan,nan,nan
2049.555,1.545982e-05,0.0,nan,nan,nan
2049.639,1.546133e-05,0.0,nan,nan,nan
2049.723,1.546253e-05,0.0,nan,nan,nan
2049.807,1.546413e-05,0.0,nan,nan,nan
2049.89,1.546609e-05,0.0,nan,nan,nan
2049.982,1.546581e-05,0.0,nan,nan,nan
2050.066,1.546155e-05,0.0,nan,nan,nan
2050.149,1.546438e-05,0.0,nan,nan,nan
2050.233,1.546352e-05,0.0,nan,nan,nan
2050.316,1.545897e-05,0.0,nan,nan,nan
2050.4,1.545962e-05,0.0,nan,nan,nan
2050.484,1.545984e-05,0.0,nan,nan,nan
2050.568,1.546131e-05,0.0,nan,nan,nan
2050.651,1.545954e-05,0.0,nan,nan,nan
2050.735,1.545975e-05,0.0,nan,nan,nan
2050.818,1.546106e-05,0.0,nan,nan,nan
2050.902,1.546256e-05,0.0,nan,nan,nan
2050.992,1.545762e-05,0.0,nan,nan,nan
2051.075,1.545571e-05,0.0,nan,nan,nan
2051.159,1.545793e-05,0.0,nan,nan,nan
2051.243,1.545649e-05,0.0,nan,nan,nan
2051.327,1.545955e-05,0.0,nan,nan,nan
2051.414,1.545761e-05,0.0,nan,nan,nan
2051.498,1.54573e-05,0.0,nan,nan,nan
2051.604,1.545827e-05,0.0,nan,nan,nan
2051.688,1.54545e-05,0.0,nan,nan,nan
2051.772,1.54576e-05,0.0,nan,nan,nan
2051.856,1.545773e-05,0.0,nan,nan,nan
2051.944,1.545422e-05,0.0,nan,nan,nan
2052.028,1.545495e-05,0.0,nan,nan,nan
2052.112,1.546022e-05,0.0,nan,nan,nan
2052.224,1.546143e-05,0.0,nan,nan,nan
2052.308,1.546298e-05,0.0,nan,nan,nan
2052.391,1.545894e-05,0.0,nan,nan,nan
2052.475,1.546073e-05,0.0,nan,nan,nan
2052.559,1.546192e-05,0.0,nan,nan,nan
2052.642,1.546268e-05,0.0,nan,nan,nan
2052.726,1.546209e-05,0.0,nan,nan,nan
2052.824,1.546288e-05,0.0,nan,nan,nan
2052.908,1.546242e-05,0.0,nan,nan,nan
2052.994,1.546198e-05,0.0,nan,nan,nan
2053.077,1.545907e-05,0.0,nan,nan,nan
2053.161,1.546129e-05,0.0,nan,nan,nan
2053.244,1.545846e-05,0.0,nan,nan,nan
2053.328,1.546461e-05,0.0,nan,nan,nan
2053.413,1.546467e-05,0.0,nan,nan,nan
2053.496,1.546363e-05,0.0,nan,nan,nan
2053.58,1.546057e-05,0.0,nan,nan,nan
2053.663,1.546258e-05,0.0,nan,nan,nan
2053.747,1.546186e-05,0.0,nan,nan,nan
2053.831,1.546269e-05,0.0,nan,nan,nan
2053.914,1.546321e-05,0.0,nan,nan,nan
2054.0,1.546294e-05,0.0,nan,nan,nan
2054.083,1.546282e-05,0.0,nan,nan,nan
2054.167,1.546283e-05,0.0,nan,nan,nan
2054.254,1.546266e-05,0.0,nan,nan,nan
2054.337,1.545631e-05,0.0,nan,nan,nan
2054.421,1.546045e-05,0.0,nan,nan,nan
2054.504,1.5461e-05,0.0,nan,nan,nan
2054.588,1.545812e-05,0.0,nan,nan,nan
2054.687,1.546246e-05,0.0,nan,nan,nan
2054.771,1.545619e-05,0.0,nan,nan,nan
2054.855,1.545964e-05,0.0,nan,nan,nan
2054.938,1.546016e-05,0.0,nan,nan,nan
2055.022,1.546217e-05,0.0,nan,nan,nan
2055.137,1.546109e-05,0.0,nan,nan,nan
2055.221,1.546471e-05,0.0,nan,nan,nan
2055.304,1.546337e-05,0.0,nan,nan,nan
2055.388,1.546474e-05,0.0,nan,nan,nan
2055.49,1.545962e-05,0.0,nan,nan,nan
2055.574,1.545778e-05,0.0,nan,nan,nan
2055.657,1.546151e-05,0.0,nan,nan,nan
2055.741,1.546173e-05,0.0,nan,nan,nan
2055.825,1.546153e-05,0.0,nan,nan,nan
2055.91,1.546237e-05,0.0,nan,nan,nan
2055.993,1.546085e-05,0.0,nan,nan,nan
2056.077,1.545861e-05,0.0,nan,nan,nan
2056.161,1.546121e-05,0.0,nan,nan,nan
2056.245,1.546425e-05,0.0,nan,nan,nan
2056.335,1.546533e-05,0.0,nan,nan,nan
2056.419,1.546553e-05,0.0,nan,nan,nan
2056.505,1.546307e-05,0.0,nan,nan,nan
2056.588,1.546318e-05,0.0,nan,nan,nan
2056.672,1.546689e-05,0.0,nan,nan,nan
2056.756,1.546294e-05,0.0,nan,nan,nan
2056.839,1.545909e-05,0.0,nan,nan,nan
2056.931,1.546379e-05,0.0,nan,nan,nan
2057.015,1.54615e-05,0.0,nan,nan,nan
2057.122,1.546387e-05,0.0,nan,nan,nan
2057.213,1.546062e-05,0.0,nan,nan,nan
2057.296,1.546216e-05,0.0,nan,nan,nan
2057.38,1.546349e-05,0.0,nan,nan,nan
2057.463,1.546259e-05,0.0,nan,nan,nan
2057.547,1.54591e-05,0.0,nan,nan,nan
2057.631,1.54619e-05,0.0,nan,nan,nan
2057.716,1.545974e-05,0.0,nan,nan,nan
2057.799,1.546045e-05,0.0,nan,nan,nan
2057.883,1.546288e-05,0.0,nan,nan,nan
2057.966,1.545825e-05,0.0,nan,nan,nan
2058.05,1.546263e-05,0.0,nan,nan,nan
2058.134,1.545955e-05,0.0,nan,nan,nan
2058.218,1.546064e-05,0.0,nan,nan,nan
2058.302,1.546144e-05,0.0,nan,nan,nan
2058.395,1.546443e-05,0.0,nan,nan,nan
2058.479,1.546023e-05,0.0,nan,nan,nan
2058.571,1.546198e-05,0.0,nan,nan,nan
2058.655,1.546495e-05,0.0,nan,nan,nan
2058.738,1.546601e-05,0.0,nan,nan,nan
2058.822,1.546626e-05,0.0,nan,nan,nan
2058.906,1.546415e-05,0.0,nan,nan,nan
2058.989,1.546558e-05,0.0,nan,nan,nan
2059.073,1.546508e-05,0.0,nan,nan,nan
2059.173,1.546525e-05,0.0,nan,nan,nan
2059.287,1.546092e-05,0.0,nan,nan,nan
2059.375,1.546534e-05,0.0,nan,nan,nan
2059.458,1.546023e-05,0.0,nan,nan,nan
2059.542,1.545803e-05,0.0,nan,nan,nan
2059.626,1.545699e-05,0.0,nan,nan,nan
2059.709,1.54581e-05,0.0,nan,nan,nan
2059.795,1.545867e-05,0.0,nan,nan,nan
2059.879,1.546208e-05,0.0,nan,nan,nan
2059.962,1.546126e-05,0.0,nan,nan,nan
2060.046,1.545937e-05,0.0,nan,nan,nan
2060.13,1.546152e-05,0.0,nan,nan,nan
2060.213,1.546296e-05,0.0,nan,nan,nan
2060.297,1.545869e-05,0.0,nan,nan,nan
2060.407,1.545939e-05,0.0,nan,nan,nan
2060.491,1.545672e-05,0.0,nan,nan,nan
2060.592,1.546292e-05,0.0,nan,nan,nan
2060.676,1.546116e-05,0.0,nan,nan,nan
2060.759,1.546128e-05,0.0,nan,nan,nan
2060.843,1.545974e-05,0.0,nan,nan,nan
2060.927,1.546058e-05,0.0,nan,nan,nan
2061.013,1.546087e-05,0.0,nan,nan,nan
2061.097,1.545945e-05,0.0,nan,nan,nan
2061.181,1.545742e-05,0.0,nan,nan,nan
2061.264,1.546028e-05,0.0,nan,nan,nan
2061.36,1.546141e-05,0.0,nan,nan,nan
2061.444,1.546176e-05,0.0,nan,nan,nan
2061.527,1.546072e-05,0.0,nan,nan,nan
2061.618,1.546068e-05,0.0,nan,nan,nan
2061.702,1.546325e-05,0.0,nan,nan,nan
2061.785,1.546479e-05,0.0,nan,nan,nan
2061.869,1.545988e-05,0.0,nan,nan,nan
2061.953,1.545907e-05,0.0,nan,nan,nan
2062.036,1.546086e-05,0.0,nan,nan,nan
2062.12,1.546204e-05,0.0,nan,nan,nan
2062.229,1.54571e-05,0.0,nan,nan,nan
2062.312,1.546321e-05,0.0,nan,nan,nan
2062.397,1.546171e-05,0.0,nan,nan,nan
2062.481,1.546491e-05,0.0,nan,nan,nan
2062.565,1.546355e-05,0.0,nan,nan,nan
2062.648,1.546136e-05,0.0,nan,nan,nan
2062.732,1.545805e-05,0.0,nan,nan,nan
2062.822,1.546112e-05,0.0,nan,nan,nan
2062.906,1.545657e-05,0.0,nan,nan,nan
2062.991,1.546235e-05,0.0,nan,nan,nan
2063.075,1.5461e-05,0.0,nan,nan,nan
2063.158,1.546326e-05,0.0,nan,nan,nan
2063.242,1.546211e-05,0.0,nan,nan,nan
2063.326,1.546324e-05,0.0,nan,nan,nan
2063.41,1.545941e-05,0.0,nan,nan,nan
2063.496,1.546442e-05,0.0,nan,nan,nan
2063.579,1.546351e-05,0.0,nan,nan,nan
2063.663,1.546241e-05,0.0,nan,nan,nan
2063.747,1.546207e-05,0.0,nan,nan,nan
2063.85,1.545885e-05,0.0,nan,nan,nan
2063.934,1.546245e-05,0.0,nan,nan,nan
2064.018,1.546389e-05,0.0,nan,nan,nan
2064.102,1.54556e-05,0.0,nan,nan,nan
2064.186,1.545883e-05,0.0,nan,nan,nan
2064.269,1.546164e-05,0.0,nan,nan,nan
2064.353,1.546095e-05,0.0,nan,nan,nan
2064.456,1.545867e-05,0.0,nan,nan,nan
2064.54,1.546244e-05,0.0,nan,nan,nan
2064.624,1.545975e-05,0.0,nan,nan,nan
2064.708,1.546032e-05,0.0,nan,nan,nan
2064.795,1.546409e-05,0.0,nan,nan,nan
2064.878,1.546297e-05,0.0,nan,nan,nan
2064.962,1.546088e-05,0.0,nan,nan,nan
2065.055,1.546321e-05,0.0,nan,nan,nan
2065.139,1.54642e-05,0.0,nan,nan,nan
2065.222,1.546443e-05,0.0,nan,nan,nan
2065.306,1.546325e-05,0.0,nan,nan,nan
2065.389,1.546227e-05,0.0,nan,nan,nan
2065.49,1.545799e-05,0.0,nan,nan,nan
2065.574,1.546017e-05,0.0,nan,nan,nan
2065.658,1.545947e-05,0.0,nan,nan,nan
2065.742,1.54622e-05,0.0,nan,nan,nan
2065.825,1.546237e-05,0.0,nan,nan,nan
2065.909,1.546122e-05,0.0,nan,nan,nan
2065.993,1.546235e-05,0.0,nan,nan,nan
2066.076,1.546006e-05,0.0,nan,nan,nan
2066.16,1.546409e-05,0.0,nan,nan,nan
2066.246,1.546223e-05,0.0,nan,nan,nan
2066.33,1.546338e-05,0.0,nan,nan,nan
2066.413,1.54653e-05,0.0,nan,nan,nan
2066.497,1.546411e-05,0.0,nan,nan,nan
2066.581,1.546947e-05,0.0,nan,nan,nan
2066.664,1.546496e-05,0.0,nan,nan,nan
2066.748,1.546571e-05,0.0,nan,nan,nan
2066.832,1.546287e-05,0.0,nan,nan,nan
2066.915,1.546287e-05,0.0,nan,nan,nan
2066.999,1.546296e-05,0.0,nan,nan,nan
2067.092,1.545778e-05,0.0,nan,nan,nan
2067.176,1.546267e-05,0.0,nan,nan,nan
2067.26,1.546361e-05,0.0,nan,nan,nan
2067.344,1.546431e-05,0.0,nan,nan,nan
2067.427,1.54604e-05,0.0,nan,nan,nan
2067.537,1.546336e-05,0.0,nan,nan,nan
2067.62,1.546662e-05,0.0,nan,nan,nan
2067.709,1.546142e-05,0.0,nan,nan,nan
2067.793,1.546246e-05,0.0,nan,nan,nan
2067.876,1.546333e-05,0.0,nan,nan,nan
2067.96,1.546373e-05,0.0,nan,nan,nan
2068.043,1.545865e-05,0.0,nan,nan,nan
2068.127,1.546512e-05,0.0,nan,nan,nan
2068.21,1.546223e-05,0.0,nan,nan,nan
2068.312,1.546562e-05,0.0,nan,nan,nan
2068.395,1.546176e-05,0.0,nan,nan,nan
2068.479,1.546346e-05,0.0,nan,nan,nan
2068.563,1.54607e-05,0.0,nan,nan,nan
2068.647,1.546582e-05,0.0,nan,nan,nan
2068.738,1.546449e-05,0.0,nan,nan,nan
2068.822,1.546314e-05,0.0,nan,nan,nan
2068.916,1.546275e-05,0.0,nan,nan,nan
2069.0,1.54637e-05,0.0,nan,nan,nan
2069.084,1.546257e-05,0.0,nan,nan,nan
2069.167,1.546293e-05,0.0,nan,nan,nan
2069.251,1.546527e-05,0.0,nan,nan,nan
2069.334,1.546412e-05,0.0,nan,nan,nan
2069.418,1.546273e-05,0.0,nan,nan,nan
2069.519,1.546707e-05,0.0,nan,nan,nan
2069.636,1.546531e-05,0.0,nan,nan,nan
2069.738,1.546947e-05,0.0,nan,nan,nan
2069.822,1.546291e-05,0.0,nan,nan,nan
2069.906,1.5466e-05,0.0,nan,nan,nan
2069.989,1.54632e-05,0.0,nan,nan,nan
2070.073,1.546074e-05,0.0,nan,nan,nan
2070.157,1.546228e-05,0.0,nan,nan,nan
2070.241,1.546335e-05,0.0,nan,nan,nan
2070.341,1.546204e-05,0.0,nan,nan,nan
2070.425,1.546196e-05,0.0,nan,nan,nan
2070.509,1.546059e-05,0.0,nan,nan,nan
2070.593,1.546496e-05,0.0,nan,nan,nan
2070.676,1.546566e-05,0.0,nan,nan,nan
2070.76,1.546378e-05,0.0,nan,nan,nan
2070.844,1.546197e-05,0.0,nan,nan,nan
2070.946,1.546413e-05,0.0,nan,nan,nan
2071.03,1.54611e-05,0.0,nan,nan,nan
2071.114,1.546072e-05,0.0,nan,nan,nan
2071.197,1.546247e-05,0.0,nan,nan,nan
2071.281,1.546078e-05,0.0,nan,nan,nan
2071.365,1.545936e-05,0.0,nan,nan,nan
2071.448,1.546359e-05,0.0,nan,nan,nan
2071.532,1.546406e-05,0.0,nan,nan,nan
2071.615,1.545965e-05,0.0,nan,nan,nan
2071.721,1.546122e-05,0.0,nan,nan,nan
2071.804,1.546426e-05,0.0,nan,nan,nan
2071.888,1.546065e-05,0.0,nan,nan,nan
2071.976,1.545725e-05,0.0,nan,nan,nan
2072.06,1.545721e-05,0.0,nan,nan,nan
2072.144,1.545643e-05,0.0,nan,nan,nan
2072.227,1.545751e-05,0.0,nan,nan,nan
2072.31,1.545779e-05,0.0,nan,nan,nan
2072.395,1.546175e-05,0.0,nan,nan,nan
2072.479,1.54594e-05,0.0,nan,nan,nan
2072.575,1.545912e-05,0.0,nan,nan,nan
2072.659,1.546489e-05,0.0,nan,nan,nan
2072.743,1.545984e-05,0.0,nan,nan,nan
2072.826,1.54662e-05,0.0,nan,nan,nan
2072.91,1.546224e-05,0.0,nan,nan,nan
2072.994,1.546281e-05,0.0,nan,nan,nan
2073.077,1.546236e-05,0.0,nan,nan,nan
2073.161,1.546106e-05,0.0,nan,nan,nan
2073.245,1.546285e-05,0.0,nan,nan,nan
2073.329,1.546491e-05,0.0,nan,nan,nan
2073.412,1.546161e-05,0.0,nan,nan,nan
2073.496,1.546014e-05,0.0,nan,nan,nan
2073.598,1.546122e-05,0.0,nan,nan,nan
2073.682,1.546184e-05,0.0,nan,nan,nan
2073.799,1.546332e-05,0.0,nan,nan,nan
2073.883,1.546013e-05,0.0,nan,nan,nan
2073.966,1.546346e-05,0.0,nan,nan,nan
2074.05,1.546096e-05,0.0,nan,nan,nan
2074.134,1.546002e-05,0.0,nan,nan,nan
2074.224,1.546174e-05,0.0,nan,nan,nan
2074.308,1.546292e-05,0.0,nan,nan,nan
2074.392,1.546359e-05,0.0,nan,nan,nan
2074.476,1.54611e-05,0.0,nan,nan,nan
2074.561,1.546259e-05,0.0,nan,nan,nan
2074.645,1.546338e-05,0.0,nan,nan,nan
2074.729,1.54636e-05,0.0,nan,nan,nan
2074.829,1.546232e-05,0.0,nan,nan,nan
2074.913,1.54596e-05,0.0,nan,nan,nan
2074.996,1.545612e-05,0.0,nan,nan,nan
2075.08,1.546269e-05,0.0,nan,nan,nan
2075.164,1.546341e-05,0.0,nan,nan,nan
2075.247,1.545874e-05,0.0,nan,nan,nan
2075.331,1.545933e-05,0.0,nan,nan,nan
2075.416,1.546467e-05,0.0,nan,nan,nan
2075.499,1.546036e-05,0.0,nan,nan,nan
2075.583,1.546464e-05,0.0,nan,nan,nan
2075.667,1.545729e-05,0.0,nan,nan,nan
2075.75,1.545746e-05,0.0,nan,nan,nan
2075.85,1.546288e-05,0.0,nan,nan,nan
2075.933,1.546375e-05,0.0,nan,nan,nan
2076.036,1.545842e-05,0.0,nan,nan,nan
2076.12,1.545713e-05,0.0,nan,nan,nan
2076.204,1.546078e-05,0.0,nan,nan,nan
2076.288,1.545688e-05,0.0,nan,nan,nan
2076.371,1.546019e-05,0.0,nan,nan,nan
2076.455,1.546139e-05,0.0,nan,nan,nan
2076.538,1.545341e-05,0.0,nan,nan,nan
2076.622,1.546049e-05,0.0,nan,nan,nan
2076.706,1.545718e-05,0.0,nan,nan,nan
2076.789,1.546003e-05,0.0,nan,nan,nan
2076.879,1.545796e-05,0.0,nan,nan,nan
2076.963,1.546179e-05,0.0,nan,nan,nan
2077.046,1.545642e-05,0.0,nan,nan,nan
2077.13,1.545432e-05,0.0,nan,nan,nan
2077.214,1.546085e-05,0.0,nan,nan,nan
2077.297,1.546149e-05,0.0,nan,nan,nan
2077.381,1.545736e-05,0.0,nan,nan,nan
2077.465,1.546001e-05,0.0,nan,nan,nan
2077.548,1.545863e-05,0.0,nan,nan,nan
2077.632,1.545962e-05,0.0,nan,nan,nan
2077.716,1.546149e-05,0.0,nan,nan,nan
2077.8,1.545869e-05,0.0,nan,nan,nan
2077.92,1.545705e-05,0.0,nan,nan,nan
2078.003,1.545819e-05,0.0,nan,nan,nan
2078.095,1.545908e-05,0.0,nan,nan,nan
2078.178,1.545855e-05,0.0,nan,nan,nan
2078.263,1.545896e-05,0.0,nan,nan,nan
2078.347,1.546254e-05,0.0,nan,nan,nan
2078.431,1.546265e-05,0.0,nan,nan,nan
2078.514,1.546292e-05,0.0,nan,nan,nan
2078.598,1.546338e-05,0.0,nan,nan,nan
2078.682,1.54592e-05,0.0,nan,nan,nan
2078.765,1.546274e-05,0.0,nan,nan,nan
2078.849,1.546439e-05,0.0,nan,nan,nan
2078.932,1.546067e-05,0.0,nan,nan,nan
2079.016,1.54626e-05,0.0,nan,nan,nan
2079.112,1.545894e-05,0.0,nan,nan,nan
2079.195,1.545963e-05,0.0,nan,nan,nan
2079.282,1.545955e-05,0.0,nan,nan,nan
2079.366,1.545828e-05,0.0,nan,nan,nan
2079.449,1.545859e-05,0.0,nan,nan,nan
2079.532,1.54579e-05,0.0,nan,nan,nan
2079.616,1.545726e-05,0.0,nan,nan,nan
2079.707,1.545984e-05,0.0,nan,nan,nan
2079.791,1.546139e-05,0.0,nan,nan,nan
2079.874,1.546359e-05,0.0,nan,nan,nan
2079.979,1.545873e-05,0.0,nan,nan,nan
2080.063,1.545783e-05,0.0,nan,nan,nan
2080.146,1.54593e-05,0.0,nan,nan,nan
2080.23,1.546243e-05,0.0,nan,nan,nan
2080.319,1.546113e-05,0.0,nan,nan,nan
2080.402,1.546464e-05,0.0,nan,nan,nan
2080.486,1.54654e-05,0.0,nan,nan,nan
2080.569,1.546263e-05,0.0,nan,nan,nan
2080.653,1.546238e-05,0.0,nan,nan,nan
2080.737,1.546353e-05,0.0,nan,nan,nan
2080.82,1.546519e-05,0.0,nan,nan,nan
2080.905,1.546152e-05,0.0,nan,nan,nan
2080.988,1.546526e-05,0.0,nan,nan,nan
2081.072,1.54627e-05,0.0,nan,nan,nan
2081.155,1.545852e-05,0.0,nan,nan,nan
2081.239,1.545967e-05,0.0,nan,nan,nan
2081.332,1.546015e-05,0.0,nan,nan,nan
2081.416,1.546161e-05,0.0,nan,nan,nan
2081.5,1.54673e-05,0.0,nan,nan,nan
2081.583,1.546258e-05,0.0,nan,nan,nan
2081.667,1.546607e-05,0.0,nan,nan,nan
2081.751,1.546317e-05,0.0,nan,nan,nan
2081.834,1.54584e-05,0.0,nan,nan,nan
2081.918,1.546157e-05,0.0,nan,nan,nan
2082.02,1.546078e-05,0.0,nan,nan,nan
2082.106,1.546195e-05,0.0,nan,nan,nan
2082.19,1.546454e-05,0.0,nan,nan,nan
2082.273,1.546245e-05,0.0,nan,nan,nan
2082.375,1.54596e-05,0.0,nan,nan,nan
2082.458,1.546397e-05,0.0,nan,nan,nan
2082.542,1.545983e-05,0.0,nan,nan,nan
2082.626,1.545724e-05,0.0,nan,nan,nan
2082.709,1.546405e-05,0.0,nan,nan,nan
2082.793,1.54631e-05,0.0,nan,nan,nan
2082.876,1.546084e-05,0.0,nan,nan,nan
2082.973,1.546179e-05,0.0,nan,nan,nan
2083.056,1.546001e-05,0.0,nan,nan,nan
2083.14,1.545805e-05,0.0,nan,nan,nan
2083.223,1.545493e-05,0.0,nan,nan,nan
2083.307,1.545938e-05,0.0,nan,nan,nan
2083.392,1.545684e-05,0.0,nan,nan,nan
2083.476,1.545729e-05,0.0,nan,nan,nan
2083.573,1.545822e-05,0.0,nan,nan,nan
2083.656,1.545875e-05,0.0,nan,nan,nan
2083.741,1.546012e-05,0.0,nan,nan,nan
2083.825,1.545871e-05,0.0,nan,nan,nan
2083.908,1.54584e-05,0.0,nan,nan,nan
2084.003,1.545981e-05,0.0,nan,nan,nan
2084.088,1.546249e-05,0.0,nan,nan,nan
2084.171,1.546138e-05,0.0,nan,nan,nan
2084.255,1.546407e-05,0.0,nan,nan,nan
2084.34,1.546158e-05,0.0,nan,nan,nan
2084.424,1.546431e-05,0.0,nan,nan,nan
2084.507,1.546391e-05,0.0,nan,nan,nan
2084.591,1.546212e-05,0.0,nan,nan,nan
2084.674,1.546202e-05,0.0,nan,nan,nan
2084.757,1.54652e-05,0.0,nan,nan,nan
2084.841,1.546313e-05,0.0,nan,nan,nan
2084.925,1.545714e-05,0.0,nan,nan,nan
2085.014,1.545851e-05,0.0,nan,nan,nan
2085.098,1.546007e-05,0.0,nan,nan,nan
2085.182,1.546031e-05,0.0,nan,nan,nan
2085.266,1.545809e-05,0.0,nan,nan,nan
2085.349,1.545967e-05,0.0,nan,nan,nan
2085.441,1.545949e-05,0.0,nan,nan,nan
2085.524,1.546468e-05,0.0,nan,nan,nan
2085.608,1.545957e-05,0.0,nan,nan,nan
2085.692,1.546005e-05,0.0,nan,nan,nan
2085.776,1.546277e-05,0.0,nan,nan,nan
2085.888,1.546219e-05,0.0,nan,nan,nan
2085.972,1.545926e-05,0.0,nan,nan,nan
2086.056,1.545909e-05,0.0,nan,nan,nan
2086.153,1.545875e-05,0.0,nan,nan,nan
2086.248,1.545626e-05,0.0,nan,nan,nan
2086.332,1.546237e-05,0.0,nan,nan,nan
2086.415,1.546051e-05,0.0,nan,nan,nan
2086.499,1.545935e-05,0.0,nan,nan,nan
2086.582,1.546232e-05,0.0,nan,nan,nan
2086.667,1.546174e-05,0.0,nan,nan,nan
2086.75,1.546328e-05,0.0,nan,nan,nan
2086.835,1.546026e-05,0.0,nan,nan,nan
2086.919,1.546165e-05,0.0,nan,nan,nan
2087.002,1.545948e-05,0.0,nan,nan,nan
2087.103,1.546243e-05,0.0,nan,nan,nan
2087.186,1.546046e-05,0.0,nan,nan,nan
2087.27,1.546543e-05,0.0,nan,nan,nan
2087.354,1.546449e-05,0.0,nan,nan,nan
2087.437,1.546262e-05,0.0,nan,nan,nan
2087.521,1.546602e-05,0.0,nan,nan,nan
2087.604,1.54615e-05,0.0,nan,nan,nan
2087.688,1.546032e-05,0.0,nan,nan,nan
2087.771,1.546333e-05,0.0,nan,nan,nan
2087.857,1.546412e-05,0.0,nan,nan,nan
2087.941,1.546177e-05,0.0,nan,nan,nan
2088.024,1.545846e-05,0.0,nan,nan,nan
2088.108,1.546648e-05,0.0,nan,nan,nan
2088.2,1.546368e-05,0.0,nan,nan,nan
2088.283,1.546349e-05,0.0,nan,nan,nan
2088.367,1.546341e-05,0.0,nan,nan,nan
2088.451,1.546162e-05,0.0,nan,nan,nan
2088.535,1.546552e-05,0.0,nan,nan,nan
2088.618,1.546465e-05,0.0,nan,nan,nan
2088.702,1.546498e-05,0.0,nan,nan,nan
2088.785,1.546103e-05,0.0,nan,nan,nan
2088.869,1.545975e-05,0.0,nan,nan,nan
2088.952,1.546059e-05,0.0,nan,nan,nan
2089.036,1.545875e-05,0.0,nan,nan,nan
2089.119,1.546236e-05,0.0,nan,nan,nan
2089.203,1.546188e-05,0.0,nan,nan,nan
2089.287,1.546227e-05,0.0,nan,nan,nan
2089.37,1.546122e-05,0.0,nan,nan,nan
2089.454,1.546603e-05,0.0,nan,nan,nan
2089.538,1.546312e-05,0.0,nan,nan,nan
2089.621,1.546244e-05,0.0,nan,nan,nan
2089.711,1.546169e-05,0.0,nan,nan,nan
2089.795,1.546775e-05,0.0,nan,nan,nan
2089.879,1.546215e-05,0.0,nan,nan,nan
2089.963,1.546223e-05,0.0,nan,nan,nan
2090.046,1.546403e-05,0.0,nan,nan,nan
2090.13,1.545877e-05,0.0,nan,nan,nan
2090.236,1.545754e-05,0.0,nan,nan,nan
2090.32,1.545751e-05,0.0,nan,nan,nan
2090.404,1.545905e-05,0.0,nan,nan,nan
2090.487,1.545915e-05,0.0,nan,nan,nan
2090.571,1.545746e-05,0.0,nan,nan,nan
2090.654,1.545944e-05,0.0,nan,nan,nan
2090.738,1.546169e-05,0.0,nan,nan,nan
2090.822,1.546405e-05,0.0,nan,nan,nan
2090.905,1.545847e-05,0.0,nan,nan,nan
2090.989,1.546643e-05,0.0,nan,nan,nan
2091.073,1.546334e-05,0.0,nan,nan,nan
2091.157,1.546731e-05,0.0,nan,nan,nan
2091.241,1.546316e-05,0.0,nan,nan,nan
2091.333,1.546686e-05,0.0,nan,nan,nan
2091.417,1.546657e-05,0.0,nan,nan,nan
2091.501,1.546794e-05,0.0,nan,nan,nan
2091.584,1.546484e-05,0.0,nan,nan,nan
2091.668,1.5465e-05,0.0,nan,nan,nan
2091.752,1.546576e-05,0.0,nan,nan,nan
2091.835,1.546378e-05,0.0,nan,nan,nan
2091.919,1.546112e-05,0.0,nan,nan,nan
2092.002,1.545752e-05,0.0,nan,nan,nan
2092.086,1.546188e-05,0.0,nan,nan,nan
2092.169,1.546222e-05,0.0,nan,nan,nan
2092.253,1.545639e-05,0.0,nan,nan,nan
2092.355,1.546036e-05,0.0,nan,nan,nan
2092.439,1.546064e-05,0.0,nan,nan,nan
2092.523,1.546217e-05,0.0,nan,nan,nan
2092.606,1.546472e-05,0.0,nan,nan,nan
2092.69,1.546102e-05,0.0,nan,nan,nan
2092.774,1.546249e-05,0.0,nan,nan,nan
2092.857,1.546339e-05,0.0,nan,nan,nan
2092.941,1.546213e-05,0.0,nan,nan,nan
2093.025,1.546239e-05,0.0,nan,nan,nan
2093.11,1.546019e-05,0.0,nan,nan,nan
2093.194,1.546427e-05,0.0,nan,nan,nan
2093.277,1.546349e-05,0.0,nan,nan,nan
2093.377,1.54614e-05,0.0,nan,nan,nan
2093.461,1.546155e-05,0.0,nan,nan,nan
2093.544,1.546406e-05,0.0,nan,nan,nan
2093.628,1.546595e-05,0.0,nan,nan,nan
2093.712,1.546496e-05,0.0,nan,nan,nan
2093.796,1.546337e-05,0.0,nan,nan,nan
2093.879,1.546552e-05,0.0,nan,nan,nan
2093.989,1.54629e-05,0.0,nan,nan,nan
2094.073,1.546619e-05,0.0,nan,nan,nan
2094.157,1.5463e-05,0.0,nan,nan,nan
2094.241,1.546261e-05,0.0,nan,nan,nan
2094.362,1.546374e-05,0.0,nan,nan,nan
2094.446,1.546282e-05,0.0,nan,nan,nan
2094.53,1.546132e-05,0.0,nan,nan,nan
2094.613,1.546122e-05,0.0,nan,nan,nan
2094.697,1.54627e-05,0.0,nan,nan,nan
2094.8,1.546333e-05,0.0,nan,nan,nan
2094.884,1.546023e-05,0.0,nan,nan,nan
2094.968,1.545792e-05,0.0,nan,nan,nan
2095.052,1.545845e-05,0.0,nan,nan,nan
2095.135,1.546017e-05,0.0,nan,nan,nan
2095.234,1.545286e-05,0.0,nan,nan,nan
2095.318,1.545909e-05,0.0,nan,nan,nan
2095.406,1.545833e-05,0.0,nan,nan,nan
2095.49,1.545804e-05,0.0,nan,nan,nan
2095.574,1.546033e-05,0.0,nan,nan,nan
2095.657,1.545668e-05,0.0,nan,nan,nan
2095.741,1.546086e-05,0.0,nan,nan,nan
2095.829,1.546027e-05,0.0,nan,nan,nan
2095.913,1.546431e-05,0.0,nan,nan,nan
2095.998,1.545935e-05,0.0,nan,nan,nan
2096.081,1.546253e-05,0.0,nan,nan,nan
2096.165,1.546342e-05,0.0,nan,nan,nan
2096.249,1.546286e-05,0.0,nan,nan,nan
2096.333,1.545962e-05,0.0,nan,nan,nan
2096.42,1.546013e-05,0.0,nan,nan,nan
2096.514,1.5461e-05,0.0,nan,nan,nan
2096.598,1.546098e-05,0.0,nan,nan,nan
2096.681,1.545355e-05,0.0,nan,nan,nan
2096.765,1.54538e-05,0.0,nan,nan,nan
2096.849,1.545842e-05,0.0,nan,nan,nan
2096.933,1.545907e-05,0.0,nan,nan,nan
2097.017,1.545797e-05,0.0,nan,nan,nan
2097.101,1.545717e-05,0.0,nan,nan,nan
2097.184,1.545937e-05,0.0,nan,nan,nan
2097.268,1.54615e-05,0.0,nan,nan,nan
2097.352,1.54596e-05,0.0,nan,nan,nan
2097.437,1.546193e-05,0.0,nan,nan,nan
2097.521,1.546114e-05,0.0,nan,nan,nan
2097.604,1.545723e-05,0.0,nan,nan,nan
2097.688,1.545548e-05,0.0,nan,nan,nan
2097.771,1.545729e-05,0.0,nan,nan,nan
2097.859,1.546108e-05,0.0,nan,nan,nan
2097.942,1.545886e-05,0.0,nan,nan,nan
2098.026,1.546271e-05,0.0,nan,nan,nan
2098.11,1.545916e-05,0.0,nan,nan,nan
2098.194,1.545854e-05,0.0,nan,nan,nan
2098.277,1.545786e-05,0.0,nan,nan,nan
2098.361,1.546074e-05,0.0,nan,nan,nan
2098.444,1.54593e-05,0.0,nan,nan,nan
2098.546,1.545833e-05,0.0,nan,nan,nan
2098.63,1.545492e-05,0.0,nan,nan,nan
2098.713,1.545605e-05,0.0,nan,nan,nan
2098.797,1.545824e-05,0.0,nan,nan,nan
2098.88,1.546044e-05,0.0,nan,nan,nan
2098.964,1.546062e-05,0.0,nan,nan,nan
2099.047,1.546159e-05,0.0,nan,nan,nan
2099.131,1.545958e-05,0.0,nan,nan,nan
2099.215,1.546022e-05,0.0,nan,nan,nan
2099.299,1.546314e-05,0.0,nan,nan,nan
2099.383,1.546334e-05,0.0,nan,nan,nan
2099.466,1.545917e-05,0.0,nan,nan,nan
2099.55,1.545786e-05,0.0,nan,nan,nan
2099.636,1.545665e-05,0.0,nan,nan,nan
2099.72,1.545994e-05,0.0,nan,nan,nan
2099.804,1.545677e-05,0.0,nan,nan,nan
2099.889,1.546146e-05,0.0,nan,nan,nan
2099.973,1.546091e-05,0.0,nan,nan,nan
2100.057,1.545877e-05,0.0,nan,nan,nan
2100.141,1.546132e-05,0.0,nan,nan,nan
2100.225,1.546172e-05,0.0,nan,nan,nan
2100.309,1.545964e-05,0.0,nan,nan,nan
2100.393,1.54647e-05,0.0,nan,nan,nan
2100.479,1.54613e-05,0.0,nan,nan,nan
2100.587,1.545858e-05,0.0,nan,nan,nan
2100.673,1.54608e-05,0.0,nan,nan,nan
2100.756,1.546013e-05,0.0,nan,nan,nan
2100.839,1.546335e-05,0.0,nan,nan,nan
2100.923,1.54618e-05,0.0,nan,nan,nan
2101.007,1.546392e-05,0.0,nan,nan,nan
2101.107,1.546043e-05,0.0,nan,nan,nan
2101.191,1.546184e-05,0.0,nan,nan,nan
2101.275,1.545975e-05,0.0,nan,nan,nan
2101.358,1.546394e-05,0.0,nan,nan,nan
2101.442,1.545929e-05,0.0,nan,nan,nan
2101.527,1.546182e-05,0.0,nan,nan,nan
2101.611,1.546125e-05,0.0,nan,nan,nan
2101.695,1.545819e-05,0.0,nan,nan,nan
2101.779,1.545648e-05,0.0,nan,nan,nan
2101.862,1.545966e-05,0.0,nan,nan,nan
2101.946,1.546074e-05,0.0,nan,nan,nan
2102.03,1.545951e-05,0.0,nan,nan,nan
2102.128,1.545692e-05,0.0,nan,nan,nan
2102.211,1.546232e-05,0.0,nan,nan,nan
2102.295,1.545746e-05,0.0,nan,nan,nan
2102.379,1.546042e-05,0.0,nan,nan,nan
2102.462,1.546172e-05,0.0,nan,nan,nan
2102.546,1.546338e-05,0.0,nan,nan,nan
2102.653,1.546121e-05,0.0,nan,nan,nan
2102.75,1.546369e-05,0.0,nan,nan,nan
2102.834,1.545835e-05,0.0,nan,nan,nan
2102.917,1.545816e-05,0.0,nan,nan,nan
2103.001,1.546004e-05,0.0,nan,nan,nan
2103.085,1.546189e-05,0.0,nan,nan,nan
2103.169,1.546027e-05,0.0,nan,nan,nan
2103.253,1.545891e-05,0.0,nan,nan,nan
2103.345,1.545796e-05,0.0,nan,nan,nan
2103.428,1.545865e-05,0.0,nan,nan,nan
2103.514,1.54647e-05,0.0,nan,nan,nan
2103.597,1.54637e-05,0.0,nan,nan,nan
2103.681,1.545984e-05,0.0,nan,nan,nan
2103.765,1.546044e-05,0.0,nan,nan,nan
2103.849,1.545612e-05,0.0,nan,nan,nan
2103.958,1.546224e-05,0.0,nan,nan,nan
2104.042,1.54629e-05,0.0,nan,nan,nan
2104.125,1.546022e-05,0.0,nan,nan,nan
2104.209,1.545885e-05,0.0,nan,nan,nan
2104.293,1.546355e-05,0.0,nan,nan,nan
2104.377,1.546016e-05,0.0,nan,nan,nan
2104.46,1.545953e-05,0.0,nan,nan,nan
2104.544,1.546145e-05,0.0,nan,nan,nan
2104.628,1.5462e-05,0.0,nan,nan,nan
2104.736,1.546455e-05,0.0,nan,nan,nan
2104.833,1.546409e-05,0.0,nan,nan,nan
2104.917,1.546586e-05,0.0,nan,nan,nan
2105.0,1.545652e-05,0.0,nan,nan,nan
2105.084,1.546189e-05,0.0,nan,nan,nan
2105.18,1.545813e-05,0.0,nan,nan,nan
2105.263,1.545901e-05,0.0,nan,nan,nan
2105.348,1.546272e-05,0.0,nan,nan,nan
2105.432,1.545697e-05,0.0,nan,nan,nan
2105.516,1.545795e-05,0.0,nan,nan,nan
2105.599,1.54593e-05,0.0,nan,nan,nan
2105.683,1.545439e-05,0.0,nan,nan,nan
2105.772,1.545853e-05,0.0,nan,nan,nan
2105.856,1.545921e-05,0.0,nan,nan,nan
2105.939,1.545961e-05,0.0,nan,nan,nan
2106.023,1.545961e-05,0.0,nan,nan,nan
2106.106,1.545602e-05,0.0,nan,nan,nan
2106.201,1.546147e-05,0.0,nan,nan,nan
2106.285,1.54617e-05,0.0,nan,nan,nan
2106.368,1.545821e-05,0.0,nan,nan,nan
2106.452,1.546047e-05,0.0,nan,nan,nan
2106.536,1.546024e-05,0.0,nan,nan,nan
2106.619,1.545824e-05,0.0,nan,nan,nan
2106.703,1.546193e-05,0.0,nan,nan,nan
2106.819,1.545927e-05,0.0,nan,nan,nan
2106.903,1.545611e-05,0.0,nan,nan,nan
2106.988,1.54604e-05,0.0,nan,nan,nan
2107.072,1.545666e-05,0.0,nan,nan,nan
2107.158,1.545656e-05,0.0,nan,nan,nan
2107.241,1.545483e-05,0.0,nan,nan,nan
2107.325,1.545553e-05,0.0,nan,nan,nan
2107.437,1.545924e-05,0.0,nan,nan,nan
2107.52,1.545678e-05,0.0,nan,nan,nan
2107.604,1.545773e-05,0.0,nan,nan,nan
2107.688,1.545832e-05,0.0,nan,nan,nan
2107.774,1.54607e-05,0.0,nan,nan,nan
2107.857,1.545701e-05,0.0,nan,nan,nan
2107.941,1.546004e-05,0.0,nan,nan,nan
2108.026,1.546178e-05,0.0,nan,nan,nan
2108.11,1.546159e-05,0.0,nan,nan,nan
2108.194,1.545636e-05,0.0,nan,nan,nan
2108.278,1.546092e-05,0.0,nan,nan,nan
2108.362,1.545832e-05,0.0,nan,nan,nan
2108.454,1.545803e-05,0.0,nan,nan,nan
2108.538,1.546193e-05,0.0,nan,nan,nan
2108.637,1.546015e-05,0.0,nan,nan,nan
2108.721,1.545903e-05,0.0,nan,nan,nan
2108.807,1.546124e-05,0.0,nan,nan,nan
2108.903,1.546418e-05,0.0,nan,nan,nan
2108.987,1.546241e-05,0.0,nan,nan,nan
2109.07,1.546068e-05,0.0,nan,nan,nan
2109.154,1.546604e-05,0.0,nan,nan,nan
2109.237,1.546514e-05,0.0,nan,nan,nan
2109.321,1.546185e-05,0.0,nan,nan,nan
2109.405,1.546512e-05,0.0,nan,nan,nan
2109.492,1.546461e-05,0.0,nan,nan,nan
2109.575,1.546333e-05,0.0,nan,nan,nan
2109.675,1.546519e-05,0.0,nan,nan,nan
2109.759,1.546011e-05,0.0,nan,nan,nan
2109.844,1.54667e-05,0.0,nan,nan,nan
2109.927,1.546446e-05,0.0,nan,nan,nan
2110.011,1.546271e-05,0.0,nan,nan,nan
2110.095,1.546419e-05,0.0,nan,nan,nan
2110.179,1.546357e-05,0.0,nan,nan,nan
2110.281,1.545975e-05,0.0,nan,nan,nan
2110.364,1.546227e-05,0.0,nan,nan,nan
2110.45,1.546419e-05,0.0,nan,nan,nan
2110.534,1.546047e-05,0.0,nan,nan,nan
2110.618,1.546144e-05,0.0,nan,nan,nan
2110.701,1.546254e-05,0.0,nan,nan,nan
2110.785,1.546122e-05,0.0,nan,nan,nan
2110.869,1.546025e-05,0.0,nan,nan,nan
2110.986,1.546112e-05,0.0,nan,nan,nan
2111.108,1.545879e-05,0.0,nan,nan,nan
2111.192,1.546131e-05,0.0,nan,nan,nan
2111.299,1.545873e-05,0.0,nan,nan,nan
2111.383,1.546457e-05,0.0,nan,nan,nan
2111.468,1.546334e-05,0.0,nan,nan,nan
2111.552,1.546511e-05,0.0,nan,nan,nan
2111.635,1.546379e-05,0.0,nan,nan,nan
2111.724,1.546289e-05,0.0,nan,nan,nan
2111.808,1.546513e-05,0.0,nan,nan,nan
2111.892,1.546597e-05,0.0,nan,nan,nan
2111.976,1.546645e-05,0.0,nan,nan,nan
2112.06,1.546227e-05,0.0,nan,nan,nan
2112.146,1.546236e-05,0.0,nan,nan,nan
2112.229,1.546033e-05,0.0,nan,nan,nan
2112.321,1.546105e-05,0.0,nan,nan,nan
2112.405,1.546476e-05,0.0,nan,nan,nan
2112.488,1.546053e-05,0.0,nan,nan,nan
2112.572,1.545796e-05,0.0,nan,nan,nan
2112.656,1.545791e-05,0.0,nan,nan,nan
2112.754,1.545752e-05,0.0,nan,nan,nan
2112.838,1.545591e-05,0.0,nan,nan,nan
2112.922,1.545825e-05,0.0,nan,nan,nan
2113.027,1.545831e-05,0.0,nan,nan,nan
2113.111,1.545664e-05,0.0,nan,nan,nan
2113.194,1.545781e-05,0.0,nan,nan,nan
2113.278,1.545533e-05,0.0,nan,nan,nan
2113.364,1.546108e-05,0.0,nan,nan,nan
2113.447,1.545908e-05,0.0,nan,nan,nan
2113.547,1.545756e-05,0.0,nan,nan,nan
2113.631,1.545623e-05,0.0,nan,nan,nan
2113.714,1.545937e-05,0.0,nan,nan,nan
2113.798,1.545755e-05,0.0,nan,nan,nan
2113.882,1.545881e-05,0.0,nan,nan,nan
2113.99,1.545889e-05,0.0,nan,nan,nan
2114.073,1.545701e-05,0.0,nan,nan,nan
2114.175,1.54589e-05,0.0,nan,nan,nan
2114.258,1.546291e-05,0.0,nan,nan,nan
2114.342,1.545759e-05,0.0,nan,nan,nan
2114.426,1.545868e-05,0.0,nan,nan,nan
2114.509,1.545785e-05,0.0,nan,nan,nan
2114.593,1.545995e-05,0.0,nan,nan,nan
2114.676,1.545992e-05,0.0,nan,nan,nan
2114.785,1.545776e-05,0.0,nan,nan,nan
2114.869,1.545926e-05,0.0,nan,nan,nan
2114.953,1.545661e-05,0.0,nan,nan,nan
2115.036,1.545794e-05,0.0,nan,nan,nan
2115.121,1.545664e-05,0.0,nan,nan,nan
2115.205,1.546239e-05,0.0,nan,nan,nan
2115.288,1.546113e-05,0.0,nan,nan,nan
2115.372,1.545835e-05,0.0,nan,nan,nan
2115.455,1.545933e-05,0.0,nan,nan,nan
2115.539,1.54553e-05,0.0,nan,nan,nan
2115.622,1.545925e-05,0.0,nan,nan,nan
2115.706,1.545468e-05,0.0,nan,nan,nan
2115.79,1.545581e-05,0.0,nan,nan,nan
2115.874,1.545869e-05,0.0,nan,nan,nan
2115.957,1.545574e-05,0.0,nan,nan,nan
2116.041,1.545274e-05,0.0,nan,nan,nan
2116.124,1.54596e-05,0.0,nan,nan,nan
2116.221,1.546129e-05,0.0,nan,nan,nan
2116.304,1.545573e-05,0.0,nan,nan,nan
2116.388,1.546097e-05,0.0,nan,nan,nan
2116.472,1.545659e-05,0.0,nan,nan,nan
2116.558,1.545883e-05,0.0,nan,nan,nan
2116.642,1.546066e-05,0.0,nan,nan,nan
2116.726,1.546015e-05,0.0,nan,nan,nan
2116.826,1.545854e-05,0.0,nan,nan,nan
2116.91,1.545708e-05,0.0,nan,nan,nan
2116.995,1.546152e-05,0.0,nan,nan,nan
2117.079,1.545609e-05,0.0,nan,nan,nan
2117.178,1.546104e-05,0.0,nan,nan,nan
2117.261,1.545756e-05,0.0,nan,nan,nan
2117.345,1.545838e-05,0.0,nan,nan,nan
2117.441,1.545772e-05,0.0,nan,nan,nan
2117.525,1.545701e-05,0.0,nan,nan,nan
2117.612,1.545818e-05,0.0,nan,nan,nan
2117.696,1.545884e-05,0.0,nan,nan,nan
2117.781,1.545491e-05,0.0,nan,nan,nan
2117.864,1.545511e-05,0.0,nan,nan,nan
2117.948,1.545415e-05,0.0,nan,nan,nan
2118.05,1.545262e-05,0.0,nan,nan,nan
2118.134,1.545625e-05,0.0,nan,nan,nan
2118.217,1.545152e-05,0.0,nan,nan,nan
2118.301,1.545306e-05,0.0,nan,nan,nan
2118.385,1.545756e-05,0.0,nan,nan,nan
2118.468,1.545608e-05,0.0,nan,nan,nan
2118.552,1.545595e-05,0.0,nan,nan,nan
2118.635,1.545568e-05,0.0,nan,nan,nan
2118.719,1.545856e-05,0.0,nan,nan,nan
2118.803,1.545667e-05,0.0,nan,nan,nan
2118.887,1.545421e-05,0.0,nan,nan,nan
2118.97,1.545473e-05,0.0,nan,nan,nan
2119.067,1.545246e-05,0.0,nan,nan,nan
2119.15,1.546027e-05,0.0,nan,nan,nan
2119.234,1.545762e-05,0.0,nan,nan,nan
2119.318,1.545663e-05,0.0,nan,nan,nan
2119.401,1.545794e-05,0.0,nan,nan,nan
2119.485,1.545631e-05,0.0,nan,nan,nan
2119.569,1.545989e-05,0.0,nan,nan,nan
2119.652,1.545795e-05,0.0,nan,nan,nan
2119.736,1.545552e-05,0.0,nan,nan,nan
2119.82,1.545566e-05,0.0,nan,nan,nan
2119.904,1.54564e-05,0.0,nan,nan,nan
2119.987,1.545164e-05,0.0,nan,nan,nan
2120.08,1.545676e-05,0.0,nan,nan,nan
2120.164,1.545319e-05,0.0,nan,nan,nan
2120.247,1.545706e-05,0.0,nan,nan,nan
2120.331,1.545604e-05,0.0,nan,nan,nan
2120.414,1.545431e-05,0.0,nan,nan,nan
2120.498,1.544804e-05,0.0,nan,nan,nan
2120.582,1.545734e-05,0.0,nan,nan,nan
2120.665,1.545754e-05,0.0,nan,nan,nan
2120.749,1.545764e-05,0.0,nan,nan,nan
2120.832,1.54578e-05,0.0,nan,nan,nan
2120.916,1.546045e-05,0.0,nan,nan,nan
2120.999,1.545597e-05,0.0,nan,nan,nan
2121.09,1.545711e-05,0.0,nan,nan,nan
2121.174,1.545644e-05,0.0,nan,nan,nan
2121.282,1.545847e-05,0.0,nan,nan,nan
2121.366,1.545796e-05,0.0,nan,nan,nan
2121.45,1.545907e-05,0.0,nan,nan,nan
2121.534,1.545828e-05,0.0,nan,nan,nan
2121.617,1.545936e-05,0.0,nan,nan,nan
2121.706,1.545635e-05,0.0,nan,nan,nan
2121.79,1.546052e-05,0.0,nan,nan,nan
2121.874,1.545896e-05,0.0,nan,nan,nan
2121.958,1.546045e-05,0.0,nan,nan,nan
2122.041,1.546255e-05,0.0,nan,nan,nan
2122.125,1.545788e-05,0.0,nan,nan,nan
2122.208,1.546117e-05,0.0,nan,nan,nan
2122.311,1.546231e-05,0.0,nan,nan,nan
2122.395,1.546211e-05,0.0,nan,nan,nan
2122.479,1.545722e-05,0.0,nan,nan,nan
2122.562,1.545893e-05,0.0,nan,nan,nan
2122.646,1.545901e-05,0.0,nan,nan,nan
2122.73,1.545904e-05,0.0,nan,nan,nan
2122.813,1.546346e-05,0.0,nan,nan,nan
2122.897,1.546306e-05,0.0,nan,nan,nan
2122.98,1.545952e-05,0.0,nan,nan,nan
2123.064,1.546215e-05,0.0,nan,nan,nan
2123.149,1.545877e-05,0.0,nan,nan,nan
2123.233,1.545742e-05,0.0,nan,nan,nan
2123.34,1.545634e-05,0.0,nan,nan,nan
2123.424,1.545719e-05,0.0,nan,nan,nan
2123.508,1.545532e-05,0.0,nan,nan,nan
2123.592,1.545695e-05,0.0,nan,nan,nan
2123.676,1.545708e-05,0.0,nan,nan,nan
2123.759,1.545738e-05,0.0,nan,nan,nan
2123.843,1.545491e-05,0.0,nan,nan,nan
2123.927,1.545636e-05,0.0,nan,nan,nan
2124.012,1.545217e-05,0.0,nan,nan,nan
2124.095,1.545387e-05,0.0,nan,nan,nan
2124.179,1.545529e-05,0.0,nan,nan,nan
2124.263,1.545401e-05,0.0,nan,nan,nan
2124.355,1.545558e-05,0.0,nan,nan,nan
2124.439,1.545196e-05,0.0,nan,nan,nan
2124.523,1.545428e-05,0.0,nan,nan,nan
2124.606,1.546148e-05,0.0,nan,nan,nan
2124.692,1.545536e-05,0.0,nan,nan,nan
2124.775,1.54541e-05,0.0,nan,nan,nan
2124.859,1.544951e-05,0.0,nan,nan,nan
2124.943,1.545198e-05,0.0,nan,nan,nan
2125.027,1.54556e-05,0.0,nan,nan,nan
2125.11,1.545586e-05,0.0,nan,nan,nan
2125.194,1.545801e-05,0.0,nan,nan,nan
2125.278,1.545278e-05,0.0,nan,nan,nan
2125.388,1.545492e-05,0.0,nan,nan,nan
2125.471,1.545549e-05,0.0,nan,nan,nan
2125.555,1.545643e-05,0.0,nan,nan,nan
2125.638,1.545412e-05,0.0,nan,nan,nan
2125.725,1.545844e-05,0.0,nan,nan,nan
2125.808,1.546051e-05,0.0,nan,nan,nan
2125.892,1.546123e-05,0.0,nan,nan,nan
2125.976,1.545989e-05,0.0,nan,nan,nan
2126.06,1.545795e-05,0.0,nan,nan,nan
2126.143,1.54587e-05,0.0,nan,nan,nan
2126.227,1.545684e-05,0.0,nan,nan,nan
2126.31,1.545714e-05,0.0,nan,nan,nan
2126.395,1.545291e-05,0.0,nan,nan,nan
2126.479,1.545661e-05,0.0,nan,nan,nan
2126.563,1.545832e-05,0.0,nan,nan,nan
2126.646,1.54592e-05,0.0,nan,nan,nan
2126.73,1.545784e-05,0.0,nan,nan,nan
2126.834,1.545655e-05,0.0,nan,nan,nan
2126.918,1.5462e-05,0.0,nan,nan,nan
2127.002,1.545842e-05,0.0,nan,nan,nan
2127.085,1.545824e-05,0.0,nan,nan,nan
2127.169,1.545973e-05,0.0,nan,nan,nan
2127.253,1.545959e-05,0.0,nan,nan,nan
2127.337,1.546314e-05,0.0,nan,nan,nan
2127.453,1.546188e-05,0.0,nan,nan,nan
2127.537,1.545941e-05,0.0,nan,nan,nan
2127.638,1.545955e-05,0.0,nan,nan,nan
2127.722,1.545979e-05,0.0,nan,nan,nan
2127.806,1.546075e-05,0.0,nan,nan,nan
2127.89,1.546342e-05,0.0,nan,nan,nan
2127.977,1.545939e-05,0.0,nan,nan,nan
2128.068,1.545979e-05,0.0,nan,nan,nan
2128.152,1.54606e-05,0.0,nan,nan,nan
2128.257,1.545956e-05,0.0,nan,nan,nan
2128.34,1.545875e-05,0.0,nan,nan,nan
2128.424,1.546111e-05,0.0,nan,nan,nan
2128.508,1.545858e-05,0.0,nan,nan,nan
2128.591,1.546152e-05,0.0,nan,nan,nan
2128.679,1.545941e-05,0.0,nan,nan,nan
2128.763,1.546299e-05,0.0,nan,nan,nan
2128.855,1.545674e-05,0.0,nan,nan,nan
2128.938,1.545849e-05,0.0,nan,nan,nan
2129.022,1.545803e-05,0.0,nan,nan,nan
2129.106,1.545911e-05,0.0,nan,nan,nan
2129.192,1.546158e-05,0.0,nan,nan,nan
2129.276,1.546019e-05,0.0,nan,nan,nan
2129.36,1.545703e-05,0.0,nan,nan,nan
2129.445,1.546108e-05,0.0,nan,nan,nan
2129.553,1.545601e-05,0.0,nan,nan,nan
2129.638,1.545405e-05,0.0,nan,nan,nan
2129.721,1.546081e-05,0.0,nan,nan,nan
2129.806,1.54578e-05,0.0,nan,nan,nan
2129.889,1.546359e-05,0.0,nan,nan,nan
2129.973,1.545908e-05,0.0,nan,nan,nan
2130.073,1.546046e-05,0.0,nan,nan,nan
2130.156,1.545679e-05,0.0,nan,nan,nan
2130.242,1.545653e-05,0.0,nan,nan,nan
2130.326,1.545856e-05,0.0,nan,nan,nan
2130.41,1.545905e-05,0.0,nan,nan,nan
2130.493,1.54594e-05,0.0,nan,nan,nan
2130.577,1.545652e-05,0.0,nan,nan,nan
2130.663,1.546e-05,0.0,nan,nan,nan
2130.747,1.546175e-05,0.0,nan,nan,nan
2130.831,1.545788e-05,0.0,nan,nan,nan
2130.915,1.545617e-05,0.0,nan,nan,nan
2130.999,1.545749e-05,0.0,nan,nan,nan
2131.088,1.545752e-05,0.0,nan,nan,nan
2131.172,1.545432e-05,0.0,nan,nan,nan
2131.255,1.545782e-05,0.0,nan,nan,nan
2131.339,1.545862e-05,0.0,nan,nan,nan
2131.423,1.545656e-05,0.0,nan,nan,nan
2131.529,1.545968e-05,0.0,nan,nan,nan
2131.631,1.546124e-05,0.0,nan,nan,nan
2131.716,1.545635e-05,0.0,nan,nan,nan
2131.8,1.545104e-05,0.0,nan,nan,nan
2131.885,1.545573e-05,0.0,nan,nan,nan
2131.969,1.545204e-05,0.0,nan,nan,nan
2132.053,1.545919e-05,0.0,nan,nan,nan
2132.136,1.546016e-05,0.0,nan,nan,nan
2132.22,1.545985e-05,0.0,nan,nan,nan
2132.323,1.545501e-05,0.0,nan,nan,nan
2132.407,1.54556e-05,0.0,nan,nan,nan
2132.491,1.545525e-05,0.0,nan,nan,nan
2132.574,1.545703e-05,0.0,nan,nan,nan
2132.658,1.545948e-05,0.0,nan,nan,nan
2132.748,1.545786e-05,0.0,nan,nan,nan
2132.831,1.545969e-05,0.0,nan,nan,nan
2132.915,1.545925e-05,0.0,nan,nan,nan
2132.999,1.545905e-05,0.0,nan,nan,nan
2133.082,1.545901e-05,0.0,nan,nan,nan
2133.168,1.546125e-05,0.0,nan,nan,nan
2133.252,1.546181e-05,0.0,nan,nan,nan
2133.35,1.545696e-05,0.0,nan,nan,nan
2133.434,1.546034e-05,0.0,nan,nan,nan
2133.517,1.546066e-05,0.0,nan,nan,nan
2133.601,1.54598e-05,0.0,nan,nan,nan
2133.702,1.546087e-05,0.0,nan,nan,nan
2133.785,1.546432e-05,0.0,nan,nan,nan
2133.869,1.545632e-05,0.0,nan,nan,nan
2133.965,1.546127e-05,0.0,nan,nan,nan
2134.048,1.546271e-05,0.0,nan,nan,nan
2134.15,1.546205e-05,0.0,nan,nan,nan
2134.234,1.54623e-05,0.0,nan,nan,nan
2134.32,1.545746e-05,0.0,nan,nan,nan
2134.404,1.545847e-05,0.0,nan,nan,nan
2134.491,1.546258e-05,0.0,nan,nan,nan
2134.575,1.545693e-05,0.0,nan,nan,nan
2134.659,1.54577e-05,0.0,nan,nan,nan
2134.764,1.545769e-05,0.0,nan,nan,nan
2134.848,1.545972e-05,0.0,nan,nan,nan
2134.932,1.545884e-05,0.0,nan,nan,nan
2135.016,1.545704e-05,0.0,nan,nan,nan
2135.099,1.546037e-05,0.0,nan,nan,nan
2135.183,1.54597e-05,0.0,nan,nan,nan
2135.266,1.546021e-05,0.0,nan,nan,nan
2135.35,1.54602e-05,0.0,nan,nan,nan
2135.434,1.545704e-05,0.0,nan,nan,nan
2135.517,1.545851e-05,0.0,nan,nan,nan
2135.601,1.545921e-05,0.0,nan,nan,nan
2135.685,1.545841e-05,0.0,nan,nan,nan
2135.77,1.546011e-05,0.0,nan,nan,nan
2135.853,1.546098e-05,0.0,nan,nan,nan
2135.937,1.546269e-05,0.0,nan,nan,nan
2136.021,1.545831e-05,0.0,nan,nan,nan
2136.105,1.546446e-05,0.0,nan,nan,nan
2136.192,1.546334e-05,0.0,nan,nan,nan
2136.275,1.54635e-05,0.0,nan,nan,nan
2136.359,1.545777e-05,0.0,nan,nan,nan
2136.443,1.546065e-05,0.0,nan,nan,nan
2136.526,1.545716e-05,0.0,nan,nan,nan
2136.61,1.54601e-05,0.0,nan,nan,nan
2136.694,1.54607e-05,0.0,nan,nan,nan
2136.79,1.546164e-05,0.0,nan,nan,nan
2136.874,1.546021e-05,0.0,nan,nan,nan
2136.957,1.545995e-05,0.0,nan,nan,nan
2137.041,1.545814e-05,0.0,nan,nan,nan
2137.125,1.546439e-05,0.0,nan,nan,nan
2137.217,1.546001e-05,0.0,nan,nan,nan
2137.3,1.54616e-05,0.0,nan,nan,nan
2137.404,1.545689e-05,0.0,nan,nan,nan
2137.488,1.545886e-05,0.0,nan,nan,nan
2137.573,1.54584e-05,0.0,nan,nan,nan
2137.656,1.545614e-05,0.0,nan,nan,nan
2137.742,1.54573e-05,0.0,nan,nan,nan
2137.825,1.545335e-05,0.0,nan,nan,nan
2137.909,1.545975e-05,0.0,nan,nan,nan
2137.996,1.545817e-05,0.0,nan,nan,nan
2138.08,1.545826e-05,0.0,nan,nan,nan
2138.163,1.545991e-05,0.0,nan,nan,nan
2138.247,1.545924e-05,0.0,nan,nan,nan
2138.331,1.545957e-05,0.0,nan,nan,nan
2138.416,1.545564e-05,0.0,nan,nan,nan
2138.5,1.545893e-05,0.0,nan,nan,nan
2138.585,1.545701e-05,0.0,nan,nan,nan
2138.669,1.545681e-05,0.0,nan,nan,nan
2138.753,1.5461e-05,0.0,nan,nan,nan
2138.841,1.54566e-05,0.0,nan,nan,nan
2138.925,1.546107e-05,0.0,nan,nan,nan
2139.009,1.546108e-05,0.0,nan,nan,nan
2139.093,1.546288e-05,0.0,nan,nan,nan
2139.177,1.545868e-05,0.0,nan,nan,nan
2139.263,1.545955e-05,0.0,nan,nan,nan
2139.346,1.546166e-05,0.0,nan,nan,nan
2139.457,1.545805e-05,0.0,nan,nan,nan
2139.54,1.545573e-05,0.0,nan,nan,nan
2139.624,1.545662e-05,0.0,nan,nan,nan
2139.707,1.545532e-05,0.0,nan,nan,nan
2139.791,1.545392e-05,0.0,nan,nan,nan
2139.876,1.54579e-05,0.0,nan,nan,nan
2139.96,1.545683e-05,0.0,nan,nan,nan
2140.061,1.545652e-05,0.0,nan,nan,nan
2140.145,1.546003e-05,0.0,nan,nan,nan
2140.228,1.546129e-05,0.0,nan,nan,nan
2140.312,1.546108e-05,0.0,nan,nan,nan
2140.396,1.54605e-05,0.0,nan,nan,nan
2140.479,1.545842e-05,0.0,nan,nan,nan
2140.563,1.546121e-05,0.0,nan,nan,nan
2140.646,1.546249e-05,0.0,nan,nan,nan
2140.73,1.545906e-05,0.0,nan,nan,nan
2140.814,1.545631e-05,0.0,nan,nan,nan
2140.897,1.546151e-05,0.0,nan,nan,nan
2140.981,1.545972e-05,0.0,nan,nan,nan
2141.088,1.546214e-05,0.0,nan,nan,nan
2141.171,1.546093e-05,0.0,nan,nan,nan
2141.288,1.546244e-05,0.0,nan,nan,nan
2141.372,1.545633e-05,0.0,nan,nan,nan
2141.457,1.545563e-05,0.0,nan,nan,nan
2141.54,1.546068e-05,0.0,nan,nan,nan
2141.624,1.54628e-05,0.0,nan,nan,nan
2141.708,1.545896e-05,0.0,nan,nan,nan
2141.792,1.545972e-05,0.0,nan,nan,nan
2141.92,1.545974e-05,0.0,nan,nan,nan
2142.003,1.546117e-05,0.0,nan,nan,nan
2142.088,1.545702e-05,0.0,nan,nan,nan
2142.172,1.546238e-05,0.0,nan,nan,nan
2142.258,1.54654e-05,0.0,nan,nan,nan
2142.342,1.546332e-05,0.0,nan,nan,nan
2142.425,1.545825e-05,0.0,nan,nan,nan
2142.51,1.545997e-05,0.0,nan,nan,nan
2142.594,1.545862e-05,0.0,nan,nan,nan
2142.678,1.545806e-05,0.0,nan,nan,nan
2142.762,1.545693e-05,0.0,nan,nan,nan
2142.845,1.545831e-05,0.0,nan,nan,nan
2142.929,1.546241e-05,0.0,nan,nan,nan
2143.012,1.545891e-05,0.0,nan,nan,nan
2143.116,1.546095e-05,0.0,nan,nan,nan
2143.2,1.545787e-05,0.0,nan,nan,nan
2143.306,1.545847e-05,0.0,nan,nan,nan
2143.39,1.545388e-05,0.0,nan,nan,nan
2143.473,1.545791e-05,0.0,nan,nan,nan
2143.557,1.545982e-05,0.0,nan,nan,nan
2143.641,1.545921e-05,0.0,nan,nan,nan
2143.731,1.54613e-05,0.0,nan,nan,nan
2143.814,1.546188e-05,0.0,nan,nan,nan
2143.898,1.546122e-05,0.0,nan,nan,nan
2144.002,1.545975e-05,0.0,nan,nan,nan
2144.085,1.545856e-05,0.0,nan,nan,nan
2144.169,1.545741e-05,0.0,nan,nan,nan
2144.253,1.546149e-05,0.0,nan,nan,nan
2144.337,1.546112e-05,0.0,nan,nan,nan
2144.42,1.545871e-05,0.0,nan,nan,nan
2144.504,1.546111e-05,0.0,nan,nan,nan
2144.587,1.545784e-05,0.0,nan,nan,nan
2144.671,1.546427e-05,0.0,nan,nan,nan
2144.755,1.545783e-05,0.0,nan,nan,nan
2144.839,1.545973e-05,0.0,nan,nan,nan
2144.923,1.546292e-05,0.0,nan,nan,nan
2145.006,1.546107e-05,0.0,nan,nan,nan
2145.092,1.546393e-05,0.0,nan,nan,nan
2145.176,1.546132e-05,0.0,nan,nan,nan
2145.259,1.546659e-05,0.0,nan,nan,nan
2145.352,1.546331e-05,0.0,nan,nan,nan
2145.436,1.546271e-05,0.0,nan,nan,nan
2145.519,1.545952e-05,0.0,nan,nan,nan
2145.603,1.54547e-05,0.0,nan,nan,nan
2145.687,1.545921e-05,0.0,nan,nan,nan
2145.775,1.545461e-05,0.0,nan,nan,nan
2145.859,1.546597e-05,0.0,nan,nan,nan
2145.943,1.54626e-05,0.0,nan,nan,nan
2146.053,1.546453e-05,0.0,nan,nan,nan
2146.137,1.546168e-05,0.0,nan,nan,nan
2146.22,1.546097e-05,0.0,nan,nan,nan
2146.304,1.545533e-05,0.0,nan,nan,nan
2146.393,1.545889e-05,0.0,nan,nan,nan
2146.477,1.545878e-05,0.0,nan,nan,nan
2146.583,1.546149e-05,0.0,nan,nan,nan
2146.667,1.545778e-05,0.0,nan,nan,nan
2146.75,1.546264e-05,0.0,nan,nan,nan
2146.834,1.54609e-05,0.0,nan,nan,nan
2146.918,1.546158e-05,0.0,nan,nan,nan
2147.002,1.546331e-05,0.0,nan,nan,nan
2147.085,1.54602e-05,0.0,nan,nan,nan
2147.169,1.546172e-05,0.0,nan,nan,nan
2147.252,1.546928e-05,0.0,nan,nan,nan
2147.337,1.546313e-05,0.0,nan,nan,nan
2147.421,1.54614e-05,0.0,nan,nan,nan
2147.504,1.546144e-05,0.0,nan,nan,nan
2147.594,1.546041e-05,0.0,nan,nan,nan
2147.678,1.546009e-05,0.0,nan,nan,nan
2147.762,1.5458e-05,0.0,nan,nan,nan
2147.845,1.54572e-05,0.0,nan,nan,nan
2147.929,1.54557e-05,0.0,nan,nan,nan
2148.013,1.545778e-05,0.0,nan,nan,nan
2148.119,1.545929e-05,0.0,nan,nan,nan
2148.206,1.546017e-05,0.0,nan,nan,nan
2148.29,1.545606e-05,0.0,nan,nan,nan
2148.374,1.545841e-05,0.0,nan,nan,nan
2148.458,1.545996e-05,0.0,nan,nan,nan
2148.541,1.54578e-05,0.0,nan,nan,nan
2148.633,1.545742e-05,0.0,nan,nan,nan
2148.717,1.545875e-05,0.0,nan,nan,nan
2148.812,1.545614e-05,0.0,nan,nan,nan
2148.895,1.545717e-05,0.0,nan,nan,nan
2148.979,1.545952e-05,0.0,nan,nan,nan
2149.062,1.545941e-05,0.0,nan,nan,nan
2149.146,1.545909e-05,0.0,nan,nan,nan
2149.23,1.545837e-05,0.0,nan,nan,nan
2149.313,1.545763e-05,0.0,nan,nan,nan
2149.398,1.545856e-05,0.0,nan,nan,nan
2149.481,1.54548e-05,0.0,nan,nan,nan
2149.564,1.545762e-05,0.0,nan,nan,nan
2149.648,1.545774e-05,0.0,nan,nan,nan
2149.732,1.545563e-05,0.0,nan,nan,nan
2149.825,1.545526e-05,0.0,nan,nan,nan
2149.909,1.545457e-05,0.0,nan,nan,nan
2149.993,1.546011e-05,0.0,nan,nan,nan
2150.076,1.546201e-05,0.0,nan,nan,nan
2150.183,1.545706e-05,0.0,nan,nan,nan
2150.266,1.545785e-05,0.0,nan,nan,nan
2150.35,1.546089e-05,0.0,nan,nan,nan
2150.454,1.545822e-05,0.0,nan,nan,nan
2150.537,1.545292e-05,0.0,nan,nan,nan
2150.64,1.54584e-05,0.0,nan,nan,nan
2150.724,1.545814e-05,0.0,nan,nan,nan
2150.808,1.545536e-05,0.0,nan,nan,nan
2150.892,1.545487e-05,0.0,nan,nan,nan
2150.976,1.545639e-05,0.0,nan,nan,nan
2151.061,1.545311e-05,0.0,nan,nan,nan
2151.145,1.545542e-05,0.0,nan,nan,nan
2151.228,1.54516e-05,0.0,nan,nan,nan
2151.312,1.545455e-05,0.0,nan,nan,nan
2151.395,1.545907e-05,0.0,nan,nan,nan
2151.479,1.545388e-05,0.0,nan,nan,nan
2151.563,1.545338e-05,0.0,nan,nan,nan
2151.665,1.545617e-05,0.0,nan,nan,nan
2151.749,1.545658e-05,0.0,nan,nan,nan
2151.833,1.545675e-05,0.0,nan,nan,nan
2151.917,1.545326e-05,0.0,nan,nan,nan
2152.001,1.5458e-05,0.0,nan,nan,nan
2152.084,1.545789e-05,0.0,nan,nan,nan
2152.168,1.545666e-05,0.0,nan,nan,nan
2152.253,1.54531e-05,0.0,nan,nan,nan
2152.337,1.545771e-05,0.0,nan,nan,nan
2152.422,1.546176e-05,0.0,nan,nan,nan
2152.506,1.545721e-05,0.0,nan,nan,nan
2152.59,1.545556e-05,0.0,nan,nan,nan
2152.673,1.545451e-05,0.0,nan,nan,nan
2152.757,1.545508e-05,0.0,nan,nan,nan
2152.84,1.545825e-05,0.0,nan,nan,nan
2152.924,1.545605e-05,0.0,nan,nan,nan
2153.008,1.545458e-05,0.0,nan,nan,nan
2153.094,1.545718e-05,0.0,nan,nan,nan
2153.178,1.545791e-05,0.0,nan,nan,nan
2153.264,1.545485e-05,0.0,nan,nan,nan
2153.347,1.545544e-05,0.0,nan,nan,nan
2153.431,1.54553e-05,0.0,nan,nan,nan
2153.515,1.545376e-05,0.0,nan,nan,nan
2153.598,1.545765e-05,0.0,nan,nan,nan
2153.682,1.545774e-05,0.0,nan,nan,nan
2153.765,1.545552e-05,0.0,nan,nan,nan
2153.849,1.54521e-05,0.0,nan,nan,nan
2153.933,1.545278e-05,0.0,nan,nan,nan
2154.016,1.545461e-05,0.0,nan,nan,nan
2154.107,1.545726e-05,0.0,nan,nan,nan
2154.191,1.545449e-05,0.0,nan,nan,nan
2154.286,1.545758e-05,0.0,nan,nan,nan
2154.375,1.54586e-05,0.0,nan,nan,nan
2154.459,1.545508e-05,0.0,nan,nan,nan
2154.542,1.545317e-05,0.0,nan,nan,nan
2154.626,1.545534e-05,0.0,nan,nan,nan
2154.725,1.54514e-05,0.0,nan,nan,nan
2154.808,1.545285e-05,0.0,nan,nan,nan
2154.892,1.545428e-05,0.0,nan,nan,nan
2154.976,1.544954e-05,0.0,nan,nan,nan
2155.059,1.545971e-05,0.0,nan,nan,nan
2155.145,1.545357e-05,0.0,nan,nan,nan
2155.229,1.54565e-05,0.0,nan,nan,nan
2155.318,1.545637e-05,0.0,nan,nan,nan
2155.402,1.545567e-05,0.0,nan,nan,nan
2155.485,1.545352e-05,0.0,nan,nan,nan
2155.569,1.545516e-05,0.0,nan,nan,nan
2155.653,1.545682e-05,0.0,nan,nan,nan
2155.744,1.545739e-05,0.0,nan,nan,nan
2155.828,1.54563e-05,0.0,nan,nan,nan
2155.915,1.545702e-05,0.0,nan,nan,nan
2155.999,1.545894e-05,0.0,nan,nan,nan
2156.082,1.546172e-05,0.0,nan,nan,nan
2156.166,1.545622e-05,0.0,nan,nan,nan
2156.25,1.545641e-05,0.0,nan,nan,nan
2156.369,1.545909e-05,0.0,nan,nan,nan
2156.453,1.545797e-05,0.0,nan,nan,nan
2156.545,1.545929e-05,0.0,nan,nan,nan
2156.629,1.546159e-05,0.0,nan,nan,nan
2156.713,1.546269e-05,0.0,nan,nan,nan
2156.797,1.545848e-05,0.0,nan,nan,nan
2156.88,1.546171e-05,0.0,nan,nan,nan
2156.964,1.545896e-05,0.0,nan,nan,nan
2157.048,1.546205e-05,0.0,nan,nan,nan
2157.131,1.545609e-05,0.0,nan,nan,nan
2157.215,1.545664e-05,0.0,nan,nan,nan
2157.299,1.545799e-05,0.0,nan,nan,nan
2157.382,1.545802e-05,0.0,nan,nan,nan
2157.466,1.545671e-05,0.0,nan,nan,nan
2157.569,1.545566e-05,0.0,nan,nan,nan
2157.652,1.545386e-05,0.0,nan,nan,nan
2157.753,1.545381e-05,0.0,nan,nan,nan
2157.837,1.545379e-05,0.0,nan,nan,nan
2157.92,1.545628e-05,0.0,nan,nan,nan
2158.004,1.545701e-05,0.0,nan,nan,nan
2158.087,1.545541e-05,0.0,nan,nan,nan
2158.175,1.545415e-05,0.0,nan,nan,nan
2158.258,1.54536e-05,0.0,nan,nan,nan
2158.342,1.545454e-05,0.0,nan,nan,nan
2158.453,1.545498e-05,0.0,nan,nan,nan
2158.538,1.545329e-05,0.0,nan,nan,nan
2158.622,1.545386e-05,0.0,nan,nan,nan
2158.706,1.545712e-05,0.0,nan,nan,nan
2158.79,1.545448e-05,0.0,nan,nan,nan
2158.874,1.545633e-05,0.0,nan,nan,nan
2158.973,1.545494e-05,0.0,nan,nan,nan
2159.056,1.54535e-05,0.0,nan,nan,nan
2159.14,1.545537e-05,0.0,nan,nan,nan
2159.224,1.545706e-05,0.0,nan,nan,nan
2159.308,1.545404e-05,0.0,nan,nan,nan
2159.393,1.545938e-05,0.0,nan,nan,nan
2159.477,1.545888e-05,0.0,nan,nan,nan
2159.562,1.545797e-05,0.0,nan,nan,nan
2159.646,1.545678e-05,0.0,nan,nan,nan
2159.73,1.545511e-05,0.0,nan,nan,nan
2159.813,1.545975e-05,0.0,nan,nan,nan
2159.897,1.545559e-05,0.0,nan,nan,nan
2159.982,1.545738e-05,0.0,nan,nan,nan
2160.066,1.545442e-05,0.0,nan,nan,nan
2160.15,1.545207e-05,0.0,nan,nan,nan
2160.234,1.545275e-05,0.0,nan,nan,nan
2160.317,1.545193e-05,0.0,nan,nan,nan
2160.401,1.545521e-05,0.0,nan,nan,nan
2160.503,1.545293e-05,0.0,nan,nan,nan
2160.588,1.545226e-05,0.0,nan,nan,nan
2160.672,1.545533e-05,0.0,nan,nan,nan
2160.759,1.545509e-05,0.0,nan,nan,nan
2160.843,1.545385e-05,0.0,nan,nan,nan
2160.926,1.545573e-05,0.0,nan,nan,nan
2161.031,1.545511e-05,0.0,nan,nan,nan
2161.115,1.545844e-05,0.0,nan,nan,nan
2161.199,1.545453e-05,0.0,nan,nan,nan
2161.282,1.545618e-05,0.0,nan,nan,nan
2161.366,1.545442e-05,0.0,nan,nan,nan
2161.45,1.54521e-05,0.0,nan,nan,nan
2161.534,1.545055e-05,0.0,nan,nan,nan
2161.617,1.545495e-05,0.0,nan,nan,nan
2161.701,1.545029e-05,0.0,nan,nan,nan
2161.785,1.545282e-05,0.0,nan,nan,nan
2161.869,1.544963e-05,0.0,nan,nan,nan
2161.953,1.545417e-05,0.0,nan,nan,nan
2162.043,1.54542e-05,0.0,nan,nan,nan
2162.127,1.545671e-05,0.0,nan,nan,nan
2162.211,1.545463e-05,0.0,nan,nan,nan
2162.294,1.545663e-05,0.0,nan,nan,nan
2162.378,1.545767e-05,0.0,nan,nan,nan
2162.477,1.545901e-05,0.0,nan,nan,nan
2162.592,1.54628e-05,0.0,nan,nan,nan
2162.677,1.54563e-05,0.0,nan,nan,nan
2162.76,1.545555e-05,0.0,nan,nan,nan
2162.844,1.54548e-05,0.0,nan,nan,nan
2162.928,1.545412e-05,0.0,nan,nan,nan
2163.011,1.545782e-05,0.0,nan,nan,nan
2163.095,1.545594e-05,0.0,nan,nan,nan
2163.178,1.545571e-05,0.0,nan,nan,nan
2163.273,1.545876e-05,0.0,nan,nan,nan
2163.357,1.545579e-05,0.0,nan,nan,nan
2163.441,1.545246e-05,0.0,nan,nan,nan
2163.525,1.545461e-05,0.0,nan,nan,nan
2163.608,1.545109e-05,0.0,nan,nan,nan
2163.7,1.545279e-05,0.0,nan,nan,nan
2163.784,1.545254e-05,0.0,nan,nan,nan
2163.868,1.545261e-05,0.0,nan,nan,nan
2163.952,1.545098e-05,0.0,nan,nan,nan
2164.036,1.545421e-05,0.0,nan,nan,nan
2164.119,1.545304e-05,0.0,nan,nan,nan
2164.203,1.545704e-05,0.0,nan,nan,nan
2164.292,1.545392e-05,0.0,nan,nan,nan
2164.376,1.545538e-05,0.0,nan,nan,nan
2164.461,1.545544e-05,0.0,nan,nan,nan
2164.545,1.54537e-05,0.0,nan,nan,nan
2164.655,1.545425e-05,0.0,nan,nan,nan
2164.739,1.54599e-05,0.0,nan,nan,nan
2164.823,1.54596e-05,0.0,nan,nan,nan
2164.922,1.545785e-05,0.0,nan,nan,nan
2165.006,1.545784e-05,0.0,nan,nan,nan
2165.091,1.545418e-05,0.0,nan,nan,nan
2165.175,1.545633e-05,0.0,nan,nan,nan
2165.259,1.545152e-05,0.0,nan,nan,nan
2165.343,1.545299e-05,0.0,nan,nan,nan
2165.426,1.545806e-05,0.0,nan,nan,nan
2165.53,1.54553e-05,0.0,nan,nan,nan
2165.614,1.545514e-05,0.0,nan,nan,nan
2165.698,1.545719e-05,0.0,nan,nan,nan
2165.782,1.545551e-05,0.0,nan,nan,nan
2165.865,1.545709e-05,0.0,nan,nan,nan
2165.949,1.545816e-05,0.0,nan,nan,nan
2166.033,1.546186e-05,0.0,nan,nan,nan
2166.117,1.545914e-05,0.0,nan,nan,nan
2166.2,1.545406e-05,0.0,nan,nan,nan
2166.284,1.545721e-05,0.0,nan,nan,nan
2166.368,1.546084e-05,0.0,nan,nan,nan
2166.452,1.545332e-05,0.0,nan,nan,nan
2166.541,1.54516e-05,0.0,nan,nan,nan
2166.624,1.545091e-05,0.0,nan,nan,nan
2166.733,1.545598e-05,0.0,nan,nan,nan
2166.817,1.545779e-05,0.0,nan,nan,nan
2166.901,1.546018e-05,0.0,nan,nan,nan
2166.984,1.5456e-05,0.0,nan,nan,nan
2167.068,1.545692e-05,0.0,nan,nan,nan
2167.159,1.545383e-05,0.0,nan,nan,nan
2167.243,1.546018e-05,0.0,nan,nan,nan
2167.326,1.545678e-05,0.0,nan,nan,nan
2167.41,1.545467e-05,0.0,nan,nan,nan
2167.494,1.545611e-05,0.0,nan,nan,nan
2167.577,1.545848e-05,0.0,nan,nan,nan
2167.661,1.545585e-05,0.0,nan,nan,nan
2167.761,1.545522e-05,0.0,nan,nan,nan
2167.845,1.545373e-05,0.0,nan,nan,nan
2167.93,1.545673e-05,0.0,nan,nan,nan
2168.013,1.545562e-05,0.0,nan,nan,nan
2168.097,1.546283e-05,0.0,nan,nan,nan
2168.193,1.545232e-05,0.0,nan,nan,nan
2168.276,1.545527e-05,0.0,nan,nan,nan
2168.361,1.545794e-05,0.0,nan,nan,nan
2168.444,1.545545e-05,0.0,nan,nan,nan
2168.528,1.545941e-05,0.0,nan,nan,nan
2168.612,1.545886e-05,0.0,nan,nan,nan
2168.696,1.545854e-05,0.0,nan,nan,nan
2168.789,1.54604e-05,0.0,nan,nan,nan
2168.872,1.545601e-05,0.0,nan,nan,nan
2168.956,1.545752e-05,0.0,nan,nan,nan
2169.04,1.545779e-05,0.0,nan,nan,nan
2169.124,1.545348e-05,0.0,nan,nan,nan
2169.222,1.54563e-05,0.0,nan,nan,nan
2169.306,1.545767e-05,0.0,nan,nan,nan
2169.389,1.545656e-05,0.0,nan,nan,nan
2169.473,1.545722e-05,0.0,nan,nan,nan
2169.558,1.545324e-05,0.0,nan,nan,nan
2169.642,1.545314e-05,0.0,nan,nan,nan
2169.726,1.545333e-05,0.0,nan,nan,nan
2169.83,1.545513e-05,0.0,nan,nan,nan
2169.913,1.54536e-05,0.0,nan,nan,nan
2169.997,1.545405e-05,0.0,nan,nan,nan
2170.08,1.545573e-05,0.0,nan,nan,nan
2170.164,1.545415e-05,0.0,nan,nan,nan
2170.247,1.545037e-05,0.0,nan,nan,nan
2170.331,1.545924e-05,0.0,nan,nan,nan
2170.415,1.54585e-05,0.0,nan,nan,nan
2170.499,1.545707e-05,0.0,nan,nan,nan
2170.583,1.544939e-05,0.0,nan,nan,nan
2170.666,1.545169e-05,0.0,nan,nan,nan
2170.75,1.54522e-05,0.0,nan,nan,nan
2170.853,1.545035e-05,0.0,nan,nan,nan
2170.937,1.544693e-05,0.0,nan,nan,nan
2171.056,1.54521e-05,0.0,nan,nan,nan
2171.14,1.545311e-05,0.0,nan,nan,nan
2171.225,1.545344e-05,0.0,nan,nan,nan
2171.308,1.545497e-05,0.0,nan,nan,nan
2171.392,1.545573e-05,0.0,nan,nan,nan
2171.482,1.545392e-05,0.0,nan,nan,nan
2171.566,1.545653e-05,0.0,nan,nan,nan
2171.649,1.544981e-05,0.0,nan,nan,nan
2171.733,1.545328e-05,0.0,nan,nan,nan
2171.817,1.545576e-05,0.0,nan,nan,nan
2171.9,1.545076e-05,0.0,nan,nan,nan
2171.984,1.545388e-05,0.0,nan,nan,nan
2172.083,1.545269e-05,0.0,nan,nan,nan
2172.166,1.545164e-05,0.0,nan,nan,nan
2172.25,1.544772e-05,0.0,nan,nan,nan
2172.334,1.544804e-05,0.0,nan,nan,nan
2172.418,1.545217e-05,0.0,nan,nan,nan
2172.502,1.545539e-05,0.0,nan,nan,nan
2172.585,1.545248e-05,0.0,nan,nan,nan
2172.672,1.54567e-05,0.0,nan,nan,nan
2172.756,1.545527e-05,0.0,nan,nan,nan
2172.839,1.545241e-05,0.0,nan,nan,nan
2172.939,1.545225e-05,0.0,nan,nan,nan
2173.024,1.545213e-05,0.0,nan,nan,nan
2173.108,1.545131e-05,0.0,nan,nan,nan
2173.192,1.544873e-05,0.0,nan,nan,nan
2173.289,1.545183e-05,0.0,nan,nan,nan
2173.372,1.545027e-05,0.0,nan,nan,nan
2173.456,1.544915e-05,0.0,nan,nan,nan
2173.54,1.544514e-05,0.0,nan,nan,nan
2173.623,1.544937e-05,0.0,nan,nan,nan
2173.723,1.545261e-05,0.0,nan,nan,nan
2173.806,1.545005e-05,0.0,nan,nan,nan
2173.89,1.545249e-05,0.0,nan,nan,nan
2173.973,1.545221e-05,0.0,nan,nan,nan
2174.057,1.544723e-05,0.0,nan,nan,nan
2174.141,1.545231e-05,0.0,nan,nan,nan
2174.224,1.54528e-05,0.0,nan,nan,nan
2174.308,1.545062e-05,0.0,nan,nan,nan
2174.392,1.54537e-05,0.0,nan,nan,nan
2174.476,1.54527e-05,0.0,nan,nan,nan
2174.559,1.544949e-05,0.0,nan,nan,nan
2174.643,1.54512e-05,0.0,nan,nan,nan
2174.727,1.545135e-05,0.0,nan,nan,nan
2174.81,1.545205e-05,0.0,nan,nan,nan
2174.894,1.545074e-05,0.0,nan,nan,nan
2174.995,1.545363e-05,0.0,nan,nan,nan
2175.079,1.545203e-05,0.0,nan,nan,nan
2175.171,1.545502e-05,0.0,nan,nan,nan
2175.254,1.545156e-05,0.0,nan,nan,nan
2175.361,1.545157e-05,0.0,nan,nan,nan
2175.445,1.544853e-05,0.0,nan,nan,nan
2175.528,1.545119e-05,0.0,nan,nan,nan
2175.612,1.545121e-05,0.0,nan,nan,nan
2175.695,1.545583e-05,0.0,nan,nan,nan
2175.779,1.545539e-05,0.0,nan,nan,nan
2175.863,1.545407e-05,0.0,nan,nan,nan
2175.946,1.54536e-05,0.0,nan,nan,nan
2176.03,1.545618e-05,0.0,nan,nan,nan
2176.114,1.544963e-05,0.0,nan,nan,nan
2176.197,1.545109e-05,0.0,nan,nan,nan
2176.281,1.545397e-05,0.0,nan,nan,nan
2176.383,1.54514e-05,0.0,nan,nan,nan
2176.467,1.545117e-05,0.0,nan,nan,nan
2176.553,1.545404e-05,0.0,nan,nan,nan
2176.636,1.545568e-05,0.0,nan,nan,nan
2176.722,1.545586e-05,0.0,nan,nan,nan
2176.806,1.545218e-05,0.0,nan,nan,nan
2176.889,1.545615e-05,0.0,nan,nan,nan
2176.987,1.545516e-05,0.0,nan,nan,nan
2177.078,1.545251e-05,0.0,nan,nan,nan
2177.166,1.545716e-05,0.0,nan,nan,nan
2177.25,1.545669e-05,0.0,nan,nan,nan
2177.333,1.545265e-05,0.0,nan,nan,nan
2177.417,1.545125e-05,0.0,nan,nan,nan
2177.501,1.545536e-05,0.0,nan,nan,nan
2177.589,1.545433e-05,0.0,nan,nan,nan
2177.672,1.545174e-05,0.0,nan,nan,nan
2177.756,1.545567e-05,0.0,nan,nan,nan
2177.84,1.545129e-05,0.0,nan,nan,nan
2177.924,1.545427e-05,0.0,nan,nan,nan
2178.014,1.545505e-05,0.0,nan,nan,nan
2178.098,1.545233e-05,0.0,nan,nan,nan
2178.181,1.545101e-05,0.0,nan,nan,nan
2178.265,1.545026e-05,0.0,nan,nan,nan
2178.348,1.544982e-05,0.0,nan,nan,nan
2178.432,1.545467e-05,0.0,nan,nan,nan
2178.515,1.545323e-05,0.0,nan,nan,nan
2178.599,1.545348e-05,0.0,nan,nan,nan
2178.683,1.545502e-05,0.0,nan,nan,nan
2178.766,1.544892e-05,0.0,nan,nan,nan
2178.85,1.545314e-05,0.0,nan,nan,nan
2178.934,1.545557e-05,0.0,nan,nan,nan
2179.028,1.545591e-05,0.0,nan,nan,nan
2179.149,1.545818e-05,0.0,nan,nan,nan
2179.252,1.545722e-05,0.0,nan,nan,nan
2179.336,1.54567e-05,0.0,nan,nan,nan
2179.438,1.545578e-05,0.0,nan,nan,nan
2179.522,1.545355e-05,0.0,nan,nan,nan
2179.606,1.545555e-05,0.0,nan,nan,nan
2179.69,1.545473e-05,0.0,nan,nan,nan
2179.774,1.545648e-05,0.0,nan,nan,nan
2179.866,1.54552e-05,0.0,nan,nan,nan
2179.949,1.545544e-05,0.0,nan,nan,nan
2180.044,1.545096e-05,0.0,nan,nan,nan
2180.128,1.545384e-05,0.0,nan,nan,nan
2180.212,1.545893e-05,0.0,nan,nan,nan
2180.296,1.545432e-05,0.0,nan,nan,nan
2180.38,1.545703e-05,0.0,nan,nan,nan
2180.468,1.545311e-05,0.0,nan,nan,nan
2180.551,1.545271e-05,0.0,nan,nan,nan
2180.635,1.545505e-05,0.0,nan,nan,nan
2180.72,1.545741e-05,0.0,nan,nan,nan
2180.803,1.545488e-05,0.0,nan,nan,nan
2180.887,1.545168e-05,0.0,nan,nan,nan
2180.971,1.545383e-05,0.0,nan,nan,nan
2181.081,1.545384e-05,0.0,nan,nan,nan
2181.203,1.545522e-05,0.0,nan,nan,nan
2181.291,1.545237e-05,0.0,nan,nan,nan
2181.374,1.545667e-05,0.0,nan,nan,nan
2181.458,1.545037e-05,0.0,nan,nan,nan
2181.542,1.545537e-05,0.0,nan,nan,nan
2181.626,1.545426e-05,0.0,nan,nan,nan
2181.718,1.545042e-05,0.0,nan,nan,nan
2181.802,1.545164e-05,0.0,nan,nan,nan
2181.889,1.545333e-05,0.0,nan,nan,nan
2181.973,1.545559e-05,0.0,nan,nan,nan
2182.057,1.545332e-05,0.0,nan,nan,nan
2182.141,1.545533e-05,0.0,nan,nan,nan
2182.224,1.545239e-05,0.0,nan,nan,nan
2182.308,1.545627e-05,0.0,nan,nan,nan
2182.391,1.545792e-05,0.0,nan,nan,nan
2182.475,1.545356e-05,0.0,nan,nan,nan
2182.558,1.545493e-05,0.0,nan,nan,nan
2182.642,1.545183e-05,0.0,nan,nan,nan
2182.726,1.545317e-05,0.0,nan,nan,nan
2182.81,1.545431e-05,0.0,nan,nan,nan
2182.894,1.545499e-05,0.0,nan,nan,nan
2182.977,1.545802e-05,0.0,nan,nan,nan
2183.061,1.545417e-05,0.0,nan,nan,nan
2183.145,1.545463e-05,0.0,nan,nan,nan
2183.243,1.545563e-05,0.0,nan,nan,nan
2183.328,1.545733e-05,0.0,nan,nan,nan
2183.411,1.545667e-05,0.0,nan,nan,nan
2183.496,1.545792e-05,0.0,nan,nan,nan
2183.579,1.545527e-05,0.0,nan,nan,nan
2183.663,1.545614e-05,0.0,nan,nan,nan
2183.774,1.545249e-05,0.0,nan,nan,nan
2183.858,1.544978e-05,0.0,nan,nan,nan
2183.964,1.545201e-05,0.0,nan,nan,nan
2184.048,1.545417e-05,0.0,nan,nan,nan
2184.131,1.545629e-05,0.0,nan,nan,nan
2184.215,1.545381e-05,0.0,nan,nan,nan
2184.301,1.545307e-05,0.0,nan,nan,nan
2184.385,1.545251e-05,0.0,nan,nan,nan
2184.468,1.545093e-05,0.0,nan,nan,nan
2184.561,1.545427e-05,0.0,nan,nan,nan
2184.644,1.54552e-05,0.0,nan,nan,nan
2184.729,1.54527e-05,0.0,nan,nan,nan
2184.812,1.545107e-05,0.0,nan,nan,nan
2184.896,1.545241e-05,0.0,nan,nan,nan
2184.98,1.545333e-05,0.0,nan,nan,nan
2185.063,1.545216e-05,0.0,nan,nan,nan
2185.147,1.545146e-05,0.0,nan,nan,nan
2185.23,1.545331e-05,0.0,nan,nan,nan
2185.314,1.545399e-05,0.0,nan,nan,nan
2185.399,1.545457e-05,0.0,nan,nan,nan
2185.482,1.545183e-05,0.0,nan,nan,nan
2185.588,1.545203e-05,0.0,nan,nan,nan
2185.672,1.545153e-05,0.0,nan,nan,nan
2185.778,1.545213e-05,0.0,nan,nan,nan
2185.861,1.545402e-05,0.0,nan,nan,nan
2185.947,1.544961e-05,0.0,nan,nan,nan
2186.03,1.545183e-05,0.0,nan,nan,nan
2186.114,1.544588e-05,0.0,nan,nan,nan
2186.197,1.544726e-05,0.0,nan,nan,nan
2186.281,1.545465e-05,0.0,nan,nan,nan
2186.365,1.545481e-05,0.0,nan,nan,nan
2186.448,1.545087e-05,0.0,nan,nan,nan
2186.532,1.545342e-05,0.0,nan,nan,nan
2186.616,1.544794e-05,0.0,nan,nan,nan
2186.699,1.544741e-05,0.0,nan,nan,nan
2186.81,1.544982e-05,0.0,nan,nan,nan
2186.893,1.545024e-05,0.0,nan,nan,nan
2186.979,1.544652e-05,0.0,nan,nan,nan
2187.063,1.545177e-05,0.0,nan,nan,nan
2187.146,1.545258e-05,0.0,nan,nan,nan
2187.23,1.545111e-05,0.0,nan,nan,nan
2187.313,1.545195e-05,0.0,nan,nan,nan
2187.403,1.545341e-05,0.0,nan,nan,nan
2187.504,1.544918e-05,0.0,nan,nan,nan
2187.589,1.545276e-05,0.0,nan,nan,nan
2187.672,1.54529e-05,0.0,nan,nan,nan
2187.759,1.544788e-05,0.0,nan,nan,nan
2187.855,1.544867e-05,0.0,nan,nan,nan
2187.939,1.544775e-05,0.0,nan,nan,nan
2188.027,1.544696e-05,0.0,nan,nan,nan
2188.11,1.545334e-05,0.0,nan,nan,nan
2188.194,1.544882e-05,0.0,nan,nan,nan
2188.278,1.545039e-05,0.0,nan,nan,nan
2188.362,1.545006e-05,0.0,nan,nan,nan
2188.445,1.544584e-05,0.0,nan,nan,nan
2188.529,1.545008e-05,0.0,nan,nan,nan
2188.612,1.545029e-05,0.0,nan,nan,nan
2188.696,1.544926e-05,0.0,nan,nan,nan
2188.78,1.544734e-05,0.0,nan,nan,nan
2188.869,1.544971e-05,0.0,nan,nan,nan
2188.953,1.544691e-05,0.0,nan,nan,nan
2189.045,1.544869e-05,0.0,nan,nan,nan
2189.129,1.544899e-05,0.0,nan,nan,nan
2189.213,1.544647e-05,0.0,nan,nan,nan
2189.297,1.544735e-05,0.0,nan,nan,nan
2189.381,1.544349e-05,0.0,nan,nan,nan
2189.486,1.544307e-05,0.0,nan,nan,nan
2189.57,1.544844e-05,0.0,nan,nan,nan
2189.665,1.544314e-05,0.0,nan,nan,nan
2189.749,1.544694e-05,0.0,nan,nan,nan
2189.844,1.544392e-05,0.0,nan,nan,nan
2189.928,1.54455e-05,0.0,nan,nan,nan
2190.012,1.544918e-05,0.0,nan,nan,nan
2190.095,1.544852e-05,0.0,nan,nan,nan
2190.179,1.544885e-05,0.0,nan,nan,nan
2190.272,1.544625e-05,0.0,nan,nan,nan
2190.356,1.544843e-05,0.0,nan,nan,nan
2190.44,1.544691e-05,0.0,nan,nan,nan
2190.524,1.544645e-05,0.0,nan,nan,nan
2190.608,1.544831e-05,0.0,nan,nan,nan
2190.705,1.545127e-05,0.0,nan,nan,nan
2190.789,1.545272e-05,0.0,nan,nan,nan
2190.873,1.545063e-05,0.0,nan,nan,nan
2190.956,1.545137e-05,0.0,nan,nan,nan
2191.04,1.545127e-05,0.0,nan,nan,nan
2191.124,1.545244e-05,0.0,nan,nan,nan
2191.208,1.545117e-05,0.0,nan,nan,nan
2191.296,1.545101e-05,0.0,nan,nan,nan
2191.38,1.545506e-05,0.0,nan,nan,nan
2191.463,1.545542e-05,0.0,nan,nan,nan
2191.57,1.545415e-05,0.0,nan,nan,nan
2191.654,1.545241e-05,0.0,nan,nan,nan
2191.74,1.545403e-05,0.0,nan,nan,nan
2191.823,1.545038e-05,0.0,nan,nan,nan
2191.934,1.545244e-05,0.0,nan,nan,nan
2192.018,1.544817e-05,0.0,nan,nan,nan
2192.12,1.545235e-05,0.0,nan,nan,nan
2192.203,1.545389e-05,0.0,nan,nan,nan
2192.289,1.545103e-05,0.0,nan,nan,nan
2192.372,1.545327e-05,0.0,nan,nan,nan
2192.458,1.545121e-05,0.0,nan,nan,nan
2192.552,1.545131e-05,0.0,nan,nan,nan
2192.635,1.544886e-05,0.0,nan,nan,nan
2192.719,1.545097e-05,0.0,nan,nan,nan
2192.803,1.544614e-05,0.0,nan,nan,nan
2192.886,1.544821e-05,0.0,nan,nan,nan
2192.97,1.544646e-05,0.0,nan,nan,nan
2193.053,1.54449e-05,0.0,nan,nan,nan
2193.141,1.545111e-05,0.0,nan,nan,nan
2193.224,1.544876e-05,0.0,nan,nan,nan
2193.308,1.545238e-05,0.0,nan,nan,nan
2193.392,1.545123e-05,0.0,nan,nan,nan
2193.477,1.544782e-05,0.0,nan,nan,nan
2193.56,1.544889e-05,0.0,nan,nan,nan
2193.644,1.544885e-05,0.0,nan,nan,nan
2193.728,1.545603e-05,0.0,nan,nan,nan
2193.811,1.545196e-05,0.0,nan,nan,nan
2193.895,1.545471e-05,0.0,nan,nan,nan
2193.983,1.544807e-05,0.0,nan,nan,nan
2194.067,1.54489e-05,0.0,nan,nan,nan
2194.171,1.544772e-05,0.0,nan,nan,nan
2194.255,1.545087e-05,0.0,nan,nan,nan
2194.338,1.545138e-05,0.0,nan,nan,nan
2194.422,1.545155e-05,0.0,nan,nan,nan
2194.506,1.545225e-05,0.0,nan,nan,nan
2194.59,1.545229e-05,0.0,nan,nan,nan
2194.673,1.544939e-05,0.0,nan,nan,nan
2194.761,1.54491e-05,0.0,nan,nan,nan
2194.845,1.544952e-05,0.0,nan,nan,nan
2194.929,1.545382e-05,0.0,nan,nan,nan
2195.013,1.545459e-05,0.0,nan,nan,nan
2195.096,1.54498e-05,0.0,nan,nan,nan
2195.18,1.545381e-05,0.0,nan,nan,nan
2195.264,1.545469e-05,0.0,nan,nan,nan
2195.349,1.545199e-05,0.0,nan,nan,nan
2195.432,1.545241e-05,0.0,nan,nan,nan
2195.516,1.545492e-05,0.0,nan,nan,nan
2195.603,1.545424e-05,0.0,nan,nan,nan
2195.721,1.545048e-05,0.0,nan,nan,nan
2195.804,1.545328e-05,0.0,nan,nan,nan
2195.888,1.545098e-05,0.0,nan,nan,nan
2195.973,1.545157e-05,0.0,nan,nan,nan
2196.057,1.544927e-05,0.0,nan,nan,nan
2196.14,1.54516e-05,0.0,nan,nan,nan
2196.224,1.54486e-05,0.0,nan,nan,nan
2196.308,1.545244e-05,0.0,nan,nan,nan
2196.407,1.545153e-05,0.0,nan,nan,nan
2196.491,1.545641e-05,0.0,nan,nan,nan
2196.596,1.545475e-05,0.0,nan,nan,nan
2196.679,1.544939e-05,0.0,nan,nan,nan
2196.766,1.545513e-05,0.0,nan,nan,nan
2196.85,1.545555e-05,0.0,nan,nan,nan
2196.934,1.545151e-05,0.0,nan,nan,nan
2197.019,1.545695e-05,0.0,nan,nan,nan
2197.103,1.54569e-05,0.0,nan,nan,nan
2197.188,1.545659e-05,0.0,nan,nan,nan
2197.272,1.54566e-05,0.0,nan,nan,nan
2197.355,1.54568e-05,0.0,nan,nan,nan
2197.439,1.545343e-05,0.0,nan,nan,nan
2197.522,1.545447e-05,0.0,nan,nan,nan
2197.606,1.545499e-05,0.0,nan,nan,nan
2197.69,1.545442e-05,0.0,nan,nan,nan
2197.786,1.545959e-05,0.0,nan,nan,nan
2197.87,1.545664e-05,0.0,nan,nan,nan
2197.953,1.545209e-05,0.0,nan,nan,nan
2198.037,1.545248e-05,0.0,nan,nan,nan
2198.121,1.545427e-05,0.0,nan,nan,nan
2198.204,1.545539e-05,0.0,nan,nan,nan
2198.287,1.545737e-05,0.0,nan,nan,nan
2198.371,1.545947e-05,0.0,nan,nan,nan
2198.455,1.545479e-05,0.0,nan,nan,nan
2198.539,1.545546e-05,0.0,nan,nan,nan
2198.627,1.545642e-05,0.0,nan,nan,nan
2198.711,1.545538e-05,0.0,nan,nan,nan
2198.795,1.545779e-05,0.0,nan,nan,nan
2198.878,1.545479e-05,0.0,nan,nan,nan
2198.962,1.545582e-05,0.0,nan,nan,nan
2199.045,1.545491e-05,0.0,nan,nan,nan
2199.129,1.545483e-05,0.0,nan,nan,nan
2199.212,1.545009e-05,0.0,nan,nan,nan
2199.296,1.545282e-05,0.0,nan,nan,nan
2199.379,1.545508e-05,0.0,nan,nan,nan
2199.463,1.545506e-05,0.0,nan,nan,nan
2199.546,1.545669e-05,0.0,nan,nan,nan
2199.641,1.545478e-05,0.0,nan,nan,nan
2199.725,1.545483e-05,0.0,nan,nan,nan
2199.821,1.545547e-05,0.0,nan,nan,nan
2199.913,1.545789e-05,0.0,nan,nan,nan
2200.0,1.545536e-05,0.0,nan,nan,nan
2200.083,1.545421e-05,0.0,nan,nan,nan
2200.167,1.545351e-05,0.0,nan,nan,nan
2200.251,1.544873e-05,0.0,nan,nan,nan
2200.335,1.544971e-05,0.0,nan,nan,nan
2200.42,1.545049e-05,0.0,nan,nan,nan
2200.504,1.545247e-05,0.0,nan,nan,nan
2200.588,1.545198e-05,0.0,nan,nan,nan
2200.682,1.545232e-05,0.0,nan,nan,nan
2200.766,1.545223e-05,0.0,nan,nan,nan
2200.85,1.54512e-05,0.0,nan,nan,nan
2200.933,1.544864e-05,0.0,nan,nan,nan
2201.017,1.544912e-05,0.0,nan,nan,nan
2201.101,1.545133e-05,0.0,nan,nan,nan
2201.185,1.544944e-05,0.0,nan,nan,nan
2201.272,1.545217e-05,0.0,nan,nan,nan
2201.356,1.544701e-05,0.0,nan,nan,nan
2201.439,1.545226e-05,0.0,nan,nan,nan
2201.523,1.545289e-05,0.0,nan,nan,nan
2201.607,1.545385e-05,0.0,nan,nan,nan
2201.703,1.545122e-05,0.0,nan,nan,nan
2201.787,1.545038e-05,0.0,nan,nan,nan
2201.877,1.545316e-05,0.0,nan,nan,nan
2201.96,1.545247e-05,0.0,nan,nan,nan
2202.044,1.545289e-05,0.0,nan,nan,nan
2202.128,1.545626e-05,0.0,nan,nan,nan
2202.212,1.545537e-05,0.0,nan,nan,nan
2202.295,1.545505e-05,0.0,nan,nan,nan
2202.379,1.545678e-05,0.0,nan,nan,nan
2202.463,1.545607e-05,0.0,nan,nan,nan
2202.546,1.545648e-05,0.0,nan,nan,nan
2202.63,1.545482e-05,0.0,nan,nan,nan
2202.713,1.545697e-05,0.0,nan,nan,nan
2202.797,1.545307e-05,0.0,nan,nan,nan
2202.881,1.545512e-05,0.0,nan,nan,nan
2202.964,1.545693e-05,0.0,nan,nan,nan
2203.048,1.545972e-05,0.0,nan,nan,nan
2203.132,1.545727e-05,0.0,nan,nan,nan
2203.215,1.545679e-05,0.0,nan,nan,nan
2203.305,1.545222e-05,0.0,nan,nan,nan
2203.389,1.545268e-05,0.0,nan,nan,nan
2203.473,1.545131e-05,0.0,nan,nan,nan
2203.557,1.545274e-05,0.0,nan,nan,nan
2203.64,1.54528e-05,0.0,nan,nan,nan
2203.724,1.545657e-05,0.0,nan,nan,nan
2203.807,1.545829e-05,0.0,nan,nan,nan
2203.891,1.54582e-05,0.0,nan,nan,nan
2204.001,1.545538e-05,0.0,nan,nan,nan
2204.086,1.545742e-05,0.0,nan,nan,nan
2204.17,1.545588e-05,0.0,nan,nan,nan
2204.254,1.545417e-05,0.0,nan,nan,nan
2204.337,1.545698e-05,0.0,nan,nan,nan
2204.421,1.545647e-05,0.0,nan,nan,nan
2204.522,1.545193e-05,0.0,nan,nan,nan
2204.606,1.545611e-05,0.0,nan,nan,nan
2204.69,1.545285e-05,0.0,nan,nan,nan
2204.773,1.545504e-05,0.0,nan,nan,nan
2204.857,1.545354e-05,0.0,nan,nan,nan
2204.956,1.545356e-05,0.0,nan,nan,nan
2205.04,1.545267e-05,0.0,nan,nan,nan
2205.124,1.545181e-05,0.0,nan,nan,nan
2205.208,1.545176e-05,0.0,nan,nan,nan
2205.291,1.545324e-05,0.0,nan,nan,nan
2205.375,1.54541e-05,0.0,nan,nan,nan
2205.459,1.545171e-05,0.0,nan,nan,nan
2205.571,1.545572e-05,0.0,nan,nan,nan
2205.654,1.545207e-05,0.0,nan,nan,nan
2205.757,1.545319e-05,0.0,nan,nan,nan
2205.841,1.545267e-05,0.0,nan,nan,nan
2205.925,1.545062e-05,0.0,nan,nan,nan
2206.053,1.545175e-05,0.0,nan,nan,nan
2206.136,1.545385e-05,0.0,nan,nan,nan
2206.22,1.545443e-05,0.0,nan,nan,nan
2206.304,1.54545e-05,0.0,nan,nan,nan
2206.404,1.545064e-05,0.0,nan,nan,nan
2206.487,1.544957e-05,0.0,nan,nan,nan
2206.588,1.545111e-05,0.0,nan,nan,nan
2206.672,1.545065e-05,0.0,nan,nan,nan
2206.756,1.545132e-05,0.0,nan,nan,nan
2206.839,1.545379e-05,0.0,nan,nan,nan
2206.924,1.545282e-05,0.0,nan,nan,nan
2207.007,1.545354e-05,0.0,nan,nan,nan
2207.091,1.545483e-05,0.0,nan,nan,nan
2207.175,1.545201e-05,0.0,nan,nan,nan
2207.258,1.545331e-05,0.0,nan,nan,nan
2207.342,1.545105e-05,0.0,nan,nan,nan
2207.426,1.54506e-05,0.0,nan,nan,nan
2207.51,1.54499e-05,0.0,nan,nan,nan
2207.607,1.545417e-05,0.0,nan,nan,nan
2207.69,1.545501e-05,0.0,nan,nan,nan
2207.774,1.545611e-05,0.0,nan,nan,nan
2207.858,1.545212e-05,0.0,nan,nan,nan
2207.941,1.54479e-05,0.0,nan,nan,nan
2208.025,1.545628e-05,0.0,nan,nan,nan
2208.124,1.545575e-05,0.0,nan,nan,nan
2208.227,1.545835e-05,0.0,nan,nan,nan
2208.31,1.545619e-05,0.0,nan,nan,nan
2208.395,1.545612e-05,0.0,nan,nan,nan
2208.479,1.545457e-05,0.0,nan,nan,nan
2208.563,1.545334e-05,0.0,nan,nan,nan
2208.65,1.545524e-05,0.0,nan,nan,nan
2208.734,1.546122e-05,0.0,nan,nan,nan
2208.839,1.545502e-05,0.0,nan,nan,nan
2208.923,1.545512e-05,0.0,nan,nan,nan
2209.03,1.545422e-05,0.0,nan,nan,nan
2209.114,1.545692e-05,0.0,nan,nan,nan
2209.198,1.5451e-05,0.0,nan,nan,nan
2209.281,1.545394e-05,0.0,nan,nan,nan
2209.365,1.545745e-05,0.0,nan,nan,nan
2209.449,1.545487e-05,0.0,nan,nan,nan
2209.533,1.545539e-05,0.0,nan,nan,nan
2209.616,1.54554e-05,0.0,nan,nan,nan
2209.7,1.545672e-05,0.0,nan,nan,nan
2209.785,1.545666e-05,0.0,nan,nan,nan
2209.869,1.54566e-05,0.0,nan,nan,nan
2209.953,1.54582e-05,0.0,nan,nan,nan
2210.048,1.545423e-05,0.0,nan,nan,nan
2210.132,1.545237e-05,0.0,nan,nan,nan
2210.92,1.544959e-05,0.0,nan,nan,nan
2211.005,1.545111e-05,0.0,nan,nan,nan
2211.089,1.545191e-05,0.0,nan,nan,nan
2211.172,1.545408e-05,0.0,nan,nan,nan
2211.272,1.545031e-05,0.0,nan,nan,nan
2211.356,1.545183e-05,0.0,nan,nan,nan
2211.441,1.544815e-05,0.0,nan,nan,nan
2211.524,1.544826e-05,0.0,nan,nan,nan
2211.608,1.544593e-05,0.0,nan,nan,nan
2211.692,1.544738e-05,0.0,nan,nan,nan
2211.776,1.54535e-05,0.0,nan,nan,nan
2211.861,1.545395e-05,0.0,nan,nan,nan
2211.945,1.544534e-05,0.0,nan,nan,nan
2212.029,1.544836e-05,0.0,nan,nan,nan
2212.113,1.544018e-05,0.0,nan,nan,nan
2212.196,1.543956e-05,0.0,nan,nan,nan
2212.305,1.544652e-05,0.0,nan,nan,nan
2212.389,1.544817e-05,0.0,nan,nan,nan
2212.473,1.544803e-05,0.0,nan,nan,nan
2212.557,1.544776e-05,0.0,nan,nan,nan
2212.641,1.544878e-05,0.0,nan,nan,nan
2212.732,1.544948e-05,0.0,nan,nan,nan
2212.816,1.545412e-05,0.0,nan,nan,nan
2212.901,1.544718e-05,0.0,nan,nan,nan
2213.003,1.544767e-05,0.0,nan,nan,nan
2213.086,1.544721e-05,0.0,nan,nan,nan
2213.17,1.544522e-05,0.0,nan,nan,nan
2213.255,1.544853e-05,0.0,nan,nan,nan
2213.34,1.544561e-05,0.0,nan,nan,nan
2213.424,1.544671e-05,0.0,nan,nan,nan
2213.523,1.545128e-05,0.0,nan,nan,nan
2213.606,1.54494e-05,0.0,nan,nan,nan
2213.69,1.545177e-05,0.0,nan,nan,nan
2213.773,1.545379e-05,0.0,nan,nan,nan
2213.857,1.545463e-05,0.0,nan,nan,nan
2213.943,1.545236e-05,0.0,nan,nan,nan
2214.026,1.545606e-05,0.0,nan,nan,nan
2214.11,1.545385e-05,0.0,nan,nan,nan
2214.194,1.545468e-05,0.0,nan,nan,nan
2214.277,1.545611e-05,0.0,nan,nan,nan
2214.361,1.545611e-05,0.0,nan,nan,nan
2214.445,1.545406e-05,0.0,nan,nan,nan
2214.54,1.545379e-05,0.0,nan,nan,nan
2214.623,1.545325e-05,0.0,nan,nan,nan
2214.707,1.545412e-05,0.0,nan,nan,nan
2214.791,1.545514e-05,0.0,nan,nan,nan
2214.874,1.545418e-05,0.0,nan,nan,nan
2214.978,1.545629e-05,0.0,nan,nan,nan
2215.08,1.545362e-05,0.0,nan,nan,nan
2215.178,1.545529e-05,0.0,nan,nan,nan
2215.262,1.545719e-05,0.0,nan,nan,nan
2215.345,1.546043e-05,0.0,nan,nan,nan
2215.429,1.5454e-05,0.0,nan,nan,nan
2215.512,1.545125e-05,0.0,nan,nan,nan
2215.596,1.545009e-05,0.0,nan,nan,nan
2215.679,1.544642e-05,0.0,nan,nan,nan
2215.777,1.545297e-05,0.0,nan,nan,nan
2215.861,1.545621e-05,0.0,nan,nan,nan
2215.945,1.545328e-05,0.0,nan,nan,nan
2216.028,1.545276e-05,0.0,nan,nan,nan
2216.112,1.545372e-05,0.0,nan,nan,nan
2216.195,1.545324e-05,0.0,nan,nan,nan
2216.279,1.545573e-05,0.0,nan,nan,nan
2216.365,1.545348e-05,0.0,nan,nan,nan
2216.449,1.545383e-05,0.0,nan,nan,nan
2216.532,1.545566e-05,0.0,nan,nan,nan
2216.616,1.545663e-05,0.0,nan,nan,nan
2216.7,1.545457e-05,0.0,nan,nan,nan
2216.8,1.545171e-05,0.0,nan,nan,nan
2216.884,1.545447e-05,0.0,nan,nan,nan
2216.968,1.545771e-05,0.0,nan,nan,nan
2217.051,1.545923e-05,0.0,nan,nan,nan
2217.143,1.545525e-05,0.0,nan,nan,nan
2217.227,1.54582e-05,0.0,nan,nan,nan
2217.311,1.545717e-05,0.0,nan,nan,nan
2217.411,1.545716e-05,0.0,nan,nan,nan
2217.495,1.545429e-05,0.0,nan,nan,nan
2217.579,1.545484e-05,0.0,nan,nan,nan
2217.662,1.545521e-05,0.0,nan,nan,nan
2217.746,1.545283e-05,0.0,nan,nan,nan
2217.83,1.545199e-05,0.0,nan,nan,nan
2217.913,1.545362e-05,0.0,nan,nan,nan
2217.997,1.5456e-05,0.0,nan,nan,nan
2218.081,1.545329e-05,0.0,nan,nan,nan
2218.166,1.545555e-05,0.0,nan,nan,nan
2218.25,1.545025e-05,0.0,nan,nan,nan
2218.333,1.545668e-05,0.0,nan,nan,nan
2218.429,1.545476e-05,0.0,nan,nan,nan
2218.513,1.545342e-05,0.0,nan,nan,nan
2218.596,1.545164e-05,0.0,nan,nan,nan
2218.68,1.545556e-05,0.0,nan,nan,nan
2218.764,1.545143e-05,0.0,nan,nan,nan
2218.848,1.54524e-05,0.0,nan,nan,nan
2218.931,1.545387e-05,0.0,nan,nan,nan
2219.026,1.545643e-05,0.0,nan,nan,nan
2219.11,1.545623e-05,0.0,nan,nan,nan
2219.205,1.545456e-05,0.0,nan,nan,nan
2219.289,1.545551e-05,0.0,nan,nan,nan
2219.372,1.545059e-05,0.0,nan,nan,nan
2219.458,1.54548e-05,0.0,nan,nan,nan
2219.542,1.545427e-05,0.0,nan,nan,nan
2219.625,1.545295e-05,0.0,nan,nan,nan
2219.709,1.545551e-05,0.0,nan,nan,nan
2219.793,1.545565e-05,0.0,nan,nan,nan
2219.877,1.545931e-05,0.0,nan,nan,nan
2219.96,1.545435e-05,0.0,nan,nan,nan
2220.045,1.545548e-05,0.0,nan,nan,nan
2220.128,1.54579e-05,0.0,nan,nan,nan
2220.212,1.545904e-05,0.0,nan,nan,nan
2220.296,1.545428e-05,0.0,nan,nan,nan
2220.379,1.545717e-05,0.0,nan,nan,nan
2220.481,1.545532e-05,0.0,nan,nan,nan
2220.565,1.545918e-05,0.0,nan,nan,nan
2220.648,1.545637e-05,0.0,nan,nan,nan
2220.732,1.545894e-05,0.0,nan,nan,nan
2220.816,1.545514e-05,0.0,nan,nan,nan
2220.901,1.54575e-05,0.0,nan,nan,nan
2220.984,1.546039e-05,0.0,nan,nan,nan
2221.083,1.545453e-05,0.0,nan,nan,nan
2221.166,1.545159e-05,0.0,nan,nan,nan
2221.255,1.545253e-05,0.0,nan,nan,nan
2221.339,1.545278e-05,0.0,nan,nan,nan
2221.425,1.545764e-05,0.0,nan,nan,nan
2221.51,1.545955e-05,0.0,nan,nan,nan
2221.594,1.545348e-05,0.0,nan,nan,nan
2221.678,1.545277e-05,0.0,nan,nan,nan
2221.761,1.545481e-05,0.0,nan,nan,nan
2221.845,1.545009e-05,0.0,nan,nan,nan
2221.929,1.545402e-05,0.0,nan,nan,nan
2222.012,1.545668e-05,0.0,nan,nan,nan
2222.111,1.545798e-05,0.0,nan,nan,nan
2222.195,1.54553e-05,0.0,nan,nan,nan
2222.28,1.545461e-05,0.0,nan,nan,nan
2222.364,1.545622e-05,0.0,nan,nan,nan
2222.447,1.545691e-05,0.0,nan,nan,nan
2222.531,1.545592e-05,0.0,nan,nan,nan
2222.615,1.545679e-05,0.0,nan,nan,nan
2222.698,1.54551e-05,0.0,nan,nan,nan
2222.782,1.545869e-05,0.0,nan,nan,nan
2222.865,1.54555e-05,0.0,nan,nan,nan
2222.949,1.545974e-05,0.0,nan,nan,nan
2223.033,1.546301e-05,0.0,nan,nan,nan
2223.134,1.545665e-05,0.0,nan,nan,nan
2223.217,1.545181e-05,0.0,nan,nan,nan
2223.336,1.545698e-05,0.0,nan,nan,nan
2223.42,1.545678e-05,0.0,nan,nan,nan
2223.503,1.545548e-05,0.0,nan,nan,nan
2223.587,1.545589e-05,0.0,nan,nan,nan
2223.673,1.545461e-05,0.0,nan,nan,nan
2223.757,1.545533e-05,0.0,nan,nan,nan
2223.841,1.545543e-05,0.0,nan,nan,nan
2223.948,1.545521e-05,0.0,nan,nan,nan
2224.032,1.545518e-05,0.0,nan,nan,nan
2224.115,1.545857e-05,0.0,nan,nan,nan
2224.199,1.545216e-05,0.0,nan,nan,nan
2224.282,1.545484e-05,0.0,nan,nan,nan
2224.366,1.546142e-05,0.0,nan,nan,nan
2224.45,1.545432e-05,0.0,nan,nan,nan
2224.538,1.545022e-05,0.0,nan,nan,nan
2224.622,1.545288e-05,0.0,nan,nan,nan
2224.705,1.545637e-05,0.0,nan,nan,nan
2224.789,1.545279e-05,0.0,nan,nan,nan
2224.872,1.545602e-05,0.0,nan,nan,nan
2224.956,1.545808e-05,0.0,nan,nan,nan
2225.04,1.546161e-05,0.0,nan,nan,nan
2225.123,1.545934e-05,0.0,nan,nan,nan
2225.207,1.545781e-05,0.0,nan,nan,nan
2225.291,1.546241e-05,0.0,nan,nan,nan
2225.411,1.545384e-05,0.0,nan,nan,nan
2225.495,1.545933e-05,0.0,nan,nan,nan
2225.585,1.545712e-05,0.0,nan,nan,nan
2225.669,1.545664e-05,0.0,nan,nan,nan
2225.752,1.545698e-05,0.0,nan,nan,nan
2225.836,1.545572e-05,0.0,nan,nan,nan
2225.92,1.545462e-05,0.0,nan,nan,nan
2226.003,1.54589e-05,0.0,nan,nan,nan
2226.087,1.545804e-05,0.0,nan,nan,nan
2226.189,1.54532e-05,0.0,nan,nan,nan
2226.273,1.545505e-05,0.0,nan,nan,nan
2226.356,1.54537e-05,0.0,nan,nan,nan
2226.44,1.545255e-05,0.0,nan,nan,nan
2226.524,1.545296e-05,0.0,nan,nan,nan
2226.608,1.545412e-05,0.0,nan,nan,nan
2226.691,1.545506e-05,0.0,nan,nan,nan
2226.792,1.545199e-05,0.0,nan,nan,nan
2226.875,1.545174e-05,0.0,nan,nan,nan
2226.959,1.545581e-05,0.0,nan,nan,nan
2227.043,1.545471e-05,0.0,nan,nan,nan
2227.126,1.545428e-05,0.0,nan,nan,nan
2227.21,1.545366e-05,0.0,nan,nan,nan
2227.294,1.545365e-05,0.0,nan,nan,nan
2227.377,1.545473e-05,0.0,nan,nan,nan
2227.468,1.545536e-05,0.0,nan,nan,nan
2227.552,1.545193e-05,0.0,nan,nan,nan
2227.636,1.545112e-05,0.0,nan,nan,nan
2227.719,1.545594e-05,0.0,nan,nan,nan
2227.816,1.545978e-05,0.0,nan,nan,nan
2227.899,1.545652e-05,0.0,nan,nan,nan
2227.983,1.545648e-05,0.0,nan,nan,nan
2228.067,1.545341e-05,0.0,nan,nan,nan
2228.151,1.545363e-05,0.0,nan,nan,nan
2228.234,1.545509e-05,0.0,nan,nan,nan
2228.318,1.545249e-05,0.0,nan,nan,nan
2228.402,1.545397e-05,0.0,nan,nan,nan
2228.485,1.545214e-05,0.0,nan,nan,nan
2228.569,1.545222e-05,0.0,nan,nan,nan
2228.653,1.545359e-05,0.0,nan,nan,nan
2228.736,1.545144e-05,0.0,nan,nan,nan
2228.832,1.545351e-05,0.0,nan,nan,nan
2228.916,1.545705e-05,0.0,nan,nan,nan
2229.0,1.54548e-05,0.0,nan,nan,nan
2229.084,1.545623e-05,0.0,nan,nan,nan
2229.167,1.545129e-05,0.0,nan,nan,nan
2229.267,1.54516e-05,0.0,nan,nan,nan
2229.351,1.54583e-05,0.0,nan,nan,nan
2229.435,1.545539e-05,0.0,nan,nan,nan
2229.541,1.545672e-05,0.0,nan,nan,nan
2229.625,1.545533e-05,0.0,nan,nan,nan
2229.709,1.545439e-05,0.0,nan,nan,nan
2229.793,1.545364e-05,0.0,nan,nan,nan
2229.889,1.545695e-05,0.0,nan,nan,nan
2229.973,1.545731e-05,0.0,nan,nan,nan
2230.077,1.545521e-05,0.0,nan,nan,nan
2230.16,1.545285e-05,0.0,nan,nan,nan
2230.244,1.545305e-05,0.0,nan,nan,nan
2230.328,1.545489e-05,0.0,nan,nan,nan
2230.412,1.546061e-05,0.0,nan,nan,nan
2230.496,1.544918e-05,0.0,nan,nan,nan
2230.579,1.545255e-05,0.0,nan,nan,nan
2230.664,1.545121e-05,0.0,nan,nan,nan
2230.747,1.545537e-05,0.0,nan,nan,nan
2230.831,1.545667e-05,0.0,nan,nan,nan
2230.915,1.54531e-05,0.0,nan,nan,nan
2230.998,1.545442e-05,0.0,nan,nan,nan
2231.103,1.545175e-05,0.0,nan,nan,nan
2231.187,1.545112e-05,0.0,nan,nan,nan
2231.291,1.545352e-05,0.0,nan,nan,nan
2231.374,1.545355e-05,0.0,nan,nan,nan
2231.458,1.54552e-05,0.0,nan,nan,nan
2231.542,1.545686e-05,0.0,nan,nan,nan
2231.625,1.545314e-05,0.0,nan,nan,nan
2231.725,1.545769e-05,0.0,nan,nan,nan
2231.809,1.545522e-05,0.0,nan,nan,nan
2231.892,1.54558e-05,0.0,nan,nan,nan
2231.976,1.545668e-05,0.0,nan,nan,nan
2232.06,1.545676e-05,0.0,nan,nan,nan
2232.145,1.545348e-05,0.0,nan,nan,nan
2232.228,1.545756e-05,0.0,nan,nan,nan
2232.322,1.545207e-05,0.0,nan,nan,nan
2232.405,1.545917e-05,0.0,nan,nan,nan
2232.489,1.545623e-05,0.0,nan,nan,nan
2232.572,1.545827e-05,0.0,nan,nan,nan
2232.656,1.546026e-05,0.0,nan,nan,nan
2232.742,1.545832e-05,0.0,nan,nan,nan
2232.825,1.545422e-05,0.0,nan,nan,nan
2232.912,1.545622e-05,0.0,nan,nan,nan
2232.996,1.545581e-05,0.0,nan,nan,nan
2233.079,1.545521e-05,0.0,nan,nan,nan
2233.163,1.545345e-05,0.0,nan,nan,nan
2233.247,1.545411e-05,0.0,nan,nan,nan
2233.347,1.54562e-05,0.0,nan,nan,nan
2233.43,1.545914e-05,0.0,nan,nan,nan
2233.514,1.545463e-05,0.0,nan,nan,nan
2233.598,1.545785e-05,0.0,nan,nan,nan
2233.683,1.545931e-05,0.0,nan,nan,nan
2233.769,1.545487e-05,0.0,nan,nan,nan
2233.853,1.545407e-05,0.0,nan,nan,nan
2233.955,1.545312e-05,0.0,nan,nan,nan
2234.038,1.546077e-05,0.0,nan,nan,nan
2234.123,1.545929e-05,0.0,nan,nan,nan
2234.206,1.545644e-05,0.0,nan,nan,nan
2234.29,1.54533e-05,0.0,nan,nan,nan
2234.388,1.545919e-05,0.0,nan,nan,nan
2234.472,1.546118e-05,0.0,nan,nan,nan
2234.56,1.545567e-05,0.0,nan,nan,nan
2234.644,1.545905e-05,0.0,nan,nan,nan
2234.752,1.54521e-05,0.0,nan,nan,nan
2234.836,1.546018e-05,0.0,nan,nan,nan
2234.919,1.546045e-05,0.0,nan,nan,nan
2235.003,1.545748e-05,0.0,nan,nan,nan
2235.086,1.545714e-05,0.0,nan,nan,nan
2235.184,1.545425e-05,0.0,nan,nan,nan
2235.268,1.545619e-05,0.0,nan,nan,nan
2235.351,1.545638e-05,0.0,nan,nan,nan
2235.435,1.545574e-05,0.0,nan,nan,nan
2235.52,1.545496e-05,0.0,nan,nan,nan
2235.603,1.545506e-05,0.0,nan,nan,nan
2235.687,1.545177e-05,0.0,nan,nan,nan
2235.771,1.545298e-05,0.0,nan,nan,nan
2235.854,1.545377e-05,0.0,nan,nan,nan
2235.938,1.545581e-05,0.0,nan,nan,nan
2236.022,1.545434e-05,0.0,nan,nan,nan
2236.106,1.545646e-05,0.0,nan,nan,nan
2236.195,1.545989e-05,0.0,nan,nan,nan
2236.279,1.545892e-05,0.0,nan,nan,nan
2236.362,1.545688e-05,0.0,nan,nan,nan
2236.446,1.545395e-05,0.0,nan,nan,nan
2236.53,1.545521e-05,0.0,nan,nan,nan
2236.613,1.545533e-05,0.0,nan,nan,nan
2236.697,1.545492e-05,0.0,nan,nan,nan
2236.794,1.545589e-05,0.0,nan,nan,nan
2236.878,1.545891e-05,0.0,nan,nan,nan
2236.962,1.546009e-05,0.0,nan,nan,nan
2237.046,1.545397e-05,0.0,nan,nan,nan
2237.13,1.545564e-05,0.0,nan,nan,nan
2237.234,1.545434e-05,0.0,nan,nan,nan
2237.318,1.545467e-05,0.0,nan,nan,nan
2237.402,1.545646e-05,0.0,nan,nan,nan
2237.485,1.54557e-05,0.0,nan,nan,nan
2237.569,1.545344e-05,0.0,nan,nan,nan
2237.653,1.54563e-05,0.0,nan,nan,nan
2237.736,1.545496e-05,0.0,nan,nan,nan
2237.82,1.545621e-05,0.0,nan,nan,nan
2237.904,1.545585e-05,0.0,nan,nan,nan
2237.987,1.545779e-05,0.0,nan,nan,nan
2238.071,1.545564e-05,0.0,nan,nan,nan
2238.154,1.545277e-05,0.0,nan,nan,nan
2238.238,1.545773e-05,0.0,nan,nan,nan
2238.322,1.545733e-05,0.0,nan,nan,nan
2238.406,1.545968e-05,0.0,nan,nan,nan
2238.49,1.545977e-05,0.0,nan,nan,nan
2238.573,1.545721e-05,0.0,nan,nan,nan
2238.657,1.545766e-05,0.0,nan,nan,nan
2238.741,1.545478e-05,0.0,nan,nan,nan
2238.824,1.545915e-05,0.0,nan,nan,nan
2238.908,1.545841e-05,0.0,nan,nan,nan
2238.992,1.545914e-05,0.0,nan,nan,nan
2239.089,1.546155e-05,0.0,nan,nan,nan
2239.172,1.545884e-05,0.0,nan,nan,nan
2239.256,1.545682e-05,0.0,nan,nan,nan
2239.34,1.545526e-05,0.0,nan,nan,nan
2239.424,1.545247e-05,0.0,nan,nan,nan
2239.507,1.545529e-05,0.0,nan,nan,nan
2239.591,1.545733e-05,0.0,nan,nan,nan
2239.675,1.545756e-05,0.0,nan,nan,nan
2239.761,1.545615e-05,0.0,nan,nan,nan
2239.919,1.545867e-05,0.0,nan,nan,nan
2240.005,1.54602e-05,0.0,nan,nan,nan
2240.092,1.545884e-05,0.0,nan,nan,nan
2240.175,1.545489e-05,0.0,nan,nan,nan
2240.259,1.545779e-05,0.0,nan,nan,nan
2240.343,1.545454e-05,0.0,nan,nan,nan
2240.426,1.545637e-05,0.0,nan,nan,nan
2240.51,1.545569e-05,0.0,nan,nan,nan
2240.593,1.545374e-05,0.0,nan,nan,nan
2240.677,1.54562e-05,0.0,nan,nan,nan
2240.76,1.545629e-05,0.0,nan,nan,nan
2240.844,1.545887e-05,0.0,nan,nan,nan
2240.928,1.545924e-05,0.0,nan,nan,nan
2241.011,1.545656e-05,0.0,nan,nan,nan
2241.115,1.545745e-05,0.0,nan,nan,nan
2241.199,1.545495e-05,0.0,nan,nan,nan
2241.282,1.54528e-05,0.0,nan,nan,nan
2241.366,1.546337e-05,0.0,nan,nan,nan
2241.451,1.545716e-05,0.0,nan,nan,nan
2241.534,1.546042e-05,0.0,nan,nan,nan
2241.618,1.545807e-05,0.0,nan,nan,nan
2241.702,1.545864e-05,0.0,nan,nan,nan
2241.785,1.546126e-05,0.0,nan,nan,nan
2241.87,1.545664e-05,0.0,nan,nan,nan
2241.986,1.545754e-05,0.0,nan,nan,nan
2242.07,1.545752e-05,0.0,nan,nan,nan
2242.153,1.545848e-05,0.0,nan,nan,nan
2242.236,1.545541e-05,0.0,nan,nan,nan
2242.323,1.545634e-05,0.0,nan,nan,nan
2242.406,1.546065e-05,0.0,nan,nan,nan
2242.491,1.545437e-05,0.0,nan,nan,nan
2242.575,1.545046e-05,0.0,nan,nan,nan
2242.659,1.545806e-05,0.0,nan,nan,nan
2242.743,1.545643e-05,0.0,nan,nan,nan
2242.827,1.546007e-05,0.0,nan,nan,nan
2242.913,1.545917e-05,0.0,nan,nan,nan
2242.997,1.545913e-05,0.0,nan,nan,nan
2243.081,1.545753e-05,0.0,nan,nan,nan
2243.164,1.54584e-05,0.0,nan,nan,nan
2243.248,1.545891e-05,0.0,nan,nan,nan
2243.342,1.545788e-05,0.0,nan,nan,nan
2243.425,1.545977e-05,0.0,nan,nan,nan
2243.51,1.545885e-05,0.0,nan,nan,nan
2243.594,1.54576e-05,0.0,nan,nan,nan
2243.678,1.545852e-05,0.0,nan,nan,nan
2243.761,1.546361e-05,0.0,nan,nan,nan
2243.845,1.546978e-05,0.0,nan,nan,nan
2243.929,1.546053e-05,0.0,nan,nan,nan
2244.013,1.546144e-05,0.0,nan,nan,nan
2244.098,1.546055e-05,0.0,nan,nan,nan
2244.182,1.546007e-05,0.0,nan,nan,nan
2244.266,1.546148e-05,0.0,nan,nan,nan
2244.361,1.546368e-05,0.0,nan,nan,nan
2244.444,1.546131e-05,0.0,nan,nan,nan
2244.528,1.546414e-05,0.0,nan,nan,nan
2244.611,1.546342e-05,0.0,nan,nan,nan
2244.695,1.54658e-05,0.0,nan,nan,nan
2244.778,1.54623e-05,0.0,nan,nan,nan
2244.862,1.545785e-05,0.0,nan,nan,nan
2244.946,1.545754e-05,0.0,nan,nan,nan
2245.03,1.545924e-05,0.0,nan,nan,nan
2245.113,1.54615e-05,0.0,nan,nan,nan
2245.197,1.546064e-05,0.0,nan,nan,nan
2245.281,1.546117e-05,0.0,nan,nan,nan
2245.381,1.545684e-05,0.0,nan,nan,nan
2245.465,1.546098e-05,0.0,nan,nan,nan
2245.548,1.545633e-05,0.0,nan,nan,nan
2245.632,1.545708e-05,0.0,nan,nan,nan
2245.716,1.545836e-05,0.0,nan,nan,nan
2245.8,1.54626e-05,0.0,nan,nan,nan
2245.884,1.54561e-05,0.0,nan,nan,nan
2245.986,1.545276e-05,0.0,nan,nan,nan
2246.07,1.545648e-05,0.0,nan,nan,nan
2246.17,1.545862e-05,0.0,nan,nan,nan
2246.254,1.545585e-05,0.0,nan,nan,nan
2246.337,1.545857e-05,0.0,nan,nan,nan
2246.421,1.545875e-05,0.0,nan,nan,nan
2246.504,1.545758e-05,0.0,nan,nan,nan
2246.596,1.545727e-05,0.0,nan,nan,nan
2246.68,1.545611e-05,0.0,nan,nan,nan
2246.765,1.545689e-05,0.0,nan,nan,nan
2246.848,1.545866e-05,0.0,nan,nan,nan
2246.932,1.54575e-05,0.0,nan,nan,nan
2247.015,1.546005e-05,0.0,nan,nan,nan
2247.099,1.546006e-05,0.0,nan,nan,nan
2247.182,1.546113e-05,0.0,nan,nan,nan
2247.266,1.545436e-05,0.0,nan,nan,nan
2247.351,1.54594e-05,0.0,nan,nan,nan
2247.437,1.54561e-05,0.0,nan,nan,nan
2247.52,1.546032e-05,0.0,nan,nan,nan
2247.617,1.545901e-05,0.0,nan,nan,nan
2247.701,1.545867e-05,0.0,nan,nan,nan
2247.784,1.546281e-05,0.0,nan,nan,nan
2247.868,1.54603e-05,0.0,nan,nan,nan
2247.951,1.545882e-05,0.0,nan,nan,nan
2248.035,1.545694e-05,0.0,nan,nan,nan
2248.119,1.546046e-05,0.0,nan,nan,nan
2248.251,1.545996e-05,0.0,nan,nan,nan
2248.334,1.545463e-05,0.0,nan,nan,nan
2248.419,1.545936e-05,0.0,nan,nan,nan
2248.503,1.546176e-05,0.0,nan,nan,nan
2248.587,1.546064e-05,0.0,nan,nan,nan
2248.67,1.546307e-05,0.0,nan,nan,nan
2248.754,1.545806e-05,0.0,nan,nan,nan
2248.837,1.546327e-05,0.0,nan,nan,nan
2248.921,1.545872e-05,0.0,nan,nan,nan
2249.005,1.545844e-05,0.0,nan,nan,nan
2249.089,1.545434e-05,0.0,nan,nan,nan
2249.173,1.545452e-05,0.0,nan,nan,nan
2249.257,1.545556e-05,0.0,nan,nan,nan
2249.341,1.545948e-05,0.0,nan,nan,nan
2249.438,1.545899e-05,0.0,nan,nan,nan
2249.521,1.545457e-05,0.0,nan,nan,nan
2249.607,1.545678e-05,0.0,nan,nan,nan
2249.691,1.545929e-05,0.0,nan,nan,nan
2249.774,1.545902e-05,0.0,nan,nan,nan
2249.858,1.545532e-05,0.0,nan,nan,nan
2249.942,1.545574e-05,0.0,nan,nan,nan
2250.025,1.545577e-05,0.0,nan,nan,nan
2250.109,1.545775e-05,0.0,nan,nan,nan
2250.193,1.54586e-05,0.0,nan,nan,nan
2250.286,1.545707e-05,0.0,nan,nan,nan
2250.37,1.545813e-05,0.0,nan,nan,nan
2250.454,1.545939e-05,0.0,nan,nan,nan
2250.537,1.545604e-05,0.0,nan,nan,nan
2250.621,1.545792e-05,0.0,nan,nan,nan
2250.705,1.545672e-05,0.0,nan,nan,nan
2250.789,1.545463e-05,0.0,nan,nan,nan
2250.905,1.54547e-05,0.0,nan,nan,nan
2250.989,1.545394e-05,0.0,nan,nan,nan
2251.072,1.545876e-05,0.0,nan,nan,nan
2251.156,1.545931e-05,0.0,nan,nan,nan
2251.241,1.545223e-05,0.0,nan,nan,nan
2251.325,1.545815e-05,0.0,nan,nan,nan
2251.408,1.545582e-05,0.0,nan,nan,nan
2251.494,1.545686e-05,0.0,nan,nan,nan
2251.578,1.545831e-05,0.0,nan,nan,nan
2251.661,1.545856e-05,0.0,nan,nan,nan
2251.745,1.545549e-05,0.0,nan,nan,nan
2251.828,1.545658e-05,0.0,nan,nan,nan
2251.912,1.545789e-05,0.0,nan,nan,nan
2251.995,1.545614e-05,0.0,nan,nan,nan
2252.079,1.545607e-05,0.0,nan,nan,nan
2252.163,1.545708e-05,0.0,nan,nan,nan
2252.247,1.545365e-05,0.0,nan,nan,nan
2252.353,1.545719e-05,0.0,nan,nan,nan
2252.437,1.546046e-05,0.0,nan,nan,nan
2252.524,1.545804e-05,0.0,nan,nan,nan
2252.607,1.545829e-05,0.0,nan,nan,nan
2252.691,1.54575e-05,0.0,nan,nan,nan
2252.778,1.545807e-05,0.0,nan,nan,nan
2252.862,1.545282e-05,0.0,nan,nan,nan
2252.945,1.545747e-05,0.0,nan,nan,nan
2253.029,1.545766e-05,0.0,nan,nan,nan
2253.113,1.545755e-05,0.0,nan,nan,nan
2253.196,1.545899e-05,0.0,nan,nan,nan
2253.28,1.545659e-05,0.0,nan,nan,nan
2253.376,1.545853e-05,0.0,nan,nan,nan
2253.46,1.545823e-05,0.0,nan,nan,nan
2253.544,1.54578e-05,0.0,nan,nan,nan
2253.628,1.546078e-05,0.0,nan,nan,nan
2253.712,1.546014e-05,0.0,nan,nan,nan
2253.807,1.546076e-05,0.0,nan,nan,nan
2253.89,1.545989e-05,0.0,nan,nan,nan
2253.997,1.545827e-05,0.0,nan,nan,nan
2254.081,1.546149e-05,0.0,nan,nan,nan
2254.164,1.545776e-05,0.0,nan,nan,nan
2254.248,1.5461e-05,0.0,nan,nan,nan
2254.331,1.546338e-05,0.0,nan,nan,nan
2254.415,1.546249e-05,0.0,nan,nan,nan
2254.499,1.545972e-05,0.0,nan,nan,nan
2254.602,1.546111e-05,0.0,nan,nan,nan
2254.686,1.545582e-05,0.0,nan,nan,nan
2254.77,1.545708e-05,0.0,nan,nan,nan
2254.853,1.545742e-05,0.0,nan,nan,nan
2254.94,1.545685e-05,0.0,nan,nan,nan
2255.024,1.545619e-05,0.0,nan,nan,nan
2255.108,1.545784e-05,0.0,nan,nan,nan
2255.191,1.546144e-05,0.0,nan,nan,nan
2255.275,1.545514e-05,0.0,nan,nan,nan
2255.359,1.545843e-05,0.0,nan,nan,nan
2255.447,1.545691e-05,0.0,nan,nan,nan
2255.53,1.54597e-05,0.0,nan,nan,nan
2255.614,1.545952e-05,0.0,nan,nan,nan
2255.697,1.545615e-05,0.0,nan,nan,nan
2255.781,1.545776e-05,0.0,nan,nan,nan
2255.865,1.54536e-05,0.0,nan,nan,nan
2255.948,1.54606e-05,0.0,nan,nan,nan
2256.032,1.546176e-05,0.0,nan,nan,nan
2256.115,1.546172e-05,0.0,nan,nan,nan
2256.199,1.545862e-05,0.0,nan,nan,nan
2256.282,1.545957e-05,0.0,nan,nan,nan
2256.366,1.545686e-05,0.0,nan,nan,nan
2256.452,1.54545e-05,0.0,nan,nan,nan
2256.552,1.545449e-05,0.0,nan,nan,nan
2256.644,1.545732e-05,0.0,nan,nan,nan
2256.728,1.545691e-05,0.0,nan,nan,nan
2256.812,1.54581e-05,0.0,nan,nan,nan
2256.896,1.546245e-05,0.0,nan,nan,nan
2256.979,1.545761e-05,0.0,nan,nan,nan
2257.063,1.545844e-05,0.0,nan,nan,nan
2257.147,1.545814e-05,0.0,nan,nan,nan
2257.231,1.546025e-05,0.0,nan,nan,nan
2257.315,1.545923e-05,0.0,nan,nan,nan
2257.398,1.545939e-05,0.0,nan,nan,nan
2257.482,1.546242e-05,0.0,nan,nan,nan
2257.566,1.545837e-05,0.0,nan,nan,nan
2257.649,1.545919e-05,0.0,nan,nan,nan
2257.733,1.546013e-05,0.0,nan,nan,nan
2257.817,1.545645e-05,0.0,nan,nan,nan
2257.901,1.5459e-05,0.0,nan,nan,nan
2257.984,1.545858e-05,0.0,nan,nan,nan
2258.068,1.545664e-05,0.0,nan,nan,nan
2258.151,1.545337e-05,0.0,nan,nan,nan
2258.237,1.545738e-05,0.0,nan,nan,nan
2258.321,1.5458e-05,0.0,nan,nan,nan
2258.405,1.546016e-05,0.0,nan,nan,nan
2258.489,1.545872e-05,0.0,nan,nan,nan
2258.603,1.545362e-05,0.0,nan,nan,nan
2258.687,1.545236e-05,0.0,nan,nan,nan
2258.77,1.545332e-05,0.0,nan,nan,nan
2258.854,1.545398e-05,0.0,nan,nan,nan
2258.938,1.545597e-05,0.0,nan,nan,nan
2259.021,1.545372e-05,0.0,nan,nan,nan
2259.118,1.545585e-05,0.0,nan,nan,nan
2259.202,1.545637e-05,0.0,nan,nan,nan
2259.285,1.545591e-05,0.0,nan,nan,nan
2259.369,1.545129e-05,0.0,nan,nan,nan
2259.453,1.545409e-05,0.0,nan,nan,nan
2259.547,1.54507e-05,0.0,nan,nan,nan
2259.631,1.545358e-05,0.0,nan,nan,nan
2259.722,1.545475e-05,0.0,nan,nan,nan
2259.805,1.545409e-05,0.0,nan,nan,nan
2259.889,1.545388e-05,0.0,nan,nan,nan
2259.973,1.545408e-05,0.0,nan,nan,nan
2260.057,1.545543e-05,0.0,nan,nan,nan
2260.14,1.54538e-05,0.0,nan,nan,nan
2260.224,1.545214e-05,0.0,nan,nan,nan
2260.33,1.545675e-05,0.0,nan,nan,nan
2260.414,1.545305e-05,0.0,nan,nan,nan
2260.497,1.545185e-05,0.0,nan,nan,nan
2260.581,1.545572e-05,0.0,nan,nan,nan
2260.674,1.545782e-05,0.0,nan,nan,nan
2260.758,1.545909e-05,0.0,nan,nan,nan
2260.842,1.545492e-05,0.0,nan,nan,nan
2260.944,1.545667e-05,0.0,nan,nan,nan
2261.027,1.546052e-05,0.0,nan,nan,nan
2261.111,1.545791e-05,0.0,nan,nan,nan
2261.195,1.545509e-05,0.0,nan,nan,nan
2261.279,1.545523e-05,0.0,nan,nan,nan
2261.362,1.545797e-05,0.0,nan,nan,nan
2261.446,1.545334e-05,0.0,nan,nan,nan
2261.554,1.545703e-05,0.0,nan,nan,nan
2261.638,1.545417e-05,0.0,nan,nan,nan
2261.721,1.545053e-05,0.0,nan,nan,nan
2261.805,1.545446e-05,0.0,nan,nan,nan
2261.889,1.545694e-05,0.0,nan,nan,nan
2261.98,1.545605e-05,0.0,nan,nan,nan
2262.063,1.54587e-05,0.0,nan,nan,nan
2262.147,1.545899e-05,0.0,nan,nan,nan
2262.231,1.545708e-05,0.0,nan,nan,nan
2262.314,1.545881e-05,0.0,nan,nan,nan
2262.398,1.545731e-05,0.0,nan,nan,nan
2262.482,1.545718e-05,0.0,nan,nan,nan
2262.573,1.546225e-05,0.0,nan,nan,nan
2262.657,1.545505e-05,0.0,nan,nan,nan
2262.741,1.545918e-05,0.0,nan,nan,nan
2262.824,1.545922e-05,0.0,nan,nan,nan
2262.908,1.545944e-05,0.0,nan,nan,nan
2262.992,1.545904e-05,0.0,nan,nan,nan
2263.076,1.545754e-05,0.0,nan,nan,nan
2263.159,1.545771e-05,0.0,nan,nan,nan
2263.243,1.545733e-05,0.0,nan,nan,nan
2263.327,1.546027e-05,0.0,nan,nan,nan
2263.41,1.545749e-05,0.0,nan,nan,nan
2263.494,1.545572e-05,0.0,nan,nan,nan
2263.579,1.545748e-05,0.0,nan,nan,nan
2263.663,1.545603e-05,0.0,nan,nan,nan
2263.746,1.545499e-05,0.0,nan,nan,nan
2263.83,1.546176e-05,0.0,nan,nan,nan
2263.913,1.545855e-05,0.0,nan,nan,nan
2264.014,1.545958e-05,0.0,nan,nan,nan
2264.098,1.545848e-05,0.0,nan,nan,nan
2264.182,1.545707e-05,0.0,nan,nan,nan
2264.265,1.546176e-05,0.0,nan,nan,nan
2264.349,1.546336e-05,0.0,nan,nan,nan
2264.433,1.545912e-05,0.0,nan,nan,nan
2264.517,1.54566e-05,0.0,nan,nan,nan
2264.6,1.545728e-05,0.0,nan,nan,nan
2264.684,1.545698e-05,0.0,nan,nan,nan
2264.786,1.545766e-05,0.0,nan,nan,nan
2264.871,1.546055e-05,0.0,nan,nan,nan
2264.955,1.546694e-05,0.0,nan,nan,nan
2265.039,1.546565e-05,0.0,nan,nan,nan
2265.123,1.546527e-05,0.0,nan,nan,nan
2265.207,1.546154e-05,0.0,nan,nan,nan
2265.291,1.546346e-05,0.0,nan,nan,nan
2265.375,1.546039e-05,0.0,nan,nan,nan
2265.464,1.546325e-05,0.0,nan,nan,nan
2265.548,1.545755e-05,0.0,nan,nan,nan
2265.631,1.546048e-05,0.0,nan,nan,nan
2265.715,1.545316e-05,0.0,nan,nan,nan
2265.799,1.545922e-05,0.0,nan,nan,nan
2265.883,1.54627e-05,0.0,nan,nan,nan
2265.967,1.546219e-05,0.0,nan,nan,nan
2266.065,1.545825e-05,0.0,nan,nan,nan
2266.149,1.546028e-05,0.0,nan,nan,nan
2266.233,1.545922e-05,0.0,nan,nan,nan
2266.317,1.546085e-05,0.0,nan,nan,nan
2266.401,1.545894e-05,0.0,nan,nan,nan
2266.484,1.545816e-05,0.0,nan,nan,nan
2266.568,1.546083e-05,0.0,nan,nan,nan
2266.651,1.545748e-05,0.0,nan,nan,nan
2266.735,1.546005e-05,0.0,nan,nan,nan
2266.82,1.54587e-05,0.0,nan,nan,nan
2266.904,1.546043e-05,0.0,nan,nan,nan
2266.988,1.545776e-05,0.0,nan,nan,nan
2267.08,1.545724e-05,0.0,nan,nan,nan
2267.164,1.545783e-05,0.0,nan,nan,nan
2267.248,1.545779e-05,0.0,nan,nan,nan
2267.333,1.546327e-05,0.0,nan,nan,nan
2267.416,1.546117e-05,0.0,nan,nan,nan
2267.504,1.546125e-05,0.0,nan,nan,nan
2267.587,1.545929e-05,0.0,nan,nan,nan
2267.671,1.545603e-05,0.0,nan,nan,nan
2267.755,1.545743e-05,0.0,nan,nan,nan
2267.838,1.545827e-05,0.0,nan,nan,nan
2267.922,1.545782e-05,0.0,nan,nan,nan
2268.006,1.545767e-05,0.0,nan,nan,nan
2268.094,1.546511e-05,0.0,nan,nan,nan
2268.178,1.546008e-05,0.0,nan,nan,nan
2268.262,1.545907e-05,0.0,nan,nan,nan
2268.346,1.545946e-05,0.0,nan,nan,nan
2268.429,1.54578e-05,0.0,nan,nan,nan
2268.513,1.545933e-05,0.0,nan,nan,nan
2268.596,1.546138e-05,0.0,nan,nan,nan
2268.68,1.546159e-05,0.0,nan,nan,nan
2268.764,1.546351e-05,0.0,nan,nan,nan
2268.848,1.545894e-05,0.0,nan,nan,nan
2268.982,1.546106e-05,0.0,nan,nan,nan
2269.065,1.546134e-05,0.0,nan,nan,nan
2269.149,1.546025e-05,0.0,nan,nan,nan
2269.232,1.546548e-05,0.0,nan,nan,nan
2269.316,1.545944e-05,0.0,nan,nan,nan
2269.4,1.546098e-05,0.0,nan,nan,nan
2269.483,1.546121e-05,0.0,nan,nan,nan
2269.567,1.546286e-05,0.0,nan,nan,nan
2269.651,1.546194e-05,0.0,nan,nan,nan
2269.734,1.546145e-05,0.0,nan,nan,nan
2269.818,1.546011e-05,0.0,nan,nan,nan
2269.902,1.546493e-05,0.0,nan,nan,nan
2269.985,1.545901e-05,0.0,nan,nan,nan
2270.069,1.546126e-05,0.0,nan,nan,nan
2270.153,1.546102e-05,0.0,nan,nan,nan
2270.237,1.546213e-05,0.0,nan,nan,nan
2270.334,1.546204e-05,0.0,nan,nan,nan
2270.418,1.546352e-05,0.0,nan,nan,nan
2270.52,1.54624e-05,0.0,nan,nan,nan
2270.604,1.54571e-05,0.0,nan,nan,nan
2270.688,1.545867e-05,0.0,nan,nan,nan
2270.771,1.545888e-05,0.0,nan,nan,nan
2270.855,1.545876e-05,0.0,nan,nan,nan
2270.954,1.54598e-05,0.0,nan,nan,nan
2271.054,1.545941e-05,0.0,nan,nan,nan
2271.141,1.545682e-05,0.0,nan,nan,nan
2271.225,1.546395e-05,0.0,nan,nan,nan
2271.311,1.546303e-05,0.0,nan,nan,nan
2271.394,1.546122e-05,0.0,nan,nan,nan
2271.478,1.545886e-05,0.0,nan,nan,nan
2271.562,1.545847e-05,0.0,nan,nan,nan
2271.645,1.545618e-05,0.0,nan,nan,nan
2271.729,1.546001e-05,0.0,nan,nan,nan
2271.813,1.546517e-05,0.0,nan,nan,nan
2271.896,1.546165e-05,0.0,nan,nan,nan
2271.985,1.546265e-05,0.0,nan,nan,nan
2272.069,1.546418e-05,0.0,nan,nan,nan
2272.171,1.546495e-05,0.0,nan,nan,nan
2272.255,1.546087e-05,0.0,nan,nan,nan
2272.338,1.546001e-05,0.0,nan,nan,nan
2272.422,1.545772e-05,0.0,nan,nan,nan
2272.509,1.546406e-05,0.0,nan,nan,nan
2272.593,1.546329e-05,0.0,nan,nan,nan
2272.676,1.545902e-05,0.0,nan,nan,nan
2272.785,1.54623e-05,0.0,nan,nan,nan
2272.869,1.54618e-05,0.0,nan,nan,nan
2272.952,1.546033e-05,0.0,nan,nan,nan
2273.036,1.546402e-05,0.0,nan,nan,nan
2273.125,1.545949e-05,0.0,nan,nan,nan
2273.209,1.545997e-05,0.0,nan,nan,nan
2273.293,1.545861e-05,0.0,nan,nan,nan
2273.377,1.545938e-05,0.0,nan,nan,nan
2273.461,1.545988e-05,0.0,nan,nan,nan
2273.544,1.546051e-05,0.0,nan,nan,nan
2273.629,1.545885e-05,0.0,nan,nan,nan
2273.713,1.545835e-05,0.0,nan,nan,nan
2273.806,1.545939e-05,0.0,nan,nan,nan
2273.89,1.546057e-05,0.0,nan,nan,nan
2273.975,1.54654e-05,0.0,nan,nan,nan
2274.058,1.546225e-05,0.0,nan,nan,nan
2274.142,1.546696e-05,0.0,nan,nan,nan
2274.226,1.546004e-05,0.0,nan,nan,nan
2274.309,1.546229e-05,0.0,nan,nan,nan
2274.394,1.545669e-05,0.0,nan,nan,nan
2274.478,1.5459e-05,0.0,nan,nan,nan
2274.562,1.546321e-05,0.0,nan,nan,nan
2274.645,1.546164e-05,0.0,nan,nan,nan
2274.729,1.545968e-05,0.0,nan,nan,nan
2274.828,1.545834e-05,0.0,nan,nan,nan
2274.912,1.545795e-05,0.0,nan,nan,nan
2274.997,1.546011e-05,0.0,nan,nan,nan
2275.081,1.545926e-05,0.0,nan,nan,nan
2275.186,1.545476e-05,0.0,nan,nan,nan
2275.275,1.545958e-05,0.0,nan,nan,nan
2275.359,1.546024e-05,0.0,nan,nan,nan
2275.442,1.545798e-05,0.0,nan,nan,nan
2275.526,1.545758e-05,0.0,nan,nan,nan
2275.61,1.54592e-05,0.0,nan,nan,nan
2275.693,1.545974e-05,0.0,nan,nan,nan
2275.777,1.545547e-05,0.0,nan,nan,nan
2275.866,1.545971e-05,0.0,nan,nan,nan
2275.949,1.545974e-05,0.0,nan,nan,nan
2276.038,1.545683e-05,0.0,nan,nan,nan
2276.122,1.545813e-05,0.0,nan,nan,nan
2276.205,1.545549e-05,0.0,nan,nan,nan
2276.289,1.545544e-05,0.0,nan,nan,nan
2276.373,1.545657e-05,0.0,nan,nan,nan
2276.487,1.546036e-05,0.0,nan,nan,nan
2276.571,1.545624e-05,0.0,nan,nan,nan
2276.668,1.545613e-05,0.0,nan,nan,nan
2276.752,1.545546e-05,0.0,nan,nan,nan
2276.835,1.545303e-05,0.0,nan,nan,nan
2276.919,1.545451e-05,0.0,nan,nan,nan
2277.003,1.545415e-05,0.0,nan,nan,nan
2277.089,1.545849e-05,0.0,nan,nan,nan
2277.173,1.545639e-05,0.0,nan,nan,nan
2277.265,1.545227e-05,0.0,nan,nan,nan
2277.349,1.545594e-05,0.0,nan,nan,nan
2277.433,1.545945e-05,0.0,nan,nan,nan
2277.517,1.546252e-05,0.0,nan,nan,nan
2277.601,1.545827e-05,0.0,nan,nan,nan
2277.706,1.546052e-05,0.0,nan,nan,nan
2277.79,1.545611e-05,0.0,nan,nan,nan
2277.875,1.545787e-05,0.0,nan,nan,nan
2277.958,1.545464e-05,0.0,nan,nan,nan
2278.042,1.546043e-05,0.0,nan,nan,nan
2278.131,1.54571e-05,0.0,nan,nan,nan
2278.214,1.5455e-05,0.0,nan,nan,nan
2278.313,1.545569e-05,0.0,nan,nan,nan
2278.396,1.546013e-05,0.0,nan,nan,nan
2278.495,1.545777e-05,0.0,nan,nan,nan
2278.578,1.546054e-05,0.0,nan,nan,nan
2278.662,1.545907e-05,0.0,nan,nan,nan
2278.755,1.546055e-05,0.0,nan,nan,nan
2278.839,1.545762e-05,0.0,nan,nan,nan
2278.924,1.545911e-05,0.0,nan,nan,nan
2279.008,1.545721e-05,0.0,nan,nan,nan
2279.092,1.546274e-05,0.0,nan,nan,nan
2279.176,1.546045e-05,0.0,nan,nan,nan
2279.26,1.545705e-05,0.0,nan,nan,nan
2279.343,1.54549e-05,0.0,nan,nan,nan
2279.427,1.545807e-05,0.0,nan,nan,nan
2279.531,1.546169e-05,0.0,nan,nan,nan
2279.615,1.546035e-05,0.0,nan,nan,nan
2279.698,1.546159e-05,0.0,nan,nan,nan
2279.782,1.545869e-05,0.0,nan,nan,nan
2279.866,1.545844e-05,0.0,nan,nan,nan
2279.95,1.545548e-05,0.0,nan,nan,nan
2280.034,1.545334e-05,0.0,nan,nan,nan
2280.117,1.54581e-05,0.0,nan,nan,nan
2280.201,1.546146e-05,0.0,nan,nan,nan
2280.285,1.545515e-05,0.0,nan,nan,nan
2280.368,1.545975e-05,0.0,nan,nan,nan
2280.452,1.545357e-05,0.0,nan,nan,nan
2280.544,1.54548e-05,0.0,nan,nan,nan
2280.628,1.545955e-05,0.0,nan,nan,nan
2280.711,1.545499e-05,0.0,nan,nan,nan
2280.795,1.54526e-05,0.0,nan,nan,nan
2280.879,1.545653e-05,0.0,nan,nan,nan
2280.978,1.545564e-05,0.0,nan,nan,nan
2281.062,1.545585e-05,0.0,nan,nan,nan
2281.148,1.545413e-05,0.0,nan,nan,nan
2281.231,1.545724e-05,0.0,nan,nan,nan
2281.315,1.545465e-05,0.0,nan,nan,nan
2281.399,1.545653e-05,0.0,nan,nan,nan
2281.482,1.545518e-05,0.0,nan,nan,nan
2281.582,1.545775e-05,0.0,nan,nan,nan
2281.666,1.545673e-05,0.0,nan,nan,nan
2281.75,1.545806e-05,0.0,nan,nan,nan
2281.833,1.545845e-05,0.0,nan,nan,nan
2281.917,1.546131e-05,0.0,nan,nan,nan
2282.009,1.545437e-05,0.0,nan,nan,nan
2282.092,1.545883e-05,0.0,nan,nan,nan
2282.202,1.545719e-05,0.0,nan,nan,nan
2282.285,1.545457e-05,0.0,nan,nan,nan
2282.371,1.545702e-05,0.0,nan,nan,nan
2282.455,1.54528e-05,0.0,nan,nan,nan
2282.539,1.545469e-05,0.0,nan,nan,nan
2282.622,1.545498e-05,0.0,nan,nan,nan
2282.706,1.545229e-05,0.0,nan,nan,nan
2282.802,1.545483e-05,0.0,nan,nan,nan
2282.886,1.544956e-05,0.0,nan,nan,nan
2282.969,1.545816e-05,0.0,nan,nan,nan
2283.053,1.545659e-05,0.0,nan,nan,nan
2283.136,1.545548e-05,0.0,nan,nan,nan
2283.221,1.54529e-05,0.0,nan,nan,nan
2283.305,1.545551e-05,0.0,nan,nan,nan
2283.388,1.545343e-05,0.0,nan,nan,nan
2283.476,1.545422e-05,0.0,nan,nan,nan
2283.56,1.545051e-05,0.0,nan,nan,nan
2283.643,1.545249e-05,0.0,nan,nan,nan
2283.727,1.545362e-05,0.0,nan,nan,nan
2283.84,1.545478e-05,0.0,nan,nan,nan
2283.924,1.545e-05,0.0,nan,nan,nan
2284.021,1.545352e-05,0.0,nan,nan,nan
2284.105,1.545467e-05,0.0,nan,nan,nan
2284.188,1.54471e-05,0.0,nan,nan,nan
2284.272,1.545142e-05,0.0,nan,nan,nan
2284.355,1.545544e-05,0.0,nan,nan,nan
2284.451,1.545859e-05,0.0,nan,nan,nan
2284.535,1.545488e-05,0.0,nan,nan,nan
2284.63,1.545696e-05,0.0,nan,nan,nan
2284.713,1.545432e-05,0.0,nan,nan,nan
2284.798,1.545445e-05,0.0,nan,nan,nan
2284.882,1.545533e-05,0.0,nan,nan,nan
2284.965,1.545526e-05,0.0,nan,nan,nan
2285.049,1.545603e-05,0.0,nan,nan,nan
2285.133,1.545901e-05,0.0,nan,nan,nan
2285.216,1.545855e-05,0.0,nan,nan,nan
2285.3,1.545637e-05,0.0,nan,nan,nan
2285.384,1.545275e-05,0.0,nan,nan,nan
2285.487,1.545574e-05,0.0,nan,nan,nan
2285.571,1.545932e-05,0.0,nan,nan,nan
2285.655,1.545554e-05,0.0,nan,nan,nan
2285.738,1.545649e-05,0.0,nan,nan,nan
2285.822,1.545641e-05,0.0,nan,nan,nan
2285.906,1.545334e-05,0.0,nan,nan,nan
2285.989,1.545681e-05,0.0,nan,nan,nan
2286.073,1.545632e-05,0.0,nan,nan,nan
2286.157,1.54574e-05,0.0,nan,nan,nan
2286.243,1.545627e-05,0.0,nan,nan,nan
2286.327,1.545443e-05,0.0,nan,nan,nan
2286.411,1.545738e-05,0.0,nan,nan,nan
2286.494,1.54538e-05,0.0,nan,nan,nan
2286.578,1.54557e-05,0.0,nan,nan,nan
2286.662,1.545094e-05,0.0,nan,nan,nan
2286.746,1.545428e-05,0.0,nan,nan,nan
2286.829,1.545768e-05,0.0,nan,nan,nan
2286.915,1.545757e-05,0.0,nan,nan,nan
2286.999,1.545108e-05,0.0,nan,nan,nan
2287.096,1.545422e-05,0.0,nan,nan,nan
2287.18,1.545046e-05,0.0,nan,nan,nan
2287.264,1.545582e-05,0.0,nan,nan,nan
2287.348,1.545295e-05,0.0,nan,nan,nan
2287.432,1.545976e-05,0.0,nan,nan,nan
2287.516,1.545802e-05,0.0,nan,nan,nan
2287.614,1.545637e-05,0.0,nan,nan,nan
2287.708,1.546029e-05,0.0,nan,nan,nan
2287.792,1.545847e-05,0.0,nan,nan,nan
2287.875,1.546068e-05,0.0,nan,nan,nan
2287.959,1.545966e-05,0.0,nan,nan,nan
2288.043,1.546114e-05,0.0,nan,nan,nan
2288.126,1.545913e-05,0.0,nan,nan,nan
2288.21,1.546021e-05,0.0,nan,nan,nan
2288.318,1.546001e-05,0.0,nan,nan,nan
2288.402,1.545937e-05,0.0,nan,nan,nan
2288.486,1.54575e-05,0.0,nan,nan,nan
2288.569,1.546077e-05,0.0,nan,nan,nan
2288.653,1.545673e-05,0.0,nan,nan,nan
2288.752,1.545838e-05,0.0,nan,nan,nan
2288.836,1.546004e-05,0.0,nan,nan,nan
2288.92,1.546391e-05,0.0,nan,nan,nan
2289.004,1.545742e-05,0.0,nan,nan,nan
2289.087,1.545824e-05,0.0,nan,nan,nan
2289.171,1.545839e-05,0.0,nan,nan,nan
2289.255,1.545736e-05,0.0,nan,nan,nan
2289.347,1.545663e-05,0.0,nan,nan,nan
2289.431,1.546281e-05,0.0,nan,nan,nan
2289.515,1.545897e-05,0.0,nan,nan,nan
2289.598,1.545872e-05,0.0,nan,nan,nan
2289.682,1.545817e-05,0.0,nan,nan,nan
2289.766,1.545854e-05,0.0,nan,nan,nan
2289.849,1.546069e-05,0.0,nan,nan,nan
2289.934,1.546061e-05,0.0,nan,nan,nan
2290.017,1.546102e-05,0.0,nan,nan,nan
2290.101,1.545831e-05,0.0,nan,nan,nan
2290.185,1.545701e-05,0.0,nan,nan,nan
2290.268,1.545889e-05,0.0,nan,nan,nan
2290.371,1.54566e-05,0.0,nan,nan,nan
2290.454,1.545371e-05,0.0,nan,nan,nan
2290.569,1.545904e-05,0.0,nan,nan,nan
2290.653,1.545867e-05,0.0,nan,nan,nan
2290.738,1.545856e-05,0.0,nan,nan,nan
2290.822,1.545656e-05,0.0,nan,nan,nan
2290.905,1.546026e-05,0.0,nan,nan,nan
2291.006,1.546032e-05,0.0,nan,nan,nan
2291.09,1.545851e-05,0.0,nan,nan,nan
2291.174,1.545827e-05,0.0,nan,nan,nan
2291.258,1.545941e-05,0.0,nan,nan,nan
2291.343,1.545981e-05,0.0,nan,nan,nan
2291.427,1.545962e-05,0.0,nan,nan,nan
2291.511,1.54622e-05,0.0,nan,nan,nan
2291.596,1.546022e-05,0.0,nan,nan,nan
2291.694,1.545535e-05,0.0,nan,nan,nan
2291.802,1.545851e-05,0.0,nan,nan,nan
2291.886,1.545555e-05,0.0,nan,nan,nan
2291.969,1.545419e-05,0.0,nan,nan,nan
2292.061,1.545822e-05,0.0,nan,nan,nan
2292.145,1.546086e-05,0.0,nan,nan,nan
2292.229,1.54592e-05,0.0,nan,nan,nan
2292.312,1.545571e-05,0.0,nan,nan,nan
2292.396,1.545679e-05,0.0,nan,nan,nan
2292.48,1.546113e-05,0.0,nan,nan,nan
2292.563,1.545985e-05,0.0,nan,nan,nan
2292.647,1.545232e-05,0.0,nan,nan,nan
2292.73,1.546032e-05,0.0,nan,nan,nan
2292.828,1.54615e-05,0.0,nan,nan,nan
2292.912,1.54579e-05,0.0,nan,nan,nan
2292.996,1.546043e-05,0.0,nan,nan,nan
2293.08,1.546162e-05,0.0,nan,nan,nan
2293.163,1.545808e-05,0.0,nan,nan,nan
2293.247,1.545347e-05,0.0,nan,nan,nan
2293.33,1.54593e-05,0.0,nan,nan,nan
2293.414,1.54581e-05,0.0,nan,nan,nan
2293.498,1.545602e-05,0.0,nan,nan,nan
2293.581,1.545631e-05,0.0,nan,nan,nan
2293.665,1.545845e-05,0.0,nan,nan,nan
2293.748,1.545574e-05,0.0,nan,nan,nan
2293.833,1.545439e-05,0.0,nan,nan,nan
2293.917,1.545854e-05,0.0,nan,nan,nan
2294.002,1.545885e-05,0.0,nan,nan,nan
2294.085,1.545958e-05,0.0,nan,nan,nan
2294.169,1.546071e-05,0.0,nan,nan,nan
2294.253,1.546066e-05,0.0,nan,nan,nan
2294.336,1.546033e-05,0.0,nan,nan,nan
2294.42,1.545455e-05,0.0,nan,nan,nan
2294.504,1.545709e-05,0.0,nan,nan,nan
2294.591,1.545848e-05,0.0,nan,nan,nan
2294.675,1.545845e-05,0.0,nan,nan,nan
2294.759,1.545865e-05,0.0,nan,nan,nan
2294.842,1.545989e-05,0.0,nan,nan,nan
2294.926,1.546469e-05,0.0,nan,nan,nan
2295.011,1.545927e-05,0.0,nan,nan,nan
2295.094,1.545941e-05,0.0,nan,nan,nan
2295.178,1.546387e-05,0.0,nan,nan,nan
2295.262,1.545897e-05,0.0,nan,nan,nan
2295.346,1.54627e-05,0.0,nan,nan,nan
2295.429,1.54599e-05,0.0,nan,nan,nan
2295.513,1.546076e-05,0.0,nan,nan,nan
2295.596,1.545977e-05,0.0,nan,nan,nan
2295.685,1.546337e-05,0.0,nan,nan,nan
2295.769,1.54646e-05,0.0,nan,nan,nan
2295.886,1.545839e-05,0.0,nan,nan,nan
2295.981,1.545874e-05,0.0,nan,nan,nan
2296.064,1.546088e-05,0.0,nan,nan,nan
2296.148,1.54586e-05,0.0,nan,nan,nan
2296.232,1.546423e-05,0.0,nan,nan,nan
2296.315,1.546171e-05,0.0,nan,nan,nan
2296.399,1.546574e-05,0.0,nan,nan,nan
2296.482,1.546556e-05,0.0,nan,nan,nan
2296.566,1.546412e-05,0.0,nan,nan,nan
2296.65,1.546361e-05,0.0,nan,nan,nan
2296.733,1.546271e-05,0.0,nan,nan,nan
2296.817,1.546273e-05,0.0,nan,nan,nan
2296.915,1.546294e-05,0.0,nan,nan,nan
2296.999,1.546109e-05,0.0,nan,nan,nan
2297.082,1.546279e-05,0.0,nan,nan,nan
2297.166,1.545891e-05,0.0,nan,nan,nan
2297.251,1.54628e-05,0.0,nan,nan,nan
2297.334,1.545857e-05,0.0,nan,nan,nan
2297.418,1.545771e-05,0.0,nan,nan,nan
2297.515,1.546012e-05,0.0,nan,nan,nan
2297.599,1.545858e-05,0.0,nan,nan,nan
2297.682,1.546015e-05,0.0,nan,nan,nan
2297.766,1.546167e-05,0.0,nan,nan,nan
2297.85,1.546008e-05,0.0,nan,nan,nan
2297.943,1.546083e-05,0.0,nan,nan,nan
2298.029,1.546386e-05,0.0,nan,nan,nan
2298.138,1.546372e-05,0.0,nan,nan,nan
2298.222,1.546349e-05,0.0,nan,nan,nan
2298.305,1.546178e-05,0.0,nan,nan,nan
2298.389,1.546111e-05,0.0,nan,nan,nan
2298.472,1.545847e-05,0.0,nan,nan,nan
2298.556,1.545749e-05,0.0,nan,nan,nan
2298.64,1.545962e-05,0.0,nan,nan,nan
2298.744,1.545702e-05,0.0,nan,nan,nan
2298.828,1.546222e-05,0.0,nan,nan,nan
2298.911,1.545925e-05,0.0,nan,nan,nan
2298.995,1.545758e-05,0.0,nan,nan,nan
2299.079,1.545879e-05,0.0,nan,nan,nan
2299.162,1.54582e-05,0.0,nan,nan,nan
2299.246,1.545514e-05,0.0,nan,nan,nan
2299.339,1.545992e-05,0.0,nan,nan,nan
2299.422,1.545802e-05,0.0,nan,nan,nan
2299.506,1.545728e-05,0.0,nan,nan,nan
2299.59,1.54591e-05,0.0,nan,nan,nan
2299.674,1.545821e-05,0.0,nan,nan,nan
2299.772,1.545843e-05,0.0,nan,nan,nan
2299.856,1.545763e-05,0.0,nan,nan,nan
2299.94,1.545689e-05,0.0,nan,nan,nan
2300.043,1.545573e-05,0.0,nan,nan,nan
2300.126,1.5461e-05,0.0,nan,nan,nan
2300.21,1.545733e-05,0.0,nan,nan,nan
2300.294,1.545495e-05,0.0,nan,nan,nan
2300.377,1.545693e-05,0.0,nan,nan,nan
2300.461,1.545595e-05,0.0,nan,nan,nan
2300.545,1.54556e-05,0.0,nan,nan,nan
2300.628,1.545851e-05,0.0,nan,nan,nan
2300.713,1.545902e-05,0.0,nan,nan,nan
2300.797,1.545859e-05,0.0,nan,nan,nan
2300.881,1.545695e-05,0.0,nan,nan,nan
2300.981,1.546329e-05,0.0,nan,nan,nan
2301.065,1.546441e-05,0.0,nan,nan,nan
2301.149,1.546269e-05,0.0,nan,nan,nan
2301.232,1.54612e-05,0.0,nan,nan,nan
2301.316,1.546371e-05,0.0,nan,nan,nan
2301.399,1.546067e-05,0.0,nan,nan,nan
2301.483,1.545729e-05,0.0,nan,nan,nan
2301.578,1.545482e-05,0.0,nan,nan,nan
2301.662,1.546102e-05,0.0,nan,nan,nan
2301.745,1.546155e-05,0.0,nan,nan,nan
2301.829,1.545812e-05,0.0,nan,nan,nan
2301.912,1.545792e-05,0.0,nan,nan,nan
2301.997,1.546046e-05,0.0,nan,nan,nan
2302.093,1.545766e-05,0.0,nan,nan,nan
2302.176,1.545946e-05,0.0,nan,nan,nan
2302.26,1.545994e-05,0.0,nan,nan,nan
2302.344,1.545822e-05,0.0,nan,nan,nan
2302.428,1.545824e-05,0.0,nan,nan,nan
2302.512,1.54641e-05,0.0,nan,nan,nan
2302.595,1.546345e-05,0.0,nan,nan,nan
2302.679,1.545856e-05,0.0,nan,nan,nan
2302.763,1.546099e-05,0.0,nan,nan,nan
2302.846,1.546233e-05,0.0,nan,nan,nan
2302.93,1.546088e-05,0.0,nan,nan,nan
2303.014,1.546061e-05,0.0,nan,nan,nan
2303.097,1.546266e-05,0.0,nan,nan,nan
2303.181,1.545764e-05,0.0,nan,nan,nan
2303.265,1.546176e-05,0.0,nan,nan,nan
2303.348,1.545519e-05,0.0,nan,nan,nan
2303.432,1.545374e-05,0.0,nan,nan,nan
2303.515,1.546053e-05,0.0,nan,nan,nan
2303.617,1.545923e-05,0.0,nan,nan,nan
2303.701,1.545614e-05,0.0,nan,nan,nan
2303.785,1.545928e-05,0.0,nan,nan,nan
2303.869,1.545651e-05,0.0,nan,nan,nan
2303.953,1.545196e-05,0.0,nan,nan,nan
2304.037,1.545726e-05,0.0,nan,nan,nan
2304.121,1.545746e-05,0.0,nan,nan,nan
2304.205,1.545952e-05,0.0,nan,nan,nan
2304.289,1.546107e-05,0.0,nan,nan,nan
2304.372,1.546134e-05,0.0,nan,nan,nan
2304.456,1.545754e-05,0.0,nan,nan,nan
2304.54,1.545686e-05,0.0,nan,nan,nan
2304.629,1.545929e-05,0.0,nan,nan,nan
2304.713,1.545653e-05,0.0,nan,nan,nan
2304.797,1.545754e-05,0.0,nan,nan,nan
2304.88,1.545437e-05,0.0,nan,nan,nan
2304.964,1.545775e-05,0.0,nan,nan,nan
2305.048,1.545659e-05,0.0,nan,nan,nan
2305.132,1.545936e-05,0.0,nan,nan,nan
2305.216,1.545562e-05,0.0,nan,nan,nan
2305.3,1.545553e-05,0.0,nan,nan,nan
2305.386,1.546143e-05,0.0,nan,nan,nan
2305.469,1.546494e-05,0.0,nan,nan,nan
2305.553,1.546078e-05,0.0,nan,nan,nan
2305.637,1.545691e-05,0.0,nan,nan,nan
2305.721,1.545366e-05,0.0,nan,nan,nan
2305.804,1.545697e-05,0.0,nan,nan,nan
2305.888,1.545672e-05,0.0,nan,nan,nan
2305.974,1.545936e-05,0.0,nan,nan,nan
2306.069,1.545879e-05,0.0,nan,nan,nan
2306.153,1.545593e-05,0.0,nan,nan,nan
2306.246,1.545575e-05,0.0,nan,nan,nan
2306.329,1.546142e-05,0.0,nan,nan,nan
2306.413,1.545705e-05,0.0,nan,nan,nan
2306.496,1.546009e-05,0.0,nan,nan,nan
2306.58,1.545729e-05,0.0,nan,nan,nan
2306.664,1.54603e-05,0.0,nan,nan,nan
2306.747,1.545487e-05,0.0,nan,nan,nan
2306.831,1.545844e-05,0.0,nan,nan,nan
2306.915,1.545897e-05,0.0,nan,nan,nan
2306.998,1.546472e-05,0.0,nan,nan,nan
2307.082,1.546046e-05,0.0,nan,nan,nan
2307.166,1.54554e-05,0.0,nan,nan,nan
2307.256,1.545937e-05,0.0,nan,nan,nan
2307.34,1.545328e-05,0.0,nan,nan,nan
2307.424,1.545579e-05,0.0,nan,nan,nan
2307.507,1.545604e-05,0.0,nan,nan,nan
2307.591,1.545678e-05,0.0,nan,nan,nan
2307.677,1.545694e-05,0.0,nan,nan,nan
2307.761,1.545381e-05,0.0,nan,nan,nan
2307.846,1.545205e-05,0.0,nan,nan,nan
2307.93,1.545561e-05,0.0,nan,nan,nan
2308.013,1.545433e-05,0.0,nan,nan,nan
2308.097,1.545686e-05,0.0,nan,nan,nan
2308.181,1.545871e-05,0.0,nan,nan,nan
2308.27,1.545545e-05,0.0,nan,nan,nan
2308.355,1.546016e-05,0.0,nan,nan,nan
2308.439,1.545976e-05,0.0,nan,nan,nan
2308.523,1.545828e-05,0.0,nan,nan,nan
2308.606,1.545704e-05,0.0,nan,nan,nan
2308.705,1.545859e-05,0.0,nan,nan,nan
2308.789,1.54565e-05,0.0,nan,nan,nan
2308.872,1.54586e-05,0.0,nan,nan,nan
2308.956,1.545326e-05,0.0,nan,nan,nan
2309.04,1.545986e-05,0.0,nan,nan,nan
2309.123,1.545809e-05,0.0,nan,nan,nan
2309.207,1.545568e-05,0.0,nan,nan,nan
2309.303,1.545915e-05,0.0,nan,nan,nan
2309.386,1.54587e-05,0.0,nan,nan,nan
2309.47,1.545837e-05,0.0,nan,nan,nan
2309.553,1.545404e-05,0.0,nan,nan,nan
2309.637,1.545348e-05,0.0,nan,nan,nan
2309.732,1.545513e-05,0.0,nan,nan,nan
2309.816,1.545624e-05,0.0,nan,nan,nan
2309.902,1.545773e-05,0.0,nan,nan,nan
2309.986,1.54527e-05,0.0,nan,nan,nan
2310.07,1.545326e-05,0.0,nan,nan,nan
2310.153,1.545238e-05,0.0,nan,nan,nan
2310.237,1.545341e-05,0.0,nan,nan,nan
2310.352,1.545494e-05,0.0,nan,nan,nan
2310.436,1.545313e-05,0.0,nan,nan,nan
2310.53,1.545645e-05,0.0,nan,nan,nan
2310.614,1.545315e-05,0.0,nan,nan,nan
2310.698,1.545753e-05,0.0,nan,nan,nan
2310.782,1.54553e-05,0.0,nan,nan,nan
2310.866,1.545732e-05,0.0,nan,nan,nan
2310.949,1.545603e-05,0.0,nan,nan,nan
2311.033,1.545915e-05,0.0,nan,nan,nan
2311.116,1.545522e-05,0.0,nan,nan,nan
2311.2,1.545826e-05,0.0,nan,nan,nan
2311.285,1.545503e-05,0.0,nan,nan,nan
2311.368,1.545518e-05,0.0,nan,nan,nan
2311.452,1.545465e-05,0.0,nan,nan,nan
2311.55,1.545653e-05,0.0,nan,nan,nan
2311.633,1.545472e-05,0.0,nan,nan,nan
2311.717,1.54567e-05,0.0,nan,nan,nan
2311.801,1.54548e-05,0.0,nan,nan,nan
2311.884,1.545422e-05,0.0,nan,nan,nan
2311.981,1.545414e-05,0.0,nan,nan,nan
2312.065,1.545883e-05,0.0,nan,nan,nan
2312.148,1.545298e-05,0.0,nan,nan,nan
2312.232,1.545306e-05,0.0,nan,nan,nan
2312.316,1.54552e-05,0.0,nan,nan,nan
2312.419,1.545549e-05,0.0,nan,nan,nan
2312.502,1.545428e-05,0.0,nan,nan,nan
2312.586,1.545433e-05,0.0,nan,nan,nan
2312.67,1.545777e-05,0.0,nan,nan,nan
2312.753,1.545254e-05,0.0,nan,nan,nan
2312.837,1.545244e-05,0.0,nan,nan,nan
2312.921,1.545522e-05,0.0,nan,nan,nan
2313.004,1.545578e-05,0.0,nan,nan,nan
2313.088,1.545132e-05,0.0,nan,nan,nan
2313.172,1.545139e-05,0.0,nan,nan,nan
2313.255,1.545541e-05,0.0,nan,nan,nan
2313.339,1.54531e-05,0.0,nan,nan,nan
2313.423,1.545259e-05,0.0,nan,nan,nan
2313.507,1.545434e-05,0.0,nan,nan,nan
2313.612,1.545778e-05,0.0,nan,nan,nan
2313.696,1.545408e-05,0.0,nan,nan,nan
2313.781,1.545574e-05,0.0,nan,nan,nan
2313.865,1.545537e-05,0.0,nan,nan,nan
2313.948,1.545503e-05,0.0,nan,nan,nan
2314.032,1.545385e-05,0.0,nan,nan,nan
2314.116,1.545492e-05,0.0,nan,nan,nan
2314.199,1.545487e-05,0.0,nan,nan,nan
2314.283,1.545088e-05,0.0,nan,nan,nan
2314.369,1.545307e-05,0.0,nan,nan,nan
2314.502,1.544998e-05,0.0,nan,nan,nan
2314.586,1.545699e-05,0.0,nan,nan,nan
2314.669,1.545546e-05,0.0,nan,nan,nan
2314.756,1.545623e-05,0.0,nan,nan,nan
2314.839,1.545524e-05,0.0,nan,nan,nan
2314.923,1.545354e-05,0.0,nan,nan,nan
2315.02,1.545251e-05,0.0,nan,nan,nan
2315.103,1.545287e-05,0.0,nan,nan,nan
2315.187,1.545837e-05,0.0,nan,nan,nan
2315.271,1.545644e-05,0.0,nan,nan,nan
2315.354,1.545485e-05,0.0,nan,nan,nan
2315.451,1.545315e-05,0.0,nan,nan,nan
2315.535,1.544696e-05,0.0,nan,nan,nan
2315.619,1.545016e-05,0.0,nan,nan,nan
2315.703,1.54522e-05,0.0,nan,nan,nan
2315.786,1.545534e-05,0.0,nan,nan,nan
2315.87,1.545031e-05,0.0,nan,nan,nan
2315.954,1.545123e-05,0.0,nan,nan,nan
2316.049,1.545035e-05,0.0,nan,nan,nan
2316.133,1.545413e-05,0.0,nan,nan,nan
2316.218,1.545364e-05,0.0,nan,nan,nan
2316.302,1.545732e-05,0.0,nan,nan,nan
2316.386,1.545374e-05,0.0,nan,nan,nan
2316.482,1.545236e-05,0.0,nan,nan,nan
2316.588,1.545328e-05,0.0,nan,nan,nan
2316.687,1.54577e-05,0.0,nan,nan,nan
2316.77,1.54559e-05,0.0,nan,nan,nan
2316.88,1.545555e-05,0.0,nan,nan,nan
2316.964,1.54533e-05,0.0,nan,nan,nan
2317.048,1.545567e-05,0.0,nan,nan,nan
2317.132,1.545319e-05,0.0,nan,nan,nan
2317.215,1.5453e-05,0.0,nan,nan,nan
2317.302,1.545111e-05,0.0,nan,nan,nan
2317.386,1.545197e-05,0.0,nan,nan,nan
2317.471,1.544653e-05,0.0,nan,nan,nan
2317.555,1.545056e-05,0.0,nan,nan,nan
2317.638,1.54508e-05,0.0,nan,nan,nan
2317.722,1.545277e-05,0.0,nan,nan,nan
2317.806,1.544682e-05,0.0,nan,nan,nan
2317.906,1.545082e-05,0.0,nan,nan,nan
2317.99,1.545339e-05,0.0,nan,nan,nan
2318.073,1.545113e-05,0.0,nan,nan,nan
2318.157,1.545099e-05,0.0,nan,nan,nan
2318.241,1.545394e-05,0.0,nan,nan,nan
2318.324,1.545243e-05,0.0,nan,nan,nan
2318.408,1.545616e-05,0.0,nan,nan,nan
2318.513,1.545079e-05,0.0,nan,nan,nan
2318.596,1.545513e-05,0.0,nan,nan,nan
2318.68,1.545285e-05,0.0,nan,nan,nan
2318.763,1.545309e-05,0.0,nan,nan,nan
2318.847,1.545006e-05,0.0,nan,nan,nan
2318.931,1.545087e-05,0.0,nan,nan,nan
2319.015,1.545682e-05,0.0,nan,nan,nan
2319.098,1.545048e-05,0.0,nan,nan,nan
2319.182,1.545168e-05,0.0,nan,nan,nan
2319.267,1.545257e-05,0.0,nan,nan,nan
2319.351,1.545068e-05,0.0,nan,nan,nan
2319.435,1.545202e-05,0.0,nan,nan,nan
2319.52,1.545031e-05,0.0,nan,nan,nan
2319.603,1.544922e-05,0.0,nan,nan,nan
2319.687,1.544988e-05,0.0,nan,nan,nan
2319.771,1.545118e-05,0.0,nan,nan,nan
2319.857,1.545236e-05,0.0,nan,nan,nan
2319.944,1.544806e-05,0.0,nan,nan,nan
2320.028,1.544951e-05,0.0,nan,nan,nan
2320.132,1.545356e-05,0.0,nan,nan,nan
2320.216,1.545284e-05,0.0,nan,nan,nan
2320.299,1.545354e-05,0.0,nan,nan,nan
2320.383,1.545342e-05,0.0,nan,nan,nan
2320.468,1.545295e-05,0.0,nan,nan,nan
2320.552,1.545451e-05,0.0,nan,nan,nan
2320.635,1.545469e-05,0.0,nan,nan,nan
2320.746,1.545501e-05,0.0,nan,nan,nan
2320.83,1.545334e-05,0.0,nan,nan,nan
2320.913,1.545782e-05,0.0,nan,nan,nan
2320.997,1.545739e-05,0.0,nan,nan,nan
2321.081,1.545747e-05,0.0,nan,nan,nan
2321.165,1.545964e-05,0.0,nan,nan,nan
2321.248,1.54572e-05,0.0,nan,nan,nan
2321.352,1.545659e-05,0.0,nan,nan,nan
2321.436,1.545658e-05,0.0,nan,nan,nan
2321.52,1.545466e-05,0.0,nan,nan,nan
2321.603,1.545871e-05,0.0,nan,nan,nan
2321.689,1.545772e-05,0.0,nan,nan,nan
2321.779,1.545674e-05,0.0,nan,nan,nan
2321.863,1.545558e-05,0.0,nan,nan,nan
2321.947,1.545798e-05,0.0,nan,nan,nan
2322.03,1.545656e-05,0.0,nan,nan,nan
2322.114,1.545675e-05,0.0,nan,nan,nan
2322.198,1.545531e-05,0.0,nan,nan,nan
2322.282,1.545841e-05,0.0,nan,nan,nan
2322.387,1.545883e-05,0.0,nan,nan,nan
2322.471,1.546165e-05,0.0,nan,nan,nan
2322.572,1.546219e-05,0.0,nan,nan,nan
2322.656,1.54583e-05,0.0,nan,nan,nan
2322.741,1.545468e-05,0.0,nan,nan,nan
2322.844,1.545931e-05,0.0,nan,nan,nan
2322.927,1.545665e-05,0.0,nan,nan,nan
2323.015,1.545739e-05,0.0,nan,nan,nan
2323.098,1.545903e-05,0.0,nan,nan,nan
2323.182,1.545489e-05,0.0,nan,nan,nan
2323.265,1.545355e-05,0.0,nan,nan,nan
2323.349,1.546107e-05,0.0,nan,nan,nan
2323.433,1.545513e-05,0.0,nan,nan,nan
2323.516,1.545687e-05,0.0,nan,nan,nan
2323.6,1.545155e-05,0.0,nan,nan,nan
2323.684,1.545486e-05,0.0,nan,nan,nan
2323.767,1.545435e-05,0.0,nan,nan,nan
2323.851,1.545614e-05,0.0,nan,nan,nan
2323.935,1.545367e-05,0.0,nan,nan,nan
2324.019,1.545205e-05,0.0,nan,nan,nan
2324.102,1.545158e-05,0.0,nan,nan,nan
2324.186,1.545274e-05,0.0,nan,nan,nan
2324.27,1.545367e-05,0.0,nan,nan,nan
2324.353,1.5453e-05,0.0,nan,nan,nan
2324.437,1.545529e-05,0.0,nan,nan,nan
2324.521,1.545906e-05,0.0,nan,nan,nan
2324.615,1.54531e-05,0.0,nan,nan,nan
2324.699,1.545643e-05,0.0,nan,nan,nan
2324.784,1.54585e-05,0.0,nan,nan,nan
2324.88,1.545709e-05,0.0,nan,nan,nan
2324.963,1.545689e-05,0.0,nan,nan,nan
2325.047,1.545671e-05,0.0,nan,nan,nan
2325.131,1.54578e-05,0.0,nan,nan,nan
2325.234,1.546244e-05,0.0,nan,nan,nan
2325.318,1.546151e-05,0.0,nan,nan,nan
2325.402,1.54568e-05,0.0,nan,nan,nan
2325.486,1.545708e-05,0.0,nan,nan,nan
2325.569,1.545601e-05,0.0,nan,nan,nan
2325.653,1.545726e-05,0.0,nan,nan,nan
2325.737,1.545988e-05,0.0,nan,nan,nan
2325.832,1.545657e-05,0.0,nan,nan,nan
2325.916,1.546071e-05,0.0,nan,nan,nan
2326.0,1.54597e-05,0.0,nan,nan,nan
2326.083,1.545892e-05,0.0,nan,nan,nan
2326.167,1.545986e-05,0.0,nan,nan,nan
2326.251,1.545264e-05,0.0,nan,nan,nan
2326.335,1.545297e-05,0.0,nan,nan,nan
2326.419,1.545351e-05,0.0,nan,nan,nan
2326.503,1.545335e-05,0.0,nan,nan,nan
2326.587,1.545795e-05,0.0,nan,nan,nan
2326.671,1.545889e-05,0.0,nan,nan,nan
2326.754,1.545801e-05,0.0,nan,nan,nan
2326.845,1.545805e-05,0.0,nan,nan,nan
2326.943,1.546038e-05,0.0,nan,nan,nan
2327.047,1.545646e-05,0.0,nan,nan,nan
2327.13,1.54582e-05,0.0,nan,nan,nan
2327.215,1.545857e-05,0.0,nan,nan,nan
2327.298,1.545761e-05,0.0,nan,nan,nan
2327.382,1.545489e-05,0.0,nan,nan,nan
2327.483,1.545966e-05,0.0,nan,nan,nan
2327.566,1.545909e-05,0.0,nan,nan,nan
2327.651,1.545372e-05,0.0,nan,nan,nan
2327.735,1.545475e-05,0.0,nan,nan,nan
2327.819,1.545193e-05,0.0,nan,nan,nan
2327.903,1.545753e-05,0.0,nan,nan,nan
2327.986,1.545805e-05,0.0,nan,nan,nan
2328.082,1.54582e-05,0.0,nan,nan,nan
2328.166,1.546032e-05,0.0,nan,nan,nan
2328.249,1.546046e-05,0.0,nan,nan,nan
2328.333,1.54587e-05,0.0,nan,nan,nan
2328.417,1.546055e-05,0.0,nan,nan,nan
2328.51,1.546307e-05,0.0,nan,nan,nan
2328.594,1.546247e-05,0.0,nan,nan,nan
2328.678,1.54599e-05,0.0,nan,nan,nan
2328.762,1.545667e-05,0.0,nan,nan,nan
2328.845,1.54572e-05,0.0,nan,nan,nan
2328.929,1.545703e-05,0.0,nan,nan,nan
2329.013,1.545766e-05,0.0,nan,nan,nan
2329.097,1.545898e-05,0.0,nan,nan,nan
2329.18,1.545569e-05,0.0,nan,nan,nan
2329.264,1.54568e-05,0.0,nan,nan,nan
2329.348,1.545905e-05,0.0,nan,nan,nan
2329.431,1.545619e-05,0.0,nan,nan,nan
2329.515,1.54607e-05,0.0,nan,nan,nan
2329.599,1.545975e-05,0.0,nan,nan,nan
2329.682,1.546146e-05,0.0,nan,nan,nan
2329.766,1.545754e-05,0.0,nan,nan,nan
2329.851,1.545975e-05,0.0,nan,nan,nan
2329.938,1.545794e-05,0.0,nan,nan,nan
2330.021,1.545694e-05,0.0,nan,nan,nan
2330.117,1.545846e-05,0.0,nan,nan,nan
2330.201,1.545666e-05,0.0,nan,nan,nan
2330.284,1.545778e-05,0.0,nan,nan,nan
2330.368,1.545725e-05,0.0,nan,nan,nan
2330.452,1.545627e-05,0.0,nan,nan,nan
2330.537,1.545898e-05,0.0,nan,nan,nan
2330.62,1.545739e-05,0.0,nan,nan,nan
2330.704,1.545786e-05,0.0,nan,nan,nan
2330.788,1.545766e-05,0.0,nan,nan,nan
2330.873,1.545586e-05,0.0,nan,nan,nan
2330.957,1.545629e-05,0.0,nan,nan,nan
2331.08,1.545723e-05,0.0,nan,nan,nan
2331.164,1.545619e-05,0.0,nan,nan,nan
2331.248,1.545586e-05,0.0,nan,nan,nan
2331.35,1.545807e-05,0.0,nan,nan,nan
2331.434,1.545573e-05,0.0,nan,nan,nan
2331.519,1.545818e-05,0.0,nan,nan,nan
2331.603,1.546283e-05,0.0,nan,nan,nan
2331.687,1.545733e-05,0.0,nan,nan,nan
2331.771,1.546005e-05,0.0,nan,nan,nan
2331.855,1.546325e-05,0.0,nan,nan,nan
2331.939,1.546049e-05,0.0,nan,nan,nan
2332.022,1.545992e-05,0.0,nan,nan,nan
2332.106,1.54583e-05,0.0,nan,nan,nan
2332.189,1.546018e-05,0.0,nan,nan,nan
2332.273,1.545922e-05,0.0,nan,nan,nan
2332.371,1.546154e-05,0.0,nan,nan,nan
2332.455,1.545842e-05,0.0,nan,nan,nan
2332.538,1.545693e-05,0.0,nan,nan,nan
2332.622,1.546447e-05,0.0,nan,nan,nan
2332.705,1.546018e-05,0.0,nan,nan,nan
2332.789,1.54588e-05,0.0,nan,nan,nan
2332.873,1.545872e-05,0.0,nan,nan,nan
2332.956,1.546071e-05,0.0,nan,nan,nan
2333.04,1.545914e-05,0.0,nan,nan,nan
2333.152,1.545378e-05,0.0,nan,nan,nan
2333.236,1.546046e-05,0.0,nan,nan,nan
2333.32,1.545772e-05,0.0,nan,nan,nan
2333.404,1.54601e-05,0.0,nan,nan,nan
2333.487,1.546174e-05,0.0,nan,nan,nan
2333.581,1.545806e-05,0.0,nan,nan,nan
2333.665,1.545898e-05,0.0,nan,nan,nan
2333.748,1.545968e-05,0.0,nan,nan,nan
2333.832,1.54573e-05,0.0,nan,nan,nan
2333.916,1.545944e-05,0.0,nan,nan,nan
2333.999,1.545639e-05,0.0,nan,nan,nan
2334.083,1.545499e-05,0.0,nan,nan,nan
2334.173,1.54527e-05,0.0,nan,nan,nan
2334.257,1.545425e-05,0.0,nan,nan,nan
2334.34,1.545771e-05,0.0,nan,nan,nan
2334.424,1.545664e-05,0.0,nan,nan,nan
2334.508,1.545889e-05,0.0,nan,nan,nan
2334.601,1.545883e-05,0.0,nan,nan,nan
2334.685,1.545686e-05,0.0,nan,nan,nan
2334.77,1.546019e-05,0.0,nan,nan,nan
2334.854,1.545605e-05,0.0,nan,nan,nan
2334.938,1.545816e-05,0.0,nan,nan,nan
2335.026,1.545512e-05,0.0,nan,nan,nan
2335.11,1.545733e-05,0.0,nan,nan,nan
2335.208,1.545599e-05,0.0,nan,nan,nan
2335.292,1.545763e-05,0.0,nan,nan,nan
2335.376,1.545681e-05,0.0,nan,nan,nan
2335.46,1.545772e-05,0.0,nan,nan,nan
2335.543,1.545341e-05,0.0,nan,nan,nan
2335.627,1.545418e-05,0.0,nan,nan,nan
2335.711,1.545311e-05,0.0,nan,nan,nan
2335.819,1.545433e-05,0.0,nan,nan,nan
2335.902,1.54583e-05,0.0,nan,nan,nan
2335.986,1.545501e-05,0.0,nan,nan,nan
2336.07,1.545829e-05,0.0,nan,nan,nan
2336.157,1.54551e-05,0.0,nan,nan,nan
2336.247,1.545781e-05,0.0,nan,nan,nan
2336.33,1.54555e-05,0.0,nan,nan,nan
2336.436,1.545819e-05,0.0,nan,nan,nan
2336.52,1.545707e-05,0.0,nan,nan,nan
2336.627,1.545704e-05,0.0,nan,nan,nan
2336.711,1.545253e-05,0.0,nan,nan,nan
2336.794,1.545448e-05,0.0,nan,nan,nan
2336.878,1.545646e-05,0.0,nan,nan,nan
2336.962,1.545474e-05,0.0,nan,nan,nan
2337.049,1.545383e-05,0.0,nan,nan,nan
2337.133,1.545455e-05,0.0,nan,nan,nan
2337.216,1.545084e-05,0.0,nan,nan,nan
2337.3,1.545402e-05,0.0,nan,nan,nan
2337.383,1.545724e-05,0.0,nan,nan,nan
2337.471,1.545654e-05,0.0,nan,nan,nan
2337.554,1.545658e-05,0.0,nan,nan,nan
2337.645,1.545352e-05,0.0,nan,nan,nan
2337.729,1.545787e-05,0.0,nan,nan,nan
2337.814,1.545568e-05,0.0,nan,nan,nan
2337.898,1.545692e-05,0.0,nan,nan,nan
2337.982,1.545773e-05,0.0,nan,nan,nan
2338.065,1.545887e-05,0.0,nan,nan,nan
2338.149,1.54548e-05,0.0,nan,nan,nan
2338.232,1.545897e-05,0.0,nan,nan,nan
2338.316,1.545745e-05,0.0,nan,nan,nan
2338.4,1.545614e-05,0.0,nan,nan,nan
2338.484,1.545797e-05,0.0,nan,nan,nan
2338.568,1.545633e-05,0.0,nan,nan,nan
2338.652,1.545511e-05,0.0,nan,nan,nan
2338.736,1.545764e-05,0.0,nan,nan,nan
2338.82,1.545765e-05,0.0,nan,nan,nan
2338.904,1.545807e-05,0.0,nan,nan,nan
2338.988,1.545668e-05,0.0,nan,nan,nan
2339.081,1.545627e-05,0.0,nan,nan,nan
2339.165,1.545918e-05,0.0,nan,nan,nan
2339.249,1.545896e-05,0.0,nan,nan,nan
2339.342,1.545659e-05,0.0,nan,nan,nan
2339.425,1.54528e-05,0.0,nan,nan,nan
2339.512,1.545726e-05,0.0,nan,nan,nan
2339.595,1.545661e-05,0.0,nan,nan,nan
2339.683,1.545572e-05,0.0,nan,nan,nan
2339.766,1.54564e-05,0.0,nan,nan,nan
2339.852,1.545193e-05,0.0,nan,nan,nan
2339.936,1.545756e-05,0.0,nan,nan,nan
2340.02,1.545539e-05,0.0,nan,nan,nan
2340.117,1.54575e-05,0.0,nan,nan,nan
2340.201,1.546113e-05,0.0,nan,nan,nan
2340.284,1.545587e-05,0.0,nan,nan,nan
2340.368,1.545866e-05,0.0,nan,nan,nan
2340.452,1.546089e-05,0.0,nan,nan,nan
2340.536,1.545942e-05,0.0,nan,nan,nan
2340.62,1.546087e-05,0.0,nan,nan,nan
2340.728,1.545975e-05,0.0,nan,nan,nan
2340.812,1.546037e-05,0.0,nan,nan,nan
2340.898,1.545581e-05,0.0,nan,nan,nan
2340.982,1.545741e-05,0.0,nan,nan,nan
2341.065,1.54575e-05,0.0,nan,nan,nan
2341.149,1.545416e-05,0.0,nan,nan,nan
2341.233,1.545834e-05,0.0,nan,nan,nan
2341.339,1.54583e-05,0.0,nan,nan,nan
2341.423,1.545759e-05,0.0,nan,nan,nan
2341.506,1.545797e-05,0.0,nan,nan,nan
2341.59,1.54539e-05,0.0,nan,nan,nan
2341.674,1.545191e-05,0.0,nan,nan,nan
2341.758,1.545243e-05,0.0,nan,nan,nan
2341.841,1.545054e-05,0.0,nan,nan,nan
2341.945,1.545173e-05,0.0,nan,nan,nan
2342.029,1.545492e-05,0.0,nan,nan,nan
2342.113,1.5458e-05,0.0,nan,nan,nan
2342.197,1.545579e-05,0.0,nan,nan,nan
2342.281,1.546003e-05,0.0,nan,nan,nan
2342.364,1.545467e-05,0.0,nan,nan,nan
2342.448,1.545795e-05,0.0,nan,nan,nan
2342.545,1.545807e-05,0.0,nan,nan,nan
2342.629,1.545756e-05,0.0,nan,nan,nan
2342.713,1.545775e-05,0.0,nan,nan,nan
2342.796,1.545724e-05,0.0,nan,nan,nan
2342.88,1.545847e-05,0.0,nan,nan,nan
2342.964,1.545929e-05,0.0,nan,nan,nan
2343.047,1.546124e-05,0.0,nan,nan,nan
2343.131,1.546156e-05,0.0,nan,nan,nan
2343.215,1.546018e-05,0.0,nan,nan,nan
2343.298,1.546175e-05,0.0,nan,nan,nan
2343.382,1.546121e-05,0.0,nan,nan,nan
2343.465,1.546077e-05,0.0,nan,nan,nan
2343.565,1.546023e-05,0.0,nan,nan,nan
2343.649,1.546138e-05,0.0,nan,nan,nan
2343.732,1.545836e-05,0.0,nan,nan,nan
2343.816,1.545659e-05,0.0,nan,nan,nan
2343.899,1.545635e-05,0.0,nan,nan,nan
2343.983,1.545763e-05,0.0,nan,nan,nan
2344.067,1.545754e-05,0.0,nan,nan,nan
2344.151,1.545523e-05,0.0,nan,nan,nan
2344.234,1.545381e-05,0.0,nan,nan,nan
2344.32,1.545903e-05,0.0,nan,nan,nan
2344.403,1.545493e-05,0.0,nan,nan,nan
2344.487,1.545552e-05,0.0,nan,nan,nan
2344.583,1.545481e-05,0.0,nan,nan,nan
2344.666,1.545816e-05,0.0,nan,nan,nan
2344.75,1.545891e-05,0.0,nan,nan,nan
2344.834,1.545657e-05,0.0,nan,nan,nan
2344.918,1.545909e-05,0.0,nan,nan,nan
2345.001,1.545725e-05,0.0,nan,nan,nan
2345.085,1.54557e-05,0.0,nan,nan,nan
2345.189,1.545898e-05,0.0,nan,nan,nan
2345.273,1.545796e-05,0.0,nan,nan,nan
2345.356,1.545644e-05,0.0,nan,nan,nan
2345.44,1.545538e-05,0.0,nan,nan,nan
2345.541,1.545907e-05,0.0,nan,nan,nan
2345.626,1.54554e-05,0.0,nan,nan,nan
2345.709,1.545864e-05,0.0,nan,nan,nan
2345.794,1.54522e-05,0.0,nan,nan,nan
2345.878,1.545236e-05,0.0,nan,nan,nan
2345.961,1.545573e-05,0.0,nan,nan,nan
2346.045,1.545847e-05,0.0,nan,nan,nan
2346.129,1.545568e-05,0.0,nan,nan,nan
2346.235,1.545901e-05,0.0,nan,nan,nan
2346.318,1.545769e-05,0.0,nan,nan,nan
2346.421,1.54557e-05,0.0,nan,nan,nan
2346.505,1.545871e-05,0.0,nan,nan,nan
2346.588,1.545578e-05,0.0,nan,nan,nan
2346.672,1.545644e-05,0.0,nan,nan,nan
2346.756,1.545729e-05,0.0,nan,nan,nan
2346.84,1.545873e-05,0.0,nan,nan,nan
2346.924,1.545911e-05,0.0,nan,nan,nan
2347.02,1.545977e-05,0.0,nan,nan,nan
2347.104,1.545768e-05,0.0,nan,nan,nan
2347.188,1.545438e-05,0.0,nan,nan,nan
2347.271,1.545295e-05,0.0,nan,nan,nan
2347.355,1.545792e-05,0.0,nan,nan,nan
2347.449,1.545534e-05,0.0,nan,nan,nan
2347.533,1.54563e-05,0.0,nan,nan,nan
2347.628,1.545682e-05,0.0,nan,nan,nan
2347.711,1.545266e-05,0.0,nan,nan,nan
2347.795,1.545437e-05,0.0,nan,nan,nan
2347.879,1.545734e-05,0.0,nan,nan,nan
2347.963,1.54564e-05,0.0,nan,nan,nan
2348.053,1.54548e-05,0.0,nan,nan,nan
2348.137,1.545312e-05,0.0,nan,nan,nan
2348.222,1.545189e-05,0.0,nan,nan,nan
2348.306,1.545803e-05,0.0,nan,nan,nan
2348.39,1.545899e-05,0.0,nan,nan,nan
2348.477,1.545737e-05,0.0,nan,nan,nan
2348.561,1.545662e-05,0.0,nan,nan,nan
2348.645,1.545524e-05,0.0,nan,nan,nan
2348.728,1.545913e-05,0.0,nan,nan,nan
2348.812,1.545978e-05,0.0,nan,nan,nan
2348.896,1.545828e-05,0.0,nan,nan,nan
2348.979,1.545727e-05,0.0,nan,nan,nan
2349.072,1.545837e-05,0.0,nan,nan,nan
2349.156,1.54568e-05,0.0,nan,nan,nan
2349.24,1.545637e-05,0.0,nan,nan,nan
2349.324,1.545814e-05,0.0,nan,nan,nan
2349.407,1.545678e-05,0.0,nan,nan,nan
2349.498,1.545967e-05,0.0,nan,nan,nan
2349.582,1.545717e-05,0.0,nan,nan,nan
2349.694,1.545844e-05,0.0,nan,nan,nan
2349.778,1.545609e-05,0.0,nan,nan,nan
2349.861,1.545532e-05,0.0,nan,nan,nan
2349.945,1.545489e-05,0.0,nan,nan,nan
2350.029,1.545688e-05,0.0,nan,nan,nan
2350.112,1.545592e-05,0.0,nan,nan,nan
2350.196,1.546046e-05,0.0,nan,nan,nan
2350.289,1.545633e-05,0.0,nan,nan,nan
2350.373,1.54609e-05,0.0,nan,nan,nan
2350.457,1.545528e-05,0.0,nan,nan,nan
2350.54,1.545928e-05,0.0,nan,nan,nan
2350.624,1.54549e-05,0.0,nan,nan,nan
2350.707,1.54567e-05,0.0,nan,nan,nan
2350.791,1.545795e-05,0.0,nan,nan,nan
2350.874,1.545983e-05,0.0,nan,nan,nan
2350.958,1.545832e-05,0.0,nan,nan,nan
2351.042,1.54639e-05,0.0,nan,nan,nan
2351.129,1.545873e-05,0.0,nan,nan,nan
2351.213,1.545579e-05,0.0,nan,nan,nan
2351.297,1.546162e-05,0.0,nan,nan,nan
2351.381,1.546131e-05,0.0,nan,nan,nan
2351.464,1.545665e-05,0.0,nan,nan,nan
2351.55,1.545685e-05,0.0,nan,nan,nan
2351.633,1.545764e-05,0.0,nan,nan,nan
2351.737,1.54588e-05,0.0,nan,nan,nan
2351.823,1.545593e-05,0.0,nan,nan,nan
2351.907,1.545635e-05,0.0,nan,nan,nan
2351.991,1.545586e-05,0.0,nan,nan,nan
2352.075,1.545183e-05,0.0,nan,nan,nan
2352.159,1.546141e-05,0.0,nan,nan,nan
2352.243,1.545952e-05,0.0,nan,nan,nan
2352.345,1.546136e-05,0.0,nan,nan,nan
2352.429,1.545592e-05,0.0,nan,nan,nan
2352.512,1.545643e-05,0.0,nan,nan,nan
2352.596,1.545907e-05,0.0,nan,nan,nan
2352.68,1.546302e-05,0.0,nan,nan,nan
2352.763,1.545631e-05,0.0,nan,nan,nan
2352.847,1.545607e-05,0.0,nan,nan,nan
2352.93,1.545382e-05,0.0,nan,nan,nan
2353.014,1.546107e-05,0.0,nan,nan,nan
2353.097,1.545595e-05,0.0,nan,nan,nan
2353.181,1.545504e-05,0.0,nan,nan,nan
2353.265,1.545313e-05,0.0,nan,nan,nan
2353.368,1.545577e-05,0.0,nan,nan,nan
2353.451,1.545935e-05,0.0,nan,nan,nan
2353.535,1.545803e-05,0.0,nan,nan,nan
2353.619,1.546062e-05,0.0,nan,nan,nan
2353.702,1.546377e-05,0.0,nan,nan,nan
2353.802,1.545478e-05,0.0,nan,nan,nan
2353.886,1.545708e-05,0.0,nan,nan,nan
2353.984,1.545534e-05,0.0,nan,nan,nan
2354.067,1.545912e-05,0.0,nan,nan,nan
2354.153,1.545912e-05,0.0,nan,nan,nan
2354.236,1.545489e-05,0.0,nan,nan,nan
2354.32,1.545623e-05,0.0,nan,nan,nan
2354.403,1.545722e-05,0.0,nan,nan,nan
2354.487,1.54602e-05,0.0,nan,nan,nan
2354.595,1.545631e-05,0.0,nan,nan,nan
2354.679,1.545589e-05,0.0,nan,nan,nan
2354.789,1.545562e-05,0.0,nan,nan,nan
2354.873,1.545383e-05,0.0,nan,nan,nan
2354.956,1.545478e-05,0.0,nan,nan,nan
2355.04,1.546066e-05,0.0,nan,nan,nan
2355.123,1.545993e-05,0.0,nan,nan,nan
2355.207,1.545839e-05,0.0,nan,nan,nan
2355.291,1.545851e-05,0.0,nan,nan,nan
2355.407,1.545564e-05,0.0,nan,nan,nan
2355.491,1.545704e-05,0.0,nan,nan,nan
2355.574,1.545809e-05,0.0,nan,nan,nan
2355.657,1.546128e-05,0.0,nan,nan,nan
2355.741,1.545563e-05,0.0,nan,nan,nan
2355.825,1.545756e-05,0.0,nan,nan,nan
2355.908,1.545315e-05,0.0,nan,nan,nan
2356.01,1.545952e-05,0.0,nan,nan,nan
2356.094,1.545602e-05,0.0,nan,nan,nan
2356.179,1.545947e-05,0.0,nan,nan,nan
2356.262,1.545438e-05,0.0,nan,nan,nan
2356.346,1.545321e-05,0.0,nan,nan,nan
2356.43,1.545525e-05,0.0,nan,nan,nan
2356.514,1.545883e-05,0.0,nan,nan,nan
2356.598,1.545421e-05,0.0,nan,nan,nan
2356.682,1.54557e-05,0.0,nan,nan,nan
2356.765,1.545572e-05,0.0,nan,nan,nan
2356.849,1.54612e-05,0.0,nan,nan,nan
2356.933,1.545531e-05,0.0,nan,nan,nan
2357.016,1.545825e-05,0.0,nan,nan,nan
2357.1,1.546083e-05,0.0,nan,nan,nan
2357.184,1.54583e-05,0.0,nan,nan,nan
2357.267,1.545732e-05,0.0,nan,nan,nan
2357.351,1.545317e-05,0.0,nan,nan,nan
2357.444,1.545926e-05,0.0,nan,nan,nan
2357.528,1.545971e-05,0.0,nan,nan,nan
2357.611,1.545524e-05,0.0,nan,nan,nan
2357.695,1.545625e-05,0.0,nan,nan,nan
2357.779,1.54537e-05,0.0,nan,nan,nan
2357.862,1.545332e-05,0.0,nan,nan,nan
2357.956,1.545584e-05,0.0,nan,nan,nan
2358.04,1.545722e-05,0.0,nan,nan,nan
2358.123,1.545765e-05,0.0,nan,nan,nan
2358.207,1.545698e-05,0.0,nan,nan,nan
2358.291,1.545481e-05,0.0,nan,nan,nan
2358.375,1.545847e-05,0.0,nan,nan,nan
2358.458,1.545487e-05,0.0,nan,nan,nan
2358.542,1.545453e-05,0.0,nan,nan,nan
2358.626,1.545875e-05,0.0,nan,nan,nan
2358.71,1.545577e-05,0.0,nan,nan,nan
2358.793,1.545582e-05,0.0,nan,nan,nan
2358.888,1.546054e-05,0.0,nan,nan,nan
2358.972,1.545957e-05,0.0,nan,nan,nan
2359.077,1.54572e-05,0.0,nan,nan,nan
2359.161,1.545876e-05,0.0,nan,nan,nan
2359.245,1.54585e-05,0.0,nan,nan,nan
2359.329,1.545562e-05,0.0,nan,nan,nan
2359.412,1.545618e-05,0.0,nan,nan,nan
2359.496,1.545886e-05,0.0,nan,nan,nan
2359.579,1.546101e-05,0.0,nan,nan,nan
2359.664,1.54595e-05,0.0,nan,nan,nan
2359.748,1.546037e-05,0.0,nan,nan,nan
2359.831,1.545949e-05,0.0,nan,nan,nan
2359.915,1.54572e-05,0.0,nan,nan,nan
2360.019,1.545619e-05,0.0,nan,nan,nan
2360.107,1.545971e-05,0.0,nan,nan,nan
2360.191,1.54597e-05,0.0,nan,nan,nan
2360.274,1.54613e-05,0.0,nan,nan,nan
2360.358,1.545968e-05,0.0,nan,nan,nan
2360.442,1.54599e-05,0.0,nan,nan,nan
2360.526,1.545542e-05,0.0,nan,nan,nan
2360.609,1.545731e-05,0.0,nan,nan,nan
2360.715,1.545123e-05,0.0,nan,nan,nan
2360.799,1.54551e-05,0.0,nan,nan,nan
2360.884,1.545179e-05,0.0,nan,nan,nan
2360.968,1.545238e-05,0.0,nan,nan,nan
2361.052,1.545471e-05,0.0,nan,nan,nan
2361.136,1.545473e-05,0.0,nan,nan,nan
2361.22,1.545657e-05,0.0,nan,nan,nan
2361.322,1.546081e-05,0.0,nan,nan,nan
2361.406,1.545587e-05,0.0,nan,nan,nan
2361.52,1.545798e-05,0.0,nan,nan,nan
2361.604,1.545721e-05,0.0,nan,nan,nan
2361.689,1.546031e-05,0.0,nan,nan,nan
2361.773,1.545925e-05,0.0,nan,nan,nan
2361.857,1.545712e-05,0.0,nan,nan,nan
2361.95,1.545891e-05,0.0,nan,nan,nan
2362.034,1.545987e-05,0.0,nan,nan,nan
2362.118,1.545848e-05,0.0,nan,nan,nan
2362.202,1.545674e-05,0.0,nan,nan,nan
2362.286,1.545717e-05,0.0,nan,nan,nan
2362.37,1.545609e-05,0.0,nan,nan,nan
2362.456,1.545544e-05,0.0,nan,nan,nan
2362.542,1.545467e-05,0.0,nan,nan,nan
2362.625,1.545683e-05,0.0,nan,nan,nan
2362.711,1.545432e-05,0.0,nan,nan,nan
2362.795,1.546266e-05,0.0,nan,nan,nan
2362.879,1.545552e-05,0.0,nan,nan,nan
2362.962,1.545525e-05,0.0,nan,nan,nan
2363.046,1.545433e-05,0.0,nan,nan,nan
2363.14,1.545543e-05,0.0,nan,nan,nan
2363.223,1.54558e-05,0.0,nan,nan,nan
2363.307,1.545622e-05,0.0,nan,nan,nan
2363.391,1.545606e-05,0.0,nan,nan,nan
2363.474,1.545386e-05,0.0,nan,nan,nan
2363.561,1.545564e-05,0.0,nan,nan,nan
2363.645,1.545817e-05,0.0,nan,nan,nan
2363.728,1.5457e-05,0.0,nan,nan,nan
2363.812,1.545532e-05,0.0,nan,nan,nan
2363.896,1.545978e-05,0.0,nan,nan,nan
2363.982,1.545992e-05,0.0,nan,nan,nan
2364.065,1.546272e-05,0.0,nan,nan,nan
2364.169,1.545657e-05,0.0,nan,nan,nan
2364.257,1.545413e-05,0.0,nan,nan,nan
2364.34,1.545907e-05,0.0,nan,nan,nan
2364.424,1.546275e-05,0.0,nan,nan,nan
2364.508,1.545832e-05,0.0,nan,nan,nan
2364.592,1.54598e-05,0.0,nan,nan,nan
2364.676,1.545821e-05,0.0,nan,nan,nan
2364.777,1.545373e-05,0.0,nan,nan,nan
2364.861,1.545699e-05,0.0,nan,nan,nan
2364.945,1.545553e-05,0.0,nan,nan,nan
2365.029,1.546075e-05,0.0,nan,nan,nan
2365.113,1.545925e-05,0.0,nan,nan,nan
2365.197,1.545989e-05,0.0,nan,nan,nan
2365.281,1.545628e-05,0.0,nan,nan,nan
2365.364,1.545808e-05,0.0,nan,nan,nan
2365.448,1.546476e-05,0.0,nan,nan,nan
2365.533,1.5459e-05,0.0,nan,nan,nan
2365.616,1.545842e-05,0.0,nan,nan,nan
2365.7,1.545945e-05,0.0,nan,nan,nan
2365.799,1.546002e-05,0.0,nan,nan,nan
2365.882,1.546598e-05,0.0,nan,nan,nan
2365.966,1.545826e-05,0.0,nan,nan,nan
2366.049,1.545716e-05,0.0,nan,nan,nan
2366.133,1.545599e-05,0.0,nan,nan,nan
2366.219,1.546144e-05,0.0,nan,nan,nan
2366.303,1.546114e-05,0.0,nan,nan,nan
2366.387,1.546033e-05,0.0,nan,nan,nan
2366.471,1.546178e-05,0.0,nan,nan,nan
2366.556,1.546255e-05,0.0,nan,nan,nan
2366.64,1.54621e-05,0.0,nan,nan,nan
2366.724,1.545941e-05,0.0,nan,nan,nan
2366.824,1.545764e-05,0.0,nan,nan,nan
2366.908,1.545638e-05,0.0,nan,nan,nan
2366.993,1.545895e-05,0.0,nan,nan,nan
2367.077,1.54572e-05,0.0,nan,nan,nan
2367.161,1.546088e-05,0.0,nan,nan,nan
2367.247,1.545944e-05,0.0,nan,nan,nan
2367.331,1.545722e-05,0.0,nan,nan,nan
2367.415,1.54573e-05,0.0,nan,nan,nan
2367.498,1.545853e-05,0.0,nan,nan,nan
2367.583,1.545876e-05,0.0,nan,nan,nan
2367.667,1.545886e-05,0.0,nan,nan,nan
2367.751,1.545714e-05,0.0,nan,nan,nan
2367.841,1.545907e-05,0.0,nan,nan,nan
2367.924,1.545958e-05,0.0,nan,nan,nan
2368.008,1.545687e-05,0.0,nan,nan,nan
2368.092,1.545811e-05,0.0,nan,nan,nan
2368.176,1.545881e-05,0.0,nan,nan,nan
2368.302,1.545605e-05,0.0,nan,nan,nan
2368.389,1.545904e-05,0.0,nan,nan,nan
2368.473,1.546058e-05,0.0,nan,nan,nan
2368.556,1.545894e-05,0.0,nan,nan,nan
2368.641,1.54611e-05,0.0,nan,nan,nan
2368.724,1.545666e-05,0.0,nan,nan,nan
2368.808,1.54587e-05,0.0,nan,nan,nan
2368.892,1.54555e-05,0.0,nan,nan,nan
2368.976,1.545792e-05,0.0,nan,nan,nan
2369.068,1.545877e-05,0.0,nan,nan,nan
2369.151,1.545678e-05,0.0,nan,nan,nan
2369.235,1.545759e-05,0.0,nan,nan,nan
2369.319,1.545402e-05,0.0,nan,nan,nan
2369.406,1.545846e-05,0.0,nan,nan,nan
2369.49,1.545811e-05,0.0,nan,nan,nan
2369.573,1.545906e-05,0.0,nan,nan,nan
2369.677,1.546089e-05,0.0,nan,nan,nan
2369.761,1.546062e-05,0.0,nan,nan,nan
2369.844,1.545942e-05,0.0,nan,nan,nan
2369.928,1.546243e-05,0.0,nan,nan,nan
2370.012,1.546082e-05,0.0,nan,nan,nan
2370.1,1.54604e-05,0.0,nan,nan,nan
2370.184,1.545857e-05,0.0,nan,nan,nan
2370.285,1.545909e-05,0.0,nan,nan,nan
2370.385,1.545879e-05,0.0,nan,nan,nan
2370.481,1.545569e-05,0.0,nan,nan,nan
2370.565,1.545963e-05,0.0,nan,nan,nan
2370.648,1.546246e-05,0.0,nan,nan,nan
2370.732,1.546024e-05,0.0,nan,nan,nan
2370.816,1.545617e-05,0.0,nan,nan,nan
2370.919,1.54569e-05,0.0,nan,nan,nan
2371.003,1.545703e-05,0.0,nan,nan,nan
2371.109,1.545865e-05,0.0,nan,nan,nan
2371.193,1.546134e-05,0.0,nan,nan,nan
2371.298,1.546141e-05,0.0,nan,nan,nan
2371.381,1.545968e-05,0.0,nan,nan,nan
2371.465,1.545364e-05,0.0,nan,nan,nan
2371.548,1.545623e-05,0.0,nan,nan,nan
2371.632,1.545392e-05,0.0,nan,nan,nan
2371.716,1.545643e-05,0.0,nan,nan,nan
2371.8,1.545712e-05,0.0,nan,nan,nan
2371.904,1.545494e-05,0.0,nan,nan,nan
2371.988,1.545616e-05,0.0,nan,nan,nan
2372.072,1.545857e-05,0.0,nan,nan,nan
2372.156,1.545535e-05,0.0,nan,nan,nan
2372.24,1.546048e-05,0.0,nan,nan,nan
2372.323,1.545921e-05,0.0,nan,nan,nan
2372.435,1.545491e-05,0.0,nan,nan,nan
2372.519,1.545622e-05,0.0,nan,nan,nan
2372.603,1.545939e-05,0.0,nan,nan,nan
2372.686,1.54586e-05,0.0,nan,nan,nan
2372.77,1.545884e-05,0.0,nan,nan,nan
2372.855,1.545678e-05,0.0,nan,nan,nan
2372.938,1.545532e-05,0.0,nan,nan,nan
2373.022,1.54555e-05,0.0,nan,nan,nan
2373.106,1.546166e-05,0.0,nan,nan,nan
2373.189,1.545561e-05,0.0,nan,nan,nan
2373.273,1.545963e-05,0.0,nan,nan,nan
2373.357,1.545705e-05,0.0,nan,nan,nan
2373.441,1.545974e-05,0.0,nan,nan,nan
2373.538,1.545617e-05,0.0,nan,nan,nan
2373.622,1.545725e-05,0.0,nan,nan,nan
2373.705,1.545754e-05,0.0,nan,nan,nan
2373.789,1.545872e-05,0.0,nan,nan,nan
2373.874,1.545769e-05,0.0,nan,nan,nan
2373.958,1.546412e-05,0.0,nan,nan,nan
2374.042,1.545468e-05,0.0,nan,nan,nan
2374.156,1.545852e-05,0.0,nan,nan,nan
2374.239,1.545705e-05,0.0,nan,nan,nan
2374.325,1.545798e-05,0.0,nan,nan,nan
2374.408,1.546126e-05,0.0,nan,nan,nan
2374.516,1.54561e-05,0.0,nan,nan,nan
2374.6,1.545679e-05,0.0,nan,nan,nan
2374.684,1.546111e-05,0.0,nan,nan,nan
2374.767,1.545541e-05,0.0,nan,nan,nan
2374.851,1.54515e-05,0.0,nan,nan,nan
2374.935,1.545675e-05,0.0,nan,nan,nan
2375.019,1.545826e-05,0.0,nan,nan,nan
2375.103,1.545895e-05,0.0,nan,nan,nan
2375.187,1.545898e-05,0.0,nan,nan,nan
2375.27,1.54574e-05,0.0,nan,nan,nan
2375.371,1.546021e-05,0.0,nan,nan,nan
2375.455,1.545738e-05,0.0,nan,nan,nan
2375.539,1.545722e-05,0.0,nan,nan,nan
2375.622,1.546302e-05,0.0,nan,nan,nan
2375.706,1.545522e-05,0.0,nan,nan,nan
2375.79,1.545275e-05,0.0,nan,nan,nan
2375.873,1.545656e-05,0.0,nan,nan,nan
2375.957,1.545899e-05,0.0,nan,nan,nan
2376.041,1.54578e-05,0.0,nan,nan,nan
2376.125,1.545838e-05,0.0,nan,nan,nan
2376.209,1.545814e-05,0.0,nan,nan,nan
2376.292,1.545497e-05,0.0,nan,nan,nan
2376.379,1.54568e-05,0.0,nan,nan,nan
2376.463,1.545977e-05,0.0,nan,nan,nan
2376.578,1.545366e-05,0.0,nan,nan,nan
2376.662,1.545603e-05,0.0,nan,nan,nan
2376.745,1.545968e-05,0.0,nan,nan,nan
2376.828,1.545668e-05,0.0,nan,nan,nan
2376.912,1.545775e-05,0.0,nan,nan,nan
2376.996,1.545928e-05,0.0,nan,nan,nan
2377.08,1.545786e-05,0.0,nan,nan,nan
2377.164,1.545829e-05,0.0,nan,nan,nan
2377.247,1.545993e-05,0.0,nan,nan,nan
2377.331,1.545244e-05,0.0,nan,nan,nan
2377.414,1.545583e-05,0.0,nan,nan,nan
2377.498,1.545869e-05,0.0,nan,nan,nan
2377.592,1.545888e-05,0.0,nan,nan,nan
2377.676,1.545547e-05,0.0,nan,nan,nan
2377.761,1.545664e-05,0.0,nan,nan,nan
2377.844,1.545595e-05,0.0,nan,nan,nan
2377.927,1.545829e-05,0.0,nan,nan,nan
2378.02,1.545777e-05,0.0,nan,nan,nan
2378.103,1.545829e-05,0.0,nan,nan,nan
2378.21,1.545772e-05,0.0,nan,nan,nan
2378.294,1.545922e-05,0.0,nan,nan,nan
2378.378,1.545514e-05,0.0,nan,nan,nan
2378.461,1.545598e-05,0.0,nan,nan,nan
2378.545,1.545779e-05,0.0,nan,nan,nan
2378.645,1.546161e-05,0.0,nan,nan,nan
2378.729,1.545884e-05,0.0,nan,nan,nan
2378.831,1.545709e-05,0.0,nan,nan,nan
2378.915,1.545771e-05,0.0,nan,nan,nan
2379.003,1.546221e-05,0.0,nan,nan,nan
2379.087,1.546049e-05,0.0,nan,nan,nan
2379.171,1.54606e-05,0.0,nan,nan,nan
2379.254,1.546085e-05,0.0,nan,nan,nan
2379.338,1.545898e-05,0.0,nan,nan,nan
2379.422,1.546017e-05,0.0,nan,nan,nan
2379.506,1.54596e-05,0.0,nan,nan,nan
2379.589,1.545923e-05,0.0,nan,nan,nan
2379.673,1.545943e-05,0.0,nan,nan,nan
2379.757,1.546309e-05,0.0,nan,nan,nan
2379.85,1.546208e-05,0.0,nan,nan,nan
2379.933,1.546047e-05,0.0,nan,nan,nan
2380.029,1.545995e-05,0.0,nan,nan,nan
2380.112,1.545732e-05,0.0,nan,nan,nan
2380.196,1.54578e-05,0.0,nan,nan,nan
2380.28,1.545845e-05,0.0,nan,nan,nan
2380.363,1.546077e-05,0.0,nan,nan,nan
2380.447,1.546319e-05,0.0,nan,nan,nan
2380.53,1.546297e-05,0.0,nan,nan,nan
2380.614,1.545693e-05,0.0,nan,nan,nan
2380.708,1.545827e-05,0.0,nan,nan,nan
2380.791,1.546018e-05,0.0,nan,nan,nan
2380.875,1.545546e-05,0.0,nan,nan,nan
2380.959,1.545985e-05,0.0,nan,nan,nan
2381.043,1.545998e-05,0.0,nan,nan,nan
2381.127,1.546005e-05,0.0,nan,nan,nan
2381.211,1.545691e-05,0.0,nan,nan,nan
2381.295,1.545958e-05,0.0,nan,nan,nan
2381.378,1.545971e-05,0.0,nan,nan,nan
2381.462,1.546269e-05,0.0,nan,nan,nan
2381.546,1.546117e-05,0.0,nan,nan,nan
2381.654,1.546112e-05,0.0,nan,nan,nan
2381.738,1.545973e-05,0.0,nan,nan,nan
2381.821,1.546062e-05,0.0,nan,nan,nan
2381.905,1.546081e-05,0.0,nan,nan,nan
2381.988,1.546232e-05,0.0,nan,nan,nan
2382.072,1.5463e-05,0.0,nan,nan,nan
2382.156,1.546323e-05,0.0,nan,nan,nan
2382.239,1.545937e-05,0.0,nan,nan,nan
2382.323,1.545714e-05,0.0,nan,nan,nan
2382.407,1.545669e-05,0.0,nan,nan,nan
2382.49,1.546162e-05,0.0,nan,nan,nan
2382.574,1.546189e-05,0.0,nan,nan,nan
2382.664,1.545943e-05,0.0,nan,nan,nan
2382.76,1.545861e-05,0.0,nan,nan,nan
2382.844,1.545982e-05,0.0,nan,nan,nan
2382.928,1.545841e-05,0.0,nan,nan,nan
2383.011,1.545485e-05,0.0,nan,nan,nan
2383.095,1.545934e-05,0.0,nan,nan,nan
2383.178,1.545645e-05,0.0,nan,nan,nan
2383.283,1.54603e-05,0.0,nan,nan,nan
2383.367,1.545749e-05,0.0,nan,nan,nan
2383.45,1.545796e-05,0.0,nan,nan,nan
2383.534,1.545765e-05,0.0,nan,nan,nan
2383.618,1.545698e-05,0.0,nan,nan,nan
2383.701,1.545714e-05,0.0,nan,nan,nan
2383.785,1.545675e-05,0.0,nan,nan,nan
2383.869,1.545174e-05,0.0,nan,nan,nan
2383.952,1.545173e-05,0.0,nan,nan,nan
2384.036,1.54581e-05,0.0,nan,nan,nan
2384.12,1.545839e-05,0.0,nan,nan,nan
2384.203,1.545861e-05,0.0,nan,nan,nan
2384.302,1.545679e-05,0.0,nan,nan,nan
2384.385,1.545731e-05,0.0,nan,nan,nan
2384.471,1.545042e-05,0.0,nan,nan,nan
2384.555,1.545649e-05,0.0,nan,nan,nan
2384.639,1.545593e-05,0.0,nan,nan,nan
2384.738,1.545756e-05,0.0,nan,nan,nan
2384.823,1.546022e-05,0.0,nan,nan,nan
2384.907,1.546129e-05,0.0,nan,nan,nan
2384.99,1.546445e-05,0.0,nan,nan,nan
2385.074,1.546015e-05,0.0,nan,nan,nan
2385.157,1.546101e-05,0.0,nan,nan,nan
2385.241,1.546038e-05,0.0,nan,nan,nan
2385.345,1.545768e-05,0.0,nan,nan,nan
2385.429,1.545726e-05,0.0,nan,nan,nan
2385.535,1.545901e-05,0.0,nan,nan,nan
2385.619,1.545791e-05,0.0,nan,nan,nan
2385.703,1.545342e-05,0.0,nan,nan,nan
2385.786,1.545607e-05,0.0,nan,nan,nan
2385.872,1.546066e-05,0.0,nan,nan,nan
2385.956,1.545954e-05,0.0,nan,nan,nan
2386.04,1.545533e-05,0.0,nan,nan,nan
2386.156,1.545631e-05,0.0,nan,nan,nan
2386.24,1.545646e-05,0.0,nan,nan,nan
2386.341,1.545721e-05,0.0,nan,nan,nan
2386.425,1.545949e-05,0.0,nan,nan,nan
2386.509,1.545888e-05,0.0,nan,nan,nan
2386.593,1.545381e-05,0.0,nan,nan,nan
2386.676,1.545643e-05,0.0,nan,nan,nan
2386.76,1.545456e-05,0.0,nan,nan,nan
2386.885,1.546051e-05,0.0,nan,nan,nan
2386.969,1.545788e-05,0.0,nan,nan,nan
2387.052,1.545691e-05,0.0,nan,nan,nan
2387.137,1.545706e-05,0.0,nan,nan,nan
2387.22,1.545629e-05,0.0,nan,nan,nan
2387.305,1.545463e-05,0.0,nan,nan,nan
2387.389,1.545492e-05,0.0,nan,nan,nan
2387.472,1.545774e-05,0.0,nan,nan,nan
2387.563,1.5455e-05,0.0,nan,nan,nan
2387.646,1.545681e-05,0.0,nan,nan,nan
2387.73,1.545836e-05,0.0,nan,nan,nan
2387.814,1.545801e-05,0.0,nan,nan,nan
2387.898,1.545762e-05,0.0,nan,nan,nan
2387.996,1.545207e-05,0.0,nan,nan,nan
2388.08,1.545091e-05,0.0,nan,nan,nan
2388.164,1.545489e-05,0.0,nan,nan,nan
2388.247,1.545199e-05,0.0,nan,nan,nan
2388.331,1.545676e-05,0.0,nan,nan,nan
2388.414,1.545411e-05,0.0,nan,nan,nan
2388.498,1.545432e-05,0.0,nan,nan,nan
2388.594,1.545483e-05,0.0,nan,nan,nan
2388.678,1.545402e-05,0.0,nan,nan,nan
2388.762,1.545495e-05,0.0,nan,nan,nan
2388.846,1.545683e-05,0.0,nan,nan,nan
2388.955,1.545772e-05,0.0,nan,nan,nan
2389.043,1.545361e-05,0.0,nan,nan,nan
2389.127,1.545584e-05,0.0,nan,nan,nan
2389.21,1.545535e-05,0.0,nan,nan,nan
2389.294,1.545805e-05,0.0,nan,nan,nan
2389.377,1.54532e-05,0.0,nan,nan,nan
2389.461,1.546053e-05,0.0,nan,nan,nan
2389.544,1.545583e-05,0.0,nan,nan,nan
2389.628,1.545731e-05,0.0,nan,nan,nan
2389.711,1.545765e-05,0.0,nan,nan,nan
2389.818,1.545386e-05,0.0,nan,nan,nan
2389.902,1.545738e-05,0.0,nan,nan,nan
2389.985,1.545551e-05,0.0,nan,nan,nan
2390.069,1.545794e-05,0.0,nan,nan,nan
2390.153,1.545756e-05,0.0,nan,nan,nan
2390.237,1.545572e-05,0.0,nan,nan,nan
2390.32,1.545142e-05,0.0,nan,nan,nan
2390.404,1.545372e-05,0.0,nan,nan,nan
2390.488,1.545632e-05,0.0,nan,nan,nan
2390.571,1.545511e-05,0.0,nan,nan,nan
2390.655,1.545472e-05,0.0,nan,nan,nan
2390.738,1.545539e-05,0.0,nan,nan,nan
2390.824,1.545692e-05,0.0,nan,nan,nan
2390.907,1.545785e-05,0.0,nan,nan,nan
2391.003,1.54557e-05,0.0,nan,nan,nan
2391.086,1.545628e-05,0.0,nan,nan,nan
2391.173,1.545893e-05,0.0,nan,nan,nan
2391.263,1.545486e-05,0.0,nan,nan,nan
2391.346,1.545593e-05,0.0,nan,nan,nan
2391.454,1.545899e-05,0.0,nan,nan,nan
2391.538,1.545405e-05,0.0,nan,nan,nan
2391.621,1.545527e-05,0.0,nan,nan,nan
2391.705,1.54558e-05,0.0,nan,nan,nan
2391.789,1.545575e-05,0.0,nan,nan,nan
2391.872,1.545089e-05,0.0,nan,nan,nan
2391.956,1.545662e-05,0.0,nan,nan,nan
2392.042,1.545978e-05,0.0,nan,nan,nan
2392.126,1.545596e-05,0.0,nan,nan,nan
2392.21,1.545603e-05,0.0,nan,nan,nan
2392.304,1.545844e-05,0.0,nan,nan,nan
2392.388,1.545521e-05,0.0,nan,nan,nan
2392.475,1.545875e-05,0.0,nan,nan,nan
2392.559,1.545802e-05,0.0,nan,nan,nan
2392.646,1.545797e-05,0.0,nan,nan,nan
2392.73,1.545756e-05,0.0,nan,nan,nan
2392.814,1.545645e-05,0.0,nan,nan,nan
2392.897,1.545855e-05,0.0,nan,nan,nan
2392.981,1.54533e-05,0.0,nan,nan,nan
2393.091,1.54589e-05,0.0,nan,nan,nan
2393.174,1.545639e-05,0.0,nan,nan,nan
2393.289,1.545863e-05,0.0,nan,nan,nan
2393.372,1.545636e-05,0.0,nan,nan,nan
2393.456,1.545812e-05,0.0,nan,nan,nan
2393.54,1.545687e-05,0.0,nan,nan,nan
2393.623,1.545812e-05,0.0,nan,nan,nan
2393.707,1.546284e-05,0.0,nan,nan,nan
2393.791,1.545625e-05,0.0,nan,nan,nan
2393.897,1.545613e-05,0.0,nan,nan,nan
2393.98,1.545746e-05,0.0,nan,nan,nan
2394.065,1.545927e-05,0.0,nan,nan,nan
2394.148,1.546117e-05,0.0,nan,nan,nan
2394.232,1.545665e-05,0.0,nan,nan,nan
2394.315,1.545666e-05,0.0,nan,nan,nan
2394.399,1.545701e-05,0.0,nan,nan,nan
2394.484,1.545445e-05,0.0,nan,nan,nan
2394.568,1.545774e-05,0.0,nan,nan,nan
2394.651,1.545817e-05,0.0,nan,nan,nan
2394.739,1.545722e-05,0.0,nan,nan,nan
2394.822,1.545271e-05,0.0,nan,nan,nan
2394.906,1.545404e-05,0.0,nan,nan,nan
2394.99,1.545476e-05,0.0,nan,nan,nan
2395.073,1.545517e-05,0.0,nan,nan,nan
2395.163,1.545411e-05,0.0,nan,nan,nan
2395.247,1.545191e-05,0.0,nan,nan,nan
2395.344,1.545456e-05,0.0,nan,nan,nan
2395.427,1.545521e-05,0.0,nan,nan,nan
2395.535,1.545212e-05,0.0,nan,nan,nan
2395.619,1.545583e-05,0.0,nan,nan,nan
2395.702,1.545416e-05,0.0,nan,nan,nan
2395.786,1.54553e-05,0.0,nan,nan,nan
2395.873,1.545428e-05,0.0,nan,nan,nan
2395.957,1.545299e-05,0.0,nan,nan,nan
2396.041,1.545187e-05,0.0,nan,nan,nan
2396.129,1.545427e-05,0.0,nan,nan,nan
2396.232,1.54533e-05,0.0,nan,nan,nan
2396.316,1.545804e-05,0.0,nan,nan,nan
2396.429,1.545761e-05,0.0,nan,nan,nan
2396.513,1.545601e-05,0.0,nan,nan,nan
2396.597,1.545887e-05,0.0,nan,nan,nan
2396.681,1.545539e-05,0.0,nan,nan,nan
2396.772,1.545245e-05,0.0,nan,nan,nan
2396.856,1.545597e-05,0.0,nan,nan,nan
2396.967,1.545828e-05,0.0,nan,nan,nan
2397.051,1.545485e-05,0.0,nan,nan,nan
2397.136,1.545574e-05,0.0,nan,nan,nan
2397.227,1.545707e-05,0.0,nan,nan,nan
2397.311,1.545721e-05,0.0,nan,nan,nan
2397.395,1.545896e-05,0.0,nan,nan,nan
2397.479,1.545446e-05,0.0,nan,nan,nan
2397.569,1.545787e-05,0.0,nan,nan,nan
2397.653,1.545929e-05,0.0,nan,nan,nan
2397.736,1.545786e-05,0.0,nan,nan,nan
2397.82,1.545758e-05,0.0,nan,nan,nan
2397.904,1.545935e-05,0.0,nan,nan,nan
2397.987,1.545591e-05,0.0,nan,nan,nan
2398.071,1.545565e-05,0.0,nan,nan,nan
2398.177,1.545762e-05,0.0,nan,nan,nan
2398.261,1.545615e-05,0.0,nan,nan,nan
2398.344,1.546087e-05,0.0,nan,nan,nan
2398.428,1.545639e-05,0.0,nan,nan,nan
2398.511,1.546138e-05,0.0,nan,nan,nan
2398.602,1.545533e-05,0.0,nan,nan,nan
2398.685,1.545822e-05,0.0,nan,nan,nan
2398.787,1.54568e-05,0.0,nan,nan,nan
2398.871,1.546216e-05,0.0,nan,nan,nan
2398.954,1.545116e-05,0.0,nan,nan,nan
2399.038,1.545233e-05,0.0,nan,nan,nan
2399.122,1.545085e-05,0.0,nan,nan,nan
2399.222,1.545583e-05,0.0,nan,nan,nan
2399.305,1.545374e-05,0.0,nan,nan,nan
2399.403,1.54577e-05,0.0,nan,nan,nan
2399.487,1.545372e-05,0.0,nan,nan,nan
2399.573,1.545932e-05,0.0,nan,nan,nan
2399.657,1.545344e-05,0.0,nan,nan,nan
2399.741,1.545783e-05,0.0,nan,nan,nan
2399.824,1.54555e-05,0.0,nan,nan,nan
2399.908,1.546003e-05,0.0,nan,nan,nan
2400.012,1.545869e-05,0.0,nan,nan,nan
2400.096,1.5458e-05,0.0,nan,nan,nan
2400.18,1.545593e-05,0.0,nan,nan,nan
2400.263,1.545615e-05,0.0,nan,nan,nan
2400.347,1.545612e-05,0.0,nan,nan,nan
2400.432,1.545647e-05,0.0,nan,nan,nan
2400.516,1.545721e-05,0.0,nan,nan,nan
2400.599,1.545777e-05,0.0,nan,nan,nan
2400.683,1.545439e-05,0.0,nan,nan,nan
2400.767,1.545567e-05,0.0,nan,nan,nan
2400.85,1.545694e-05,0.0,nan,nan,nan
2400.934,1.545666e-05,0.0,nan,nan,nan
2401.027,1.546044e-05,0.0,nan,nan,nan
2401.111,1.545797e-05,0.0,nan,nan,nan
2401.195,1.545841e-05,0.0,nan,nan,nan
2401.278,1.54568e-05,0.0,nan,nan,nan
2401.369,1.546041e-05,0.0,nan,nan,nan
2401.452,1.545746e-05,0.0,nan,nan,nan
2401.536,1.545527e-05,0.0,nan,nan,nan
2401.619,1.545846e-05,0.0,nan,nan,nan
2401.703,1.545824e-05,0.0,nan,nan,nan
2401.787,1.545842e-05,0.0,nan,nan,nan
2401.87,1.545878e-05,0.0,nan,nan,nan
2401.954,1.546001e-05,0.0,nan,nan,nan
2402.054,1.545845e-05,0.0,nan,nan,nan
2402.138,1.545834e-05,0.0,nan,nan,nan
2402.222,1.545805e-05,0.0,nan,nan,nan
2402.306,1.545671e-05,0.0,nan,nan,nan
2402.39,1.545738e-05,0.0,nan,nan,nan
2402.473,1.54565e-05,0.0,nan,nan,nan
2402.557,1.545821e-05,0.0,nan,nan,nan
2402.645,1.545519e-05,0.0,nan,nan,nan
2402.729,1.545225e-05,0.0,nan,nan,nan
2402.816,1.545522e-05,0.0,nan,nan,nan
2402.9,1.545529e-05,0.0,nan,nan,nan
2402.984,1.54549e-05,0.0,nan,nan,nan
2403.081,1.545416e-05,0.0,nan,nan,nan
2403.165,1.545393e-05,0.0,nan,nan,nan
2403.259,1.545314e-05,0.0,nan,nan,nan
2403.343,1.545181e-05,0.0,nan,nan,nan
2403.453,1.545106e-05,0.0,nan,nan,nan
2403.537,1.545215e-05,0.0,nan,nan,nan
2403.62,1.545059e-05,0.0,nan,nan,nan
2403.703,1.545076e-05,0.0,nan,nan,nan
2403.787,1.545126e-05,0.0,nan,nan,nan
2403.89,1.54548e-05,0.0,nan,nan,nan
2403.973,1.545533e-05,0.0,nan,nan,nan
2404.077,1.545188e-05,0.0,nan,nan,nan
2404.161,1.545276e-05,0.0,nan,nan,nan
2404.245,1.544941e-05,0.0,nan,nan,nan
2404.329,1.544961e-05,0.0,nan,nan,nan
2404.413,1.545253e-05,0.0,nan,nan,nan
2404.496,1.545369e-05,0.0,nan,nan,nan
2404.58,1.545128e-05,0.0,nan,nan,nan
2404.665,1.545252e-05,0.0,nan,nan,nan
2404.749,1.545344e-05,0.0,nan,nan,nan
2404.832,1.545805e-05,0.0,nan,nan,nan
2404.916,1.54501e-05,0.0,nan,nan,nan
2405.0,1.545267e-05,0.0,nan,nan,nan
2405.09,1.545424e-05,0.0,nan,nan,nan
2405.174,1.545273e-05,0.0,nan,nan,nan
2405.257,1.545793e-05,0.0,nan,nan,nan
2405.341,1.545419e-05,0.0,nan,nan,nan
2405.425,1.54493e-05,0.0,nan,nan,nan
2405.51,1.545247e-05,0.0,nan,nan,nan
2405.594,1.545241e-05,0.0,nan,nan,nan
2405.678,1.545034e-05,0.0,nan,nan,nan
2405.761,1.544901e-05,0.0,nan,nan,nan
2405.845,1.544915e-05,0.0,nan,nan,nan
2405.929,1.544922e-05,0.0,nan,nan,nan
2406.012,1.545201e-05,0.0,nan,nan,nan
2406.096,1.545323e-05,0.0,nan,nan,nan
2406.18,1.545353e-05,0.0,nan,nan,nan
2406.263,1.54516e-05,0.0,nan,nan,nan
2406.347,1.545311e-05,0.0,nan,nan,nan
2406.431,1.54519e-05,0.0,nan,nan,nan
2406.517,1.545504e-05,0.0,nan,nan,nan
2406.601,1.544924e-05,0.0,nan,nan,nan
2406.685,1.544381e-05,0.0,nan,nan,nan
2406.769,1.545294e-05,0.0,nan,nan,nan
2406.853,1.545599e-05,0.0,nan,nan,nan
2406.956,1.545406e-05,0.0,nan,nan,nan
2407.04,1.545384e-05,0.0,nan,nan,nan
2407.124,1.545469e-05,0.0,nan,nan,nan
2407.208,1.545522e-05,0.0,nan,nan,nan
2407.291,1.545497e-05,0.0,nan,nan,nan
2407.375,1.545232e-05,0.0,nan,nan,nan
2407.459,1.54524e-05,0.0,nan,nan,nan
2407.572,1.54518e-05,0.0,nan,nan,nan
2407.655,1.54544e-05,0.0,nan,nan,nan
2407.755,1.545843e-05,0.0,nan,nan,nan
2407.839,1.545546e-05,0.0,nan,nan,nan
2407.922,1.545167e-05,0.0,nan,nan,nan
2408.006,1.545236e-05,0.0,nan,nan,nan
2408.09,1.5452e-05,0.0,nan,nan,nan
2408.193,1.545542e-05,0.0,nan,nan,nan
2408.277,1.545189e-05,0.0,nan,nan,nan
2408.378,1.545463e-05,0.0,nan,nan,nan
2408.461,1.545167e-05,0.0,nan,nan,nan
2408.545,1.545188e-05,0.0,nan,nan,nan
2408.628,1.545579e-05,0.0,nan,nan,nan
2408.712,1.545253e-05,0.0,nan,nan,nan
2408.796,1.545466e-05,0.0,nan,nan,nan
2408.879,1.545253e-05,0.0,nan,nan,nan
2408.963,1.545798e-05,0.0,nan,nan,nan
2409.046,1.545497e-05,0.0,nan,nan,nan
2409.13,1.545307e-05,0.0,nan,nan,nan
2409.214,1.545515e-05,0.0,nan,nan,nan
2409.297,1.545646e-05,0.0,nan,nan,nan
2409.386,1.545545e-05,0.0,nan,nan,nan
2409.469,1.545819e-05,0.0,nan,nan,nan
2409.553,1.545505e-05,0.0,nan,nan,nan
2409.643,1.545392e-05,0.0,nan,nan,nan
2409.727,1.545436e-05,0.0,nan,nan,nan
2409.813,1.545366e-05,0.0,nan,nan,nan
2409.896,1.545464e-05,0.0,nan,nan,nan
2409.98,1.545706e-05,0.0,nan,nan,nan
2410.064,1.545992e-05,0.0,nan,nan,nan
2410.147,1.545811e-05,0.0,nan,nan,nan
2410.231,1.54608e-05,0.0,nan,nan,nan
2410.315,1.54536e-05,0.0,nan,nan,nan
2410.414,1.54572e-05,0.0,nan,nan,nan
2410.498,1.545513e-05,0.0,nan,nan,nan
2410.582,1.545682e-05,0.0,nan,nan,nan
2410.666,1.545815e-05,0.0,nan,nan,nan
2410.749,1.545548e-05,0.0,nan,nan,nan
2410.833,1.545648e-05,0.0,nan,nan,nan
2410.916,1.545632e-05,0.0,nan,nan,nan
2411.022,1.545721e-05,0.0,nan,nan,nan
2411.106,1.545784e-05,0.0,nan,nan,nan
2411.19,1.545573e-05,0.0,nan,nan,nan
2411.274,1.545101e-05,0.0,nan,nan,nan
2411.357,1.545394e-05,0.0,nan,nan,nan
2411.445,1.545129e-05,0.0,nan,nan,nan
2411.529,1.545386e-05,0.0,nan,nan,nan
2411.612,1.545674e-05,0.0,nan,nan,nan
2411.702,1.545225e-05,0.0,nan,nan,nan
2411.787,1.545362e-05,0.0,nan,nan,nan
2411.871,1.545531e-05,0.0,nan,nan,nan
2411.954,1.545423e-05,0.0,nan,nan,nan
2412.057,1.545759e-05,0.0,nan,nan,nan
2412.141,1.545638e-05,0.0,nan,nan,nan
2412.226,1.545426e-05,0.0,nan,nan,nan
2412.31,1.54543e-05,0.0,nan,nan,nan
2412.393,1.544656e-05,0.0,nan,nan,nan
2412.477,1.545368e-05,0.0,nan,nan,nan
2412.561,1.544937e-05,0.0,nan,nan,nan
2412.644,1.545023e-05,0.0,nan,nan,nan
2412.728,1.545329e-05,0.0,nan,nan,nan
2412.813,1.545088e-05,0.0,nan,nan,nan
2412.897,1.545406e-05,0.0,nan,nan,nan
2412.981,1.544677e-05,0.0,nan,nan,nan
2413.067,1.545153e-05,0.0,nan,nan,nan
2413.151,1.545341e-05,0.0,nan,nan,nan
2413.235,1.545449e-05,0.0,nan,nan,nan
2413.318,1.545328e-05,0.0,nan,nan,nan
2413.402,1.545424e-05,0.0,nan,nan,nan
2413.486,1.545023e-05,0.0,nan,nan,nan
2413.569,1.545542e-05,0.0,nan,nan,nan
2413.672,1.545889e-05,0.0,nan,nan,nan
2413.778,1.545306e-05,0.0,nan,nan,nan
2413.877,1.545173e-05,0.0,nan,nan,nan
2413.961,1.545287e-05,0.0,nan,nan,nan
2414.047,1.545317e-05,0.0,nan,nan,nan
2414.131,1.545513e-05,0.0,nan,nan,nan
2414.215,1.545678e-05,0.0,nan,nan,nan
2414.298,1.544958e-05,0.0,nan,nan,nan
2414.382,1.545452e-05,0.0,nan,nan,nan
2414.466,1.545423e-05,0.0,nan,nan,nan
2414.549,1.545494e-05,0.0,nan,nan,nan
2414.633,1.545419e-05,0.0,nan,nan,nan
2414.717,1.545198e-05,0.0,nan,nan,nan
2414.8,1.545377e-05,0.0,nan,nan,nan
2414.884,1.545703e-05,0.0,nan,nan,nan
2414.968,1.545648e-05,0.0,nan,nan,nan
2415.054,1.545657e-05,0.0,nan,nan,nan
2415.137,1.545379e-05,0.0,nan,nan,nan
2415.221,1.545449e-05,0.0,nan,nan,nan
2415.322,1.545285e-05,0.0,nan,nan,nan
2415.405,1.545045e-05,0.0,nan,nan,nan
2415.489,1.5453e-05,0.0,nan,nan,nan
2415.573,1.545319e-05,0.0,nan,nan,nan
2415.657,1.545272e-05,0.0,nan,nan,nan
2415.746,1.54529e-05,0.0,nan,nan,nan
2415.844,1.54527e-05,0.0,nan,nan,nan
2415.944,1.545242e-05,0.0,nan,nan,nan
2416.027,1.545321e-05,0.0,nan,nan,nan
2416.112,1.545132e-05,0.0,nan,nan,nan
2416.195,1.545046e-05,0.0,nan,nan,nan
2416.279,1.545218e-05,0.0,nan,nan,nan
2416.362,1.545308e-05,0.0,nan,nan,nan
2416.446,1.545228e-05,0.0,nan,nan,nan
2416.554,1.545171e-05,0.0,nan,nan,nan
2416.638,1.545187e-05,0.0,nan,nan,nan
2416.721,1.545379e-05,0.0,nan,nan,nan
2416.805,1.545111e-05,0.0,nan,nan,nan
2416.889,1.545281e-05,0.0,nan,nan,nan
2416.985,1.545676e-05,0.0,nan,nan,nan
2417.069,1.545441e-05,0.0,nan,nan,nan
2417.152,1.545441e-05,0.0,nan,nan,nan
2417.236,1.545503e-05,0.0,nan,nan,nan
2417.32,1.545147e-05,0.0,nan,nan,nan
2417.403,1.545468e-05,0.0,nan,nan,nan
2417.487,1.545412e-05,0.0,nan,nan,nan
2417.587,1.545024e-05,0.0,nan,nan,nan
2417.67,1.54506e-05,0.0,nan,nan,nan
2417.754,1.545334e-05,0.0,nan,nan,nan
2417.838,1.545242e-05,0.0,nan,nan,nan
2417.921,1.545041e-05,0.0,nan,nan,nan
2418.005,1.54506e-05,0.0,nan,nan,nan
2418.089,1.545628e-05,0.0,nan,nan,nan
2418.201,1.545044e-05,0.0,nan,nan,nan
2418.285,1.54558e-05,0.0,nan,nan,nan
2418.369,1.5452e-05,0.0,nan,nan,nan
2418.453,1.545684e-05,0.0,nan,nan,nan
2418.536,1.545676e-05,0.0,nan,nan,nan
2418.62,1.545159e-05,0.0,nan,nan,nan
2418.703,1.545361e-05,0.0,nan,nan,nan
2418.804,1.545723e-05,0.0,nan,nan,nan
2418.888,1.545557e-05,0.0,nan,nan,nan
2418.972,1.545488e-05,0.0,nan,nan,nan
2419.056,1.545322e-05,0.0,nan,nan,nan
2419.139,1.545481e-05,0.0,nan,nan,nan
2419.224,1.545373e-05,0.0,nan,nan,nan
2419.307,1.545451e-05,0.0,nan,nan,nan
2419.394,1.545437e-05,0.0,nan,nan,nan
2419.478,1.545569e-05,0.0,nan,nan,nan
2419.562,1.545598e-05,0.0,nan,nan,nan
2419.645,1.545314e-05,0.0,nan,nan,nan
2419.729,1.545406e-05,0.0,nan,nan,nan
2419.831,1.545242e-05,0.0,nan,nan,nan
2419.927,1.545459e-05,0.0,nan,nan,nan
2420.011,1.545632e-05,0.0,nan,nan,nan
2420.095,1.545635e-05,0.0,nan,nan,nan
2420.178,1.544779e-05,0.0,nan,nan,nan
2420.265,1.54535e-05,0.0,nan,nan,nan
2420.349,1.5453e-05,0.0,nan,nan,nan
2420.448,1.545394e-05,0.0,nan,nan,nan
2420.532,1.545372e-05,0.0,nan,nan,nan
2420.615,1.545011e-05,0.0,nan,nan,nan
2420.699,1.545267e-05,0.0,nan,nan,nan
2420.783,1.545676e-05,0.0,nan,nan,nan
2420.866,1.545895e-05,0.0,nan,nan,nan
2420.95,1.545621e-05,0.0,nan,nan,nan
2421.044,1.54541e-05,0.0,nan,nan,nan
2421.127,1.545195e-05,0.0,nan,nan,nan
2421.211,1.54566e-05,0.0,nan,nan,nan
2421.294,1.545501e-05,0.0,nan,nan,nan
2421.378,1.545783e-05,0.0,nan,nan,nan
2421.488,1.545308e-05,0.0,nan,nan,nan
2421.572,1.545616e-05,0.0,nan,nan,nan
2421.656,1.545279e-05,0.0,nan,nan,nan
2421.739,1.545319e-05,0.0,nan,nan,nan
2421.824,1.545624e-05,0.0,nan,nan,nan
2421.908,1.545586e-05,0.0,nan,nan,nan
2422.019,1.544806e-05,0.0,nan,nan,nan
2422.103,1.54556e-05,0.0,nan,nan,nan
2422.186,1.545298e-05,0.0,nan,nan,nan
2422.278,1.545419e-05,0.0,nan,nan,nan
2422.361,1.545036e-05,0.0,nan,nan,nan
2422.445,1.544818e-05,0.0,nan,nan,nan
2422.528,1.545088e-05,0.0,nan,nan,nan
2422.612,1.544938e-05,0.0,nan,nan,nan
2422.696,1.545139e-05,0.0,nan,nan,nan
2422.78,1.54537e-05,0.0,nan,nan,nan
2422.864,1.545043e-05,0.0,nan,nan,nan
2422.948,1.544907e-05,0.0,nan,nan,nan
2423.032,1.545365e-05,0.0,nan,nan,nan
2423.115,1.545151e-05,0.0,nan,nan,nan
2423.199,1.545769e-05,0.0,nan,nan,nan
2423.296,1.544984e-05,0.0,nan,nan,nan
2423.379,1.545083e-05,0.0,nan,nan,nan
2423.463,1.545931e-05,0.0,nan,nan,nan
2423.547,1.546166e-05,0.0,nan,nan,nan
2423.63,1.545793e-05,0.0,nan,nan,nan
2423.729,1.545609e-05,0.0,nan,nan,nan
2423.813,1.545724e-05,0.0,nan,nan,nan
2423.897,1.545999e-05,0.0,nan,nan,nan
2423.98,1.545491e-05,0.0,nan,nan,nan
2424.07,1.545853e-05,0.0,nan,nan,nan
2424.168,1.545677e-05,0.0,nan,nan,nan
2424.252,1.545867e-05,0.0,nan,nan,nan
2424.335,1.546021e-05,0.0,nan,nan,nan
2424.419,1.545529e-05,0.0,nan,nan,nan
2424.503,1.545558e-05,0.0,nan,nan,nan
2424.586,1.545383e-05,0.0,nan,nan,nan
2424.673,1.545315e-05,0.0,nan,nan,nan
2424.759,1.545214e-05,0.0,nan,nan,nan
2424.843,1.545317e-05,0.0,nan,nan,nan
2424.928,1.545337e-05,0.0,nan,nan,nan
2425.012,1.544973e-05,0.0,nan,nan,nan
2425.095,1.545415e-05,0.0,nan,nan,nan
2425.179,1.54472e-05,0.0,nan,nan,nan
2425.263,1.54542e-05,0.0,nan,nan,nan
2425.346,1.545126e-05,0.0,nan,nan,nan
2425.43,1.545147e-05,0.0,nan,nan,nan
2425.516,1.545612e-05,0.0,nan,nan,nan
2425.599,1.545595e-05,0.0,nan,nan,nan
2425.683,1.545336e-05,0.0,nan,nan,nan
2425.767,1.545749e-05,0.0,nan,nan,nan
2425.85,1.545494e-05,0.0,nan,nan,nan
2425.935,1.545202e-05,0.0,nan,nan,nan
2426.019,1.54516e-05,0.0,nan,nan,nan
2426.102,1.545331e-05,0.0,nan,nan,nan
2426.186,1.544962e-05,0.0,nan,nan,nan
2426.27,1.545401e-05,0.0,nan,nan,nan
2426.36,1.545473e-05,0.0,nan,nan,nan
2426.443,1.545473e-05,0.0,nan,nan,nan
2426.528,1.545544e-05,0.0,nan,nan,nan
2426.612,1.545616e-05,0.0,nan,nan,nan
2426.696,1.545979e-05,0.0,nan,nan,nan
2426.779,1.545319e-05,0.0,nan,nan,nan
2426.863,1.545296e-05,0.0,nan,nan,nan
2426.947,1.545636e-05,0.0,nan,nan,nan
2427.031,1.545187e-05,0.0,nan,nan,nan
2427.114,1.545527e-05,0.0,nan,nan,nan
2427.198,1.545263e-05,0.0,nan,nan,nan
2427.282,1.545305e-05,0.0,nan,nan,nan
2427.381,1.545719e-05,0.0,nan,nan,nan
2427.465,1.545975e-05,0.0,nan,nan,nan
2427.548,1.545483e-05,0.0,nan,nan,nan
2427.632,1.545544e-05,0.0,nan,nan,nan
2427.717,1.545752e-05,0.0,nan,nan,nan
2427.8,1.545771e-05,0.0,nan,nan,nan
2427.884,1.545438e-05,0.0,nan,nan,nan
2427.97,1.545597e-05,0.0,nan,nan,nan
2428.054,1.545873e-05,0.0,nan,nan,nan
2428.142,1.545139e-05,0.0,nan,nan,nan
2428.237,1.545478e-05,0.0,nan,nan,nan
2428.32,1.545139e-05,0.0,nan,nan,nan
2428.421,1.545122e-05,0.0,nan,nan,nan
2428.504,1.545493e-05,0.0,nan,nan,nan
2428.589,1.545546e-05,0.0,nan,nan,nan
2428.673,1.545469e-05,0.0,nan,nan,nan
2428.757,1.545447e-05,0.0,nan,nan,nan
2428.841,1.545646e-05,0.0,nan,nan,nan
2428.924,1.545695e-05,0.0,nan,nan,nan
2429.032,1.545382e-05,0.0,nan,nan,nan
2429.116,1.545306e-05,0.0,nan,nan,nan
2429.2,1.545636e-05,0.0,nan,nan,nan
2429.283,1.5454e-05,0.0,nan,nan,nan
2429.367,1.545369e-05,0.0,nan,nan,nan
2429.451,1.545422e-05,0.0,nan,nan,nan
2429.534,1.545077e-05,0.0,nan,nan,nan
2429.618,1.545684e-05,0.0,nan,nan,nan
2429.702,1.545645e-05,0.0,nan,nan,nan
2429.785,1.545742e-05,0.0,nan,nan,nan
2429.869,1.545618e-05,0.0,nan,nan,nan
2429.953,1.545672e-05,0.0,nan,nan,nan
2430.048,1.545313e-05,0.0,nan,nan,nan
2430.131,1.545676e-05,0.0,nan,nan,nan
2430.215,1.545499e-05,0.0,nan,nan,nan
2430.303,1.545475e-05,0.0,nan,nan,nan
2430.387,1.545394e-05,0.0,nan,nan,nan
2430.482,1.545209e-05,0.0,nan,nan,nan
2430.567,1.545555e-05,0.0,nan,nan,nan
2430.651,1.545087e-05,0.0,nan,nan,nan
2430.735,1.545765e-05,0.0,nan,nan,nan
2430.819,1.54584e-05,0.0,nan,nan,nan
2430.903,1.545556e-05,0.0,nan,nan,nan
2430.986,1.545609e-05,0.0,nan,nan,nan
2431.07,1.545887e-05,0.0,nan,nan,nan
2431.153,1.545643e-05,0.0,nan,nan,nan
2431.237,1.545756e-05,0.0,nan,nan,nan
2431.32,1.545735e-05,0.0,nan,nan,nan
2431.404,1.545894e-05,0.0,nan,nan,nan
2431.488,1.545685e-05,0.0,nan,nan,nan
2431.572,1.545859e-05,0.0,nan,nan,nan
2431.658,1.545958e-05,0.0,nan,nan,nan
2431.748,1.545799e-05,0.0,nan,nan,nan
2431.832,1.545635e-05,0.0,nan,nan,nan
2431.937,1.545844e-05,0.0,nan,nan,nan
2432.021,1.545588e-05,0.0,nan,nan,nan
2432.124,1.545447e-05,0.0,nan,nan,nan
2432.208,1.545736e-05,0.0,nan,nan,nan
2432.294,1.54595e-05,0.0,nan,nan,nan
2432.379,1.545675e-05,0.0,nan,nan,nan
2432.462,1.545715e-05,0.0,nan,nan,nan
2432.549,1.54543e-05,0.0,nan,nan,nan
2432.633,1.54601e-05,0.0,nan,nan,nan
2432.717,1.545578e-05,0.0,nan,nan,nan
2432.801,1.545961e-05,0.0,nan,nan,nan
2432.884,1.546009e-05,0.0,nan,nan,nan
2432.968,1.546193e-05,0.0,nan,nan,nan
2433.052,1.54614e-05,0.0,nan,nan,nan
2433.144,1.545944e-05,0.0,nan,nan,nan
2433.228,1.546162e-05,0.0,nan,nan,nan
2433.311,1.545926e-05,0.0,nan,nan,nan
2433.395,1.546293e-05,0.0,nan,nan,nan
2433.479,1.546056e-05,0.0,nan,nan,nan
2433.573,1.546098e-05,0.0,nan,nan,nan
2433.656,1.54571e-05,0.0,nan,nan,nan
2433.74,1.545744e-05,0.0,nan,nan,nan
2433.823,1.545803e-05,0.0,nan,nan,nan
2433.907,1.545531e-05,0.0,nan,nan,nan
2433.991,1.545465e-05,0.0,nan,nan,nan
2434.075,1.545858e-05,0.0,nan,nan,nan
2434.175,1.545406e-05,0.0,nan,nan,nan
2434.258,1.545514e-05,0.0,nan,nan,nan
2434.343,1.545337e-05,0.0,nan,nan,nan
2434.434,1.545256e-05,0.0,nan,nan,nan
2434.518,1.545545e-05,0.0,nan,nan,nan
2434.602,1.545645e-05,0.0,nan,nan,nan
2434.686,1.545266e-05,0.0,nan,nan,nan
2434.791,1.545217e-05,0.0,nan,nan,nan
2434.874,1.545402e-05,0.0,nan,nan,nan
2434.958,1.545698e-05,0.0,nan,nan,nan
2435.041,1.545754e-05,0.0,nan,nan,nan
2435.126,1.545774e-05,0.0,nan,nan,nan
2435.211,1.545519e-05,0.0,nan,nan,nan
2435.294,1.545272e-05,0.0,nan,nan,nan
2435.377,1.545452e-05,0.0,nan,nan,nan
2435.461,1.545525e-05,0.0,nan,nan,nan
2435.544,1.545559e-05,0.0,nan,nan,nan
2435.628,1.545252e-05,0.0,nan,nan,nan
2435.711,1.545385e-05,0.0,nan,nan,nan
2435.806,1.545594e-05,0.0,nan,nan,nan
2435.89,1.545536e-05,0.0,nan,nan,nan
2435.973,1.545567e-05,0.0,nan,nan,nan
2436.057,1.545358e-05,0.0,nan,nan,nan
2436.141,1.545198e-05,0.0,nan,nan,nan
2436.224,1.545814e-05,0.0,nan,nan,nan
2436.308,1.54565e-05,0.0,nan,nan,nan
2436.392,1.545246e-05,0.0,nan,nan,nan
2436.502,1.545299e-05,0.0,nan,nan,nan
2436.586,1.545299e-05,0.0,nan,nan,nan
2436.669,1.544696e-05,0.0,nan,nan,nan
2436.756,1.5455e-05,0.0,nan,nan,nan
2436.84,1.545616e-05,0.0,nan,nan,nan
2436.924,1.545383e-05,0.0,nan,nan,nan
2437.007,1.545306e-05,0.0,nan,nan,nan
2437.091,1.545389e-05,0.0,nan,nan,nan
2437.175,1.545851e-05,0.0,nan,nan,nan
2437.266,1.54582e-05,0.0,nan,nan,nan
2437.35,1.545782e-05,0.0,nan,nan,nan
2437.437,1.546054e-05,0.0,nan,nan,nan
2437.521,1.545243e-05,0.0,nan,nan,nan
2437.604,1.545499e-05,0.0,nan,nan,nan
2437.688,1.545246e-05,0.0,nan,nan,nan
2437.774,1.545236e-05,0.0,nan,nan,nan
2437.88,1.545816e-05,0.0,nan,nan,nan
2437.964,1.54556e-05,0.0,nan,nan,nan
2438.054,1.545402e-05,0.0,nan,nan,nan
2438.137,1.545436e-05,0.0,nan,nan,nan
2438.221,1.545471e-05,0.0,nan,nan,nan
2438.304,1.545424e-05,0.0,nan,nan,nan
2438.388,1.545608e-05,0.0,nan,nan,nan
2438.476,1.545661e-05,0.0,nan,nan,nan
2438.564,1.545574e-05,0.0,nan,nan,nan
2438.648,1.545696e-05,0.0,nan,nan,nan
2438.732,1.545538e-05,0.0,nan,nan,nan
2438.815,1.545595e-05,0.0,nan,nan,nan
2438.899,1.545481e-05,0.0,nan,nan,nan
2438.982,1.545709e-05,0.0,nan,nan,nan
2439.081,1.545233e-05,0.0,nan,nan,nan
2439.164,1.54538e-05,0.0,nan,nan,nan
2439.248,1.545611e-05,0.0,nan,nan,nan
2439.332,1.545559e-05,0.0,nan,nan,nan
2439.416,1.545433e-05,0.0,nan,nan,nan
2439.502,1.545438e-05,0.0,nan,nan,nan
2439.586,1.545451e-05,0.0,nan,nan,nan
2439.669,1.54493e-05,0.0,nan,nan,nan
2439.753,1.54523e-05,0.0,nan,nan,nan
2439.836,1.545396e-05,0.0,nan,nan,nan
2439.92,1.545118e-05,0.0,nan,nan,nan
2440.004,1.545275e-05,0.0,nan,nan,nan
2440.097,1.545504e-05,0.0,nan,nan,nan
2440.181,1.545461e-05,0.0,nan,nan,nan
2440.265,1.545734e-05,0.0,nan,nan,nan
2440.348,1.545296e-05,0.0,nan,nan,nan
2440.432,1.54531e-05,0.0,nan,nan,nan
2440.516,1.545061e-05,0.0,nan,nan,nan
2440.617,1.545222e-05,0.0,nan,nan,nan
2440.713,1.54533e-05,0.0,nan,nan,nan
2440.797,1.54524e-05,0.0,nan,nan,nan
2440.883,1.545473e-05,0.0,nan,nan,nan
2440.967,1.545266e-05,0.0,nan,nan,nan
2441.052,1.544988e-05,0.0,nan,nan,nan
2441.136,1.545229e-05,0.0,nan,nan,nan
2441.22,1.545382e-05,0.0,nan,nan,nan
2441.306,1.545463e-05,0.0,nan,nan,nan
2441.389,1.545515e-05,0.0,nan,nan,nan
2441.473,1.545588e-05,0.0,nan,nan,nan
2441.557,1.545434e-05,0.0,nan,nan,nan
2441.64,1.545436e-05,0.0,nan,nan,nan
2441.726,1.545538e-05,0.0,nan,nan,nan
2441.81,1.545292e-05,0.0,nan,nan,nan
2441.894,1.545401e-05,0.0,nan,nan,nan
2441.978,1.54533e-05,0.0,nan,nan,nan
2442.062,1.545575e-05,0.0,nan,nan,nan
2442.147,1.545741e-05,0.0,nan,nan,nan
2442.231,1.545431e-05,0.0,nan,nan,nan
2442.322,1.545271e-05,0.0,nan,nan,nan
2442.406,1.545175e-05,0.0,nan,nan,nan
2442.49,1.545383e-05,0.0,nan,nan,nan
2442.574,1.545172e-05,0.0,nan,nan,nan
2442.703,1.545613e-05,0.0,nan,nan,nan
2442.788,1.545482e-05,0.0,nan,nan,nan
2442.872,1.545555e-05,0.0,nan,nan,nan
2442.969,1.545428e-05,0.0,nan,nan,nan
2443.053,1.545566e-05,0.0,nan,nan,nan
2443.136,1.545512e-05,0.0,nan,nan,nan
2443.221,1.545383e-05,0.0,nan,nan,nan
2443.304,1.545257e-05,0.0,nan,nan,nan
2443.388,1.545419e-05,0.0,nan,nan,nan
2443.471,1.545581e-05,0.0,nan,nan,nan
2443.559,1.545625e-05,0.0,nan,nan,nan
2443.643,1.545723e-05,0.0,nan,nan,nan
2443.726,1.545601e-05,0.0,nan,nan,nan
2443.81,1.545332e-05,0.0,nan,nan,nan
2443.894,1.545553e-05,0.0,nan,nan,nan
2443.979,1.545451e-05,0.0,nan,nan,nan
2444.062,1.545083e-05,0.0,nan,nan,nan
2444.148,1.545395e-05,0.0,nan,nan,nan
2444.232,1.544996e-05,0.0,nan,nan,nan
2444.315,1.545193e-05,0.0,nan,nan,nan
2444.399,1.545388e-05,0.0,nan,nan,nan
2444.482,1.545521e-05,0.0,nan,nan,nan
2444.571,1.545313e-05,0.0,nan,nan,nan
2444.654,1.545315e-05,0.0,nan,nan,nan
2444.784,1.545416e-05,0.0,nan,nan,nan
2444.867,1.544825e-05,0.0,nan,nan,nan
2444.951,1.544558e-05,0.0,nan,nan,nan
2445.035,1.545088e-05,0.0,nan,nan,nan
2445.119,1.544991e-05,0.0,nan,nan,nan
2445.202,1.545074e-05,0.0,nan,nan,nan
2445.286,1.54511e-05,0.0,nan,nan,nan
2445.371,1.545488e-05,0.0,nan,nan,nan
2445.455,1.545178e-05,0.0,nan,nan,nan
2445.539,1.54555e-05,0.0,nan,nan,nan
2445.622,1.545647e-05,0.0,nan,nan,nan
2445.706,1.54494e-05,0.0,nan,nan,nan
2445.79,1.54548e-05,0.0,nan,nan,nan
2445.874,1.545743e-05,0.0,nan,nan,nan
2445.958,1.545701e-05,0.0,nan,nan,nan
2446.042,1.545154e-05,0.0,nan,nan,nan
2446.125,1.545255e-05,0.0,nan,nan,nan
2446.229,1.545377e-05,0.0,nan,nan,nan
2446.312,1.545237e-05,0.0,nan,nan,nan
2446.396,1.545319e-05,0.0,nan,nan,nan
2446.48,1.545516e-05,0.0,nan,nan,nan
2446.563,1.5456e-05,0.0,nan,nan,nan
2446.649,1.545394e-05,0.0,nan,nan,nan
2446.733,1.5453e-05,0.0,nan,nan,nan
2446.839,1.545215e-05,0.0,nan,nan,nan
2446.922,1.545177e-05,0.0,nan,nan,nan
2447.028,1.545303e-05,0.0,nan,nan,nan
2447.112,1.545091e-05,0.0,nan,nan,nan
2447.196,1.545147e-05,0.0,nan,nan,nan
2447.279,1.54508e-05,0.0,nan,nan,nan
2447.363,1.545167e-05,0.0,nan,nan,nan
2447.447,1.545161e-05,0.0,nan,nan,nan
2447.531,1.545181e-05,0.0,nan,nan,nan
2447.617,1.545312e-05,0.0,nan,nan,nan
2447.7,1.54538e-05,0.0,nan,nan,nan
2447.787,1.545254e-05,0.0,nan,nan,nan
2447.871,1.545469e-05,0.0,nan,nan,nan
2447.954,1.544673e-05,0.0,nan,nan,nan
2448.052,1.544745e-05,0.0,nan,nan,nan
2448.136,1.545262e-05,0.0,nan,nan,nan
2448.221,1.545163e-05,0.0,nan,nan,nan
2448.305,1.545445e-05,0.0,nan,nan,nan
2448.389,1.545267e-05,0.0,nan,nan,nan
2448.473,1.545686e-05,0.0,nan,nan,nan
2448.557,1.545746e-05,0.0,nan,nan,nan
2448.66,1.545572e-05,0.0,nan,nan,nan
2448.744,1.545545e-05,0.0,nan,nan,nan
2448.829,1.545847e-05,0.0,nan,nan,nan
2448.922,1.545407e-05,0.0,nan,nan,nan
2449.005,1.545617e-05,0.0,nan,nan,nan
2449.089,1.54552e-05,0.0,nan,nan,nan
2449.173,1.545561e-05,0.0,nan,nan,nan
2449.256,1.545612e-05,0.0,nan,nan,nan
2449.34,1.545304e-05,0.0,nan,nan,nan
2449.424,1.545486e-05,0.0,nan,nan,nan
2449.508,1.54551e-05,0.0,nan,nan,nan
2449.592,1.545241e-05,0.0,nan,nan,nan
2449.703,1.544948e-05,0.0,nan,nan,nan
2449.787,1.545418e-05,0.0,nan,nan,nan
2449.871,1.545342e-05,0.0,nan,nan,nan
2449.955,1.545293e-05,0.0,nan,nan,nan
2450.039,1.54525e-05,0.0,nan,nan,nan
2450.123,1.544939e-05,0.0,nan,nan,nan
2450.207,1.54547e-05,0.0,nan,nan,nan
2450.305,1.545233e-05,0.0,nan,nan,nan
2450.389,1.545135e-05,0.0,nan,nan,nan
2450.495,1.545126e-05,0.0,nan,nan,nan
2450.578,1.544961e-05,0.0,nan,nan,nan
2450.663,1.545033e-05,0.0,nan,nan,nan
2450.747,1.54531e-05,0.0,nan,nan,nan
2450.831,1.544873e-05,0.0,nan,nan,nan
2450.925,1.544787e-05,0.0,nan,nan,nan
2451.009,1.544809e-05,0.0,nan,nan,nan
2451.116,1.545119e-05,0.0,nan,nan,nan
2451.199,1.544831e-05,0.0,nan,nan,nan
2451.286,1.545086e-05,0.0,nan,nan,nan
2451.37,1.544761e-05,0.0,nan,nan,nan
2451.453,1.545043e-05,0.0,nan,nan,nan
2451.537,1.545107e-05,0.0,nan,nan,nan
2451.621,1.54513e-05,0.0,nan,nan,nan
2451.704,1.545378e-05,0.0,nan,nan,nan
2451.788,1.54496e-05,0.0,nan,nan,nan
2451.871,1.545147e-05,0.0,nan,nan,nan
2451.955,1.545148e-05,0.0,nan,nan,nan
2452.039,1.54466e-05,0.0,nan,nan,nan
2452.126,1.5454e-05,0.0,nan,nan,nan
2452.21,1.544984e-05,0.0,nan,nan,nan
2452.295,1.544956e-05,0.0,nan,nan,nan
2452.379,1.544955e-05,0.0,nan,nan,nan
2452.463,1.545164e-05,0.0,nan,nan,nan
2452.552,1.54533e-05,0.0,nan,nan,nan
2452.636,1.545374e-05,0.0,nan,nan,nan
2452.719,1.5455e-05,0.0,nan,nan,nan
2452.803,1.545679e-05,0.0,nan,nan,nan
2452.891,1.545694e-05,0.0,nan,nan,nan
2452.975,1.54549e-05,0.0,nan,nan,nan
2453.06,1.545238e-05,0.0,nan,nan,nan
2453.167,1.545152e-05,0.0,nan,nan,nan
2453.251,1.545544e-05,0.0,nan,nan,nan
2453.334,1.545279e-05,0.0,nan,nan,nan
2453.418,1.544986e-05,0.0,nan,nan,nan
2453.501,1.545324e-05,0.0,nan,nan,nan
2453.585,1.544862e-05,0.0,nan,nan,nan
2453.668,1.54509e-05,0.0,nan,nan,nan
2453.759,1.545499e-05,0.0,nan,nan,nan
2453.843,1.545305e-05,0.0,nan,nan,nan
2453.927,1.545415e-05,0.0,nan,nan,nan
2454.011,1.545037e-05,0.0,nan,nan,nan
2454.094,1.545568e-05,0.0,nan,nan,nan
2454.178,1.545147e-05,0.0,nan,nan,nan
2454.261,1.545086e-05,0.0,nan,nan,nan
2454.345,1.545418e-05,0.0,nan,nan,nan
2454.428,1.545082e-05,0.0,nan,nan,nan
2454.512,1.545175e-05,0.0,nan,nan,nan
2454.596,1.545294e-05,0.0,nan,nan,nan
2454.68,1.545258e-05,0.0,nan,nan,nan
2454.785,1.544929e-05,0.0,nan,nan,nan
2454.869,1.545389e-05,0.0,nan,nan,nan
2454.954,1.545053e-05,0.0,nan,nan,nan
2455.038,1.545435e-05,0.0,nan,nan,nan
2455.131,1.545308e-05,0.0,nan,nan,nan
2455.215,1.544741e-05,0.0,nan,nan,nan
2455.299,1.545137e-05,0.0,nan,nan,nan
2455.396,1.545139e-05,0.0,nan,nan,nan
2455.48,1.54536e-05,0.0,nan,nan,nan
2455.563,1.545186e-05,0.0,nan,nan,nan
2455.647,1.545444e-05,0.0,nan,nan,nan
2455.731,1.545791e-05,0.0,nan,nan,nan
2455.815,1.545116e-05,0.0,nan,nan,nan
2455.898,1.545567e-05,0.0,nan,nan,nan
2455.983,1.545389e-05,0.0,nan,nan,nan
2456.067,1.545127e-05,0.0,nan,nan,nan
2456.151,1.545288e-05,0.0,nan,nan,nan
2456.234,1.545006e-05,0.0,nan,nan,nan
2456.318,1.545108e-05,0.0,nan,nan,nan
2456.402,1.545281e-05,0.0,nan,nan,nan
2456.486,1.545071e-05,0.0,nan,nan,nan
2456.569,1.545293e-05,0.0,nan,nan,nan
2456.653,1.544757e-05,0.0,nan,nan,nan
2456.736,1.545306e-05,0.0,nan,nan,nan
2456.823,1.545402e-05,0.0,nan,nan,nan
2456.907,1.545531e-05,0.0,nan,nan,nan
2456.993,1.545298e-05,0.0,nan,nan,nan
2457.077,1.544884e-05,0.0,nan,nan,nan
2457.185,1.545047e-05,0.0,nan,nan,nan
2457.276,1.544884e-05,0.0,nan,nan,nan
2457.359,1.54486e-05,0.0,nan,nan,nan
2457.442,1.544813e-05,0.0,nan,nan,nan
2457.526,1.544921e-05,0.0,nan,nan,nan
2457.612,1.545333e-05,0.0,nan,nan,nan
2457.696,1.545093e-05,0.0,nan,nan,nan
2457.779,1.545346e-05,0.0,nan,nan,nan
2457.863,1.545215e-05,0.0,nan,nan,nan
2457.947,1.545158e-05,0.0,nan,nan,nan
2458.048,1.544679e-05,0.0,nan,nan,nan
2458.132,1.545048e-05,0.0,nan,nan,nan
2458.218,1.545333e-05,0.0,nan,nan,nan
2458.302,1.545442e-05,0.0,nan,nan,nan
2458.386,1.545447e-05,0.0,nan,nan,nan
2458.474,1.545232e-05,0.0,nan,nan,nan
2458.558,1.545533e-05,0.0,nan,nan,nan
2458.642,1.545745e-05,0.0,nan,nan,nan
2458.726,1.545412e-05,0.0,nan,nan,nan
2458.809,1.545314e-05,0.0,nan,nan,nan
2458.894,1.54504e-05,0.0,nan,nan,nan
2458.978,1.54517e-05,0.0,nan,nan,nan
2459.082,1.544759e-05,0.0,nan,nan,nan
2459.165,1.544935e-05,0.0,nan,nan,nan
2459.252,1.545262e-05,0.0,nan,nan,nan
2459.357,1.545487e-05,0.0,nan,nan,nan
2459.441,1.545194e-05,0.0,nan,nan,nan
2459.525,1.545154e-05,0.0,nan,nan,nan
2459.609,1.545294e-05,0.0,nan,nan,nan
2459.692,1.545361e-05,0.0,nan,nan,nan
2459.776,1.545205e-05,0.0,nan,nan,nan
2459.86,1.545509e-05,0.0,nan,nan,nan
2459.944,1.545286e-05,0.0,nan,nan,nan
2460.028,1.545601e-05,0.0,nan,nan,nan
2460.115,1.545198e-05,0.0,nan,nan,nan
2460.199,1.545331e-05,0.0,nan,nan,nan
2460.298,1.545034e-05,0.0,nan,nan,nan
2460.382,1.545308e-05,0.0,nan,nan,nan
2460.465,1.545143e-05,0.0,nan,nan,nan
2460.549,1.545074e-05,0.0,nan,nan,nan
2460.633,1.544979e-05,0.0,nan,nan,nan
2460.733,1.544914e-05,0.0,nan,nan,nan
2460.817,1.545318e-05,0.0,nan,nan,nan
2460.901,1.545131e-05,0.0,nan,nan,nan
2460.985,1.54504e-05,0.0,nan,nan,nan
2461.069,1.545134e-05,0.0,nan,nan,nan
2461.153,1.544564e-05,0.0,nan,nan,nan
2461.237,1.545016e-05,0.0,nan,nan,nan
2461.346,1.545583e-05,0.0,nan,nan,nan
2461.43,1.544753e-05,0.0,nan,nan,nan
2461.537,1.545143e-05,0.0,nan,nan,nan
2461.621,1.545074e-05,0.0,nan,nan,nan
2461.705,1.54492e-05,0.0,nan,nan,nan
2461.789,1.545068e-05,0.0,nan,nan,nan
2461.873,1.545457e-05,0.0,nan,nan,nan
2461.957,1.545255e-05,0.0,nan,nan,nan
2462.04,1.54494e-05,0.0,nan,nan,nan
2462.124,1.545243e-05,0.0,nan,nan,nan
2462.208,1.545162e-05,0.0,nan,nan,nan
2462.292,1.545245e-05,0.0,nan,nan,nan
2462.377,1.545648e-05,0.0,nan,nan,nan
2462.461,1.545194e-05,0.0,nan,nan,nan
2462.554,1.544841e-05,0.0,nan,nan,nan
2462.638,1.54523e-05,0.0,nan,nan,nan
2462.722,1.545416e-05,0.0,nan,nan,nan
2462.806,1.545326e-05,0.0,nan,nan,nan
2462.889,1.545006e-05,0.0,nan,nan,nan
2462.98,1.545091e-05,0.0,nan,nan,nan
2463.064,1.545322e-05,0.0,nan,nan,nan
2463.147,1.544965e-05,0.0,nan,nan,nan
2463.231,1.545193e-05,0.0,nan,nan,nan
2463.314,1.545598e-05,0.0,nan,nan,nan
2463.401,1.54535e-05,0.0,nan,nan,nan
2463.485,1.545119e-05,0.0,nan,nan,nan
2463.578,1.545441e-05,0.0,nan,nan,nan
2463.662,1.546051e-05,0.0,nan,nan,nan
2463.745,1.545505e-05,0.0,nan,nan,nan
2463.829,1.545754e-05,0.0,nan,nan,nan
2463.913,1.545751e-05,0.0,nan,nan,nan
2464.002,1.545526e-05,0.0,nan,nan,nan
2464.087,1.545403e-05,0.0,nan,nan,nan
2464.19,1.545839e-05,0.0,nan,nan,nan
2464.274,1.54558e-05,0.0,nan,nan,nan
2464.361,1.544821e-05,0.0,nan,nan,nan
2464.445,1.545459e-05,0.0,nan,nan,nan
2464.528,1.545222e-05,0.0,nan,nan,nan
2464.612,1.545054e-05,0.0,nan,nan,nan
2464.696,1.545469e-05,0.0,nan,nan,nan
2464.795,1.545479e-05,0.0,nan,nan,nan
2464.879,1.545705e-05,0.0,nan,nan,nan
2464.965,1.545331e-05,0.0,nan,nan,nan
2465.048,1.545032e-05,0.0,nan,nan,nan
2465.132,1.545175e-05,0.0,nan,nan,nan
2465.215,1.545347e-05,0.0,nan,nan,nan
2465.299,1.545323e-05,0.0,nan,nan,nan
2465.383,1.545322e-05,0.0,nan,nan,nan
2465.502,1.545552e-05,0.0,nan,nan,nan
2465.585,1.545385e-05,0.0,nan,nan,nan
2465.669,1.545636e-05,0.0,nan,nan,nan
2465.753,1.54526e-05,0.0,nan,nan,nan
2465.836,1.545366e-05,0.0,nan,nan,nan
2465.92,1.545262e-05,0.0,nan,nan,nan
2466.004,1.54523e-05,0.0,nan,nan,nan
2466.088,1.545175e-05,0.0,nan,nan,nan
2466.171,1.545366e-05,0.0,nan,nan,nan
2466.255,1.545322e-05,0.0,nan,nan,nan
2466.339,1.545227e-05,0.0,nan,nan,nan
2466.432,1.54554e-05,0.0,nan,nan,nan
2466.516,1.545722e-05,0.0,nan,nan,nan
2466.599,1.545566e-05,0.0,nan,nan,nan
2466.683,1.5457e-05,0.0,nan,nan,nan
2466.766,1.545384e-05,0.0,nan,nan,nan
2466.85,1.545609e-05,0.0,nan,nan,nan
2466.934,1.545281e-05,0.0,nan,nan,nan
2467.026,1.545318e-05,0.0,nan,nan,nan
2467.109,1.5455e-05,0.0,nan,nan,nan
2467.193,1.545154e-05,0.0,nan,nan,nan
2467.277,1.545658e-05,0.0,nan,nan,nan
2467.361,1.545654e-05,0.0,nan,nan,nan
2467.444,1.54581e-05,0.0,nan,nan,nan
2467.568,1.546125e-05,0.0,nan,nan,nan
2467.652,1.545863e-05,0.0,nan,nan,nan
2467.736,1.546005e-05,0.0,nan,nan,nan
2467.82,1.545358e-05,0.0,nan,nan,nan
2467.903,1.545655e-05,0.0,nan,nan,nan
2467.987,1.54553e-05,0.0,nan,nan,nan
2468.071,1.545459e-05,0.0,nan,nan,nan
2468.154,1.54501e-05,0.0,nan,nan,nan
2468.255,1.545541e-05,0.0,nan,nan,nan
2468.339,1.546032e-05,0.0,nan,nan,nan
2468.423,1.545905e-05,0.0,nan,nan,nan
2468.506,1.545913e-05,0.0,nan,nan,nan
2468.59,1.545649e-05,0.0,nan,nan,nan
2468.683,1.545572e-05,0.0,nan,nan,nan
2468.766,1.545676e-05,0.0,nan,nan,nan
2468.85,1.545284e-05,0.0,nan,nan,nan
2468.934,1.544899e-05,0.0,nan,nan,nan
2469.019,1.545499e-05,0.0,nan,nan,nan
2469.103,1.545566e-05,0.0,nan,nan,nan
2469.187,1.545538e-05,0.0,nan,nan,nan
2469.273,1.545743e-05,0.0,nan,nan,nan
2469.357,1.546275e-05,0.0,nan,nan,nan
2469.441,1.545795e-05,0.0,nan,nan,nan
2469.524,1.545678e-05,0.0,nan,nan,nan
2469.647,1.545792e-05,0.0,nan,nan,nan
2469.731,1.545564e-05,0.0,nan,nan,nan
2469.815,1.545591e-05,0.0,nan,nan,nan
2469.906,1.545941e-05,0.0,nan,nan,nan
2469.99,1.54576e-05,0.0,nan,nan,nan
2470.102,1.545564e-05,0.0,nan,nan,nan
2470.186,1.54562e-05,0.0,nan,nan,nan
2470.27,1.545934e-05,0.0,nan,nan,nan
2470.353,1.545679e-05,0.0,nan,nan,nan
2470.44,1.545769e-05,0.0,nan,nan,nan
2470.529,1.545406e-05,0.0,nan,nan,nan
2470.613,1.545447e-05,0.0,nan,nan,nan
2470.696,1.545761e-05,0.0,nan,nan,nan
2470.78,1.545639e-05,0.0,nan,nan,nan
2470.863,1.54543e-05,0.0,nan,nan,nan
2470.947,1.545278e-05,0.0,nan,nan,nan
2471.031,1.54559e-05,0.0,nan,nan,nan
2471.139,1.545579e-05,0.0,nan,nan,nan
2471.223,1.54584e-05,0.0,nan,nan,nan
2471.332,1.545828e-05,0.0,nan,nan,nan
2471.416,1.545769e-05,0.0,nan,nan,nan
2471.5,1.545906e-05,0.0,nan,nan,nan
2471.584,1.545431e-05,0.0,nan,nan,nan
2471.689,1.544814e-05,0.0,nan,nan,nan
2471.773,1.545029e-05,0.0,nan,nan,nan
2471.857,1.545317e-05,0.0,nan,nan,nan
2471.943,1.54545e-05,0.0,nan,nan,nan
2472.027,1.544882e-05,0.0,nan,nan,nan
2472.111,1.545541e-05,0.0,nan,nan,nan
2472.194,1.545478e-05,0.0,nan,nan,nan
2472.278,1.545284e-05,0.0,nan,nan,nan
2472.361,1.545334e-05,0.0,nan,nan,nan
2472.445,1.545294e-05,0.0,nan,nan,nan
2472.551,1.545282e-05,0.0,nan,nan,nan
2472.635,1.545361e-05,0.0,nan,nan,nan
2472.718,1.54544e-05,0.0,nan,nan,nan
2472.802,1.545258e-05,0.0,nan,nan,nan
2472.886,1.545624e-05,0.0,nan,nan,nan
2472.973,1.54504e-05,0.0,nan,nan,nan
2473.057,1.545378e-05,0.0,nan,nan,nan
2473.14,1.545194e-05,0.0,nan,nan,nan
2473.224,1.545496e-05,0.0,nan,nan,nan
2473.308,1.545528e-05,0.0,nan,nan,nan
2473.394,1.545343e-05,0.0,nan,nan,nan
2473.477,1.545568e-05,0.0,nan,nan,nan
2473.561,1.545479e-05,0.0,nan,nan,nan
2473.645,1.545512e-05,0.0,nan,nan,nan
2473.767,1.545596e-05,0.0,nan,nan,nan
2473.851,1.545616e-05,0.0,nan,nan,nan
2473.934,1.545218e-05,0.0,nan,nan,nan
2474.018,1.545289e-05,0.0,nan,nan,nan
2474.102,1.545431e-05,0.0,nan,nan,nan
2474.191,1.545496e-05,0.0,nan,nan,nan
2474.275,1.545731e-05,0.0,nan,nan,nan
2474.362,1.545215e-05,0.0,nan,nan,nan
2474.445,1.545708e-05,0.0,nan,nan,nan
2474.529,1.54573e-05,0.0,nan,nan,nan
2474.615,1.545729e-05,0.0,nan,nan,nan
2474.699,1.545319e-05,0.0,nan,nan,nan
2474.798,1.545029e-05,0.0,nan,nan,nan
2474.882,1.544884e-05,0.0,nan,nan,nan
2474.965,1.545103e-05,0.0,nan,nan,nan
2475.049,1.544947e-05,0.0,nan,nan,nan
2475.133,1.545627e-05,0.0,nan,nan,nan
2475.233,1.54541e-05,0.0,nan,nan,nan
2475.317,1.545412e-05,0.0,nan,nan,nan
2475.401,1.545735e-05,0.0,nan,nan,nan
2475.484,1.545722e-05,0.0,nan,nan,nan
2475.568,1.545425e-05,0.0,nan,nan,nan
2475.652,1.545533e-05,0.0,nan,nan,nan
2475.736,1.545706e-05,0.0,nan,nan,nan
2475.83,1.545103e-05,0.0,nan,nan,nan
2475.913,1.545445e-05,0.0,nan,nan,nan
2475.997,1.54528e-05,0.0,nan,nan,nan
2476.081,1.545225e-05,0.0,nan,nan,nan
2476.165,1.54524e-05,0.0,nan,nan,nan
2476.248,1.545476e-05,0.0,nan,nan,nan
2476.332,1.545624e-05,0.0,nan,nan,nan
2476.416,1.545528e-05,0.0,nan,nan,nan
2476.5,1.545512e-05,0.0,nan,nan,nan
2476.583,1.545557e-05,0.0,nan,nan,nan
2476.667,1.545316e-05,0.0,nan,nan,nan
2476.751,1.545658e-05,0.0,nan,nan,nan
2476.854,1.545587e-05,0.0,nan,nan,nan
2476.937,1.545249e-05,0.0,nan,nan,nan
2477.021,1.545317e-05,0.0,nan,nan,nan
2477.105,1.545718e-05,0.0,nan,nan,nan
2477.189,1.545517e-05,0.0,nan,nan,nan
2477.272,1.545855e-05,0.0,nan,nan,nan
2477.356,1.545203e-05,0.0,nan,nan,nan
2477.439,1.545062e-05,0.0,nan,nan,nan
2477.523,1.545442e-05,0.0,nan,nan,nan
2477.607,1.545382e-05,0.0,nan,nan,nan
2477.693,1.545367e-05,0.0,nan,nan,nan
2477.777,1.545364e-05,0.0,nan,nan,nan
2477.885,1.545527e-05,0.0,nan,nan,nan
2477.969,1.545121e-05,0.0,nan,nan,nan
2478.054,1.544983e-05,0.0,nan,nan,nan
2478.138,1.545497e-05,0.0,nan,nan,nan
2478.221,1.545847e-05,0.0,nan,nan,nan
2478.305,1.545818e-05,0.0,nan,nan,nan
2478.389,1.545662e-05,0.0,nan,nan,nan
2478.49,1.545725e-05,0.0,nan,nan,nan
2478.574,1.545898e-05,0.0,nan,nan,nan
2478.658,1.545606e-05,0.0,nan,nan,nan
2478.742,1.545866e-05,0.0,nan,nan,nan
2478.826,1.545454e-05,0.0,nan,nan,nan
2478.911,1.545379e-05,0.0,nan,nan,nan
2478.995,1.545456e-05,0.0,nan,nan,nan
2479.098,1.545549e-05,0.0,nan,nan,nan
2479.182,1.54558e-05,0.0,nan,nan,nan
2479.266,1.545846e-05,0.0,nan,nan,nan
2479.349,1.54574e-05,0.0,nan,nan,nan
2479.433,1.545556e-05,0.0,nan,nan,nan
2479.517,1.545371e-05,0.0,nan,nan,nan
2479.601,1.544862e-05,0.0,nan,nan,nan
2479.703,1.545541e-05,0.0,nan,nan,nan
2479.787,1.545341e-05,0.0,nan,nan,nan
2479.87,1.545506e-05,0.0,nan,nan,nan
2479.979,1.544976e-05,0.0,nan,nan,nan
2480.063,1.54548e-05,0.0,nan,nan,nan
2480.146,1.545098e-05,0.0,nan,nan,nan
2480.23,1.545398e-05,0.0,nan,nan,nan
2480.316,1.545245e-05,0.0,nan,nan,nan
2480.4,1.545117e-05,0.0,nan,nan,nan
2480.484,1.54525e-05,0.0,nan,nan,nan
2480.568,1.544916e-05,0.0,nan,nan,nan
2480.656,1.544944e-05,0.0,nan,nan,nan
2480.74,1.545557e-05,0.0,nan,nan,nan
2480.823,1.545622e-05,0.0,nan,nan,nan
2480.927,1.54571e-05,0.0,nan,nan,nan
2481.011,1.5457e-05,0.0,nan,nan,nan
2481.097,1.54543e-05,0.0,nan,nan,nan
2481.18,1.545114e-05,0.0,nan,nan,nan
2481.264,1.545336e-05,0.0,nan,nan,nan
2481.35,1.54561e-05,0.0,nan,nan,nan
2481.434,1.545619e-05,0.0,nan,nan,nan
2481.523,1.545319e-05,0.0,nan,nan,nan
2481.607,1.545485e-05,0.0,nan,nan,nan
2481.69,1.545335e-05,0.0,nan,nan,nan
2481.774,1.545392e-05,0.0,nan,nan,nan
2481.858,1.54509e-05,0.0,nan,nan,nan
2481.956,1.545241e-05,0.0,nan,nan,nan
2482.04,1.545321e-05,0.0,nan,nan,nan
2482.123,1.545507e-05,0.0,nan,nan,nan
2482.207,1.545225e-05,0.0,nan,nan,nan
2482.291,1.544839e-05,0.0,nan,nan,nan
2482.376,1.545315e-05,0.0,nan,nan,nan
2482.459,1.545458e-05,0.0,nan,nan,nan
2482.568,1.54504e-05,0.0,nan,nan,nan
2482.651,1.545546e-05,0.0,nan,nan,nan
2482.735,1.545108e-05,0.0,nan,nan,nan
2482.819,1.54521e-05,0.0,nan,nan,nan
2482.902,1.545315e-05,0.0,nan,nan,nan
2483.003,1.544979e-05,0.0,nan,nan,nan
2483.087,1.544882e-05,0.0,nan,nan,nan
2483.17,1.545063e-05,0.0,nan,nan,nan
2483.254,1.544928e-05,0.0,nan,nan,nan
2483.337,1.545227e-05,0.0,nan,nan,nan
2483.421,1.54507e-05,0.0,nan,nan,nan
2483.505,1.54558e-05,0.0,nan,nan,nan
2483.606,1.545141e-05,0.0,nan,nan,nan
2483.69,1.545298e-05,0.0,nan,nan,nan
2483.793,1.545202e-05,0.0,nan,nan,nan
2483.878,1.545183e-05,0.0,nan,nan,nan
2483.962,1.54511e-05,0.0,nan,nan,nan
2484.046,1.545218e-05,0.0,nan,nan,nan
2484.129,1.545082e-05,0.0,nan,nan,nan
2484.221,1.545146e-05,0.0,nan,nan,nan
2484.304,1.545443e-05,0.0,nan,nan,nan
2484.388,1.545033e-05,0.0,nan,nan,nan
2484.472,1.545531e-05,0.0,nan,nan,nan
2484.557,1.544859e-05,0.0,nan,nan,nan
2484.653,1.5449e-05,0.0,nan,nan,nan
2484.736,1.545202e-05,0.0,nan,nan,nan
2484.824,1.545382e-05,0.0,nan,nan,nan
2484.908,1.545068e-05,0.0,nan,nan,nan
2484.992,1.545045e-05,0.0,nan,nan,nan
2485.076,1.544957e-05,0.0,nan,nan,nan
2485.16,1.544701e-05,0.0,nan,nan,nan
2485.243,1.545388e-05,0.0,nan,nan,nan
2485.327,1.544938e-05,0.0,nan,nan,nan
2485.43,1.545453e-05,0.0,nan,nan,nan
2485.513,1.545293e-05,0.0,nan,nan,nan
2485.597,1.545341e-05,0.0,nan,nan,nan
2485.681,1.54524e-05,0.0,nan,nan,nan
2485.765,1.545547e-05,0.0,nan,nan,nan
2485.855,1.545614e-05,0.0,nan,nan,nan
2485.939,1.545627e-05,0.0,nan,nan,nan
2486.053,1.545595e-05,0.0,nan,nan,nan
2486.167,1.545372e-05,0.0,nan,nan,nan
2486.251,1.545392e-05,0.0,nan,nan,nan
2486.335,1.54541e-05,0.0,nan,nan,nan
2486.418,1.545196e-05,0.0,nan,nan,nan
2486.502,1.54521e-05,0.0,nan,nan,nan
2486.586,1.545889e-05,0.0,nan,nan,nan
2486.682,1.545975e-05,0.0,nan,nan,nan
2486.766,1.545477e-05,0.0,nan,nan,nan
2486.849,1.545673e-05,0.0,nan,nan,nan
2486.933,1.545751e-05,0.0,nan,nan,nan
2487.017,1.545709e-05,0.0,nan,nan,nan
2487.101,1.545597e-05,0.0,nan,nan,nan
2487.185,1.545863e-05,0.0,nan,nan,nan
2487.275,1.545574e-05,0.0,nan,nan,nan
2487.359,1.545578e-05,0.0,nan,nan,nan
2487.442,1.54551e-05,0.0,nan,nan,nan
2487.526,1.545077e-05,0.0,nan,nan,nan
2487.609,1.545387e-05,0.0,nan,nan,nan
2487.696,1.54581e-05,0.0,nan,nan,nan
2487.78,1.545496e-05,0.0,nan,nan,nan
2487.863,1.545799e-05,0.0,nan,nan,nan
2487.947,1.545471e-05,0.0,nan,nan,nan
2488.031,1.545597e-05,0.0,nan,nan,nan
2488.115,1.545376e-05,0.0,nan,nan,nan
2488.219,1.54564e-05,0.0,nan,nan,nan
2488.311,1.546109e-05,0.0,nan,nan,nan
2488.395,1.545386e-05,0.0,nan,nan,nan
2488.495,1.545873e-05,0.0,nan,nan,nan
2488.579,1.54569e-05,0.0,nan,nan,nan
2488.664,1.545388e-05,0.0,nan,nan,nan
2488.748,1.545788e-05,0.0,nan,nan,nan
2488.831,1.545817e-05,0.0,nan,nan,nan
2488.916,1.54581e-05,0.0,nan,nan,nan
2489.0,1.545512e-05,0.0,nan,nan,nan
2489.084,1.54589e-05,0.0,nan,nan,nan
2489.167,1.545539e-05,0.0,nan,nan,nan
2489.251,1.54543e-05,0.0,nan,nan,nan
2489.335,1.545596e-05,0.0,nan,nan,nan
2489.418,1.545121e-05,0.0,nan,nan,nan
2489.514,1.545151e-05,0.0,nan,nan,nan
2489.598,1.545171e-05,0.0,nan,nan,nan
2489.682,1.545186e-05,0.0,nan,nan,nan
2489.766,1.545377e-05,0.0,nan,nan,nan
2489.849,1.545641e-05,0.0,nan,nan,nan
2489.94,1.545935e-05,0.0,nan,nan,nan
2490.024,1.545672e-05,0.0,nan,nan,nan
2490.13,1.545699e-05,0.0,nan,nan,nan
2490.214,1.545789e-05,0.0,nan,nan,nan
2490.311,1.545509e-05,0.0,nan,nan,nan
2490.395,1.545332e-05,0.0,nan,nan,nan
2490.478,1.545445e-05,0.0,nan,nan,nan
2490.562,1.545473e-05,0.0,nan,nan,nan
2490.645,1.54518e-05,0.0,nan,nan,nan
2490.746,1.54527e-05,0.0,nan,nan,nan
2490.83,1.545305e-05,0.0,nan,nan,nan
2490.914,1.545062e-05,0.0,nan,nan,nan
2490.998,1.545461e-05,0.0,nan,nan,nan
2491.082,1.545609e-05,0.0,nan,nan,nan
2491.166,1.545597e-05,0.0,nan,nan,nan
2491.25,1.54581e-05,0.0,nan,nan,nan
2491.345,1.54535e-05,0.0,nan,nan,nan
2491.429,1.545663e-05,0.0,nan,nan,nan
2491.514,1.545351e-05,0.0,nan,nan,nan
2491.597,1.545362e-05,0.0,nan,nan,nan
2491.681,1.545583e-05,0.0,nan,nan,nan
2491.765,1.545378e-05,0.0,nan,nan,nan
2491.849,1.545466e-05,0.0,nan,nan,nan
2491.933,1.545313e-05,0.0,nan,nan,nan
2492.016,1.545337e-05,0.0,nan,nan,nan
2492.102,1.545192e-05,0.0,nan,nan,nan
2492.185,1.545118e-05,0.0,nan,nan,nan
2492.269,1.54525e-05,0.0,nan,nan,nan
2492.377,1.545614e-05,0.0,nan,nan,nan
2492.461,1.54577e-05,0.0,nan,nan,nan
2492.544,1.545583e-05,0.0,nan,nan,nan
2492.628,1.545814e-05,0.0,nan,nan,nan
2492.712,1.545654e-05,0.0,nan,nan,nan
2492.795,1.545609e-05,0.0,nan,nan,nan
2492.879,1.545638e-05,0.0,nan,nan,nan
2492.981,1.545507e-05,0.0,nan,nan,nan
2493.065,1.54576e-05,0.0,nan,nan,nan
2493.148,1.545589e-05,0.0,nan,nan,nan
2493.232,1.545532e-05,0.0,nan,nan,nan
2493.315,1.545501e-05,0.0,nan,nan,nan
2493.399,1.545467e-05,0.0,nan,nan,nan
2493.483,1.545748e-05,0.0,nan,nan,nan
2493.587,1.545515e-05,0.0,nan,nan,nan
2493.671,1.545355e-05,0.0,nan,nan,nan
2493.754,1.545909e-05,0.0,nan,nan,nan
2493.838,1.545769e-05,0.0,nan,nan,nan
2493.923,1.545948e-05,0.0,nan,nan,nan
2494.009,1.545577e-05,0.0,nan,nan,nan
2494.093,1.546003e-05,0.0,nan,nan,nan
2494.178,1.545824e-05,0.0,nan,nan,nan
2494.261,1.545451e-05,0.0,nan,nan,nan
2494.345,1.545412e-05,0.0,nan,nan,nan
2494.452,1.545543e-05,0.0,nan,nan,nan
2494.535,1.545547e-05,0.0,nan,nan,nan
2494.619,1.545363e-05,0.0,nan,nan,nan
2494.703,1.54552e-05,0.0,nan,nan,nan
2494.789,1.545517e-05,0.0,nan,nan,nan
2494.873,1.545416e-05,0.0,nan,nan,nan
2494.957,1.545435e-05,0.0,nan,nan,nan
2495.04,1.545603e-05,0.0,nan,nan,nan
2495.124,1.545488e-05,0.0,nan,nan,nan
2495.207,1.545214e-05,0.0,nan,nan,nan
2495.291,1.545289e-05,0.0,nan,nan,nan
2495.374,1.545276e-05,0.0,nan,nan,nan
2495.458,1.545192e-05,0.0,nan,nan,nan
2495.542,1.545655e-05,0.0,nan,nan,nan
2495.636,1.545727e-05,0.0,nan,nan,nan
2495.72,1.545452e-05,0.0,nan,nan,nan
2495.803,1.545928e-05,0.0,nan,nan,nan
2495.887,1.545837e-05,0.0,nan,nan,nan
2495.97,1.54557e-05,0.0,nan,nan,nan
2496.054,1.546006e-05,0.0,nan,nan,nan
2496.137,1.54581e-05,0.0,nan,nan,nan
2496.22,1.545873e-05,0.0,nan,nan,nan
2496.304,1.545593e-05,0.0,nan,nan,nan
2496.389,1.545941e-05,0.0,nan,nan,nan
2496.475,1.545821e-05,0.0,nan,nan,nan
2496.559,1.545785e-05,0.0,nan,nan,nan
2496.659,1.545784e-05,0.0,nan,nan,nan
2496.743,1.54568e-05,0.0,nan,nan,nan
2496.826,1.545697e-05,0.0,nan,nan,nan
2496.91,1.54586e-05,0.0,nan,nan,nan
2496.993,1.54568e-05,0.0,nan,nan,nan
2497.084,1.545624e-05,0.0,nan,nan,nan
2497.168,1.545657e-05,0.0,nan,nan,nan
2497.264,1.545563e-05,0.0,nan,nan,nan
2497.348,1.545153e-05,0.0,nan,nan,nan
2497.431,1.54588e-05,0.0,nan,nan,nan
2497.515,1.54556e-05,0.0,nan,nan,nan
2497.599,1.545825e-05,0.0,nan,nan,nan
2497.682,1.545942e-05,0.0,nan,nan,nan
2497.766,1.545886e-05,0.0,nan,nan,nan
2497.849,1.545524e-05,0.0,nan,nan,nan
2497.933,1.545828e-05,0.0,nan,nan,nan
2498.018,1.545678e-05,0.0,nan,nan,nan
2498.101,1.545729e-05,0.0,nan,nan,nan
2498.185,1.545842e-05,0.0,nan,nan,nan
2498.284,1.545164e-05,0.0,nan,nan,nan
2498.367,1.545713e-05,0.0,nan,nan,nan
2498.453,1.545663e-05,0.0,nan,nan,nan
2498.537,1.545597e-05,0.0,nan,nan,nan
2498.623,1.545408e-05,0.0,nan,nan,nan
2498.707,1.545063e-05,0.0,nan,nan,nan
2498.79,1.545451e-05,0.0,nan,nan,nan
2498.89,1.545258e-05,0.0,nan,nan,nan
2498.973,1.545902e-05,0.0,nan,nan,nan
2499.058,1.545682e-05,0.0,nan,nan,nan
2499.142,1.545614e-05,0.0,nan,nan,nan
2499.225,1.545497e-05,0.0,nan,nan,nan
2499.309,1.545288e-05,0.0,nan,nan,nan
2499.393,1.545336e-05,0.0,nan,nan,nan
2499.477,1.545397e-05,0.0,nan,nan,nan
2499.561,1.545351e-05,0.0,nan,nan,nan
2499.645,1.545441e-05,0.0,nan,nan,nan
2499.729,1.545657e-05,0.0,nan,nan,nan
2499.812,1.545414e-05,0.0,nan,nan,nan
2499.896,1.545638e-05,0.0,nan,nan,nan
2499.979,1.545403e-05,0.0,nan,nan,nan
2500.063,1.545206e-05,0.0,nan,nan,nan
2500.147,1.545638e-05,0.0,nan,nan,nan
2500.231,1.545459e-05,0.0,nan,nan,nan
2500.335,1.545457e-05,0.0,nan,nan,nan
2500.419,1.54499e-05,0.0,nan,nan,nan
2500.503,1.545091e-05,0.0,nan,nan,nan
2500.586,1.545355e-05,0.0,nan,nan,nan
2500.671,1.544962e-05,0.0,nan,nan,nan
2500.755,1.545361e-05,0.0,nan,nan,nan
2500.839,1.545583e-05,0.0,nan,nan,nan
2500.94,1.545151e-05,0.0,nan,nan,nan
2501.024,1.54527e-05,0.0,nan,nan,nan
2501.108,1.545387e-05,0.0,nan,nan,nan
2501.192,1.54495e-05,0.0,nan,nan,nan
2501.275,1.545206e-05,0.0,nan,nan,nan
2501.368,1.545491e-05,0.0,nan,nan,nan
2501.452,1.544961e-05,0.0,nan,nan,nan
2501.553,1.54509e-05,0.0,nan,nan,nan
2501.637,1.545079e-05,0.0,nan,nan,nan
2501.72,1.545289e-05,0.0,nan,nan,nan
2501.804,1.545866e-05,0.0,nan,nan,nan
2501.889,1.544912e-05,0.0,nan,nan,nan
2501.977,1.544869e-05,0.0,nan,nan,nan
2502.061,1.54519e-05,0.0,nan,nan,nan
2502.145,1.544888e-05,0.0,nan,nan,nan
2502.229,1.545376e-05,0.0,nan,nan,nan
2502.312,1.545146e-05,0.0,nan,nan,nan
2502.396,1.544752e-05,0.0,nan,nan,nan
2502.48,1.545408e-05,0.0,nan,nan,nan
2502.57,1.545463e-05,0.0,nan,nan,nan
2502.653,1.544821e-05,0.0,nan,nan,nan
2502.739,1.544884e-05,0.0,nan,nan,nan
2502.822,1.54501e-05,0.0,nan,nan,nan
2502.906,1.544944e-05,0.0,nan,nan,nan
2502.991,1.54481e-05,0.0,nan,nan,nan
2503.075,1.544839e-05,0.0,nan,nan,nan
2503.173,1.54534e-05,0.0,nan,nan,nan
2503.256,1.545381e-05,0.0,nan,nan,nan
2503.34,1.545411e-05,0.0,nan,nan,nan
2503.424,1.545146e-05,0.0,nan,nan,nan
2503.507,1.545629e-05,0.0,nan,nan,nan
2503.595,1.545649e-05,0.0,nan,nan,nan
2503.678,1.545415e-05,0.0,nan,nan,nan
2503.782,1.545147e-05,0.0,nan,nan,nan
2503.866,1.545577e-05,0.0,nan,nan,nan
2503.949,1.545593e-05,0.0,nan,nan,nan
2504.033,1.545324e-05,0.0,nan,nan,nan
2504.117,1.545761e-05,0.0,nan,nan,nan
2504.202,1.545545e-05,0.0,nan,nan,nan
2504.286,1.545701e-05,0.0,nan,nan,nan
2504.39,1.545521e-05,0.0,nan,nan,nan
2504.474,1.545258e-05,0.0,nan,nan,nan
2504.558,1.545272e-05,0.0,nan,nan,nan
2504.642,1.545123e-05,0.0,nan,nan,nan
2504.725,1.545574e-05,0.0,nan,nan,nan
2504.833,1.545887e-05,0.0,nan,nan,nan
2504.917,1.545907e-05,0.0,nan,nan,nan
2505.022,1.545518e-05,0.0,nan,nan,nan
2505.106,1.545828e-05,0.0,nan,nan,nan
2505.19,1.546037e-05,0.0,nan,nan,nan
2505.273,1.545803e-05,0.0,nan,nan,nan
2505.357,1.545596e-05,0.0,nan,nan,nan
2505.443,1.545704e-05,0.0,nan,nan,nan
2505.526,1.545302e-05,0.0,nan,nan,nan
2505.624,1.545288e-05,0.0,nan,nan,nan
2505.707,1.545621e-05,0.0,nan,nan,nan
2505.791,1.545444e-05,0.0,nan,nan,nan
2505.875,1.545444e-05,0.0,nan,nan,nan
2505.959,1.545542e-05,0.0,nan,nan,nan
2506.042,1.545406e-05,0.0,nan,nan,nan
2506.126,1.545769e-05,0.0,nan,nan,nan
2506.209,1.545615e-05,0.0,nan,nan,nan
2506.293,1.546023e-05,0.0,nan,nan,nan
2506.377,1.545312e-05,0.0,nan,nan,nan
2506.462,1.545576e-05,0.0,nan,nan,nan
2506.546,1.545461e-05,0.0,nan,nan,nan
2506.637,1.546012e-05,0.0,nan,nan,nan
2506.721,1.545376e-05,0.0,nan,nan,nan
2506.804,1.545699e-05,0.0,nan,nan,nan
2506.895,1.545411e-05,0.0,nan,nan,nan
2506.979,1.545548e-05,0.0,nan,nan,nan
2507.062,1.545571e-05,0.0,nan,nan,nan
2507.146,1.546003e-05,0.0,nan,nan,nan
2507.23,1.545743e-05,0.0,nan,nan,nan
2507.314,1.545811e-05,0.0,nan,nan,nan
2507.398,1.545485e-05,0.0,nan,nan,nan
2507.484,1.545478e-05,0.0,nan,nan,nan
2507.568,1.545434e-05,0.0,nan,nan,nan
2507.652,1.545491e-05,0.0,nan,nan,nan
2507.735,1.545891e-05,0.0,nan,nan,nan
2507.819,1.545607e-05,0.0,nan,nan,nan
2507.903,1.54573e-05,0.0,nan,nan,nan
2507.986,1.545686e-05,0.0,nan,nan,nan
2508.083,1.545819e-05,0.0,nan,nan,nan
2508.167,1.545425e-05,0.0,nan,nan,nan
2508.27,1.54509e-05,0.0,nan,nan,nan
2508.354,1.545574e-05,0.0,nan,nan,nan
2508.438,1.544978e-05,0.0,nan,nan,nan
2508.521,1.545309e-05,0.0,nan,nan,nan
2508.605,1.545228e-05,0.0,nan,nan,nan
2508.706,1.545389e-05,0.0,nan,nan,nan
2508.79,1.545361e-05,0.0,nan,nan,nan
2508.902,1.545167e-05,0.0,nan,nan,nan
2508.985,1.54502e-05,0.0,nan,nan,nan
2509.069,1.54505e-05,0.0,nan,nan,nan
2509.153,1.545049e-05,0.0,nan,nan,nan
2509.238,1.545296e-05,0.0,nan,nan,nan
2509.321,1.545515e-05,0.0,nan,nan,nan
2509.405,1.545603e-05,0.0,nan,nan,nan
2509.498,1.545115e-05,0.0,nan,nan,nan
2509.582,1.54541e-05,0.0,nan,nan,nan
2509.665,1.545205e-05,0.0,nan,nan,nan
2509.749,1.545388e-05,0.0,nan,nan,nan
2509.833,1.545517e-05,0.0,nan,nan,nan
2509.916,1.545655e-05,0.0,nan,nan,nan
2510.0,1.545479e-05,0.0,nan,nan,nan
2510.085,1.545622e-05,0.0,nan,nan,nan
2510.168,1.54537e-05,0.0,nan,nan,nan
2510.255,1.545193e-05,0.0,nan,nan,nan
2510.338,1.545264e-05,0.0,nan,nan,nan
2510.424,1.545603e-05,0.0,nan,nan,nan
2510.509,1.545539e-05,0.0,nan,nan,nan
2510.593,1.545102e-05,0.0,nan,nan,nan
2510.677,1.545067e-05,0.0,nan,nan,nan
2510.762,1.545623e-05,0.0,nan,nan,nan
2510.845,1.545761e-05,0.0,nan,nan,nan
2510.929,1.545384e-05,0.0,nan,nan,nan
2511.022,1.545456e-05,0.0,nan,nan,nan
2511.105,1.545438e-05,0.0,nan,nan,nan
2511.189,1.545174e-05,0.0,nan,nan,nan
2511.273,1.545692e-05,0.0,nan,nan,nan
2511.356,1.545613e-05,0.0,nan,nan,nan
2511.44,1.545298e-05,0.0,nan,nan,nan
2511.532,1.54573e-05,0.0,nan,nan,nan
2511.616,1.545696e-05,0.0,nan,nan,nan
2511.699,1.545425e-05,0.0,nan,nan,nan
2511.783,1.545244e-05,0.0,nan,nan,nan
2511.867,1.545526e-05,0.0,nan,nan,nan
2511.95,1.545422e-05,0.0,nan,nan,nan
2512.034,1.545826e-05,0.0,nan,nan,nan
2512.118,1.545601e-05,0.0,nan,nan,nan
2512.202,1.545778e-05,0.0,nan,nan,nan
2512.285,1.546104e-05,0.0,nan,nan,nan
2512.369,1.545667e-05,0.0,nan,nan,nan
2512.453,1.54555e-05,0.0,nan,nan,nan
2512.557,1.545489e-05,0.0,nan,nan,nan
2512.64,1.545929e-05,0.0,nan,nan,nan
2512.724,1.545552e-05,0.0,nan,nan,nan
2512.808,1.545426e-05,0.0,nan,nan,nan
2512.892,1.545322e-05,0.0,nan,nan,nan
2512.975,1.545386e-05,0.0,nan,nan,nan
2513.084,1.545023e-05,0.0,nan,nan,nan
2513.172,1.545359e-05,0.0,nan,nan,nan
2513.256,1.545465e-05,0.0,nan,nan,nan
2513.339,1.545617e-05,0.0,nan,nan,nan
2513.423,1.54524e-05,0.0,nan,nan,nan
2513.507,1.545411e-05,0.0,nan,nan,nan
2513.591,1.545723e-05,0.0,nan,nan,nan
2513.675,1.545007e-05,0.0,nan,nan,nan
2513.771,1.545483e-05,0.0,nan,nan,nan
2513.854,1.545891e-05,0.0,nan,nan,nan
2513.938,1.545869e-05,0.0,nan,nan,nan
2514.022,1.545998e-05,0.0,nan,nan,nan
2514.106,1.545831e-05,0.0,nan,nan,nan
2514.189,1.545716e-05,0.0,nan,nan,nan
2514.273,1.545653e-05,0.0,nan,nan,nan
2514.357,1.545522e-05,0.0,nan,nan,nan
2514.441,1.545689e-05,0.0,nan,nan,nan
2514.525,1.545825e-05,0.0,nan,nan,nan
2514.611,1.545015e-05,0.0,nan,nan,nan
2514.695,1.54504e-05,0.0,nan,nan,nan
2514.79,1.54495e-05,0.0,nan,nan,nan
2514.874,1.545364e-05,0.0,nan,nan,nan
2514.958,1.54532e-05,0.0,nan,nan,nan
2515.042,1.545255e-05,0.0,nan,nan,nan
2515.154,1.545323e-05,0.0,nan,nan,nan
2515.238,1.54561e-05,0.0,nan,nan,nan
2515.321,1.545337e-05,0.0,nan,nan,nan
2515.405,1.545547e-05,0.0,nan,nan,nan
2515.488,1.545218e-05,0.0,nan,nan,nan
2515.572,1.545276e-05,0.0,nan,nan,nan
2515.656,1.545067e-05,0.0,nan,nan,nan
2515.74,1.545248e-05,0.0,nan,nan,nan
2515.831,1.545059e-05,0.0,nan,nan,nan
2515.914,1.545217e-05,0.0,nan,nan,nan
2515.999,1.545055e-05,0.0,nan,nan,nan
2516.083,1.54553e-05,0.0,nan,nan,nan
2516.167,1.545678e-05,0.0,nan,nan,nan
2516.251,1.545458e-05,0.0,nan,nan,nan
2516.335,1.545312e-05,0.0,nan,nan,nan
2516.434,1.545312e-05,0.0,nan,nan,nan
2516.518,1.54525e-05,0.0,nan,nan,nan
2516.601,1.54578e-05,0.0,nan,nan,nan
2516.685,1.545477e-05,0.0,nan,nan,nan
2516.769,1.544661e-05,0.0,nan,nan,nan
2516.853,1.545407e-05,0.0,nan,nan,nan
2516.936,1.54567e-05,0.0,nan,nan,nan
2517.02,1.545089e-05,0.0,nan,nan,nan
2517.103,1.5447e-05,0.0,nan,nan,nan
2517.187,1.545076e-05,0.0,nan,nan,nan
2517.27,1.54491e-05,0.0,nan,nan,nan
2517.353,1.545234e-05,0.0,nan,nan,nan
2517.437,1.544957e-05,0.0,nan,nan,nan
2517.521,1.545175e-05,0.0,nan,nan,nan
2517.605,1.54519e-05,0.0,nan,nan,nan
2517.689,1.545226e-05,0.0,nan,nan,nan
2517.773,1.545207e-05,0.0,nan,nan,nan
2517.865,1.545244e-05,0.0,nan,nan,nan
2517.948,1.545744e-05,0.0,nan,nan,nan
2518.033,1.545028e-05,0.0,nan,nan,nan
2518.117,1.545153e-05,0.0,nan,nan,nan
2518.201,1.545253e-05,0.0,nan,nan,nan
2518.285,1.545233e-05,0.0,nan,nan,nan
2518.368,1.544855e-05,0.0,nan,nan,nan
2518.452,1.545013e-05,0.0,nan,nan,nan
2518.535,1.54504e-05,0.0,nan,nan,nan
2518.62,1.545105e-05,0.0,nan,nan,nan
2518.704,1.545599e-05,0.0,nan,nan,nan
2518.787,1.545412e-05,0.0,nan,nan,nan
2518.88,1.545353e-05,0.0,nan,nan,nan
2518.964,1.545457e-05,0.0,nan,nan,nan
2519.048,1.545545e-05,0.0,nan,nan,nan
2519.132,1.544836e-05,0.0,nan,nan,nan
2519.216,1.545104e-05,0.0,nan,nan,nan
2519.303,1.545142e-05,0.0,nan,nan,nan
2519.387,1.54537e-05,0.0,nan,nan,nan
2519.471,1.545227e-05,0.0,nan,nan,nan
2519.555,1.545053e-05,0.0,nan,nan,nan
2519.638,1.544924e-05,0.0,nan,nan,nan
2519.723,1.545384e-05,0.0,nan,nan,nan
2519.807,1.544879e-05,0.0,nan,nan,nan
2519.897,1.545013e-05,0.0,nan,nan,nan
2519.981,1.544906e-05,0.0,nan,nan,nan
2520.065,1.545141e-05,0.0,nan,nan,nan
2520.149,1.545013e-05,0.0,nan,nan,nan
2520.233,1.545388e-05,0.0,nan,nan,nan
2520.317,1.545396e-05,0.0,nan,nan,nan
2520.4,1.545187e-05,0.0,nan,nan,nan
2520.484,1.544769e-05,0.0,nan,nan,nan
2520.567,1.544852e-05,0.0,nan,nan,nan
2520.651,1.544757e-05,0.0,nan,nan,nan
2520.735,1.544901e-05,0.0,nan,nan,nan
2520.819,1.54503e-05,0.0,nan,nan,nan
2520.923,1.544997e-05,0.0,nan,nan,nan
2521.007,1.544976e-05,0.0,nan,nan,nan
2521.092,1.544723e-05,0.0,nan,nan,nan
2521.175,1.544677e-05,0.0,nan,nan,nan
2521.259,1.544837e-05,0.0,nan,nan,nan
2521.354,1.544994e-05,0.0,nan,nan,nan
2521.438,1.54434e-05,0.0,nan,nan,nan
2521.523,1.544852e-05,0.0,nan,nan,nan
2521.607,1.544503e-05,0.0,nan,nan,nan
2521.69,1.545002e-05,0.0,nan,nan,nan
2521.774,1.545028e-05,0.0,nan,nan,nan
2521.858,1.54522e-05,0.0,nan,nan,nan
2521.942,1.545015e-05,0.0,nan,nan,nan
2522.025,1.544841e-05,0.0,nan,nan,nan
2522.11,1.545182e-05,0.0,nan,nan,nan
2522.194,1.544981e-05,0.0,nan,nan,nan
2522.277,1.544941e-05,0.0,nan,nan,nan
2522.361,1.544926e-05,0.0,nan,nan,nan
2522.444,1.54484e-05,0.0,nan,nan,nan
2522.539,1.544835e-05,0.0,nan,nan,nan
2522.623,1.544816e-05,0.0,nan,nan,nan
2522.707,1.544689e-05,0.0,nan,nan,nan
2522.79,1.544702e-05,0.0,nan,nan,nan
2522.874,1.544948e-05,0.0,nan,nan,nan
2522.962,1.544626e-05,0.0,nan,nan,nan
2523.046,1.545329e-05,0.0,nan,nan,nan
2523.129,1.545185e-05,0.0,nan,nan,nan
2523.213,1.544905e-05,0.0,nan,nan,nan
2523.297,1.545111e-05,0.0,nan,nan,nan
2523.419,1.545249e-05,0.0,nan,nan,nan
2523.502,1.545484e-05,0.0,nan,nan,nan
2523.587,1.544961e-05,0.0,nan,nan,nan
2523.67,1.545479e-05,0.0,nan,nan,nan
2523.761,1.545379e-05,0.0,nan,nan,nan
2523.845,1.545203e-05,0.0,nan,nan,nan
2523.928,1.544973e-05,0.0,nan,nan,nan
2524.012,1.544893e-05,0.0,nan,nan,nan
2524.096,1.544926e-05,0.0,nan,nan,nan
2524.179,1.544816e-05,0.0,nan,nan,nan
2524.263,1.545033e-05,0.0,nan,nan,nan
2524.346,1.5453e-05,0.0,nan,nan,nan
2524.43,1.545011e-05,0.0,nan,nan,nan
2524.514,1.545144e-05,0.0,nan,nan,nan
2524.597,1.544912e-05,0.0,nan,nan,nan
2524.681,1.545087e-05,0.0,nan,nan,nan
2524.784,1.545233e-05,0.0,nan,nan,nan
2524.868,1.544949e-05,0.0,nan,nan,nan
2524.951,1.545089e-05,0.0,nan,nan,nan
2525.035,1.544963e-05,0.0,nan,nan,nan
2525.119,1.545198e-05,0.0,nan,nan,nan
2525.205,1.545393e-05,0.0,nan,nan,nan
2525.289,1.545675e-05,0.0,nan,nan,nan
2525.373,1.544957e-05,0.0,nan,nan,nan
2525.502,1.545574e-05,0.0,nan,nan,nan
2525.586,1.545581e-05,0.0,nan,nan,nan
2525.669,1.545552e-05,0.0,nan,nan,nan
2525.753,1.545227e-05,0.0,nan,nan,nan
2525.842,1.54513e-05,0.0,nan,nan,nan
2525.926,1.544961e-05,0.0,nan,nan,nan
2526.029,1.545435e-05,0.0,nan,nan,nan
2526.112,1.545495e-05,0.0,nan,nan,nan
2526.197,1.545628e-05,0.0,nan,nan,nan
2526.281,1.545018e-05,0.0,nan,nan,nan
2526.365,1.545215e-05,0.0,nan,nan,nan
2526.449,1.545607e-05,0.0,nan,nan,nan
2526.532,1.545668e-05,0.0,nan,nan,nan
2526.617,1.545591e-05,0.0,nan,nan,nan
2526.701,1.545343e-05,0.0,nan,nan,nan
2526.789,1.545647e-05,0.0,nan,nan,nan
2526.872,1.545699e-05,0.0,nan,nan,nan
2526.956,1.5452e-05,0.0,nan,nan,nan
2527.046,1.545252e-05,0.0,nan,nan,nan
2527.129,1.545224e-05,0.0,nan,nan,nan
2527.213,1.545729e-05,0.0,nan,nan,nan
2527.297,1.545623e-05,0.0,nan,nan,nan
2527.381,1.545669e-05,0.0,nan,nan,nan
2527.471,1.545059e-05,0.0,nan,nan,nan
2527.586,1.545148e-05,0.0,nan,nan,nan
2527.674,1.545143e-05,0.0,nan,nan,nan
2527.758,1.545386e-05,0.0,nan,nan,nan
2527.841,1.545337e-05,0.0,nan,nan,nan
2527.925,1.545205e-05,0.0,nan,nan,nan
2528.009,1.545518e-05,0.0,nan,nan,nan
2528.092,1.544594e-05,0.0,nan,nan,nan
2528.176,1.544984e-05,0.0,nan,nan,nan
2528.286,1.545284e-05,0.0,nan,nan,nan
2528.37,1.545503e-05,0.0,nan,nan,nan
2528.454,1.545125e-05,0.0,nan,nan,nan
2528.538,1.545679e-05,0.0,nan,nan,nan
2528.622,1.545755e-05,0.0,nan,nan,nan
2528.706,1.545279e-05,0.0,nan,nan,nan
2528.79,1.545141e-05,0.0,nan,nan,nan
2528.893,1.545317e-05,0.0,nan,nan,nan
2528.977,1.544935e-05,0.0,nan,nan,nan
2529.06,1.544769e-05,0.0,nan,nan,nan
2529.144,1.544923e-05,0.0,nan,nan,nan
2529.228,1.544912e-05,0.0,nan,nan,nan
2529.311,1.545204e-05,0.0,nan,nan,nan
2529.395,1.545571e-05,0.0,nan,nan,nan
2529.501,1.545168e-05,0.0,nan,nan,nan
2529.585,1.544946e-05,0.0,nan,nan,nan
2529.672,1.545026e-05,0.0,nan,nan,nan
2529.755,1.545631e-05,0.0,nan,nan,nan
2529.839,1.544928e-05,0.0,nan,nan,nan
2529.925,1.545137e-05,0.0,nan,nan,nan
2530.008,1.545314e-05,0.0,nan,nan,nan
2530.092,1.545025e-05,0.0,nan,nan,nan
2530.176,1.545458e-05,0.0,nan,nan,nan
2530.26,1.545019e-05,0.0,nan,nan,nan
2530.344,1.545198e-05,0.0,nan,nan,nan
2530.427,1.545189e-05,0.0,nan,nan,nan
2530.515,1.545173e-05,0.0,nan,nan,nan
2530.598,1.545269e-05,0.0,nan,nan,nan
2530.682,1.545212e-05,0.0,nan,nan,nan
2530.766,1.545475e-05,0.0,nan,nan,nan
2530.85,1.54577e-05,0.0,nan,nan,nan
2530.933,1.545374e-05,0.0,nan,nan,nan
2531.017,1.545308e-05,0.0,nan,nan,nan
2531.1,1.545252e-05,0.0,nan,nan,nan
2531.184,1.545659e-05,0.0,nan,nan,nan
2531.268,1.54539e-05,0.0,nan,nan,nan
2531.351,1.545337e-05,0.0,nan,nan,nan
2531.435,1.54543e-05,0.0,nan,nan,nan
2531.525,1.545192e-05,0.0,nan,nan,nan
2531.609,1.545241e-05,0.0,nan,nan,nan
2531.751,1.545219e-05,0.0,nan,nan,nan
2531.835,1.545377e-05,0.0,nan,nan,nan
2531.953,1.545561e-05,0.0,nan,nan,nan
2532.037,1.545734e-05,0.0,nan,nan,nan
2532.121,1.545173e-05,0.0,nan,nan,nan
2532.204,1.545569e-05,0.0,nan,nan,nan
2532.289,1.545745e-05,0.0,nan,nan,nan
2532.415,1.545394e-05,0.0,nan,nan,nan
2532.502,1.545626e-05,0.0,nan,nan,nan
2532.589,1.545364e-05,0.0,nan,nan,nan
2532.673,1.544957e-05,0.0,nan,nan,nan
2532.768,1.545806e-05,0.0,nan,nan,nan
2532.852,1.545523e-05,0.0,nan,nan,nan
2532.938,1.545512e-05,0.0,nan,nan,nan
2533.022,1.545305e-05,0.0,nan,nan,nan
2533.106,1.545284e-05,0.0,nan,nan,nan
2533.198,1.545457e-05,0.0,nan,nan,nan
2533.282,1.544937e-05,0.0,nan,nan,nan
2533.378,1.545341e-05,0.0,nan,nan,nan
2533.461,1.545263e-05,0.0,nan,nan,nan
2533.563,1.545338e-05,0.0,nan,nan,nan
2533.646,1.545385e-05,0.0,nan,nan,nan
2533.73,1.545253e-05,0.0,nan,nan,nan
2533.829,1.544947e-05,0.0,nan,nan,nan
2533.913,1.545054e-05,0.0,nan,nan,nan
2533.997,1.545026e-05,0.0,nan,nan,nan
2534.08,1.54515e-05,0.0,nan,nan,nan
2534.176,1.545143e-05,0.0,nan,nan,nan
2534.26,1.545016e-05,0.0,nan,nan,nan
2534.345,1.545157e-05,0.0,nan,nan,nan
2534.428,1.545074e-05,0.0,nan,nan,nan
2534.512,1.54491e-05,0.0,nan,nan,nan
2534.596,1.544787e-05,0.0,nan,nan,nan
2534.679,1.545011e-05,0.0,nan,nan,nan
2534.765,1.545021e-05,0.0,nan,nan,nan
2534.849,1.544959e-05,0.0,nan,nan,nan
2534.934,1.545217e-05,0.0,nan,nan,nan
2535.018,1.54486e-05,0.0,nan,nan,nan
2535.101,1.544707e-05,0.0,nan,nan,nan
2535.2,1.54488e-05,0.0,nan,nan,nan
2535.284,1.545124e-05,0.0,nan,nan,nan
2535.368,1.544859e-05,0.0,nan,nan,nan
2535.468,1.544964e-05,0.0,nan,nan,nan
2535.551,1.544753e-05,0.0,nan,nan,nan
2535.65,1.544799e-05,0.0,nan,nan,nan
2535.736,1.544629e-05,0.0,nan,nan,nan
2535.827,1.544565e-05,0.0,nan,nan,nan
2535.911,1.544795e-05,0.0,nan,nan,nan
2536.016,1.544869e-05,0.0,nan,nan,nan
2536.099,1.544844e-05,0.0,nan,nan,nan
2536.183,1.544701e-05,0.0,nan,nan,nan
2536.266,1.544848e-05,0.0,nan,nan,nan
2536.35,1.544914e-05,0.0,nan,nan,nan
2536.434,1.544637e-05,0.0,nan,nan,nan
2536.517,1.545098e-05,0.0,nan,nan,nan
2536.602,1.545005e-05,0.0,nan,nan,nan
2536.686,1.544589e-05,0.0,nan,nan,nan
2536.769,1.544661e-05,0.0,nan,nan,nan
2536.854,1.54496e-05,0.0,nan,nan,nan
2536.938,1.545436e-05,0.0,nan,nan,nan
2537.027,1.544533e-05,0.0,nan,nan,nan
2537.11,1.544936e-05,0.0,nan,nan,nan
2537.194,1.544718e-05,0.0,nan,nan,nan
2537.301,1.545185e-05,0.0,nan,nan,nan
2537.385,1.544837e-05,0.0,nan,nan,nan
2537.472,1.54509e-05,0.0,nan,nan,nan
2537.556,1.545158e-05,0.0,nan,nan,nan
2537.639,1.545307e-05,0.0,nan,nan,nan
2537.723,1.545552e-05,0.0,nan,nan,nan
2537.807,1.545477e-05,0.0,nan,nan,nan
2537.891,1.545496e-05,0.0,nan,nan,nan
2537.975,1.545121e-05,0.0,nan,nan,nan
2538.063,1.545498e-05,0.0,nan,nan,nan
2538.147,1.545468e-05,0.0,nan,nan,nan
2538.232,1.545216e-05,0.0,nan,nan,nan
2538.315,1.545248e-05,0.0,nan,nan,nan
2538.399,1.545357e-05,0.0,nan,nan,nan
2538.488,1.544972e-05,0.0,nan,nan,nan
2538.572,1.545276e-05,0.0,nan,nan,nan
2538.668,1.545106e-05,0.0,nan,nan,nan
2538.752,1.545381e-05,0.0,nan,nan,nan
2538.836,1.545042e-05,0.0,nan,nan,nan
2538.92,1.544947e-05,0.0,nan,nan,nan
2539.005,1.545084e-05,0.0,nan,nan,nan
2539.089,1.545243e-05,0.0,nan,nan,nan
2539.173,1.544985e-05,0.0,nan,nan,nan
2539.278,1.545353e-05,0.0,nan,nan,nan
2539.361,1.545306e-05,0.0,nan,nan,nan
2539.445,1.545562e-05,0.0,nan,nan,nan
2539.528,1.545365e-05,0.0,nan,nan,nan
2539.612,1.544975e-05,0.0,nan,nan,nan
2539.698,1.545273e-05,0.0,nan,nan,nan
2539.782,1.545039e-05,0.0,nan,nan,nan
2539.867,1.544987e-05,0.0,nan,nan,nan
2539.951,1.544934e-05,0.0,nan,nan,nan
2540.034,1.545348e-05,0.0,nan,nan,nan
2540.118,1.545213e-05,0.0,nan,nan,nan
2540.202,1.545546e-05,0.0,nan,nan,nan
2540.303,1.545e-05,0.0,nan,nan,nan
2540.387,1.545239e-05,0.0,nan,nan,nan
2540.47,1.54523e-05,0.0,nan,nan,nan
2540.554,1.545477e-05,0.0,nan,nan,nan
2540.639,1.545492e-05,0.0,nan,nan,nan
2540.727,1.545386e-05,0.0,nan,nan,nan
2540.811,1.545392e-05,0.0,nan,nan,nan
2540.918,1.545364e-05,0.0,nan,nan,nan
2541.001,1.545597e-05,0.0,nan,nan,nan
2541.085,1.545178e-05,0.0,nan,nan,nan
2541.169,1.544961e-05,0.0,nan,nan,nan
2541.252,1.545063e-05,0.0,nan,nan,nan
2541.336,1.545156e-05,0.0,nan,nan,nan
2541.419,1.545169e-05,0.0,nan,nan,nan
2541.504,1.545364e-05,0.0,nan,nan,nan
2541.588,1.545364e-05,0.0,nan,nan,nan
2541.672,1.545382e-05,0.0,nan,nan,nan
2541.756,1.545079e-05,0.0,nan,nan,nan
2541.84,1.545248e-05,0.0,nan,nan,nan
2541.924,1.545043e-05,0.0,nan,nan,nan
2542.008,1.54514e-05,0.0,nan,nan,nan
2542.101,1.545451e-05,0.0,nan,nan,nan
2542.184,1.545137e-05,0.0,nan,nan,nan
2542.268,1.544457e-05,0.0,nan,nan,nan
2542.351,1.544878e-05,0.0,nan,nan,nan
2542.435,1.544992e-05,0.0,nan,nan,nan
2542.533,1.545222e-05,0.0,nan,nan,nan
2542.617,1.545177e-05,0.0,nan,nan,nan
2542.701,1.544815e-05,0.0,nan,nan,nan
2542.784,1.545048e-05,0.0,nan,nan,nan
2542.868,1.54485e-05,0.0,nan,nan,nan
2542.952,1.544659e-05,0.0,nan,nan,nan
2543.035,1.544898e-05,0.0,nan,nan,nan
2543.119,1.544994e-05,0.0,nan,nan,nan
2543.202,1.545122e-05,0.0,nan,nan,nan
2543.286,1.545334e-05,0.0,nan,nan,nan
2543.369,1.54474e-05,0.0,nan,nan,nan
2543.453,1.54449e-05,0.0,nan,nan,nan
2543.55,1.544495e-05,0.0,nan,nan,nan
2543.634,1.544551e-05,0.0,nan,nan,nan
2543.718,1.544914e-05,0.0,nan,nan,nan
2543.801,1.545131e-05,0.0,nan,nan,nan
2543.885,1.545118e-05,0.0,nan,nan,nan
2543.975,1.545113e-05,0.0,nan,nan,nan
2544.059,1.544596e-05,0.0,nan,nan,nan
2544.164,1.544991e-05,0.0,nan,nan,nan
2544.248,1.54484e-05,0.0,nan,nan,nan
2544.332,1.54475e-05,0.0,nan,nan,nan
2544.416,1.545087e-05,0.0,nan,nan,nan
2544.499,1.545256e-05,0.0,nan,nan,nan
2544.585,1.544798e-05,0.0,nan,nan,nan
2544.669,1.545063e-05,0.0,nan,nan,nan
2544.753,1.545309e-05,0.0,nan,nan,nan
2544.837,1.544973e-05,0.0,nan,nan,nan
2544.922,1.545354e-05,0.0,nan,nan,nan
2545.016,1.544593e-05,0.0,nan,nan,nan
2545.1,1.544901e-05,0.0,nan,nan,nan
2545.19,1.544866e-05,0.0,nan,nan,nan
2545.274,1.544986e-05,0.0,nan,nan,nan
2545.357,1.545153e-05,0.0,nan,nan,nan
2545.44,1.545088e-05,0.0,nan,nan,nan
2545.524,1.544863e-05,0.0,nan,nan,nan
2545.608,1.54487e-05,0.0,nan,nan,nan
2545.692,1.544718e-05,0.0,nan,nan,nan
2545.794,1.545079e-05,0.0,nan,nan,nan
2545.878,1.544859e-05,0.0,nan,nan,nan
2545.962,1.544645e-05,0.0,nan,nan,nan
2546.045,1.545166e-05,0.0,nan,nan,nan
2546.129,1.54475e-05,0.0,nan,nan,nan
2546.229,1.545061e-05,0.0,nan,nan,nan
2546.313,1.545026e-05,0.0,nan,nan,nan
2546.398,1.544984e-05,0.0,nan,nan,nan
2546.481,1.544717e-05,0.0,nan,nan,nan
2546.565,1.5451e-05,0.0,nan,nan,nan
2546.649,1.545031e-05,0.0,nan,nan,nan
2546.732,1.544508e-05,0.0,nan,nan,nan
2546.823,1.544952e-05,0.0,nan,nan,nan
2546.907,1.544661e-05,0.0,nan,nan,nan
2546.991,1.544546e-05,0.0,nan,nan,nan
2547.074,1.544438e-05,0.0,nan,nan,nan
2547.158,1.544942e-05,0.0,nan,nan,nan
2547.246,1.544898e-05,0.0,nan,nan,nan
2547.33,1.544765e-05,0.0,nan,nan,nan
2547.414,1.544556e-05,0.0,nan,nan,nan
2547.497,1.545131e-05,0.0,nan,nan,nan
2547.581,1.544912e-05,0.0,nan,nan,nan
2547.665,1.545219e-05,0.0,nan,nan,nan
2547.749,1.544754e-05,0.0,nan,nan,nan
2547.843,1.54459e-05,0.0,nan,nan,nan
2547.927,1.544722e-05,0.0,nan,nan,nan
2548.012,1.544541e-05,0.0,nan,nan,nan
2548.096,1.544769e-05,0.0,nan,nan,nan
2548.18,1.544363e-05,0.0,nan,nan,nan
2548.268,1.544734e-05,0.0,nan,nan,nan
2548.352,1.544621e-05,0.0,nan,nan,nan
2548.436,1.544821e-05,0.0,nan,nan,nan
2548.519,1.544533e-05,0.0,nan,nan,nan
2548.605,1.544884e-05,0.0,nan,nan,nan
2548.689,1.544971e-05,0.0,nan,nan,nan
2548.773,1.545122e-05,0.0,nan,nan,nan
2548.861,1.54484e-05,0.0,nan,nan,nan
2548.945,1.54449e-05,0.0,nan,nan,nan
2549.029,1.544833e-05,0.0,nan,nan,nan
2549.112,1.545098e-05,0.0,nan,nan,nan
2549.196,1.54495e-05,0.0,nan,nan,nan
2549.289,1.54518e-05,0.0,nan,nan,nan
2549.373,1.544735e-05,0.0,nan,nan,nan
2549.485,1.545094e-05,0.0,nan,nan,nan
2549.569,1.545085e-05,0.0,nan,nan,nan
2549.652,1.544976e-05,0.0,nan,nan,nan
2549.736,1.545349e-05,0.0,nan,nan,nan
2549.82,1.545512e-05,0.0,nan,nan,nan
2549.903,1.545593e-05,0.0,nan,nan,nan
2549.987,1.545126e-05,0.0,nan,nan,nan
2550.078,1.545027e-05,0.0,nan,nan,nan
2550.161,1.545374e-05,0.0,nan,nan,nan
2550.249,1.544871e-05,0.0,nan,nan,nan
2550.344,1.545217e-05,0.0,nan,nan,nan
2550.428,1.545087e-05,0.0,nan,nan,nan
2550.511,1.545027e-05,0.0,nan,nan,nan
2550.595,1.544522e-05,0.0,nan,nan,nan
2550.706,1.544915e-05,0.0,nan,nan,nan
2550.79,1.545255e-05,0.0,nan,nan,nan
2550.893,1.545094e-05,0.0,nan,nan,nan
2550.977,1.544701e-05,0.0,nan,nan,nan
2551.06,1.544984e-05,0.0,nan,nan,nan
2551.144,1.54482e-05,0.0,nan,nan,nan
2551.228,1.545087e-05,0.0,nan,nan,nan
2551.311,1.544707e-05,0.0,nan,nan,nan
2551.395,1.544767e-05,0.0,nan,nan,nan
2551.479,1.544889e-05,0.0,nan,nan,nan
2551.563,1.544321e-05,0.0,nan,nan,nan
2551.647,1.54472e-05,0.0,nan,nan,nan
2551.73,1.544871e-05,0.0,nan,nan,nan
2551.814,1.544893e-05,0.0,nan,nan,nan
2551.898,1.545213e-05,0.0,nan,nan,nan
2551.982,1.545213e-05,0.0,nan,nan,nan
2552.066,1.545088e-05,0.0,nan,nan,nan
2552.149,1.545651e-05,0.0,nan,nan,nan
2552.233,1.545364e-05,0.0,nan,nan,nan
2552.326,1.545365e-05,0.0,nan,nan,nan
2552.41,1.544829e-05,0.0,nan,nan,nan
2552.494,1.544934e-05,0.0,nan,nan,nan
2552.577,1.5451e-05,0.0,nan,nan,nan
2552.661,1.544992e-05,0.0,nan,nan,nan
2552.751,1.544531e-05,0.0,nan,nan,nan
2552.835,1.54501e-05,0.0,nan,nan,nan
2552.918,1.544996e-05,0.0,nan,nan,nan
2553.002,1.545286e-05,0.0,nan,nan,nan
2553.087,1.54506e-05,0.0,nan,nan,nan
2553.171,1.545117e-05,0.0,nan,nan,nan
2553.255,1.545177e-05,0.0,nan,nan,nan
2553.348,1.54514e-05,0.0,nan,nan,nan
2553.432,1.544934e-05,0.0,nan,nan,nan
2553.515,1.545301e-05,0.0,nan,nan,nan
2553.599,1.544964e-05,0.0,nan,nan,nan
2553.683,1.545193e-05,0.0,nan,nan,nan
2553.768,1.544971e-05,0.0,nan,nan,nan
2553.852,1.545199e-05,0.0,nan,nan,nan
2553.935,1.545028e-05,0.0,nan,nan,nan
2554.019,1.545061e-05,0.0,nan,nan,nan
2554.103,1.545201e-05,0.0,nan,nan,nan
2554.186,1.545485e-05,0.0,nan,nan,nan
2554.27,1.545225e-05,0.0,nan,nan,nan
2554.371,1.545614e-05,0.0,nan,nan,nan
2554.47,1.545648e-05,0.0,nan,nan,nan
2554.561,1.546012e-05,0.0,nan,nan,nan
2554.645,1.545503e-05,0.0,nan,nan,nan
2554.728,1.545338e-05,0.0,nan,nan,nan
2554.812,1.545661e-05,0.0,nan,nan,nan
2554.896,1.545472e-05,0.0,nan,nan,nan
2554.979,1.544978e-05,0.0,nan,nan,nan
2555.063,1.545251e-05,0.0,nan,nan,nan
2555.146,1.545564e-05,0.0,nan,nan,nan
2555.23,1.545189e-05,0.0,nan,nan,nan
2555.314,1.544892e-05,0.0,nan,nan,nan
2555.4,1.545173e-05,0.0,nan,nan,nan
2555.483,1.54496e-05,0.0,nan,nan,nan
2555.589,1.544886e-05,0.0,nan,nan,nan
2555.672,1.545054e-05,0.0,nan,nan,nan
2555.782,1.545282e-05,0.0,nan,nan,nan
2555.866,1.545367e-05,0.0,nan,nan,nan
2555.95,1.545545e-05,0.0,nan,nan,nan
2556.034,1.545303e-05,0.0,nan,nan,nan
2556.118,1.545438e-05,0.0,nan,nan,nan
2556.201,1.545375e-05,0.0,nan,nan,nan
2556.285,1.54519e-05,0.0,nan,nan,nan
2556.369,1.54518e-05,0.0,nan,nan,nan
2556.453,1.545774e-05,0.0,nan,nan,nan
2556.54,1.545515e-05,0.0,nan,nan,nan
2556.623,1.544994e-05,0.0,nan,nan,nan
2556.707,1.545452e-05,0.0,nan,nan,nan
2556.809,1.545238e-05,0.0,nan,nan,nan
2556.893,1.545405e-05,0.0,nan,nan,nan
2556.977,1.545157e-05,0.0,nan,nan,nan
2557.06,1.545459e-05,0.0,nan,nan,nan
2557.144,1.545145e-05,0.0,nan,nan,nan
2557.233,1.545325e-05,0.0,nan,nan,nan
2557.317,1.545397e-05,0.0,nan,nan,nan
2557.4,1.545446e-05,0.0,nan,nan,nan
2557.484,1.545694e-05,0.0,nan,nan,nan
2557.57,1.545626e-05,0.0,nan,nan,nan
2557.654,1.544962e-05,0.0,nan,nan,nan
2557.738,1.54497e-05,0.0,nan,nan,nan
2557.829,1.545285e-05,0.0,nan,nan,nan
2557.913,1.545496e-05,0.0,nan,nan,nan
2557.997,1.545461e-05,0.0,nan,nan,nan
2558.081,1.545552e-05,0.0,nan,nan,nan
2558.164,1.545193e-05,0.0,nan,nan,nan
2558.248,1.545361e-05,0.0,nan,nan,nan
2558.331,1.545306e-05,0.0,nan,nan,nan
2558.415,1.54502e-05,0.0,nan,nan,nan
2558.499,1.5452e-05,0.0,nan,nan,nan
2558.603,1.545175e-05,0.0,nan,nan,nan
2558.686,1.545486e-05,0.0,nan,nan,nan
2558.772,1.545566e-05,0.0,nan,nan,nan
2558.856,1.545542e-05,0.0,nan,nan,nan
2558.94,1.54542e-05,0.0,nan,nan,nan
2559.023,1.545318e-05,0.0,nan,nan,nan
2559.107,1.545317e-05,0.0,nan,nan,nan
2559.193,1.545229e-05,0.0,nan,nan,nan
2559.277,1.545163e-05,0.0,nan,nan,nan
2559.361,1.545227e-05,0.0,nan,nan,nan
2559.468,1.545297e-05,0.0,nan,nan,nan
2559.552,1.544838e-05,0.0,nan,nan,nan
2559.637,1.545271e-05,0.0,nan,nan,nan
2559.721,1.54528e-05,0.0,nan,nan,nan
2559.804,1.545115e-05,0.0,nan,nan,nan
2559.888,1.545613e-05,0.0,nan,nan,nan
2559.971,1.545472e-05,0.0,nan,nan,nan
2560.063,1.545722e-05,0.0,nan,nan,nan
2560.147,1.544835e-05,0.0,nan,nan,nan
2560.232,1.545266e-05,0.0,nan,nan,nan
2560.315,1.545634e-05,0.0,nan,nan,nan
2560.399,1.545386e-05,0.0,nan,nan,nan
2560.483,1.545925e-05,0.0,nan,nan,nan
2560.566,1.545623e-05,0.0,nan,nan,nan
2560.65,1.545594e-05,0.0,nan,nan,nan
2560.74,1.545374e-05,0.0,nan,nan,nan
2560.823,1.545525e-05,0.0,nan,nan,nan
2560.907,1.545811e-05,0.0,nan,nan,nan
2560.991,1.545332e-05,0.0,nan,nan,nan
2561.092,1.545506e-05,0.0,nan,nan,nan
2561.176,1.545945e-05,0.0,nan,nan,nan
2561.287,1.545875e-05,0.0,nan,nan,nan
2561.37,1.545714e-05,0.0,nan,nan,nan
2561.454,1.545453e-05,0.0,nan,nan,nan
2561.538,1.545687e-05,0.0,nan,nan,nan
2561.622,1.545614e-05,0.0,nan,nan,nan
2561.706,1.545723e-05,0.0,nan,nan,nan
2561.789,1.545372e-05,0.0,nan,nan,nan
2561.873,1.545635e-05,0.0,nan,nan,nan
2561.956,1.545917e-05,0.0,nan,nan,nan
2562.04,1.545928e-05,0.0,nan,nan,nan
2562.123,1.545637e-05,0.0,nan,nan,nan
2562.207,1.54535e-05,0.0,nan,nan,nan
2562.296,1.545535e-05,0.0,nan,nan,nan
2562.38,1.545398e-05,0.0,nan,nan,nan
2562.464,1.54561e-05,0.0,nan,nan,nan
2562.548,1.545512e-05,0.0,nan,nan,nan
2562.631,1.54545e-05,0.0,nan,nan,nan
2562.715,1.545372e-05,0.0,nan,nan,nan
2562.819,1.545872e-05,0.0,nan,nan,nan
2562.906,1.545664e-05,0.0,nan,nan,nan
2562.99,1.545416e-05,0.0,nan,nan,nan
2563.074,1.545438e-05,0.0,nan,nan,nan
2563.158,1.54549e-05,0.0,nan,nan,nan
2563.242,1.545012e-05,0.0,nan,nan,nan
2563.326,1.545187e-05,0.0,nan,nan,nan
2563.409,1.545525e-05,0.0,nan,nan,nan
2563.509,1.545545e-05,0.0,nan,nan,nan
2563.592,1.545555e-05,0.0,nan,nan,nan
2563.676,1.54527e-05,0.0,nan,nan,nan
2563.759,1.545431e-05,0.0,nan,nan,nan
2563.843,1.54528e-05,0.0,nan,nan,nan
2563.927,1.545188e-05,0.0,nan,nan,nan
2564.011,1.545434e-05,0.0,nan,nan,nan
2564.096,1.545295e-05,0.0,nan,nan,nan
2564.179,1.545436e-05,0.0,nan,nan,nan
2564.263,1.544967e-05,0.0,nan,nan,nan
2564.346,1.545536e-05,0.0,nan,nan,nan
2564.43,1.54505e-05,0.0,nan,nan,nan
2564.522,1.545155e-05,0.0,nan,nan,nan
2564.606,1.545175e-05,0.0,nan,nan,nan
2564.69,1.545238e-05,0.0,nan,nan,nan
2564.774,1.545842e-05,0.0,nan,nan,nan
2564.904,1.545201e-05,0.0,nan,nan,nan
2564.987,1.545429e-05,0.0,nan,nan,nan
2565.072,1.544948e-05,0.0,nan,nan,nan
2565.166,1.545058e-05,0.0,nan,nan,nan
2565.25,1.545092e-05,0.0,nan,nan,nan
2565.353,1.545224e-05,0.0,nan,nan,nan
2565.437,1.545188e-05,0.0,nan,nan,nan
2565.52,1.545274e-05,0.0,nan,nan,nan
2565.604,1.544985e-05,0.0,nan,nan,nan
2565.689,1.545096e-05,0.0,nan,nan,nan
2565.779,1.545086e-05,0.0,nan,nan,nan
2565.863,1.545343e-05,0.0,nan,nan,nan
2565.97,1.545263e-05,0.0,nan,nan,nan
2566.053,1.545491e-05,0.0,nan,nan,nan
2566.16,1.545419e-05,0.0,nan,nan,nan
2566.244,1.545476e-05,0.0,nan,nan,nan
2566.327,1.545373e-05,0.0,nan,nan,nan
2566.411,1.545029e-05,0.0,nan,nan,nan
2566.495,1.54534e-05,0.0,nan,nan,nan
2566.578,1.545083e-05,0.0,nan,nan,nan
2566.662,1.545268e-05,0.0,nan,nan,nan
2566.764,1.545266e-05,0.0,nan,nan,nan
2566.848,1.545471e-05,0.0,nan,nan,nan
2566.935,1.545352e-05,0.0,nan,nan,nan
2567.019,1.545236e-05,0.0,nan,nan,nan
2567.102,1.545054e-05,0.0,nan,nan,nan
2567.186,1.545092e-05,0.0,nan,nan,nan
2567.27,1.545287e-05,0.0,nan,nan,nan
2567.354,1.545305e-05,0.0,nan,nan,nan
2567.437,1.545258e-05,0.0,nan,nan,nan
2567.521,1.545447e-05,0.0,nan,nan,nan
2567.605,1.545308e-05,0.0,nan,nan,nan
2567.688,1.545618e-05,0.0,nan,nan,nan
2567.777,1.54514e-05,0.0,nan,nan,nan
2567.86,1.54508e-05,0.0,nan,nan,nan
2567.944,1.545255e-05,0.0,nan,nan,nan
2568.028,1.544805e-05,0.0,nan,nan,nan
2568.112,1.545436e-05,0.0,nan,nan,nan
2568.195,1.545331e-05,0.0,nan,nan,nan
2568.279,1.544935e-05,0.0,nan,nan,nan
2568.363,1.54505e-05,0.0,nan,nan,nan
2568.446,1.544897e-05,0.0,nan,nan,nan
2568.53,1.545125e-05,0.0,nan,nan,nan
2568.614,1.544801e-05,0.0,nan,nan,nan
2568.697,1.544927e-05,0.0,nan,nan,nan
2568.802,1.544781e-05,0.0,nan,nan,nan
2568.886,1.544761e-05,0.0,nan,nan,nan
2568.969,1.544722e-05,0.0,nan,nan,nan
2569.063,1.544989e-05,0.0,nan,nan,nan
2569.147,1.545331e-05,0.0,nan,nan,nan
2569.24,1.545141e-05,0.0,nan,nan,nan
2569.324,1.545368e-05,0.0,nan,nan,nan
2569.421,1.544907e-05,0.0,nan,nan,nan
2569.504,1.544982e-05,0.0,nan,nan,nan
2569.589,1.544784e-05,0.0,nan,nan,nan
2569.673,1.545226e-05,0.0,nan,nan,nan
2569.757,1.545046e-05,0.0,nan,nan,nan
2569.84,1.544963e-05,0.0,nan,nan,nan
2569.924,1.544824e-05,0.0,nan,nan,nan
2570.036,1.545101e-05,0.0,nan,nan,nan
2570.119,1.545009e-05,0.0,nan,nan,nan
2570.203,1.545215e-05,0.0,nan,nan,nan
2570.286,1.545283e-05,0.0,nan,nan,nan
2570.371,1.545309e-05,0.0,nan,nan,nan
2570.456,1.545372e-05,0.0,nan,nan,nan
2570.54,1.545079e-05,0.0,nan,nan,nan
2570.623,1.545148e-05,0.0,nan,nan,nan
2570.707,1.545195e-05,0.0,nan,nan,nan
2570.791,1.545354e-05,0.0,nan,nan,nan
2570.875,1.544843e-05,0.0,nan,nan,nan
2570.959,1.544886e-05,0.0,nan,nan,nan
2571.068,1.545045e-05,0.0,nan,nan,nan
2571.152,1.544968e-05,0.0,nan,nan,nan
2571.262,1.544844e-05,0.0,nan,nan,nan
2571.346,1.545156e-05,0.0,nan,nan,nan
2571.43,1.544888e-05,0.0,nan,nan,nan
2571.514,1.544793e-05,0.0,nan,nan,nan
2571.598,1.544757e-05,0.0,nan,nan,nan
2571.682,1.545332e-05,0.0,nan,nan,nan
2571.766,1.545006e-05,0.0,nan,nan,nan
2571.85,1.545314e-05,0.0,nan,nan,nan
2571.933,1.545375e-05,0.0,nan,nan,nan
2572.017,1.545188e-05,0.0,nan,nan,nan
2572.1,1.544849e-05,0.0,nan,nan,nan
2572.184,1.54529e-05,0.0,nan,nan,nan
2572.272,1.545126e-05,0.0,nan,nan,nan
2572.356,1.544936e-05,0.0,nan,nan,nan
2572.44,1.544858e-05,0.0,nan,nan,nan
2572.523,1.544965e-05,0.0,nan,nan,nan
2572.607,1.54504e-05,0.0,nan,nan,nan
2572.701,1.544892e-05,0.0,nan,nan,nan
2572.785,1.545239e-05,0.0,nan,nan,nan
2572.868,1.544945e-05,0.0,nan,nan,nan
2572.952,1.544956e-05,0.0,nan,nan,nan
2573.036,1.54458e-05,0.0,nan,nan,nan
2573.152,1.545051e-05,0.0,nan,nan,nan
2573.236,1.544877e-05,0.0,nan,nan,nan
2573.321,1.54462e-05,0.0,nan,nan,nan
2573.405,1.544799e-05,0.0,nan,nan,nan
2573.496,1.544667e-05,0.0,nan,nan,nan
2573.58,1.544476e-05,0.0,nan,nan,nan
2573.665,1.545036e-05,0.0,nan,nan,nan
2573.749,1.545021e-05,0.0,nan,nan,nan
2573.832,1.544911e-05,0.0,nan,nan,nan
2573.916,1.544976e-05,0.0,nan,nan,nan
2574.0,1.544923e-05,0.0,nan,nan,nan
2574.083,1.544872e-05,0.0,nan,nan,nan
2574.167,1.5447e-05,0.0,nan,nan,nan
2574.25,1.544682e-05,0.0,nan,nan,nan
2574.334,1.544874e-05,0.0,nan,nan,nan
2574.418,1.544915e-05,0.0,nan,nan,nan
2574.505,1.544929e-05,0.0,nan,nan,nan
2574.589,1.544393e-05,0.0,nan,nan,nan
2574.672,1.544883e-05,0.0,nan,nan,nan
2574.756,1.544691e-05,0.0,nan,nan,nan
2574.84,1.544753e-05,0.0,nan,nan,nan
2574.928,1.544978e-05,0.0,nan,nan,nan
2575.012,1.54483e-05,0.0,nan,nan,nan
2575.097,1.545137e-05,0.0,nan,nan,nan
2575.202,1.545139e-05,0.0,nan,nan,nan
2575.285,1.544946e-05,0.0,nan,nan,nan
2575.369,1.544858e-05,0.0,nan,nan,nan
2575.457,1.544972e-05,0.0,nan,nan,nan
2575.541,1.545205e-05,0.0,nan,nan,nan
2575.625,1.544976e-05,0.0,nan,nan,nan
2575.711,1.545429e-05,0.0,nan,nan,nan
2575.795,1.545342e-05,0.0,nan,nan,nan
2575.878,1.545365e-05,0.0,nan,nan,nan
2575.967,1.545109e-05,0.0,nan,nan,nan
2576.051,1.545336e-05,0.0,nan,nan,nan
2576.154,1.545639e-05,0.0,nan,nan,nan
2576.238,1.545336e-05,0.0,nan,nan,nan
2576.339,1.54541e-05,0.0,nan,nan,nan
2576.423,1.544758e-05,0.0,nan,nan,nan
2576.506,1.545274e-05,0.0,nan,nan,nan
2576.59,1.54519e-05,0.0,nan,nan,nan
2576.674,1.544793e-05,0.0,nan,nan,nan
2576.767,1.545484e-05,0.0,nan,nan,nan
2576.851,1.544827e-05,0.0,nan,nan,nan
2576.935,1.545209e-05,0.0,nan,nan,nan
2577.018,1.544952e-05,0.0,nan,nan,nan
2577.102,1.545173e-05,0.0,nan,nan,nan
2577.194,1.545271e-05,0.0,nan,nan,nan
2577.288,1.545122e-05,0.0,nan,nan,nan
2577.372,1.545234e-05,0.0,nan,nan,nan
2577.456,1.544881e-05,0.0,nan,nan,nan
2577.539,1.545577e-05,0.0,nan,nan,nan
2577.623,1.54493e-05,0.0,nan,nan,nan
2577.707,1.545044e-05,0.0,nan,nan,nan
2577.801,1.545073e-05,0.0,nan,nan,nan
2577.885,1.54516e-05,0.0,nan,nan,nan
2577.968,1.545546e-05,0.0,nan,nan,nan
2578.052,1.544956e-05,0.0,nan,nan,nan
2578.135,1.544871e-05,0.0,nan,nan,nan
2578.223,1.545114e-05,0.0,nan,nan,nan
2578.307,1.544734e-05,0.0,nan,nan,nan
2578.391,1.544921e-05,0.0,nan,nan,nan
2578.474,1.545061e-05,0.0,nan,nan,nan
2578.558,1.545294e-05,0.0,nan,nan,nan
2578.647,1.545223e-05,0.0,nan,nan,nan
2578.731,1.545091e-05,0.0,nan,nan,nan
2578.825,1.545087e-05,0.0,nan,nan,nan
2578.909,1.545507e-05,0.0,nan,nan,nan
2578.992,1.544978e-05,0.0,nan,nan,nan
2579.076,1.544859e-05,0.0,nan,nan,nan
2579.16,1.54484e-05,0.0,nan,nan,nan
2579.244,1.544924e-05,0.0,nan,nan,nan
2579.352,1.544638e-05,0.0,nan,nan,nan
2579.44,1.544674e-05,0.0,nan,nan,nan
2579.523,1.544693e-05,0.0,nan,nan,nan
2579.607,1.545351e-05,0.0,nan,nan,nan
2579.691,1.545263e-05,0.0,nan,nan,nan
2579.774,1.544913e-05,0.0,nan,nan,nan
2579.864,1.54477e-05,0.0,nan,nan,nan
2579.948,1.545228e-05,0.0,nan,nan,nan
2580.039,1.544808e-05,0.0,nan,nan,nan
2580.123,1.545173e-05,0.0,nan,nan,nan
2580.206,1.54495e-05,0.0,nan,nan,nan
2580.29,1.544873e-05,0.0,nan,nan,nan
2580.374,1.544615e-05,0.0,nan,nan,nan
2580.475,1.544862e-05,0.0,nan,nan,nan
2580.558,1.545083e-05,0.0,nan,nan,nan
2580.644,1.545072e-05,0.0,nan,nan,nan
2580.728,1.544914e-05,0.0,nan,nan,nan
2580.813,1.544537e-05,0.0,nan,nan,nan
2580.896,1.545061e-05,0.0,nan,nan,nan
2580.98,1.545193e-05,0.0,nan,nan,nan
2581.068,1.545635e-05,0.0,nan,nan,nan
2581.152,1.544858e-05,0.0,nan,nan,nan
2581.235,1.544883e-05,0.0,nan,nan,nan
2581.322,1.544792e-05,0.0,nan,nan,nan
2581.439,1.545315e-05,0.0,nan,nan,nan
2581.522,1.545064e-05,0.0,nan,nan,nan
2581.606,1.544844e-05,0.0,nan,nan,nan
2581.692,1.545007e-05,0.0,nan,nan,nan
2581.775,1.544956e-05,0.0,nan,nan,nan
2581.859,1.544802e-05,0.0,nan,nan,nan
2581.943,1.544598e-05,0.0,nan,nan,nan
2582.027,1.545015e-05,0.0,nan,nan,nan
2582.113,1.544896e-05,0.0,nan,nan,nan
2582.197,1.545007e-05,0.0,nan,nan,nan
2582.298,1.545013e-05,0.0,nan,nan,nan
2582.382,1.545461e-05,0.0,nan,nan,nan
2582.465,1.544914e-05,0.0,nan,nan,nan
2582.549,1.545303e-05,0.0,nan,nan,nan
2582.633,1.545291e-05,0.0,nan,nan,nan
2582.729,1.544862e-05,0.0,nan,nan,nan
2582.813,1.545001e-05,0.0,nan,nan,nan
2582.896,1.545206e-05,0.0,nan,nan,nan
2582.98,1.545586e-05,0.0,nan,nan,nan
2583.063,1.545227e-05,0.0,nan,nan,nan
2583.148,1.545069e-05,0.0,nan,nan,nan
2583.232,1.545268e-05,0.0,nan,nan,nan
2583.329,1.545117e-05,0.0,nan,nan,nan
2583.412,1.545682e-05,0.0,nan,nan,nan
2583.502,1.545286e-05,0.0,nan,nan,nan
2583.595,1.545535e-05,0.0,nan,nan,nan
2583.679,1.545411e-05,0.0,nan,nan,nan
2583.762,1.545039e-05,0.0,nan,nan,nan
2583.846,1.545196e-05,0.0,nan,nan,nan
2583.953,1.545392e-05,0.0,nan,nan,nan
2584.039,1.545173e-05,0.0,nan,nan,nan
2584.127,1.545164e-05,0.0,nan,nan,nan
2584.211,1.544895e-05,0.0,nan,nan,nan
2584.294,1.545289e-05,0.0,nan,nan,nan
2584.379,1.545141e-05,0.0,nan,nan,nan
2584.462,1.545415e-05,0.0,nan,nan,nan
2584.551,1.545212e-05,0.0,nan,nan,nan
2584.635,1.545402e-05,0.0,nan,nan,nan
2584.719,1.545657e-05,0.0,nan,nan,nan
2584.803,1.545042e-05,0.0,nan,nan,nan
2584.887,1.54518e-05,0.0,nan,nan,nan
2584.978,1.545278e-05,0.0,nan,nan,nan
2585.061,1.545337e-05,0.0,nan,nan,nan
2585.145,1.545205e-05,0.0,nan,nan,nan
2585.228,1.545237e-05,0.0,nan,nan,nan
2585.312,1.545541e-05,0.0,nan,nan,nan
2585.396,1.545231e-05,0.0,nan,nan,nan
2585.479,1.545087e-05,0.0,nan,nan,nan
2585.59,1.545105e-05,0.0,nan,nan,nan
2585.674,1.545185e-05,0.0,nan,nan,nan
2585.785,1.545088e-05,0.0,nan,nan,nan
2585.868,1.545384e-05,0.0,nan,nan,nan
2585.952,1.545034e-05,0.0,nan,nan,nan
2586.036,1.545129e-05,0.0,nan,nan,nan
2586.123,1.545028e-05,0.0,nan,nan,nan
2586.207,1.545516e-05,0.0,nan,nan,nan
2586.291,1.545267e-05,0.0,nan,nan,nan
2586.4,1.545638e-05,0.0,nan,nan,nan
2586.484,1.544826e-05,0.0,nan,nan,nan
2586.568,1.545231e-05,0.0,nan,nan,nan
2586.652,1.544948e-05,0.0,nan,nan,nan
2586.737,1.545282e-05,0.0,nan,nan,nan
2586.821,1.545326e-05,0.0,nan,nan,nan
2586.904,1.545456e-05,0.0,nan,nan,nan
2587.007,1.545459e-05,0.0,nan,nan,nan
2587.091,1.545169e-05,0.0,nan,nan,nan
2587.176,1.5454e-05,0.0,nan,nan,nan
2587.26,1.545224e-05,0.0,nan,nan,nan
2587.344,1.545641e-05,0.0,nan,nan,nan
2587.427,1.545012e-05,0.0,nan,nan,nan
2587.511,1.544929e-05,0.0,nan,nan,nan
2587.635,1.545105e-05,0.0,nan,nan,nan
2587.727,1.545022e-05,0.0,nan,nan,nan
2587.839,1.54553e-05,0.0,nan,nan,nan
2587.923,1.545648e-05,0.0,nan,nan,nan
2588.006,1.54538e-05,0.0,nan,nan,nan
2588.09,1.545419e-05,0.0,nan,nan,nan
2588.174,1.545209e-05,0.0,nan,nan,nan
2588.26,1.545251e-05,0.0,nan,nan,nan
2588.344,1.545896e-05,0.0,nan,nan,nan
2588.44,1.545312e-05,0.0,nan,nan,nan
2588.524,1.545298e-05,0.0,nan,nan,nan
2588.608,1.544791e-05,0.0,nan,nan,nan
2588.692,1.544836e-05,0.0,nan,nan,nan
2588.775,1.544657e-05,0.0,nan,nan,nan
2588.872,1.544926e-05,0.0,nan,nan,nan
2588.955,1.544458e-05,0.0,nan,nan,nan
2589.044,1.545246e-05,0.0,nan,nan,nan
2589.128,1.544949e-05,0.0,nan,nan,nan
2589.212,1.544794e-05,0.0,nan,nan,nan
2589.295,1.545218e-05,0.0,nan,nan,nan
2589.379,1.545131e-05,0.0,nan,nan,nan
2589.469,1.54504e-05,0.0,nan,nan,nan
2589.553,1.544932e-05,0.0,nan,nan,nan
2589.637,1.545478e-05,0.0,nan,nan,nan
2589.739,1.545343e-05,0.0,nan,nan,nan
2589.824,1.545223e-05,0.0,nan,nan,nan
2589.908,1.545456e-05,0.0,nan,nan,nan
2589.992,1.545812e-05,0.0,nan,nan,nan
2590.076,1.54546e-05,0.0,nan,nan,nan
2590.159,1.545387e-05,0.0,nan,nan,nan
2590.251,1.545312e-05,0.0,nan,nan,nan
2590.335,1.545346e-05,0.0,nan,nan,nan
2590.419,1.545477e-05,0.0,nan,nan,nan
2590.503,1.545296e-05,0.0,nan,nan,nan
2590.587,1.545052e-05,0.0,nan,nan,nan
2590.686,1.545144e-05,0.0,nan,nan,nan
2590.769,1.545417e-05,0.0,nan,nan,nan
2590.879,1.54533e-05,0.0,nan,nan,nan
2590.963,1.544956e-05,0.0,nan,nan,nan
2591.047,1.545385e-05,0.0,nan,nan,nan
2591.131,1.544817e-05,0.0,nan,nan,nan
2591.214,1.544776e-05,0.0,nan,nan,nan
2591.298,1.545268e-05,0.0,nan,nan,nan
2591.382,1.545085e-05,0.0,nan,nan,nan
2591.465,1.545458e-05,0.0,nan,nan,nan
2591.549,1.545458e-05,0.0,nan,nan,nan
2591.636,1.545366e-05,0.0,nan,nan,nan
2591.719,1.545429e-05,0.0,nan,nan,nan
2591.812,1.545429e-05,0.0,nan,nan,nan
2591.9,1.545426e-05,0.0,nan,nan,nan
2591.984,1.545471e-05,0.0,nan,nan,nan
2592.069,1.545347e-05,0.0,nan,nan,nan
2592.152,1.545415e-05,0.0,nan,nan,nan
2592.236,1.545816e-05,0.0,nan,nan,nan
2592.32,1.545453e-05,0.0,nan,nan,nan
2592.403,1.545182e-05,0.0,nan,nan,nan
2592.496,1.545057e-05,0.0,nan,nan,nan
2592.579,1.545216e-05,0.0,nan,nan,nan
2592.666,1.545433e-05,0.0,nan,nan,nan
2592.75,1.545229e-05,0.0,nan,nan,nan
2592.834,1.545353e-05,0.0,nan,nan,nan
2592.918,1.545039e-05,0.0,nan,nan,nan
2593.001,1.545174e-05,0.0,nan,nan,nan
2593.085,1.545437e-05,0.0,nan,nan,nan
2593.169,1.545531e-05,0.0,nan,nan,nan
2593.252,1.545755e-05,0.0,nan,nan,nan
2593.336,1.545476e-05,0.0,nan,nan,nan
2593.419,1.545574e-05,0.0,nan,nan,nan
2593.519,1.545254e-05,0.0,nan,nan,nan
2593.602,1.54533e-05,0.0,nan,nan,nan
2593.686,1.545527e-05,0.0,nan,nan,nan
2593.769,1.545395e-05,0.0,nan,nan,nan
2593.883,1.545622e-05,0.0,nan,nan,nan
2593.967,1.545523e-05,0.0,nan,nan,nan
2594.051,1.545737e-05,0.0,nan,nan,nan
2594.134,1.545828e-05,0.0,nan,nan,nan
2594.218,1.545722e-05,0.0,nan,nan,nan
2594.301,1.545575e-05,0.0,nan,nan,nan
2594.385,1.545812e-05,0.0,nan,nan,nan
2594.468,1.545313e-05,0.0,nan,nan,nan
2594.552,1.545322e-05,0.0,nan,nan,nan
2594.635,1.545511e-05,0.0,nan,nan,nan
2594.721,1.545464e-05,0.0,nan,nan,nan
2594.804,1.545399e-05,0.0,nan,nan,nan
2594.889,1.545611e-05,0.0,nan,nan,nan
2594.995,1.544938e-05,0.0,nan,nan,nan
2595.078,1.545538e-05,0.0,nan,nan,nan
2595.172,1.545525e-05,0.0,nan,nan,nan
2595.255,1.545183e-05,0.0,nan,nan,nan
2595.348,1.545538e-05,0.0,nan,nan,nan
2595.432,1.545345e-05,0.0,nan,nan,nan
2595.517,1.545264e-05,0.0,nan,nan,nan
2595.6,1.545173e-05,0.0,nan,nan,nan
2595.684,1.545616e-05,0.0,nan,nan,nan
2595.771,1.545418e-05,0.0,nan,nan,nan
2595.854,1.545211e-05,0.0,nan,nan,nan
2595.953,1.545423e-05,0.0,nan,nan,nan
2596.037,1.545698e-05,0.0,nan,nan,nan
2596.12,1.545676e-05,0.0,nan,nan,nan
2596.203,1.545814e-05,0.0,nan,nan,nan
2596.288,1.545653e-05,0.0,nan,nan,nan
2596.382,1.545459e-05,0.0,nan,nan,nan
2596.466,1.545801e-05,0.0,nan,nan,nan
2596.562,1.545362e-05,0.0,nan,nan,nan
2596.645,1.545635e-05,0.0,nan,nan,nan
2596.729,1.545695e-05,0.0,nan,nan,nan
2596.812,1.545696e-05,0.0,nan,nan,nan
2596.896,1.54563e-05,0.0,nan,nan,nan
2596.982,1.545844e-05,0.0,nan,nan,nan
2597.065,1.545635e-05,0.0,nan,nan,nan
2597.149,1.545718e-05,0.0,nan,nan,nan
2597.233,1.545744e-05,0.0,nan,nan,nan
2597.316,1.545662e-05,0.0,nan,nan,nan
2597.4,1.545501e-05,0.0,nan,nan,nan
2597.483,1.545506e-05,0.0,nan,nan,nan
2597.58,1.545465e-05,0.0,nan,nan,nan
2597.664,1.545702e-05,0.0,nan,nan,nan
2597.747,1.545305e-05,0.0,nan,nan,nan
2597.831,1.545435e-05,0.0,nan,nan,nan
2597.915,1.545603e-05,0.0,nan,nan,nan
2598.008,1.545654e-05,0.0,nan,nan,nan
2598.092,1.545802e-05,0.0,nan,nan,nan
2598.196,1.545263e-05,0.0,nan,nan,nan
2598.28,1.545545e-05,0.0,nan,nan,nan
2598.363,1.544924e-05,0.0,nan,nan,nan
2598.447,1.545781e-05,0.0,nan,nan,nan
2598.531,1.545235e-05,0.0,nan,nan,nan
2598.615,1.545287e-05,0.0,nan,nan,nan
2598.699,1.545567e-05,0.0,nan,nan,nan
2598.799,1.545151e-05,0.0,nan,nan,nan
2598.883,1.545611e-05,0.0,nan,nan,nan
2598.967,1.545681e-05,0.0,nan,nan,nan
2599.051,1.545516e-05,0.0,nan,nan,nan
2599.134,1.545509e-05,0.0,nan,nan,nan
2599.218,1.545534e-05,0.0,nan,nan,nan
2599.302,1.545556e-05,0.0,nan,nan,nan
2599.386,1.545347e-05,0.0,nan,nan,nan
2599.469,1.545154e-05,0.0,nan,nan,nan
2599.553,1.545386e-05,0.0,nan,nan,nan
2599.636,1.545449e-05,0.0,nan,nan,nan
2599.72,1.545245e-05,0.0,nan,nan,nan
2599.815,1.545218e-05,0.0,nan,nan,nan
2599.899,1.545237e-05,0.0,nan,nan,nan
2599.982,1.545477e-05,0.0,nan,nan,nan
2600.068,1.545465e-05,0.0,nan,nan,nan
2600.155,1.54544e-05,0.0,nan,nan,nan
2600.25,1.545353e-05,0.0,nan,nan,nan
2600.334,1.545266e-05,0.0,nan,nan,nan
2600.431,1.545084e-05,0.0,nan,nan,nan
2600.514,1.545298e-05,0.0,nan,nan,nan
2600.6,1.54528e-05,0.0,nan,nan,nan
2600.684,1.545584e-05,0.0,nan,nan,nan
2600.767,1.545822e-05,0.0,nan,nan,nan
2600.853,1.545306e-05,0.0,nan,nan,nan
2600.936,1.545263e-05,0.0,nan,nan,nan
2601.03,1.545594e-05,0.0,nan,nan,nan
2601.113,1.54541e-05,0.0,nan,nan,nan
2601.197,1.545706e-05,0.0,nan,nan,nan
2601.281,1.545285e-05,0.0,nan,nan,nan
2601.364,1.545603e-05,0.0,nan,nan,nan
2601.457,1.545302e-05,0.0,nan,nan,nan
2601.542,1.545534e-05,0.0,nan,nan,nan
2601.654,1.545896e-05,0.0,nan,nan,nan
2601.738,1.545679e-05,0.0,nan,nan,nan
2601.845,1.545748e-05,0.0,nan,nan,nan
2601.929,1.545948e-05,0.0,nan,nan,nan
2602.014,1.545649e-05,0.0,nan,nan,nan
2602.118,1.545429e-05,0.0,nan,nan,nan
2602.202,1.54533e-05,0.0,nan,nan,nan
2602.286,1.544928e-05,0.0,nan,nan,nan
2602.369,1.54568e-05,0.0,nan,nan,nan
2602.471,1.545504e-05,0.0,nan,nan,nan
2602.555,1.545246e-05,0.0,nan,nan,nan
2602.639,1.545685e-05,0.0,nan,nan,nan
2602.723,1.545256e-05,0.0,nan,nan,nan
2602.807,1.545536e-05,0.0,nan,nan,nan
2602.893,1.54566e-05,0.0,nan,nan,nan
2602.977,1.545833e-05,0.0,nan,nan,nan
2603.061,1.54558e-05,0.0,nan,nan,nan
2603.144,1.545605e-05,0.0,nan,nan,nan
2603.229,1.545537e-05,0.0,nan,nan,nan
2603.313,1.545157e-05,0.0,nan,nan,nan
2603.396,1.545675e-05,0.0,nan,nan,nan
2603.498,1.545591e-05,0.0,nan,nan,nan
2603.582,1.545525e-05,0.0,nan,nan,nan
2603.665,1.545644e-05,0.0,nan,nan,nan
2603.749,1.545666e-05,0.0,nan,nan,nan
2603.833,1.545525e-05,0.0,nan,nan,nan
2603.92,1.545378e-05,0.0,nan,nan,nan
2604.004,1.545415e-05,0.0,nan,nan,nan
2604.107,1.545654e-05,0.0,nan,nan,nan
2604.197,1.545375e-05,0.0,nan,nan,nan
2604.3,1.545772e-05,0.0,nan,nan,nan
2604.384,1.545513e-05,0.0,nan,nan,nan
2604.467,1.545895e-05,0.0,nan,nan,nan
2604.551,1.54565e-05,0.0,nan,nan,nan
2604.635,1.545535e-05,0.0,nan,nan,nan
2604.72,1.545272e-05,0.0,nan,nan,nan
2604.804,1.545079e-05,0.0,nan,nan,nan
2604.887,1.545309e-05,0.0,nan,nan,nan
2604.971,1.545476e-05,0.0,nan,nan,nan
2605.055,1.545229e-05,0.0,nan,nan,nan
2605.139,1.545569e-05,0.0,nan,nan,nan
2605.222,1.545186e-05,0.0,nan,nan,nan
2605.309,1.545418e-05,0.0,nan,nan,nan
2605.393,1.54557e-05,0.0,nan,nan,nan
2605.479,1.545694e-05,0.0,nan,nan,nan
2605.563,1.545799e-05,0.0,nan,nan,nan
2605.647,1.545201e-05,0.0,nan,nan,nan
2605.73,1.544938e-05,0.0,nan,nan,nan
2605.814,1.545366e-05,0.0,nan,nan,nan
2605.897,1.545116e-05,0.0,nan,nan,nan
2605.981,1.545141e-05,0.0,nan,nan,nan
2606.065,1.54536e-05,0.0,nan,nan,nan
2606.149,1.545247e-05,0.0,nan,nan,nan
2606.268,1.545544e-05,0.0,nan,nan,nan
2606.352,1.545674e-05,0.0,nan,nan,nan
2606.435,1.545802e-05,0.0,nan,nan,nan
2606.522,1.545507e-05,0.0,nan,nan,nan
2606.606,1.545896e-05,0.0,nan,nan,nan
2606.692,1.545817e-05,0.0,nan,nan,nan
2606.775,1.545408e-05,0.0,nan,nan,nan
2606.859,1.545738e-05,0.0,nan,nan,nan
2606.949,1.545731e-05,0.0,nan,nan,nan
2607.032,1.545594e-05,0.0,nan,nan,nan
2607.115,1.545681e-05,0.0,nan,nan,nan
2607.199,1.545898e-05,0.0,nan,nan,nan
2607.283,1.545652e-05,0.0,nan,nan,nan
2607.366,1.545591e-05,0.0,nan,nan,nan
2607.45,1.545621e-05,0.0,nan,nan,nan
2607.556,1.544893e-05,0.0,nan,nan,nan
2607.64,1.545227e-05,0.0,nan,nan,nan
2607.724,1.5449e-05,0.0,nan,nan,nan
2607.808,1.545091e-05,0.0,nan,nan,nan
2607.892,1.54535e-05,0.0,nan,nan,nan
2607.975,1.545322e-05,0.0,nan,nan,nan
2608.059,1.544995e-05,0.0,nan,nan,nan
2608.144,1.544821e-05,0.0,nan,nan,nan
2608.227,1.545157e-05,0.0,nan,nan,nan
2608.354,1.545175e-05,0.0,nan,nan,nan
2608.437,1.545062e-05,0.0,nan,nan,nan
2608.521,1.544715e-05,0.0,nan,nan,nan
2608.605,1.545547e-05,0.0,nan,nan,nan
2608.688,1.545161e-05,0.0,nan,nan,nan
2608.776,1.545196e-05,0.0,nan,nan,nan
2608.859,1.544863e-05,0.0,nan,nan,nan
2608.943,1.5452e-05,0.0,nan,nan,nan
2609.027,1.545533e-05,0.0,nan,nan,nan
2609.11,1.545026e-05,0.0,nan,nan,nan
2609.194,1.545804e-05,0.0,nan,nan,nan
2609.278,1.54525e-05,0.0,nan,nan,nan
2609.362,1.545424e-05,0.0,nan,nan,nan
2609.446,1.545726e-05,0.0,nan,nan,nan
2609.53,1.545136e-05,0.0,nan,nan,nan
2609.614,1.545478e-05,0.0,nan,nan,nan
2609.697,1.54586e-05,0.0,nan,nan,nan
2609.799,1.545607e-05,0.0,nan,nan,nan
2609.883,1.545326e-05,0.0,nan,nan,nan
2609.966,1.545449e-05,0.0,nan,nan,nan
2610.05,1.545482e-05,0.0,nan,nan,nan
2610.134,1.545407e-05,0.0,nan,nan,nan
2610.225,1.54543e-05,0.0,nan,nan,nan
2610.309,1.545481e-05,0.0,nan,nan,nan
2610.401,1.545503e-05,0.0,nan,nan,nan
2610.485,1.545383e-05,0.0,nan,nan,nan
2610.568,1.545527e-05,0.0,nan,nan,nan
2610.652,1.545894e-05,0.0,nan,nan,nan
2610.738,1.545797e-05,0.0,nan,nan,nan
2610.835,1.545777e-05,0.0,nan,nan,nan
2610.918,1.545865e-05,0.0,nan,nan,nan
2611.01,1.545634e-05,0.0,nan,nan,nan
2611.094,1.545372e-05,0.0,nan,nan,nan
2611.179,1.5452e-05,0.0,nan,nan,nan
2611.263,1.545216e-05,0.0,nan,nan,nan
2611.347,1.545347e-05,0.0,nan,nan,nan
2611.43,1.545306e-05,0.0,nan,nan,nan
2611.514,1.545149e-05,0.0,nan,nan,nan
2611.598,1.54582e-05,0.0,nan,nan,nan
2611.682,1.545743e-05,0.0,nan,nan,nan
2611.766,1.54565e-05,0.0,nan,nan,nan
2611.849,1.545598e-05,0.0,nan,nan,nan
2611.933,1.545677e-05,0.0,nan,nan,nan
2612.029,1.545643e-05,0.0,nan,nan,nan
2612.112,1.54559e-05,0.0,nan,nan,nan
2612.197,1.545831e-05,0.0,nan,nan,nan
2612.28,1.545475e-05,0.0,nan,nan,nan
2612.364,1.545179e-05,0.0,nan,nan,nan
2612.468,1.545697e-05,0.0,nan,nan,nan
2612.552,1.545387e-05,0.0,nan,nan,nan
2612.655,1.54578e-05,0.0,nan,nan,nan
2612.739,1.545798e-05,0.0,nan,nan,nan
2612.823,1.545782e-05,0.0,nan,nan,nan
2612.907,1.545523e-05,0.0,nan,nan,nan
2612.991,1.545684e-05,0.0,nan,nan,nan
2613.075,1.545584e-05,0.0,nan,nan,nan
2613.158,1.545288e-05,0.0,nan,nan,nan
2613.254,1.54569e-05,0.0,nan,nan,nan
2613.338,1.545639e-05,0.0,nan,nan,nan
2613.422,1.545381e-05,0.0,nan,nan,nan
2613.505,1.545271e-05,0.0,nan,nan,nan
2613.589,1.545122e-05,0.0,nan,nan,nan
2613.687,1.545139e-05,0.0,nan,nan,nan
2613.771,1.545532e-05,0.0,nan,nan,nan
2613.871,1.545375e-05,0.0,nan,nan,nan
2613.954,1.5453e-05,0.0,nan,nan,nan
2614.038,1.545404e-05,0.0,nan,nan,nan
2614.122,1.545329e-05,0.0,nan,nan,nan
2614.208,1.545425e-05,0.0,nan,nan,nan
2614.295,1.545425e-05,0.0,nan,nan,nan
2614.378,1.545796e-05,0.0,nan,nan,nan
2614.462,1.54557e-05,0.0,nan,nan,nan
2614.569,1.545604e-05,0.0,nan,nan,nan
2614.652,1.545268e-05,0.0,nan,nan,nan
2614.736,1.545851e-05,0.0,nan,nan,nan
2614.824,1.545838e-05,0.0,nan,nan,nan
2614.909,1.54609e-05,0.0,nan,nan,nan
2614.993,1.546134e-05,0.0,nan,nan,nan
2615.088,1.54637e-05,0.0,nan,nan,nan
2615.172,1.546117e-05,0.0,nan,nan,nan
2615.256,1.545941e-05,0.0,nan,nan,nan
2615.34,1.546103e-05,0.0,nan,nan,nan
2615.424,1.545974e-05,0.0,nan,nan,nan
2615.507,1.546041e-05,0.0,nan,nan,nan
2615.591,1.545585e-05,0.0,nan,nan,nan
2615.675,1.545894e-05,0.0,nan,nan,nan
2615.759,1.545755e-05,0.0,nan,nan,nan
2615.842,1.546158e-05,0.0,nan,nan,nan
2615.926,1.546272e-05,0.0,nan,nan,nan
2616.01,1.54624e-05,0.0,nan,nan,nan
2616.094,1.545796e-05,0.0,nan,nan,nan
2616.177,1.545915e-05,0.0,nan,nan,nan
2616.261,1.545923e-05,0.0,nan,nan,nan
2616.346,1.545971e-05,0.0,nan,nan,nan
2616.429,1.545503e-05,0.0,nan,nan,nan
2616.513,1.545106e-05,0.0,nan,nan,nan
2616.608,1.545561e-05,0.0,nan,nan,nan
2616.692,1.546129e-05,0.0,nan,nan,nan
2616.776,1.546124e-05,0.0,nan,nan,nan
2616.86,1.545647e-05,0.0,nan,nan,nan
2616.943,1.546219e-05,0.0,nan,nan,nan
2617.027,1.545891e-05,0.0,nan,nan,nan
2617.111,1.546051e-05,0.0,nan,nan,nan
2617.194,1.546032e-05,0.0,nan,nan,nan
2617.278,1.545701e-05,0.0,nan,nan,nan
2617.362,1.54573e-05,0.0,nan,nan,nan
2617.445,1.545785e-05,0.0,nan,nan,nan
2617.55,1.546099e-05,0.0,nan,nan,nan
2617.634,1.545902e-05,0.0,nan,nan,nan
2617.718,1.545526e-05,0.0,nan,nan,nan
2617.802,1.545913e-05,0.0,nan,nan,nan
2617.885,1.545712e-05,0.0,nan,nan,nan
2617.984,1.545303e-05,0.0,nan,nan,nan
2618.068,1.545697e-05,0.0,nan,nan,nan
2618.151,1.545153e-05,0.0,nan,nan,nan
2618.235,1.54539e-05,0.0,nan,nan,nan
2618.32,1.545618e-05,0.0,nan,nan,nan
2618.404,1.54568e-05,0.0,nan,nan,nan
2618.488,1.545462e-05,0.0,nan,nan,nan
2618.582,1.545573e-05,0.0,nan,nan,nan
2618.702,1.545296e-05,0.0,nan,nan,nan
2618.804,1.545404e-05,0.0,nan,nan,nan
2618.888,1.545526e-05,0.0,nan,nan,nan
2618.981,1.545588e-05,0.0,nan,nan,nan
2619.065,1.545345e-05,0.0,nan,nan,nan
2619.151,1.545644e-05,0.0,nan,nan,nan
2619.234,1.545544e-05,0.0,nan,nan,nan
2619.318,1.545886e-05,0.0,nan,nan,nan
2619.402,1.545712e-05,0.0,nan,nan,nan
2619.488,1.545383e-05,0.0,nan,nan,nan
2619.591,1.54505e-05,0.0,nan,nan,nan
2619.675,1.545556e-05,0.0,nan,nan,nan
2619.76,1.545263e-05,0.0,nan,nan,nan
2619.844,1.545041e-05,0.0,nan,nan,nan
2619.927,1.545307e-05,0.0,nan,nan,nan
2620.012,1.545611e-05,0.0,nan,nan,nan
2620.096,1.545351e-05,0.0,nan,nan,nan
2620.179,1.545542e-05,0.0,nan,nan,nan
2620.263,1.545733e-05,0.0,nan,nan,nan
2620.347,1.546036e-05,0.0,nan,nan,nan
2620.43,1.545667e-05,0.0,nan,nan,nan
2620.514,1.545615e-05,0.0,nan,nan,nan
2620.608,1.545886e-05,0.0,nan,nan,nan
2620.692,1.546075e-05,0.0,nan,nan,nan
2620.809,1.545667e-05,0.0,nan,nan,nan
2620.893,1.54583e-05,0.0,nan,nan,nan
2620.977,1.545518e-05,0.0,nan,nan,nan
2621.06,1.545683e-05,0.0,nan,nan,nan
2621.144,1.545926e-05,0.0,nan,nan,nan
2621.227,1.546213e-05,0.0,nan,nan,nan
2621.311,1.545714e-05,0.0,nan,nan,nan
2621.395,1.545462e-05,0.0,nan,nan,nan
2621.479,1.545469e-05,0.0,nan,nan,nan
2621.562,1.545945e-05,0.0,nan,nan,nan
2621.646,1.545819e-05,0.0,nan,nan,nan
2621.73,1.546022e-05,0.0,nan,nan,nan
2621.831,1.545895e-05,0.0,nan,nan,nan
2621.915,1.545954e-05,0.0,nan,nan,nan
2621.998,1.546098e-05,0.0,nan,nan,nan
2622.082,1.545987e-05,0.0,nan,nan,nan
2622.166,1.546113e-05,0.0,nan,nan,nan
2622.249,1.546044e-05,0.0,nan,nan,nan
2622.333,1.546039e-05,0.0,nan,nan,nan
2622.417,1.545948e-05,0.0,nan,nan,nan
2622.5,1.545464e-05,0.0,nan,nan,nan
2622.584,1.545906e-05,0.0,nan,nan,nan
2622.671,1.546391e-05,0.0,nan,nan,nan
2622.755,1.545748e-05,0.0,nan,nan,nan
2622.878,1.54606e-05,0.0,nan,nan,nan
2622.962,1.545943e-05,0.0,nan,nan,nan
2623.046,1.546096e-05,0.0,nan,nan,nan
2623.129,1.546176e-05,0.0,nan,nan,nan
2623.214,1.546302e-05,0.0,nan,nan,nan
2623.298,1.546065e-05,0.0,nan,nan,nan
2623.382,1.546364e-05,0.0,nan,nan,nan
2623.468,1.546226e-05,0.0,nan,nan,nan
2623.551,1.546073e-05,0.0,nan,nan,nan
2623.635,1.546019e-05,0.0,nan,nan,nan
2623.719,1.546165e-05,0.0,nan,nan,nan
2623.802,1.546114e-05,0.0,nan,nan,nan
2623.886,1.545782e-05,0.0,nan,nan,nan
2623.969,1.54627e-05,0.0,nan,nan,nan
2624.061,1.5463e-05,0.0,nan,nan,nan
2624.144,1.545795e-05,0.0,nan,nan,nan
2624.227,1.545662e-05,0.0,nan,nan,nan
2624.311,1.545753e-05,0.0,nan,nan,nan
2624.394,1.546189e-05,0.0,nan,nan,nan
2624.478,1.546013e-05,0.0,nan,nan,nan
2624.562,1.546221e-05,0.0,nan,nan,nan
2624.646,1.545731e-05,0.0,nan,nan,nan
2624.729,1.545947e-05,0.0,nan,nan,nan
2624.813,1.545382e-05,0.0,nan,nan,nan
2624.902,1.545729e-05,0.0,nan,nan,nan
2624.985,1.545433e-05,0.0,nan,nan,nan
2625.073,1.545627e-05,0.0,nan,nan,nan
2625.157,1.545648e-05,0.0,nan,nan,nan
2625.241,1.545884e-05,0.0,nan,nan,nan
2625.324,1.545975e-05,0.0,nan,nan,nan
2625.408,1.545879e-05,0.0,nan,nan,nan
2625.492,1.54583e-05,0.0,nan,nan,nan
2625.576,1.5458e-05,0.0,nan,nan,nan
2625.659,1.545857e-05,0.0,nan,nan,nan
2625.762,1.545346e-05,0.0,nan,nan,nan
2625.846,1.545915e-05,0.0,nan,nan,nan
2625.929,1.545955e-05,0.0,nan,nan,nan
2626.013,1.546082e-05,0.0,nan,nan,nan
2626.099,1.545976e-05,0.0,nan,nan,nan
2626.183,1.545903e-05,0.0,nan,nan,nan
2626.267,1.545305e-05,0.0,nan,nan,nan
2626.35,1.545457e-05,0.0,nan,nan,nan
2626.434,1.54525e-05,0.0,nan,nan,nan
2626.526,1.545088e-05,0.0,nan,nan,nan
2626.61,1.545253e-05,0.0,nan,nan,nan
2626.694,1.544868e-05,0.0,nan,nan,nan
2626.777,1.545755e-05,0.0,nan,nan,nan
2626.861,1.545334e-05,0.0,nan,nan,nan
2626.944,1.545416e-05,0.0,nan,nan,nan
2627.028,1.545326e-05,0.0,nan,nan,nan
2627.112,1.545613e-05,0.0,nan,nan,nan
2627.195,1.545664e-05,0.0,nan,nan,nan
2627.279,1.545628e-05,0.0,nan,nan,nan
2627.371,1.54522e-05,0.0,nan,nan,nan
2627.454,1.545749e-05,0.0,nan,nan,nan
2627.538,1.545101e-05,0.0,nan,nan,nan
2627.621,1.545028e-05,0.0,nan,nan,nan
2627.705,1.545394e-05,0.0,nan,nan,nan
2627.789,1.545478e-05,0.0,nan,nan,nan
2627.873,1.545633e-05,0.0,nan,nan,nan
2627.957,1.545184e-05,0.0,nan,nan,nan
2628.041,1.545475e-05,0.0,nan,nan,nan
2628.127,1.545397e-05,0.0,nan,nan,nan
2628.21,1.545324e-05,0.0,nan,nan,nan
2628.294,1.545495e-05,0.0,nan,nan,nan
2628.387,1.545174e-05,0.0,nan,nan,nan
2628.47,1.545035e-05,0.0,nan,nan,nan
2628.554,1.545614e-05,0.0,nan,nan,nan
2628.637,1.545322e-05,0.0,nan,nan,nan
2628.721,1.545028e-05,0.0,nan,nan,nan
2628.804,1.54508e-05,0.0,nan,nan,nan
2628.888,1.54561e-05,0.0,nan,nan,nan
2628.971,1.545601e-05,0.0,nan,nan,nan
2629.073,1.545384e-05,0.0,nan,nan,nan
2629.157,1.545315e-05,0.0,nan,nan,nan
2629.241,1.544981e-05,0.0,nan,nan,nan
2629.325,1.544892e-05,0.0,nan,nan,nan
2629.409,1.545169e-05,0.0,nan,nan,nan
2629.492,1.545e-05,0.0,nan,nan,nan
2629.598,1.544897e-05,0.0,nan,nan,nan
2629.682,1.545025e-05,0.0,nan,nan,nan
2629.765,1.545335e-05,0.0,nan,nan,nan
2629.849,1.54516e-05,0.0,nan,nan,nan
2629.933,1.545427e-05,0.0,nan,nan,nan
2630.017,1.545363e-05,0.0,nan,nan,nan
2630.101,1.54569e-05,0.0,nan,nan,nan
2630.185,1.5453e-05,0.0,nan,nan,nan
2630.268,1.545502e-05,0.0,nan,nan,nan
2630.352,1.545293e-05,0.0,nan,nan,nan
2630.435,1.545578e-05,0.0,nan,nan,nan
2630.519,1.545539e-05,0.0,nan,nan,nan
2630.613,1.545365e-05,0.0,nan,nan,nan
2630.696,1.544909e-05,0.0,nan,nan,nan
2630.78,1.544946e-05,0.0,nan,nan,nan
2630.864,1.545334e-05,0.0,nan,nan,nan
2630.948,1.545251e-05,0.0,nan,nan,nan
2631.035,1.544894e-05,0.0,nan,nan,nan
2631.148,1.545082e-05,0.0,nan,nan,nan
2631.231,1.54484e-05,0.0,nan,nan,nan
2631.315,1.54505e-05,0.0,nan,nan,nan
2631.399,1.544642e-05,0.0,nan,nan,nan
2631.483,1.545219e-05,0.0,nan,nan,nan
2631.566,1.545261e-05,0.0,nan,nan,nan
2631.65,1.545353e-05,0.0,nan,nan,nan
2631.734,1.545182e-05,0.0,nan,nan,nan
2631.841,1.545069e-05,0.0,nan,nan,nan
2631.924,1.545391e-05,0.0,nan,nan,nan
2632.023,1.54524e-05,0.0,nan,nan,nan
2632.107,1.545386e-05,0.0,nan,nan,nan
2632.19,1.545492e-05,0.0,nan,nan,nan
2632.274,1.545554e-05,0.0,nan,nan,nan
2632.358,1.545386e-05,0.0,nan,nan,nan
2632.448,1.54517e-05,0.0,nan,nan,nan
2632.532,1.545612e-05,0.0,nan,nan,nan
2632.615,1.545418e-05,0.0,nan,nan,nan
2632.699,1.545142e-05,0.0,nan,nan,nan
2632.785,1.54526e-05,0.0,nan,nan,nan
2632.868,1.545236e-05,0.0,nan,nan,nan
2632.952,1.545475e-05,0.0,nan,nan,nan
2633.048,1.545378e-05,0.0,nan,nan,nan
2633.132,1.545058e-05,0.0,nan,nan,nan
2633.215,1.545079e-05,0.0,nan,nan,nan
2633.299,1.545054e-05,0.0,nan,nan,nan
2633.383,1.544815e-05,0.0,nan,nan,nan
2633.467,1.545029e-05,0.0,nan,nan,nan
2633.55,1.545262e-05,0.0,nan,nan,nan
2633.635,1.545371e-05,0.0,nan,nan,nan
2633.719,1.545057e-05,0.0,nan,nan,nan
2633.802,1.545072e-05,0.0,nan,nan,nan
2633.886,1.545343e-05,0.0,nan,nan,nan
2633.97,1.545401e-05,0.0,nan,nan,nan
2634.055,1.545295e-05,0.0,nan,nan,nan
2634.139,1.544994e-05,0.0,nan,nan,nan
2634.224,1.5451e-05,0.0,nan,nan,nan
2634.308,1.545113e-05,0.0,nan,nan,nan
2634.392,1.545565e-05,0.0,nan,nan,nan
2634.485,1.545326e-05,0.0,nan,nan,nan
2634.569,1.545124e-05,0.0,nan,nan,nan
2634.685,1.54555e-05,0.0,nan,nan,nan
2634.768,1.545096e-05,0.0,nan,nan,nan
2634.872,1.544835e-05,0.0,nan,nan,nan
2634.955,1.545182e-05,0.0,nan,nan,nan
2635.039,1.54554e-05,0.0,nan,nan,nan
2635.122,1.545397e-05,0.0,nan,nan,nan
2635.213,1.545449e-05,0.0,nan,nan,nan
2635.319,1.545246e-05,0.0,nan,nan,nan
2635.403,1.545255e-05,0.0,nan,nan,nan
2635.496,1.545307e-05,0.0,nan,nan,nan
2635.58,1.54504e-05,0.0,nan,nan,nan
2635.663,1.545105e-05,0.0,nan,nan,nan
2635.747,1.545174e-05,0.0,nan,nan,nan
2635.83,1.545223e-05,0.0,nan,nan,nan
2635.914,1.545679e-05,0.0,nan,nan,nan
2635.997,1.545111e-05,0.0,nan,nan,nan
2636.098,1.545258e-05,0.0,nan,nan,nan
2636.181,1.545119e-05,0.0,nan,nan,nan
2636.265,1.545156e-05,0.0,nan,nan,nan
2636.349,1.544724e-05,0.0,nan,nan,nan
2636.432,1.544894e-05,0.0,nan,nan,nan
2636.516,1.545153e-05,0.0,nan,nan,nan
2636.6,1.54527e-05,0.0,nan,nan,nan
2636.684,1.544851e-05,0.0,nan,nan,nan
2636.767,1.545103e-05,0.0,nan,nan,nan
2636.852,1.545202e-05,0.0,nan,nan,nan
2636.936,1.545144e-05,0.0,nan,nan,nan
2637.019,1.545137e-05,0.0,nan,nan,nan
2637.13,1.545579e-05,0.0,nan,nan,nan
2637.214,1.545391e-05,0.0,nan,nan,nan
2637.315,1.545329e-05,0.0,nan,nan,nan
2637.398,1.545084e-05,0.0,nan,nan,nan
2637.484,1.545239e-05,0.0,nan,nan,nan
2637.568,1.545208e-05,0.0,nan,nan,nan
2637.651,1.545519e-05,0.0,nan,nan,nan
2637.735,1.545578e-05,0.0,nan,nan,nan
2637.819,1.545149e-05,0.0,nan,nan,nan
2637.902,1.545471e-05,0.0,nan,nan,nan
2637.986,1.545693e-05,0.0,nan,nan,nan
2638.069,1.545507e-05,0.0,nan,nan,nan
2638.153,1.545318e-05,0.0,nan,nan,nan
2638.236,1.545809e-05,0.0,nan,nan,nan
2638.328,1.545198e-05,0.0,nan,nan,nan
2638.412,1.545188e-05,0.0,nan,nan,nan
2638.495,1.545001e-05,0.0,nan,nan,nan
2638.579,1.545313e-05,0.0,nan,nan,nan
2638.663,1.545189e-05,0.0,nan,nan,nan
2638.756,1.54571e-05,0.0,nan,nan,nan
2638.84,1.545317e-05,0.0,nan,nan,nan
2638.924,1.545649e-05,0.0,nan,nan,nan
2639.007,1.545352e-05,0.0,nan,nan,nan
2639.091,1.545075e-05,0.0,nan,nan,nan
2639.175,1.54526e-05,0.0,nan,nan,nan
2639.258,1.545529e-05,0.0,nan,nan,nan
2640.009,1.545738e-05,0.0,nan,nan,nan
2640.098,1.545309e-05,0.0,nan,nan,nan
2640.182,1.545664e-05,0.0,nan,nan,nan
2640.265,1.545785e-05,0.0,nan,nan,nan
2640.349,1.545298e-05,0.0,nan,nan,nan
2640.433,1.545387e-05,0.0,nan,nan,nan
2640.516,1.545518e-05,0.0,nan,nan,nan
2640.6,1.545607e-05,0.0,nan,nan,nan
2640.684,1.545415e-05,0.0,nan,nan,nan
2640.782,1.5457e-05,0.0,nan,nan,nan
2640.866,1.545725e-05,0.0,nan,nan,nan
2640.951,1.545546e-05,0.0,nan,nan,nan
2641.035,1.545645e-05,0.0,nan,nan,nan
2641.123,1.54532e-05,0.0,nan,nan,nan
2641.207,1.545406e-05,0.0,nan,nan,nan
2641.291,1.545369e-05,0.0,nan,nan,nan
2641.399,1.545708e-05,0.0,nan,nan,nan
2641.483,1.546007e-05,0.0,nan,nan,nan
2641.566,1.545494e-05,0.0,nan,nan,nan
2641.65,1.545693e-05,0.0,nan,nan,nan
2641.735,1.545455e-05,0.0,nan,nan,nan
2641.819,1.545495e-05,0.0,nan,nan,nan
2641.902,1.545688e-05,0.0,nan,nan,nan
2642.005,1.545701e-05,0.0,nan,nan,nan
2642.135,1.545617e-05,0.0,nan,nan,nan
2642.22,1.545834e-05,0.0,nan,nan,nan
2642.303,1.54554e-05,0.0,nan,nan,nan
2642.387,1.546066e-05,0.0,nan,nan,nan
2642.47,1.545994e-05,0.0,nan,nan,nan
2642.554,1.54577e-05,0.0,nan,nan,nan
2642.638,1.545794e-05,0.0,nan,nan,nan
2642.722,1.545705e-05,0.0,nan,nan,nan
2642.817,1.545453e-05,0.0,nan,nan,nan
2642.901,1.545227e-05,0.0,nan,nan,nan
2642.987,1.545567e-05,0.0,nan,nan,nan
2643.071,1.545612e-05,0.0,nan,nan,nan
2643.155,1.545183e-05,0.0,nan,nan,nan
2643.242,1.545581e-05,0.0,nan,nan,nan
2643.325,1.545357e-05,0.0,nan,nan,nan
2643.433,1.545625e-05,0.0,nan,nan,nan
2643.516,1.545684e-05,0.0,nan,nan,nan
2643.6,1.545721e-05,0.0,nan,nan,nan
2643.683,1.545655e-05,0.0,nan,nan,nan
2643.767,1.545436e-05,0.0,nan,nan,nan
2643.853,1.545927e-05,0.0,nan,nan,nan
2643.936,1.545571e-05,0.0,nan,nan,nan
2644.036,1.545831e-05,0.0,nan,nan,nan
2644.12,1.545735e-05,0.0,nan,nan,nan
2644.227,1.545515e-05,0.0,nan,nan,nan
2644.311,1.545837e-05,0.0,nan,nan,nan
2644.395,1.545503e-05,0.0,nan,nan,nan
2644.478,1.545937e-05,0.0,nan,nan,nan
2644.562,1.546052e-05,0.0,nan,nan,nan
2644.652,1.545852e-05,0.0,nan,nan,nan
2644.735,1.545802e-05,0.0,nan,nan,nan
2644.84,1.545965e-05,0.0,nan,nan,nan
2644.924,1.545619e-05,0.0,nan,nan,nan
2645.009,1.545944e-05,0.0,nan,nan,nan
2645.093,1.545517e-05,0.0,nan,nan,nan
2645.177,1.546593e-05,0.0,nan,nan,nan
2645.26,1.546099e-05,0.0,nan,nan,nan
2645.344,1.545931e-05,0.0,nan,nan,nan
2645.427,1.546098e-05,0.0,nan,nan,nan
2645.511,1.545581e-05,0.0,nan,nan,nan
2645.595,1.54605e-05,0.0,nan,nan,nan
2645.679,1.545625e-05,0.0,nan,nan,nan
2645.763,1.545761e-05,0.0,nan,nan,nan
2645.855,1.546067e-05,0.0,nan,nan,nan
2645.938,1.545679e-05,0.0,nan,nan,nan
2646.022,1.545704e-05,0.0,nan,nan,nan
2646.106,1.545725e-05,0.0,nan,nan,nan
2646.189,1.545517e-05,0.0,nan,nan,nan
2646.307,1.545788e-05,0.0,nan,nan,nan
2646.39,1.545978e-05,0.0,nan,nan,nan
2646.474,1.546272e-05,0.0,nan,nan,nan
2646.558,1.545959e-05,0.0,nan,nan,nan
2646.642,1.545731e-05,0.0,nan,nan,nan
2646.726,1.545251e-05,0.0,nan,nan,nan
2646.81,1.545564e-05,0.0,nan,nan,nan
2646.895,1.545841e-05,0.0,nan,nan,nan
2646.978,1.545812e-05,0.0,nan,nan,nan
2647.088,1.54569e-05,0.0,nan,nan,nan
2647.171,1.545671e-05,0.0,nan,nan,nan
2647.273,1.545433e-05,0.0,nan,nan,nan
2647.356,1.5459e-05,0.0,nan,nan,nan
2647.44,1.545778e-05,0.0,nan,nan,nan
2647.523,1.545669e-05,0.0,nan,nan,nan
2647.607,1.545417e-05,0.0,nan,nan,nan
2647.691,1.545458e-05,0.0,nan,nan,nan
2647.775,1.545607e-05,0.0,nan,nan,nan
2647.861,1.545747e-05,0.0,nan,nan,nan
2647.945,1.545411e-05,0.0,nan,nan,nan
2648.029,1.545706e-05,0.0,nan,nan,nan
2648.113,1.545814e-05,0.0,nan,nan,nan
2648.196,1.545674e-05,0.0,nan,nan,nan
2648.293,1.545538e-05,0.0,nan,nan,nan
2648.376,1.545729e-05,0.0,nan,nan,nan
2648.461,1.545308e-05,0.0,nan,nan,nan
2648.545,1.545601e-05,0.0,nan,nan,nan
2648.629,1.545183e-05,0.0,nan,nan,nan
2648.714,1.545172e-05,0.0,nan,nan,nan
2648.798,1.545489e-05,0.0,nan,nan,nan
2648.884,1.545633e-05,0.0,nan,nan,nan
2648.968,1.545544e-05,0.0,nan,nan,nan
2649.051,1.545719e-05,0.0,nan,nan,nan
2649.136,1.545491e-05,0.0,nan,nan,nan
2649.22,1.545633e-05,0.0,nan,nan,nan
2649.304,1.546054e-05,0.0,nan,nan,nan
2649.387,1.545585e-05,0.0,nan,nan,nan
2649.472,1.546005e-05,0.0,nan,nan,nan
2649.556,1.545832e-05,0.0,nan,nan,nan
2649.639,1.545672e-05,0.0,nan,nan,nan
2649.723,1.545355e-05,0.0,nan,nan,nan
2649.807,1.545364e-05,0.0,nan,nan,nan
2649.89,1.545738e-05,0.0,nan,nan,nan
2649.974,1.545689e-05,0.0,nan,nan,nan
2650.058,1.545645e-05,0.0,nan,nan,nan
2650.148,1.545558e-05,0.0,nan,nan,nan
2650.231,1.545367e-05,0.0,nan,nan,nan
2650.315,1.545572e-05,0.0,nan,nan,nan
2650.432,1.545792e-05,0.0,nan,nan,nan
2650.516,1.545704e-05,0.0,nan,nan,nan
2650.6,1.545616e-05,0.0,nan,nan,nan
2650.686,1.545584e-05,0.0,nan,nan,nan
2650.769,1.545418e-05,0.0,nan,nan,nan
2650.853,1.545384e-05,0.0,nan,nan,nan
2650.951,1.545381e-05,0.0,nan,nan,nan
2651.035,1.545542e-05,0.0,nan,nan,nan
2651.119,1.545803e-05,0.0,nan,nan,nan
2651.202,1.545401e-05,0.0,nan,nan,nan
2651.289,1.545366e-05,0.0,nan,nan,nan
2651.372,1.545686e-05,0.0,nan,nan,nan
2651.456,1.545521e-05,0.0,nan,nan,nan
2651.547,1.545743e-05,0.0,nan,nan,nan
2651.63,1.545344e-05,0.0,nan,nan,nan
2651.719,1.545384e-05,0.0,nan,nan,nan
2651.802,1.545085e-05,0.0,nan,nan,nan
2651.886,1.545335e-05,0.0,nan,nan,nan
2651.987,1.545543e-05,0.0,nan,nan,nan
2652.071,1.545719e-05,0.0,nan,nan,nan
2652.155,1.545477e-05,0.0,nan,nan,nan
2652.239,1.545145e-05,0.0,nan,nan,nan
2652.322,1.545537e-05,0.0,nan,nan,nan
2652.406,1.545301e-05,0.0,nan,nan,nan
2652.49,1.545243e-05,0.0,nan,nan,nan
2652.573,1.545209e-05,0.0,nan,nan,nan
2652.657,1.545443e-05,0.0,nan,nan,nan
2652.742,1.545401e-05,0.0,nan,nan,nan
2652.826,1.545632e-05,0.0,nan,nan,nan
2652.91,1.545427e-05,0.0,nan,nan,nan
2652.997,1.545216e-05,0.0,nan,nan,nan
2653.081,1.545468e-05,0.0,nan,nan,nan
2653.164,1.545444e-05,0.0,nan,nan,nan
2653.248,1.545733e-05,0.0,nan,nan,nan
2653.332,1.545303e-05,0.0,nan,nan,nan
2653.416,1.545205e-05,0.0,nan,nan,nan
2653.499,1.545129e-05,0.0,nan,nan,nan
2653.595,1.544902e-05,0.0,nan,nan,nan
2653.679,1.54548e-05,0.0,nan,nan,nan
2653.763,1.545165e-05,0.0,nan,nan,nan
2653.846,1.545233e-05,0.0,nan,nan,nan
2653.93,1.545283e-05,0.0,nan,nan,nan
2654.014,1.54501e-05,0.0,nan,nan,nan
2654.098,1.545757e-05,0.0,nan,nan,nan
2654.183,1.545931e-05,0.0,nan,nan,nan
2654.267,1.54564e-05,0.0,nan,nan,nan
2654.35,1.545657e-05,0.0,nan,nan,nan
2654.434,1.54545e-05,0.0,nan,nan,nan
2654.569,1.545155e-05,0.0,nan,nan,nan
2654.671,1.545096e-05,0.0,nan,nan,nan
2654.756,1.545427e-05,0.0,nan,nan,nan
2654.84,1.545334e-05,0.0,nan,nan,nan
2654.924,1.545678e-05,0.0,nan,nan,nan
2655.013,1.545173e-05,0.0,nan,nan,nan
2655.097,1.545613e-05,0.0,nan,nan,nan
2655.18,1.545584e-05,0.0,nan,nan,nan
2655.264,1.545592e-05,0.0,nan,nan,nan
2655.348,1.54525e-05,0.0,nan,nan,nan
2655.431,1.545218e-05,0.0,nan,nan,nan
2655.515,1.545458e-05,0.0,nan,nan,nan
2655.599,1.545594e-05,0.0,nan,nan,nan
2655.682,1.545782e-05,0.0,nan,nan,nan
2655.766,1.545981e-05,0.0,nan,nan,nan
2655.849,1.545441e-05,0.0,nan,nan,nan
2655.933,1.54587e-05,0.0,nan,nan,nan
2656.035,1.545328e-05,0.0,nan,nan,nan
2656.118,1.545918e-05,0.0,nan,nan,nan
2656.202,1.545766e-05,0.0,nan,nan,nan
2656.285,1.545286e-05,0.0,nan,nan,nan
2656.37,1.545671e-05,0.0,nan,nan,nan
2656.456,1.545553e-05,0.0,nan,nan,nan
2656.539,1.54542e-05,0.0,nan,nan,nan
2656.65,1.545247e-05,0.0,nan,nan,nan
2656.756,1.545346e-05,0.0,nan,nan,nan
2656.862,1.545366e-05,0.0,nan,nan,nan
2656.946,1.545617e-05,0.0,nan,nan,nan
2657.039,1.545553e-05,0.0,nan,nan,nan
2657.122,1.54568e-05,0.0,nan,nan,nan
2657.206,1.545477e-05,0.0,nan,nan,nan
2657.29,1.545093e-05,0.0,nan,nan,nan
2657.374,1.545012e-05,0.0,nan,nan,nan
2657.477,1.545484e-05,0.0,nan,nan,nan
2657.561,1.545087e-05,0.0,nan,nan,nan
2657.646,1.545495e-05,0.0,nan,nan,nan
2657.73,1.545611e-05,0.0,nan,nan,nan
2657.814,1.545915e-05,0.0,nan,nan,nan
2657.897,1.545226e-05,0.0,nan,nan,nan
2657.981,1.544695e-05,0.0,nan,nan,nan
2658.079,1.545051e-05,0.0,nan,nan,nan
2658.163,1.545457e-05,0.0,nan,nan,nan
2658.246,1.545773e-05,0.0,nan,nan,nan
2658.33,1.545791e-05,0.0,nan,nan,nan
2658.414,1.545222e-05,0.0,nan,nan,nan
2658.499,1.5455e-05,0.0,nan,nan,nan
2658.583,1.545298e-05,0.0,nan,nan,nan
2658.701,1.545097e-05,0.0,nan,nan,nan
2658.785,1.545089e-05,0.0,nan,nan,nan
2658.869,1.545612e-05,0.0,nan,nan,nan
2658.952,1.545276e-05,0.0,nan,nan,nan
2659.036,1.545239e-05,0.0,nan,nan,nan
2659.119,1.545409e-05,0.0,nan,nan,nan
2659.203,1.54492e-05,0.0,nan,nan,nan
2659.298,1.54487e-05,0.0,nan,nan,nan
2659.382,1.545213e-05,0.0,nan,nan,nan
2659.465,1.544717e-05,0.0,nan,nan,nan
2659.549,1.544959e-05,0.0,nan,nan,nan
2659.632,1.544944e-05,0.0,nan,nan,nan
2659.735,1.545112e-05,0.0,nan,nan,nan
2659.818,1.545007e-05,0.0,nan,nan,nan
2659.902,1.545542e-05,0.0,nan,nan,nan
2659.985,1.545597e-05,0.0,nan,nan,nan
2660.069,1.545765e-05,0.0,nan,nan,nan
2660.152,1.54594e-05,0.0,nan,nan,nan
2660.236,1.545622e-05,0.0,nan,nan,nan
2660.34,1.545563e-05,0.0,nan,nan,nan
2660.423,1.545657e-05,0.0,nan,nan,nan
2660.511,1.545432e-05,0.0,nan,nan,nan
2660.594,1.545473e-05,0.0,nan,nan,nan
2660.678,1.545296e-05,0.0,nan,nan,nan
2660.783,1.545631e-05,0.0,nan,nan,nan
2660.867,1.545592e-05,0.0,nan,nan,nan
2660.951,1.545146e-05,0.0,nan,nan,nan
2661.034,1.545046e-05,0.0,nan,nan,nan
2661.118,1.545427e-05,0.0,nan,nan,nan
2661.202,1.54565e-05,0.0,nan,nan,nan
2661.285,1.545387e-05,0.0,nan,nan,nan
2661.369,1.545515e-05,0.0,nan,nan,nan
2661.452,1.545711e-05,0.0,nan,nan,nan
2661.545,1.545206e-05,0.0,nan,nan,nan
2661.628,1.545151e-05,0.0,nan,nan,nan
2661.711,1.545399e-05,0.0,nan,nan,nan
2661.812,1.545663e-05,0.0,nan,nan,nan
2661.896,1.545517e-05,0.0,nan,nan,nan
2661.983,1.545584e-05,0.0,nan,nan,nan
2662.067,1.545378e-05,0.0,nan,nan,nan
2662.15,1.545992e-05,0.0,nan,nan,nan
2662.234,1.545801e-05,0.0,nan,nan,nan
2662.318,1.545911e-05,0.0,nan,nan,nan
2662.402,1.545366e-05,0.0,nan,nan,nan
2662.485,1.545392e-05,0.0,nan,nan,nan
2662.579,1.545019e-05,0.0,nan,nan,nan
2662.662,1.545287e-05,0.0,nan,nan,nan
2662.746,1.545418e-05,0.0,nan,nan,nan
2662.851,1.545383e-05,0.0,nan,nan,nan
2662.935,1.545555e-05,0.0,nan,nan,nan
2663.019,1.545444e-05,0.0,nan,nan,nan
2663.102,1.544716e-05,0.0,nan,nan,nan
2663.191,1.545154e-05,0.0,nan,nan,nan
2663.275,1.545155e-05,0.0,nan,nan,nan
2663.359,1.545341e-05,0.0,nan,nan,nan
2663.443,1.545145e-05,0.0,nan,nan,nan
2663.526,1.545165e-05,0.0,nan,nan,nan
2663.615,1.54509e-05,0.0,nan,nan,nan
2663.698,1.545222e-05,0.0,nan,nan,nan
2663.798,1.545074e-05,0.0,nan,nan,nan
2663.882,1.544958e-05,0.0,nan,nan,nan
2663.966,1.545401e-05,0.0,nan,nan,nan
2664.049,1.545206e-05,0.0,nan,nan,nan
2664.133,1.544743e-05,0.0,nan,nan,nan
2664.22,1.545212e-05,0.0,nan,nan,nan
2664.304,1.54543e-05,0.0,nan,nan,nan
2664.387,1.545063e-05,0.0,nan,nan,nan
2664.471,1.545308e-05,0.0,nan,nan,nan
2664.555,1.544994e-05,0.0,nan,nan,nan
2664.64,1.545339e-05,0.0,nan,nan,nan
2664.724,1.54514e-05,0.0,nan,nan,nan
2664.826,1.545244e-05,0.0,nan,nan,nan
2664.926,1.544802e-05,0.0,nan,nan,nan
2665.01,1.545202e-05,0.0,nan,nan,nan
2665.093,1.545317e-05,0.0,nan,nan,nan
2665.177,1.545035e-05,0.0,nan,nan,nan
2665.287,1.545031e-05,0.0,nan,nan,nan
2665.371,1.54482e-05,0.0,nan,nan,nan
2665.454,1.545392e-05,0.0,nan,nan,nan
2665.538,1.544938e-05,0.0,nan,nan,nan
2665.621,1.545417e-05,0.0,nan,nan,nan
2665.705,1.545375e-05,0.0,nan,nan,nan
2665.788,1.545188e-05,0.0,nan,nan,nan
2665.873,1.545457e-05,0.0,nan,nan,nan
2665.956,1.544836e-05,0.0,nan,nan,nan
2666.041,1.544844e-05,0.0,nan,nan,nan
2666.125,1.545178e-05,0.0,nan,nan,nan
2666.208,1.545449e-05,0.0,nan,nan,nan
2666.293,1.545551e-05,0.0,nan,nan,nan
2666.377,1.54524e-05,0.0,nan,nan,nan
2666.462,1.54506e-05,0.0,nan,nan,nan
2666.546,1.544785e-05,0.0,nan,nan,nan
2666.629,1.545192e-05,0.0,nan,nan,nan
2666.717,1.54516e-05,0.0,nan,nan,nan
2666.801,1.545354e-05,0.0,nan,nan,nan
2666.903,1.544825e-05,0.0,nan,nan,nan
2666.997,1.54494e-05,0.0,nan,nan,nan
2667.101,1.545386e-05,0.0,nan,nan,nan
2667.184,1.545068e-05,0.0,nan,nan,nan
2667.268,1.544807e-05,0.0,nan,nan,nan
2667.352,1.545141e-05,0.0,nan,nan,nan
2667.438,1.545117e-05,0.0,nan,nan,nan
2667.522,1.544997e-05,0.0,nan,nan,nan
2667.605,1.545035e-05,0.0,nan,nan,nan
2667.69,1.54521e-05,0.0,nan,nan,nan
2667.773,1.545459e-05,0.0,nan,nan,nan
2667.857,1.545058e-05,0.0,nan,nan,nan
2667.946,1.545381e-05,0.0,nan,nan,nan
2668.03,1.54538e-05,0.0,nan,nan,nan
2668.129,1.54502e-05,0.0,nan,nan,nan
2668.213,1.545405e-05,0.0,nan,nan,nan
2668.296,1.545122e-05,0.0,nan,nan,nan
2668.38,1.545923e-05,0.0,nan,nan,nan
2668.464,1.54526e-05,0.0,nan,nan,nan
2668.547,1.544981e-05,0.0,nan,nan,nan
2668.631,1.545198e-05,0.0,nan,nan,nan
2668.717,1.545412e-05,0.0,nan,nan,nan
2668.801,1.545318e-05,0.0,nan,nan,nan
2668.884,1.545356e-05,0.0,nan,nan,nan
2668.968,1.545595e-05,0.0,nan,nan,nan
2669.063,1.545518e-05,0.0,nan,nan,nan
2669.147,1.54555e-05,0.0,nan,nan,nan
2669.23,1.545438e-05,0.0,nan,nan,nan
2669.314,1.545632e-05,0.0,nan,nan,nan
2669.398,1.545546e-05,0.0,nan,nan,nan
2669.482,1.545308e-05,0.0,nan,nan,nan
2669.565,1.545266e-05,0.0,nan,nan,nan
2669.649,1.545376e-05,0.0,nan,nan,nan
2669.732,1.545078e-05,0.0,nan,nan,nan
2669.816,1.545434e-05,0.0,nan,nan,nan
2669.9,1.545327e-05,0.0,nan,nan,nan
2669.987,1.545259e-05,0.0,nan,nan,nan
2670.071,1.545657e-05,0.0,nan,nan,nan
2670.154,1.545254e-05,0.0,nan,nan,nan
2670.238,1.545505e-05,0.0,nan,nan,nan
2670.321,1.545197e-05,0.0,nan,nan,nan
2670.405,1.545661e-05,0.0,nan,nan,nan
2670.489,1.545617e-05,0.0,nan,nan,nan
2670.589,1.545523e-05,0.0,nan,nan,nan
2670.672,1.545601e-05,0.0,nan,nan,nan
2670.789,1.545276e-05,0.0,nan,nan,nan
2670.873,1.545427e-05,0.0,nan,nan,nan
2670.956,1.545247e-05,0.0,nan,nan,nan
2671.04,1.545174e-05,0.0,nan,nan,nan
2671.128,1.545361e-05,0.0,nan,nan,nan
2671.213,1.544885e-05,0.0,nan,nan,nan
2671.296,1.545165e-05,0.0,nan,nan,nan
2671.388,1.544899e-05,0.0,nan,nan,nan
2671.472,1.544906e-05,0.0,nan,nan,nan
2671.556,1.54483e-05,0.0,nan,nan,nan
2671.639,1.545229e-05,0.0,nan,nan,nan
2671.723,1.545258e-05,0.0,nan,nan,nan
2671.807,1.54567e-05,0.0,nan,nan,nan
2671.89,1.545225e-05,0.0,nan,nan,nan
2671.975,1.545444e-05,0.0,nan,nan,nan
2672.059,1.545824e-05,0.0,nan,nan,nan
2672.142,1.545463e-05,0.0,nan,nan,nan
2672.233,1.545385e-05,0.0,nan,nan,nan
2672.317,1.54531e-05,0.0,nan,nan,nan
2672.401,1.545064e-05,0.0,nan,nan,nan
2672.485,1.545613e-05,0.0,nan,nan,nan
2672.568,1.545346e-05,0.0,nan,nan,nan
2672.652,1.544991e-05,0.0,nan,nan,nan
2672.736,1.545179e-05,0.0,nan,nan,nan
2672.826,1.54529e-05,0.0,nan,nan,nan
2672.91,1.544886e-05,0.0,nan,nan,nan
2672.994,1.545193e-05,0.0,nan,nan,nan
2673.077,1.545386e-05,0.0,nan,nan,nan
2673.203,1.545237e-05,0.0,nan,nan,nan
2673.287,1.54565e-05,0.0,nan,nan,nan
2673.372,1.545471e-05,0.0,nan,nan,nan
2673.458,1.545123e-05,0.0,nan,nan,nan
2673.542,1.54581e-05,0.0,nan,nan,nan
2673.626,1.545382e-05,0.0,nan,nan,nan
2673.71,1.54522e-05,0.0,nan,nan,nan
2673.794,1.54532e-05,0.0,nan,nan,nan
2673.877,1.544939e-05,0.0,nan,nan,nan
2673.961,1.545766e-05,0.0,nan,nan,nan
2674.048,1.545465e-05,0.0,nan,nan,nan
2674.132,1.545187e-05,0.0,nan,nan,nan
2674.216,1.545708e-05,0.0,nan,nan,nan
2674.299,1.545452e-05,0.0,nan,nan,nan
2674.383,1.545397e-05,0.0,nan,nan,nan
2674.467,1.545404e-05,0.0,nan,nan,nan
2674.55,1.54538e-05,0.0,nan,nan,nan
2674.634,1.545694e-05,0.0,nan,nan,nan
2674.718,1.545157e-05,0.0,nan,nan,nan
2674.802,1.545465e-05,0.0,nan,nan,nan
2674.885,1.545494e-05,0.0,nan,nan,nan
2674.969,1.545625e-05,0.0,nan,nan,nan
2675.068,1.545433e-05,0.0,nan,nan,nan
2675.152,1.545143e-05,0.0,nan,nan,nan
2675.252,1.5451e-05,0.0,nan,nan,nan
2675.353,1.545187e-05,0.0,nan,nan,nan
2675.437,1.544773e-05,0.0,nan,nan,nan
2675.521,1.545268e-05,0.0,nan,nan,nan
2675.604,1.545232e-05,0.0,nan,nan,nan
2675.704,1.545215e-05,0.0,nan,nan,nan
2675.788,1.545013e-05,0.0,nan,nan,nan
2675.894,1.544902e-05,0.0,nan,nan,nan
2675.978,1.54521e-05,0.0,nan,nan,nan
2676.062,1.54534e-05,0.0,nan,nan,nan
2676.146,1.545223e-05,0.0,nan,nan,nan
2676.229,1.54496e-05,0.0,nan,nan,nan
2676.313,1.54558e-05,0.0,nan,nan,nan
2676.396,1.545106e-05,0.0,nan,nan,nan
2676.495,1.545571e-05,0.0,nan,nan,nan
2676.578,1.546013e-05,0.0,nan,nan,nan
2676.662,1.545501e-05,0.0,nan,nan,nan
2676.746,1.545953e-05,0.0,nan,nan,nan
2676.83,1.545126e-05,0.0,nan,nan,nan
2676.915,1.545299e-05,0.0,nan,nan,nan
2676.999,1.545558e-05,0.0,nan,nan,nan
2677.102,1.545341e-05,0.0,nan,nan,nan
2677.185,1.545673e-05,0.0,nan,nan,nan
2677.269,1.545316e-05,0.0,nan,nan,nan
2677.353,1.54556e-05,0.0,nan,nan,nan
2677.437,1.545606e-05,0.0,nan,nan,nan
2677.521,1.545767e-05,0.0,nan,nan,nan
2677.605,1.545653e-05,0.0,nan,nan,nan
2677.689,1.544876e-05,0.0,nan,nan,nan
2677.773,1.545266e-05,0.0,nan,nan,nan
2677.857,1.54531e-05,0.0,nan,nan,nan
2677.945,1.545203e-05,0.0,nan,nan,nan
2678.029,1.545128e-05,0.0,nan,nan,nan
2678.138,1.545497e-05,0.0,nan,nan,nan
2678.222,1.545155e-05,0.0,nan,nan,nan
2678.305,1.545233e-05,0.0,nan,nan,nan
2678.389,1.545256e-05,0.0,nan,nan,nan
2678.473,1.545525e-05,0.0,nan,nan,nan
2678.559,1.545134e-05,0.0,nan,nan,nan
2678.643,1.545247e-05,0.0,nan,nan,nan
2678.739,1.545258e-05,0.0,nan,nan,nan
2678.823,1.544938e-05,0.0,nan,nan,nan
2678.906,1.545113e-05,0.0,nan,nan,nan
2678.99,1.544849e-05,0.0,nan,nan,nan
2679.074,1.545067e-05,0.0,nan,nan,nan
2679.17,1.54517e-05,0.0,nan,nan,nan
2679.253,1.545171e-05,0.0,nan,nan,nan
2679.369,1.545123e-05,0.0,nan,nan,nan
2679.452,1.544784e-05,0.0,nan,nan,nan
2679.547,1.545261e-05,0.0,nan,nan,nan
2679.631,1.544961e-05,0.0,nan,nan,nan
2679.714,1.545277e-05,0.0,nan,nan,nan
2679.798,1.545114e-05,0.0,nan,nan,nan
2679.882,1.545136e-05,0.0,nan,nan,nan
2679.973,1.544968e-05,0.0,nan,nan,nan
2680.056,1.545027e-05,0.0,nan,nan,nan
2680.14,1.545249e-05,0.0,nan,nan,nan
2680.224,1.545229e-05,0.0,nan,nan,nan
2680.307,1.545173e-05,0.0,nan,nan,nan
2680.391,1.545849e-05,0.0,nan,nan,nan
2680.475,1.545302e-05,0.0,nan,nan,nan
2680.572,1.545361e-05,0.0,nan,nan,nan
2680.656,1.545211e-05,0.0,nan,nan,nan
2680.74,1.545631e-05,0.0,nan,nan,nan
2680.825,1.545503e-05,0.0,nan,nan,nan
2680.909,1.545552e-05,0.0,nan,nan,nan
2681.005,1.545347e-05,0.0,nan,nan,nan
2681.088,1.545368e-05,0.0,nan,nan,nan
2681.172,1.545381e-05,0.0,nan,nan,nan
2681.256,1.545542e-05,0.0,nan,nan,nan
2681.339,1.545283e-05,0.0,nan,nan,nan
2681.423,1.545575e-05,0.0,nan,nan,nan
2681.507,1.545432e-05,0.0,nan,nan,nan
2681.592,1.545681e-05,0.0,nan,nan,nan
2681.676,1.545715e-05,0.0,nan,nan,nan
2681.759,1.545792e-05,0.0,nan,nan,nan
2681.843,1.545476e-05,0.0,nan,nan,nan
2681.927,1.5457e-05,0.0,nan,nan,nan
2682.012,1.545711e-05,0.0,nan,nan,nan
2682.095,1.545768e-05,0.0,nan,nan,nan
2682.179,1.545586e-05,0.0,nan,nan,nan
2682.262,1.545453e-05,0.0,nan,nan,nan
2682.346,1.545181e-05,0.0,nan,nan,nan
2682.43,1.545238e-05,0.0,nan,nan,nan
2682.514,1.545607e-05,0.0,nan,nan,nan
2682.612,1.545288e-05,0.0,nan,nan,nan
2682.695,1.545509e-05,0.0,nan,nan,nan
2682.779,1.545398e-05,0.0,nan,nan,nan
2682.863,1.545357e-05,0.0,nan,nan,nan
2682.947,1.545058e-05,0.0,nan,nan,nan
2683.03,1.545053e-05,0.0,nan,nan,nan
2683.114,1.545588e-05,0.0,nan,nan,nan
2683.198,1.545782e-05,0.0,nan,nan,nan
2683.281,1.545967e-05,0.0,nan,nan,nan
2683.365,1.545934e-05,0.0,nan,nan,nan
2683.449,1.54579e-05,0.0,nan,nan,nan
2683.553,1.545915e-05,0.0,nan,nan,nan
2683.637,1.546104e-05,0.0,nan,nan,nan
2683.72,1.545808e-05,0.0,nan,nan,nan
2683.832,1.546018e-05,0.0,nan,nan,nan
2683.916,1.546065e-05,0.0,nan,nan,nan
2683.999,1.545839e-05,0.0,nan,nan,nan
2684.083,1.54622e-05,0.0,nan,nan,nan
2684.167,1.54586e-05,0.0,nan,nan,nan
2684.255,1.545757e-05,0.0,nan,nan,nan
2684.339,1.545995e-05,0.0,nan,nan,nan
2684.424,1.546176e-05,0.0,nan,nan,nan
2684.508,1.545859e-05,0.0,nan,nan,nan
2684.593,1.545504e-05,0.0,nan,nan,nan
2684.676,1.545924e-05,0.0,nan,nan,nan
2684.76,1.545917e-05,0.0,nan,nan,nan
2684.844,1.545965e-05,0.0,nan,nan,nan
2684.927,1.5455e-05,0.0,nan,nan,nan
2685.011,1.545762e-05,0.0,nan,nan,nan
2685.095,1.546121e-05,0.0,nan,nan,nan
2685.179,1.545986e-05,0.0,nan,nan,nan
2685.262,1.545717e-05,0.0,nan,nan,nan
2685.346,1.545828e-05,0.0,nan,nan,nan
2685.43,1.545789e-05,0.0,nan,nan,nan
2685.514,1.545578e-05,0.0,nan,nan,nan
2685.636,1.546065e-05,0.0,nan,nan,nan
2685.719,1.545735e-05,0.0,nan,nan,nan
2685.803,1.5458e-05,0.0,nan,nan,nan
2685.886,1.545773e-05,0.0,nan,nan,nan
2685.97,1.545984e-05,0.0,nan,nan,nan
2686.057,1.546233e-05,0.0,nan,nan,nan
2686.142,1.546072e-05,0.0,nan,nan,nan
2686.225,1.546034e-05,0.0,nan,nan,nan
2686.309,1.545838e-05,0.0,nan,nan,nan
2686.392,1.545857e-05,0.0,nan,nan,nan
2686.488,1.545766e-05,0.0,nan,nan,nan
2686.572,1.545704e-05,0.0,nan,nan,nan
2686.655,1.54582e-05,0.0,nan,nan,nan
2686.739,1.54588e-05,0.0,nan,nan,nan
2686.825,1.546222e-05,0.0,nan,nan,nan
2686.909,1.546209e-05,0.0,nan,nan,nan
2686.992,1.545829e-05,0.0,nan,nan,nan
2687.093,1.545711e-05,0.0,nan,nan,nan
2687.176,1.546016e-05,0.0,nan,nan,nan
2687.278,1.545657e-05,0.0,nan,nan,nan
2687.362,1.545805e-05,0.0,nan,nan,nan
2687.445,1.545587e-05,0.0,nan,nan,nan
2687.529,1.546183e-05,0.0,nan,nan,nan
2687.613,1.545914e-05,0.0,nan,nan,nan
2687.704,1.546092e-05,0.0,nan,nan,nan
2687.788,1.546004e-05,0.0,nan,nan,nan
2687.9,1.545638e-05,0.0,nan,nan,nan
2687.983,1.545894e-05,0.0,nan,nan,nan
2688.067,1.546047e-05,0.0,nan,nan,nan
2688.151,1.545698e-05,0.0,nan,nan,nan
2688.235,1.545756e-05,0.0,nan,nan,nan
2688.318,1.545523e-05,0.0,nan,nan,nan
2688.402,1.545844e-05,0.0,nan,nan,nan
2688.517,1.545376e-05,0.0,nan,nan,nan
2688.601,1.545702e-05,0.0,nan,nan,nan
2688.685,1.545402e-05,0.0,nan,nan,nan
2688.768,1.545347e-05,0.0,nan,nan,nan
2688.855,1.544948e-05,0.0,nan,nan,nan
2688.953,1.545489e-05,0.0,nan,nan,nan
2689.037,1.545877e-05,0.0,nan,nan,nan
2689.128,1.545336e-05,0.0,nan,nan,nan
2689.212,1.545577e-05,0.0,nan,nan,nan
2689.296,1.54553e-05,0.0,nan,nan,nan
2689.38,1.54556e-05,0.0,nan,nan,nan
2689.464,1.54543e-05,0.0,nan,nan,nan
2689.552,1.545709e-05,0.0,nan,nan,nan
2689.635,1.545302e-05,0.0,nan,nan,nan
2689.76,1.545613e-05,0.0,nan,nan,nan
2689.844,1.545914e-05,0.0,nan,nan,nan
2689.928,1.545526e-05,0.0,nan,nan,nan
2690.011,1.54558e-05,0.0,nan,nan,nan
2690.095,1.545163e-05,0.0,nan,nan,nan
2690.178,1.545671e-05,0.0,nan,nan,nan
2690.262,1.545648e-05,0.0,nan,nan,nan
2690.348,1.545961e-05,0.0,nan,nan,nan
2690.432,1.545446e-05,0.0,nan,nan,nan
2690.516,1.545728e-05,0.0,nan,nan,nan
2690.599,1.545372e-05,0.0,nan,nan,nan
2690.687,1.545862e-05,0.0,nan,nan,nan
2690.77,1.545364e-05,0.0,nan,nan,nan
2690.854,1.545443e-05,0.0,nan,nan,nan
2690.937,1.545685e-05,0.0,nan,nan,nan
2691.021,1.545551e-05,0.0,nan,nan,nan
2691.104,1.545986e-05,0.0,nan,nan,nan
2691.188,1.545929e-05,0.0,nan,nan,nan
2691.272,1.545478e-05,0.0,nan,nan,nan
2691.369,1.546043e-05,0.0,nan,nan,nan
2691.453,1.546094e-05,0.0,nan,nan,nan
2691.537,1.54616e-05,0.0,nan,nan,nan
2691.621,1.545948e-05,0.0,nan,nan,nan
2691.705,1.545891e-05,0.0,nan,nan,nan
2691.824,1.545582e-05,0.0,nan,nan,nan
2691.908,1.5456e-05,0.0,nan,nan,nan
2692.002,1.54577e-05,0.0,nan,nan,nan
2692.085,1.545783e-05,0.0,nan,nan,nan
2692.171,1.545518e-05,0.0,nan,nan,nan
2692.254,1.545857e-05,0.0,nan,nan,nan
2692.34,1.546041e-05,0.0,nan,nan,nan
2692.424,1.54576e-05,0.0,nan,nan,nan
2692.507,1.545869e-05,0.0,nan,nan,nan
2692.594,1.545848e-05,0.0,nan,nan,nan
2692.678,1.54558e-05,0.0,nan,nan,nan
2692.783,1.545297e-05,0.0,nan,nan,nan
2692.866,1.545217e-05,0.0,nan,nan,nan
2692.95,1.545619e-05,0.0,nan,nan,nan
2693.034,1.546014e-05,0.0,nan,nan,nan
2693.117,1.546009e-05,0.0,nan,nan,nan
2693.201,1.54569e-05,0.0,nan,nan,nan
2693.285,1.545641e-05,0.0,nan,nan,nan
2693.368,1.545777e-05,0.0,nan,nan,nan
2693.452,1.545711e-05,0.0,nan,nan,nan
2693.539,1.545758e-05,0.0,nan,nan,nan
2693.623,1.545603e-05,0.0,nan,nan,nan
2693.707,1.545525e-05,0.0,nan,nan,nan
2693.792,1.545555e-05,0.0,nan,nan,nan
2693.886,1.545408e-05,0.0,nan,nan,nan
2693.97,1.545802e-05,0.0,nan,nan,nan
2694.053,1.545191e-05,0.0,nan,nan,nan
2694.137,1.545665e-05,0.0,nan,nan,nan
2694.221,1.545099e-05,0.0,nan,nan,nan
2694.304,1.545543e-05,0.0,nan,nan,nan
2694.388,1.545522e-05,0.0,nan,nan,nan
2694.472,1.545336e-05,0.0,nan,nan,nan
2694.556,1.545466e-05,0.0,nan,nan,nan
2694.646,1.545464e-05,0.0,nan,nan,nan
2694.729,1.545042e-05,0.0,nan,nan,nan
2694.814,1.54536e-05,0.0,nan,nan,nan
2694.898,1.545208e-05,0.0,nan,nan,nan
2694.981,1.5459e-05,0.0,nan,nan,nan
2695.065,1.545483e-05,0.0,nan,nan,nan
2695.149,1.545866e-05,0.0,nan,nan,nan
2695.232,1.545972e-05,0.0,nan,nan,nan
2695.316,1.545385e-05,0.0,nan,nan,nan
2695.399,1.545667e-05,0.0,nan,nan,nan
2695.483,1.545647e-05,0.0,nan,nan,nan
2695.567,1.545955e-05,0.0,nan,nan,nan
2695.651,1.545341e-05,0.0,nan,nan,nan
2695.735,1.545683e-05,0.0,nan,nan,nan
2695.818,1.545457e-05,0.0,nan,nan,nan
2695.935,1.546169e-05,0.0,nan,nan,nan
2696.018,1.5454e-05,0.0,nan,nan,nan
2696.102,1.54586e-05,0.0,nan,nan,nan
2696.185,1.545485e-05,0.0,nan,nan,nan
2696.289,1.545122e-05,0.0,nan,nan,nan
2696.373,1.545544e-05,0.0,nan,nan,nan
2696.459,1.545564e-05,0.0,nan,nan,nan
2696.543,1.545547e-05,0.0,nan,nan,nan
2696.626,1.545657e-05,0.0,nan,nan,nan
2696.71,1.5454e-05,0.0,nan,nan,nan
2696.794,1.54536e-05,0.0,nan,nan,nan
2696.891,1.545225e-05,0.0,nan,nan,nan
2696.975,1.545587e-05,0.0,nan,nan,nan
2697.06,1.545579e-05,0.0,nan,nan,nan
2697.144,1.545565e-05,0.0,nan,nan,nan
2697.227,1.545183e-05,0.0,nan,nan,nan
2697.311,1.545289e-05,0.0,nan,nan,nan
2697.395,1.545498e-05,0.0,nan,nan,nan
2697.478,1.545333e-05,0.0,nan,nan,nan
2697.562,1.54577e-05,0.0,nan,nan,nan
2697.646,1.545682e-05,0.0,nan,nan,nan
2697.735,1.545695e-05,0.0,nan,nan,nan
2697.819,1.545385e-05,0.0,nan,nan,nan
2697.92,1.545595e-05,0.0,nan,nan,nan
2698.028,1.545041e-05,0.0,nan,nan,nan
2698.131,1.545892e-05,0.0,nan,nan,nan
2698.215,1.545453e-05,0.0,nan,nan,nan
2698.298,1.545529e-05,0.0,nan,nan,nan
2698.382,1.545511e-05,0.0,nan,nan,nan
2698.466,1.545071e-05,0.0,nan,nan,nan
2698.549,1.545201e-05,0.0,nan,nan,nan
2698.633,1.545311e-05,0.0,nan,nan,nan
2698.717,1.54509e-05,0.0,nan,nan,nan
2698.801,1.545484e-05,0.0,nan,nan,nan
2698.885,1.545299e-05,0.0,nan,nan,nan
2698.969,1.545305e-05,0.0,nan,nan,nan
2699.052,1.545487e-05,0.0,nan,nan,nan
2699.142,1.545542e-05,0.0,nan,nan,nan
2699.226,1.545137e-05,0.0,nan,nan,nan
2699.311,1.545878e-05,0.0,nan,nan,nan
2699.394,1.545789e-05,0.0,nan,nan,nan
2699.478,1.545742e-05,0.0,nan,nan,nan
2699.562,1.545551e-05,0.0,nan,nan,nan
2699.645,1.54538e-05,0.0,nan,nan,nan
2699.729,1.545558e-05,0.0,nan,nan,nan
2699.813,1.545519e-05,0.0,nan,nan,nan
2699.896,1.545385e-05,0.0,nan,nan,nan
2699.984,1.54535e-05,0.0,nan,nan,nan
2700.086,1.545238e-05,0.0,nan,nan,nan
2700.17,1.545874e-05,0.0,nan,nan,nan
2700.253,1.545213e-05,0.0,nan,nan,nan
2700.337,1.545743e-05,0.0,nan,nan,nan
2700.42,1.545234e-05,0.0,nan,nan,nan
2700.509,1.545234e-05,0.0,nan,nan,nan
2700.593,1.545836e-05,0.0,nan,nan,nan
2700.676,1.545364e-05,0.0,nan,nan,nan
2700.788,1.545704e-05,0.0,nan,nan,nan
2700.872,1.545693e-05,0.0,nan,nan,nan
2700.955,1.545599e-05,0.0,nan,nan,nan
2701.039,1.54544e-05,0.0,nan,nan,nan
2701.123,1.545919e-05,0.0,nan,nan,nan
2701.206,1.545902e-05,0.0,nan,nan,nan
2701.29,1.545331e-05,0.0,nan,nan,nan
2701.374,1.54491e-05,0.0,nan,nan,nan
2701.458,1.545471e-05,0.0,nan,nan,nan
2701.541,1.545238e-05,0.0,nan,nan,nan
2701.625,1.545391e-05,0.0,nan,nan,nan
2701.709,1.545563e-05,0.0,nan,nan,nan
2701.804,1.545586e-05,0.0,nan,nan,nan
2701.888,1.545401e-05,0.0,nan,nan,nan
2701.972,1.545672e-05,0.0,nan,nan,nan
2702.056,1.544946e-05,0.0,nan,nan,nan
2702.163,1.544942e-05,0.0,nan,nan,nan
2702.247,1.545271e-05,0.0,nan,nan,nan
2702.332,1.545115e-05,0.0,nan,nan,nan
2702.415,1.545414e-05,0.0,nan,nan,nan
2702.499,1.545755e-05,0.0,nan,nan,nan
2702.583,1.545185e-05,0.0,nan,nan,nan
2702.667,1.544703e-05,0.0,nan,nan,nan
2702.75,1.54559e-05,0.0,nan,nan,nan
2702.834,1.545204e-05,0.0,nan,nan,nan
2702.918,1.545493e-05,0.0,nan,nan,nan
2703.001,1.545678e-05,0.0,nan,nan,nan
2703.085,1.545595e-05,0.0,nan,nan,nan
2703.171,1.545752e-05,0.0,nan,nan,nan
2703.261,1.545483e-05,0.0,nan,nan,nan
2703.345,1.545362e-05,0.0,nan,nan,nan
2703.429,1.54541e-05,0.0,nan,nan,nan
2703.513,1.545499e-05,0.0,nan,nan,nan
2703.597,1.545394e-05,0.0,nan,nan,nan
2703.681,1.545426e-05,0.0,nan,nan,nan
2703.765,1.545208e-05,0.0,nan,nan,nan
2703.85,1.545189e-05,0.0,nan,nan,nan
2703.934,1.545173e-05,0.0,nan,nan,nan
2704.017,1.544902e-05,0.0,nan,nan,nan
2704.101,1.545084e-05,0.0,nan,nan,nan
2704.202,1.545279e-05,0.0,nan,nan,nan
2704.291,1.545259e-05,0.0,nan,nan,nan
2704.375,1.545443e-05,0.0,nan,nan,nan
2704.458,1.545105e-05,0.0,nan,nan,nan
2704.542,1.545159e-05,0.0,nan,nan,nan
2704.626,1.544967e-05,0.0,nan,nan,nan
2704.71,1.545089e-05,0.0,nan,nan,nan
2704.794,1.545501e-05,0.0,nan,nan,nan
2704.881,1.545454e-05,0.0,nan,nan,nan
2704.965,1.545589e-05,0.0,nan,nan,nan
2705.065,1.545486e-05,0.0,nan,nan,nan
2705.149,1.545501e-05,0.0,nan,nan,nan
2705.233,1.544894e-05,0.0,nan,nan,nan
2705.316,1.544916e-05,0.0,nan,nan,nan
2705.4,1.545519e-05,0.0,nan,nan,nan
2705.484,1.545517e-05,0.0,nan,nan,nan
2705.567,1.545268e-05,0.0,nan,nan,nan
2705.653,1.545527e-05,0.0,nan,nan,nan
2705.737,1.545453e-05,0.0,nan,nan,nan
2705.82,1.54537e-05,0.0,nan,nan,nan
2705.904,1.545349e-05,0.0,nan,nan,nan
2705.988,1.545674e-05,0.0,nan,nan,nan
2706.075,1.545303e-05,0.0,nan,nan,nan
2706.158,1.545738e-05,0.0,nan,nan,nan
2706.284,1.545436e-05,0.0,nan,nan,nan
2706.367,1.54543e-05,0.0,nan,nan,nan
2706.451,1.545741e-05,0.0,nan,nan,nan
2706.534,1.544967e-05,0.0,nan,nan,nan
2706.618,1.545618e-05,0.0,nan,nan,nan
2706.702,1.545431e-05,0.0,nan,nan,nan
2706.786,1.545768e-05,0.0,nan,nan,nan
2706.869,1.545147e-05,0.0,nan,nan,nan
2706.953,1.545463e-05,0.0,nan,nan,nan
2707.037,1.545395e-05,0.0,nan,nan,nan
2707.12,1.54563e-05,0.0,nan,nan,nan
2707.203,1.545331e-05,0.0,nan,nan,nan
2707.287,1.545557e-05,0.0,nan,nan,nan
2707.371,1.545614e-05,0.0,nan,nan,nan
2707.456,1.545552e-05,0.0,nan,nan,nan
2707.54,1.545557e-05,0.0,nan,nan,nan
2707.623,1.545415e-05,0.0,nan,nan,nan
2707.711,1.545425e-05,0.0,nan,nan,nan
2707.795,1.545169e-05,0.0,nan,nan,nan
2707.878,1.545436e-05,0.0,nan,nan,nan
2707.962,1.545816e-05,0.0,nan,nan,nan
2708.046,1.545406e-05,0.0,nan,nan,nan
2708.136,1.545366e-05,0.0,nan,nan,nan
2708.219,1.545668e-05,0.0,nan,nan,nan
2708.343,1.545693e-05,0.0,nan,nan,nan
2708.427,1.54536e-05,0.0,nan,nan,nan
2708.538,1.545098e-05,0.0,nan,nan,nan
2708.622,1.545422e-05,0.0,nan,nan,nan
2708.706,1.545189e-05,0.0,nan,nan,nan
2708.79,1.545263e-05,0.0,nan,nan,nan
2708.873,1.54566e-05,0.0,nan,nan,nan
2708.957,1.545928e-05,0.0,nan,nan,nan
2709.041,1.545579e-05,0.0,nan,nan,nan
2709.14,1.545396e-05,0.0,nan,nan,nan
2709.224,1.545276e-05,0.0,nan,nan,nan
2709.308,1.545572e-05,0.0,nan,nan,nan
2709.391,1.545315e-05,0.0,nan,nan,nan
2709.475,1.54579e-05,0.0,nan,nan,nan
2709.559,1.545126e-05,0.0,nan,nan,nan
2709.643,1.545361e-05,0.0,nan,nan,nan
2709.726,1.545158e-05,0.0,nan,nan,nan
2709.81,1.545232e-05,0.0,nan,nan,nan
2709.894,1.54561e-05,0.0,nan,nan,nan
2709.985,1.545709e-05,0.0,nan,nan,nan
2710.069,1.545529e-05,0.0,nan,nan,nan
2710.153,1.545564e-05,0.0,nan,nan,nan
2710.236,1.545675e-05,0.0,nan,nan,nan
2710.32,1.545385e-05,0.0,nan,nan,nan
2710.405,1.545583e-05,0.0,nan,nan,nan
2710.488,1.545812e-05,0.0,nan,nan,nan
2710.58,1.545828e-05,0.0,nan,nan,nan
2710.664,1.545604e-05,0.0,nan,nan,nan
2710.747,1.545276e-05,0.0,nan,nan,nan
2710.831,1.545964e-05,0.0,nan,nan,nan
2710.915,1.545752e-05,0.0,nan,nan,nan
2711.004,1.545087e-05,0.0,nan,nan,nan
2711.088,1.545228e-05,0.0,nan,nan,nan
2711.171,1.54548e-05,0.0,nan,nan,nan
2711.255,1.545045e-05,0.0,nan,nan,nan
2711.338,1.545602e-05,0.0,nan,nan,nan
2711.421,1.545328e-05,0.0,nan,nan,nan
2711.505,1.545489e-05,0.0,nan,nan,nan
2711.601,1.545528e-05,0.0,nan,nan,nan
2711.684,1.545333e-05,0.0,nan,nan,nan
2711.768,1.545293e-05,0.0,nan,nan,nan
2711.852,1.545505e-05,0.0,nan,nan,nan
2711.935,1.545529e-05,0.0,nan,nan,nan
2712.02,1.545547e-05,0.0,nan,nan,nan
2712.104,1.54565e-05,0.0,nan,nan,nan
2712.187,1.545545e-05,0.0,nan,nan,nan
2712.271,1.545509e-05,0.0,nan,nan,nan
2712.357,1.545296e-05,0.0,nan,nan,nan
2712.452,1.545099e-05,0.0,nan,nan,nan
2712.536,1.545363e-05,0.0,nan,nan,nan
2712.639,1.545448e-05,0.0,nan,nan,nan
2712.723,1.545605e-05,0.0,nan,nan,nan
2712.82,1.54591e-05,0.0,nan,nan,nan
2712.904,1.545819e-05,0.0,nan,nan,nan
2712.988,1.545903e-05,0.0,nan,nan,nan
2713.071,1.546045e-05,0.0,nan,nan,nan
2713.155,1.546046e-05,0.0,nan,nan,nan
2713.238,1.54591e-05,0.0,nan,nan,nan
2713.322,1.545687e-05,0.0,nan,nan,nan
2713.406,1.545886e-05,0.0,nan,nan,nan
2713.489,1.545688e-05,0.0,nan,nan,nan
2713.573,1.545893e-05,0.0,nan,nan,nan
2713.659,1.545913e-05,0.0,nan,nan,nan
2713.743,1.545797e-05,0.0,nan,nan,nan
2713.854,1.546171e-05,0.0,nan,nan,nan
2713.938,1.546173e-05,0.0,nan,nan,nan
2714.023,1.545781e-05,0.0,nan,nan,nan
2714.107,1.545604e-05,0.0,nan,nan,nan
2714.191,1.54607e-05,0.0,nan,nan,nan
2714.275,1.545625e-05,0.0,nan,nan,nan
2714.359,1.545635e-05,0.0,nan,nan,nan
2714.442,1.545941e-05,0.0,nan,nan,nan
2714.533,1.545858e-05,0.0,nan,nan,nan
2714.621,1.546058e-05,0.0,nan,nan,nan
2714.704,1.545921e-05,0.0,nan,nan,nan
2714.788,1.546136e-05,0.0,nan,nan,nan
2714.876,1.546149e-05,0.0,nan,nan,nan
2714.96,1.545924e-05,0.0,nan,nan,nan
2715.044,1.545972e-05,0.0,nan,nan,nan
2715.128,1.545636e-05,0.0,nan,nan,nan
2715.211,1.545732e-05,0.0,nan,nan,nan
2715.302,1.545725e-05,0.0,nan,nan,nan
2715.385,1.545282e-05,0.0,nan,nan,nan
2715.47,1.545419e-05,0.0,nan,nan,nan
2715.553,1.545569e-05,0.0,nan,nan,nan
2715.638,1.545716e-05,0.0,nan,nan,nan
2715.726,1.545657e-05,0.0,nan,nan,nan
2715.81,1.545663e-05,0.0,nan,nan,nan
2715.912,1.545572e-05,0.0,nan,nan,nan
2715.996,1.545652e-05,0.0,nan,nan,nan
2716.079,1.545197e-05,0.0,nan,nan,nan
2716.163,1.5455e-05,0.0,nan,nan,nan
2716.247,1.545516e-05,0.0,nan,nan,nan
2716.331,1.545606e-05,0.0,nan,nan,nan
2716.414,1.545468e-05,0.0,nan,nan,nan
2716.512,1.545686e-05,0.0,nan,nan,nan
2716.595,1.545517e-05,0.0,nan,nan,nan
2716.68,1.545267e-05,0.0,nan,nan,nan
2716.764,1.545275e-05,0.0,nan,nan,nan
2716.848,1.545258e-05,0.0,nan,nan,nan
2716.931,1.544994e-05,0.0,nan,nan,nan
2717.015,1.545371e-05,0.0,nan,nan,nan
2717.099,1.545219e-05,0.0,nan,nan,nan
2717.183,1.54524e-05,0.0,nan,nan,nan
2717.267,1.545657e-05,0.0,nan,nan,nan
2717.351,1.54546e-05,0.0,nan,nan,nan
2717.435,1.545488e-05,0.0,nan,nan,nan
2717.537,1.54577e-05,0.0,nan,nan,nan
2717.621,1.545458e-05,0.0,nan,nan,nan
2717.705,1.545634e-05,0.0,nan,nan,nan
2717.789,1.545784e-05,0.0,nan,nan,nan
2717.873,1.545565e-05,0.0,nan,nan,nan
2717.964,1.545408e-05,0.0,nan,nan,nan
2718.048,1.545301e-05,0.0,nan,nan,nan
2718.139,1.545996e-05,0.0,nan,nan,nan
2718.223,1.546221e-05,0.0,nan,nan,nan
2718.307,1.546002e-05,0.0,nan,nan,nan
2718.39,1.546195e-05,0.0,nan,nan,nan
2718.474,1.545681e-05,0.0,nan,nan,nan
2718.558,1.545875e-05,0.0,nan,nan,nan
2718.643,1.546331e-05,0.0,nan,nan,nan
2718.727,1.546105e-05,0.0,nan,nan,nan
2718.81,1.546055e-05,0.0,nan,nan,nan
2718.894,1.546037e-05,0.0,nan,nan,nan
2718.978,1.546001e-05,0.0,nan,nan,nan
2719.062,1.545779e-05,0.0,nan,nan,nan
2719.145,1.546061e-05,0.0,nan,nan,nan
2719.229,1.545824e-05,0.0,nan,nan,nan
2719.312,1.545487e-05,0.0,nan,nan,nan
2719.396,1.545669e-05,0.0,nan,nan,nan
2719.48,1.546042e-05,0.0,nan,nan,nan
2719.586,1.545953e-05,0.0,nan,nan,nan
2719.67,1.546267e-05,0.0,nan,nan,nan
2719.754,1.54623e-05,0.0,nan,nan,nan
2719.837,1.545903e-05,0.0,nan,nan,nan
2719.921,1.545876e-05,0.0,nan,nan,nan
2720.004,1.545864e-05,0.0,nan,nan,nan
2720.088,1.545889e-05,0.0,nan,nan,nan
2720.173,1.545803e-05,0.0,nan,nan,nan
2720.256,1.546138e-05,0.0,nan,nan,nan
2720.342,1.546103e-05,0.0,nan,nan,nan
2720.425,1.54578e-05,0.0,nan,nan,nan
2720.509,1.545921e-05,0.0,nan,nan,nan
2720.601,1.545253e-05,0.0,nan,nan,nan
2720.702,1.545384e-05,0.0,nan,nan,nan
2720.803,1.545291e-05,0.0,nan,nan,nan
2720.887,1.545627e-05,0.0,nan,nan,nan
2720.97,1.545714e-05,0.0,nan,nan,nan
2721.053,1.545453e-05,0.0,nan,nan,nan
2721.137,1.545635e-05,0.0,nan,nan,nan
2721.24,1.545726e-05,0.0,nan,nan,nan
2721.323,1.546019e-05,0.0,nan,nan,nan
2721.409,1.545966e-05,0.0,nan,nan,nan
2721.493,1.545697e-05,0.0,nan,nan,nan
2721.576,1.54593e-05,0.0,nan,nan,nan
2721.66,1.545769e-05,0.0,nan,nan,nan
2721.744,1.545988e-05,0.0,nan,nan,nan
2721.829,1.546158e-05,0.0,nan,nan,nan
2721.913,1.545614e-05,0.0,nan,nan,nan
2721.996,1.545527e-05,0.0,nan,nan,nan
2722.08,1.545802e-05,0.0,nan,nan,nan
2722.164,1.545899e-05,0.0,nan,nan,nan
2722.247,1.545659e-05,0.0,nan,nan,nan
2722.331,1.546023e-05,0.0,nan,nan,nan
2722.415,1.545653e-05,0.0,nan,nan,nan
2722.499,1.545984e-05,0.0,nan,nan,nan
2722.584,1.546073e-05,0.0,nan,nan,nan
2722.668,1.54566e-05,0.0,nan,nan,nan
2722.779,1.545889e-05,0.0,nan,nan,nan
2722.863,1.545859e-05,0.0,nan,nan,nan
2722.947,1.545626e-05,0.0,nan,nan,nan
2723.043,1.545616e-05,0.0,nan,nan,nan
2723.126,1.545436e-05,0.0,nan,nan,nan
2723.21,1.545433e-05,0.0,nan,nan,nan
2723.293,1.545535e-05,0.0,nan,nan,nan
2723.377,1.545897e-05,0.0,nan,nan,nan
2723.478,1.545701e-05,0.0,nan,nan,nan
2723.562,1.545569e-05,0.0,nan,nan,nan
2723.645,1.545687e-05,0.0,nan,nan,nan
2723.729,1.54564e-05,0.0,nan,nan,nan
2723.812,1.545658e-05,0.0,nan,nan,nan
2723.899,1.545503e-05,0.0,nan,nan,nan
2723.983,1.545849e-05,0.0,nan,nan,nan
2724.07,1.545765e-05,0.0,nan,nan,nan
2724.154,1.545725e-05,0.0,nan,nan,nan
2724.238,1.54565e-05,0.0,nan,nan,nan
2724.321,1.545566e-05,0.0,nan,nan,nan
2724.405,1.545424e-05,0.0,nan,nan,nan
2724.489,1.545468e-05,0.0,nan,nan,nan
2724.572,1.545452e-05,0.0,nan,nan,nan
2724.656,1.545669e-05,0.0,nan,nan,nan
2724.74,1.545162e-05,0.0,nan,nan,nan
2724.859,1.545857e-05,0.0,nan,nan,nan
2724.943,1.545723e-05,0.0,nan,nan,nan
2725.027,1.545579e-05,0.0,nan,nan,nan
2725.111,1.546283e-05,0.0,nan,nan,nan
2725.194,1.545391e-05,0.0,nan,nan,nan
2725.302,1.54583e-05,0.0,nan,nan,nan
2725.386,1.545574e-05,0.0,nan,nan,nan
2725.469,1.545604e-05,0.0,nan,nan,nan
2725.553,1.545311e-05,0.0,nan,nan,nan
2725.637,1.545611e-05,0.0,nan,nan,nan
2725.721,1.545611e-05,0.0,nan,nan,nan
2725.804,1.545507e-05,0.0,nan,nan,nan
2725.888,1.545468e-05,0.0,nan,nan,nan
2725.972,1.545587e-05,0.0,nan,nan,nan
2726.056,1.545544e-05,0.0,nan,nan,nan
2726.14,1.545369e-05,0.0,nan,nan,nan
2726.224,1.545543e-05,0.0,nan,nan,nan
2726.328,1.545759e-05,0.0,nan,nan,nan
2726.411,1.54547e-05,0.0,nan,nan,nan
2726.503,1.54577e-05,0.0,nan,nan,nan
2726.587,1.545625e-05,0.0,nan,nan,nan
2726.67,1.545567e-05,0.0,nan,nan,nan
2726.756,1.545664e-05,0.0,nan,nan,nan
2726.84,1.545321e-05,0.0,nan,nan,nan
2726.938,1.545459e-05,0.0,nan,nan,nan
2727.022,1.545834e-05,0.0,nan,nan,nan
2727.106,1.545851e-05,0.0,nan,nan,nan
2727.189,1.545786e-05,0.0,nan,nan,nan
2727.273,1.545662e-05,0.0,nan,nan,nan
2727.357,1.545257e-05,0.0,nan,nan,nan
2727.441,1.545441e-05,0.0,nan,nan,nan
2727.531,1.545072e-05,0.0,nan,nan,nan
2727.614,1.545949e-05,0.0,nan,nan,nan
2727.698,1.545476e-05,0.0,nan,nan,nan
2727.782,1.54571e-05,0.0,nan,nan,nan
2727.865,1.545192e-05,0.0,nan,nan,nan
2727.952,1.545295e-05,0.0,nan,nan,nan
2728.035,1.545834e-05,0.0,nan,nan,nan
2728.119,1.545652e-05,0.0,nan,nan,nan
2728.203,1.54565e-05,0.0,nan,nan,nan
2728.286,1.545448e-05,0.0,nan,nan,nan
2728.369,1.545383e-05,0.0,nan,nan,nan
2728.453,1.54557e-05,0.0,nan,nan,nan
2728.55,1.545554e-05,0.0,nan,nan,nan
2728.634,1.545826e-05,0.0,nan,nan,nan
2728.717,1.545685e-05,0.0,nan,nan,nan
2728.801,1.545663e-05,0.0,nan,nan,nan
2728.885,1.545828e-05,0.0,nan,nan,nan
2728.985,1.545125e-05,0.0,nan,nan,nan
2729.068,1.545632e-05,0.0,nan,nan,nan
2729.153,1.545703e-05,0.0,nan,nan,nan
2729.237,1.545234e-05,0.0,nan,nan,nan
2729.32,1.545437e-05,0.0,nan,nan,nan
2729.404,1.54568e-05,0.0,nan,nan,nan
2729.488,1.545464e-05,0.0,nan,nan,nan
2729.583,1.545635e-05,0.0,nan,nan,nan
2729.667,1.545563e-05,0.0,nan,nan,nan
2729.752,1.54542e-05,0.0,nan,nan,nan
2729.836,1.545392e-05,0.0,nan,nan,nan
2729.922,1.545727e-05,0.0,nan,nan,nan
2730.006,1.545556e-05,0.0,nan,nan,nan
2730.09,1.545449e-05,0.0,nan,nan,nan
2730.202,1.545401e-05,0.0,nan,nan,nan
2730.286,1.545511e-05,0.0,nan,nan,nan
2730.389,1.54566e-05,0.0,nan,nan,nan
2730.473,1.545611e-05,0.0,nan,nan,nan
2730.557,1.545777e-05,0.0,nan,nan,nan
2730.641,1.54546e-05,0.0,nan,nan,nan
2730.724,1.545046e-05,0.0,nan,nan,nan
2730.818,1.545474e-05,0.0,nan,nan,nan
2730.902,1.545409e-05,0.0,nan,nan,nan
2730.985,1.545247e-05,0.0,nan,nan,nan
2731.07,1.545385e-05,0.0,nan,nan,nan
2731.154,1.545443e-05,0.0,nan,nan,nan
2731.238,1.545521e-05,0.0,nan,nan,nan
2731.321,1.545656e-05,0.0,nan,nan,nan
2731.41,1.546075e-05,0.0,nan,nan,nan
2731.494,1.545418e-05,0.0,nan,nan,nan
2731.577,1.545453e-05,0.0,nan,nan,nan
2731.661,1.545438e-05,0.0,nan,nan,nan
2731.745,1.545534e-05,0.0,nan,nan,nan
2731.828,1.545577e-05,0.0,nan,nan,nan
2731.912,1.545482e-05,0.0,nan,nan,nan
2732.01,1.545175e-05,0.0,nan,nan,nan
2732.093,1.54472e-05,0.0,nan,nan,nan
2732.177,1.545051e-05,0.0,nan,nan,nan
2732.261,1.544927e-05,0.0,nan,nan,nan
2732.344,1.545443e-05,0.0,nan,nan,nan
2732.428,1.545365e-05,0.0,nan,nan,nan
2732.512,1.545869e-05,0.0,nan,nan,nan
2732.596,1.544976e-05,0.0,nan,nan,nan
2732.679,1.545105e-05,0.0,nan,nan,nan
2732.763,1.545281e-05,0.0,nan,nan,nan
2732.848,1.54569e-05,0.0,nan,nan,nan
2732.932,1.545332e-05,0.0,nan,nan,nan
2733.032,1.545371e-05,0.0,nan,nan,nan
2733.134,1.545292e-05,0.0,nan,nan,nan
2733.234,1.545051e-05,0.0,nan,nan,nan
2733.318,1.545483e-05,0.0,nan,nan,nan
2733.401,1.545728e-05,0.0,nan,nan,nan
2733.485,1.545746e-05,0.0,nan,nan,nan
2733.57,1.545665e-05,0.0,nan,nan,nan
2733.672,1.545757e-05,0.0,nan,nan,nan
2733.755,1.545586e-05,0.0,nan,nan,nan
2733.855,1.545426e-05,0.0,nan,nan,nan
2733.939,1.545542e-05,0.0,nan,nan,nan
2734.044,1.545487e-05,0.0,nan,nan,nan
2734.128,1.545854e-05,0.0,nan,nan,nan
2734.217,1.545643e-05,0.0,nan,nan,nan
2734.3,1.545536e-05,0.0,nan,nan,nan
2734.384,1.545621e-05,0.0,nan,nan,nan
2734.468,1.545652e-05,0.0,nan,nan,nan
2734.552,1.545883e-05,0.0,nan,nan,nan
2734.636,1.545407e-05,0.0,nan,nan,nan
2734.72,1.545522e-05,0.0,nan,nan,nan
2734.803,1.545591e-05,0.0,nan,nan,nan
2734.887,1.545283e-05,0.0,nan,nan,nan
2734.971,1.545776e-05,0.0,nan,nan,nan
2735.064,1.545646e-05,0.0,nan,nan,nan
2735.147,1.545657e-05,0.0,nan,nan,nan
2735.231,1.545589e-05,0.0,nan,nan,nan
2735.315,1.545633e-05,0.0,nan,nan,nan
2735.398,1.545732e-05,0.0,nan,nan,nan
2735.482,1.545619e-05,0.0,nan,nan,nan
2735.566,1.545761e-05,0.0,nan,nan,nan
2735.65,1.545577e-05,0.0,nan,nan,nan
2735.733,1.545862e-05,0.0,nan,nan,nan
2735.82,1.545992e-05,0.0,nan,nan,nan
2735.903,1.545758e-05,0.0,nan,nan,nan
2735.987,1.545873e-05,0.0,nan,nan,nan
2736.071,1.545907e-05,0.0,nan,nan,nan
2736.155,1.545779e-05,0.0,nan,nan,nan
2736.238,1.545867e-05,0.0,nan,nan,nan
2736.322,1.545555e-05,0.0,nan,nan,nan
2736.406,1.545841e-05,0.0,nan,nan,nan
2736.489,1.545859e-05,0.0,nan,nan,nan
2736.573,1.546385e-05,0.0,nan,nan,nan
2736.657,1.545965e-05,0.0,nan,nan,nan
2736.741,1.545523e-05,0.0,nan,nan,nan
2736.825,1.545563e-05,0.0,nan,nan,nan
2736.91,1.545561e-05,0.0,nan,nan,nan
2736.993,1.54554e-05,0.0,nan,nan,nan
2737.094,1.545385e-05,0.0,nan,nan,nan
2737.178,1.545409e-05,0.0,nan,nan,nan
2737.268,1.545666e-05,0.0,nan,nan,nan
2737.352,1.545293e-05,0.0,nan,nan,nan
2737.436,1.545513e-05,0.0,nan,nan,nan
2737.522,1.545411e-05,0.0,nan,nan,nan
2737.606,1.545563e-05,0.0,nan,nan,nan
2737.69,1.545304e-05,0.0,nan,nan,nan
2737.774,1.545236e-05,0.0,nan,nan,nan
2737.858,1.545253e-05,0.0,nan,nan,nan
2737.942,1.545643e-05,0.0,nan,nan,nan
2738.025,1.545481e-05,0.0,nan,nan,nan
2738.109,1.5454e-05,0.0,nan,nan,nan
2738.193,1.545838e-05,0.0,nan,nan,nan
2738.278,1.545872e-05,0.0,nan,nan,nan
2738.361,1.546204e-05,0.0,nan,nan,nan
2738.445,1.545496e-05,0.0,nan,nan,nan
2738.529,1.545969e-05,0.0,nan,nan,nan
2738.612,1.54563e-05,0.0,nan,nan,nan
2738.695,1.546269e-05,0.0,nan,nan,nan
2738.779,1.545654e-05,0.0,nan,nan,nan
2738.865,1.545603e-05,0.0,nan,nan,nan
2738.949,1.545816e-05,0.0,nan,nan,nan
2739.032,1.545438e-05,0.0,nan,nan,nan
2739.135,1.545248e-05,0.0,nan,nan,nan
2739.219,1.545293e-05,0.0,nan,nan,nan
2739.351,1.54563e-05,0.0,nan,nan,nan
2739.438,1.54533e-05,0.0,nan,nan,nan
2739.523,1.545568e-05,0.0,nan,nan,nan
2739.606,1.545447e-05,0.0,nan,nan,nan
2739.69,1.545755e-05,0.0,nan,nan,nan
2739.774,1.545432e-05,0.0,nan,nan,nan
2739.858,1.545573e-05,0.0,nan,nan,nan
2739.944,1.54581e-05,0.0,nan,nan,nan
2740.027,1.545593e-05,0.0,nan,nan,nan
2740.111,1.545366e-05,0.0,nan,nan,nan
2740.195,1.545796e-05,0.0,nan,nan,nan
2740.278,1.54573e-05,0.0,nan,nan,nan
2740.364,1.545955e-05,0.0,nan,nan,nan
2740.448,1.546287e-05,0.0,nan,nan,nan
2740.531,1.545777e-05,0.0,nan,nan,nan
2740.615,1.545768e-05,0.0,nan,nan,nan
2740.698,1.545754e-05,0.0,nan,nan,nan
2740.798,1.545678e-05,0.0,nan,nan,nan
2740.881,1.546018e-05,0.0,nan,nan,nan
2740.977,1.545768e-05,0.0,nan,nan,nan
2741.061,1.545588e-05,0.0,nan,nan,nan
2741.144,1.545622e-05,0.0,nan,nan,nan
2741.228,1.545724e-05,0.0,nan,nan,nan
2741.312,1.545499e-05,0.0,nan,nan,nan
2741.435,1.545652e-05,0.0,nan,nan,nan
2741.519,1.545601e-05,0.0,nan,nan,nan
2741.603,1.545591e-05,0.0,nan,nan,nan
2741.686,1.545713e-05,0.0,nan,nan,nan
2741.786,1.545781e-05,0.0,nan,nan,nan
2741.87,1.545432e-05,0.0,nan,nan,nan
2741.954,1.545898e-05,0.0,nan,nan,nan
2742.037,1.545547e-05,0.0,nan,nan,nan
2742.121,1.545449e-05,0.0,nan,nan,nan
2742.221,1.545468e-05,0.0,nan,nan,nan
2742.305,1.545268e-05,0.0,nan,nan,nan
2742.388,1.545394e-05,0.0,nan,nan,nan
2742.472,1.545185e-05,0.0,nan,nan,nan
2742.557,1.545238e-05,0.0,nan,nan,nan
2742.641,1.544996e-05,0.0,nan,nan,nan
2742.725,1.544872e-05,0.0,nan,nan,nan
2742.809,1.545121e-05,0.0,nan,nan,nan
2742.893,1.545488e-05,0.0,nan,nan,nan
2742.976,1.545432e-05,0.0,nan,nan,nan
2743.06,1.545585e-05,0.0,nan,nan,nan
2743.143,1.545272e-05,0.0,nan,nan,nan
2743.227,1.545551e-05,0.0,nan,nan,nan
2743.311,1.545441e-05,0.0,nan,nan,nan
2743.395,1.545368e-05,0.0,nan,nan,nan
2743.514,1.54564e-05,0.0,nan,nan,nan
2743.598,1.545565e-05,0.0,nan,nan,nan
2743.682,1.545422e-05,0.0,nan,nan,nan
2743.765,1.545245e-05,0.0,nan,nan,nan
2743.849,1.545693e-05,0.0,nan,nan,nan
2743.933,1.545508e-05,0.0,nan,nan,nan
2744.026,1.545452e-05,0.0,nan,nan,nan
2744.11,1.545399e-05,0.0,nan,nan,nan
2744.193,1.545527e-05,0.0,nan,nan,nan
2744.277,1.545587e-05,0.0,nan,nan,nan
2744.361,1.545772e-05,0.0,nan,nan,nan
2744.445,1.54558e-05,0.0,nan,nan,nan
2744.529,1.545167e-05,0.0,nan,nan,nan
2744.612,1.545723e-05,0.0,nan,nan,nan
2744.696,1.545534e-05,0.0,nan,nan,nan
2744.779,1.5454e-05,0.0,nan,nan,nan
2744.863,1.545654e-05,0.0,nan,nan,nan
2744.947,1.545715e-05,0.0,nan,nan,nan
2745.047,1.545614e-05,0.0,nan,nan,nan
2745.13,1.545359e-05,0.0,nan,nan,nan
2745.214,1.545497e-05,0.0,nan,nan,nan
2745.298,1.545726e-05,0.0,nan,nan,nan
2745.381,1.545568e-05,0.0,nan,nan,nan
2745.482,1.545671e-05,0.0,nan,nan,nan
2745.566,1.546143e-05,0.0,nan,nan,nan
2745.669,1.545711e-05,0.0,nan,nan,nan
2745.752,1.545841e-05,0.0,nan,nan,nan
2745.836,1.545819e-05,0.0,nan,nan,nan
2745.92,1.545801e-05,0.0,nan,nan,nan
2746.006,1.54592e-05,0.0,nan,nan,nan
2746.09,1.545996e-05,0.0,nan,nan,nan
2746.173,1.545839e-05,0.0,nan,nan,nan
2746.257,1.545761e-05,0.0,nan,nan,nan
2746.341,1.54595e-05,0.0,nan,nan,nan
2746.425,1.546088e-05,0.0,nan,nan,nan
2746.508,1.546414e-05,0.0,nan,nan,nan
2746.592,1.54556e-05,0.0,nan,nan,nan
2746.698,1.545692e-05,0.0,nan,nan,nan
2746.782,1.545671e-05,0.0,nan,nan,nan
2746.866,1.545532e-05,0.0,nan,nan,nan
2746.95,1.546047e-05,0.0,nan,nan,nan
2747.035,1.545851e-05,0.0,nan,nan,nan
2747.119,1.546223e-05,0.0,nan,nan,nan
2747.202,1.545636e-05,0.0,nan,nan,nan
2747.3,1.545906e-05,0.0,nan,nan,nan
2747.383,1.546071e-05,0.0,nan,nan,nan
2747.467,1.545808e-05,0.0,nan,nan,nan
2747.551,1.545866e-05,0.0,nan,nan,nan
2747.635,1.545755e-05,0.0,nan,nan,nan
2747.721,1.54577e-05,0.0,nan,nan,nan
2747.805,1.545784e-05,0.0,nan,nan,nan
2747.888,1.54609e-05,0.0,nan,nan,nan
2747.972,1.546089e-05,0.0,nan,nan,nan
2748.056,1.545911e-05,0.0,nan,nan,nan
2748.14,1.54625e-05,0.0,nan,nan,nan
2748.224,1.546117e-05,0.0,nan,nan,nan
2748.307,1.545809e-05,0.0,nan,nan,nan
2748.391,1.54595e-05,0.0,nan,nan,nan
2748.474,1.545715e-05,0.0,nan,nan,nan
2748.558,1.545697e-05,0.0,nan,nan,nan
2748.642,1.545562e-05,0.0,nan,nan,nan
2748.75,1.545899e-05,0.0,nan,nan,nan
2748.834,1.545808e-05,0.0,nan,nan,nan
2748.917,1.545866e-05,0.0,nan,nan,nan
2749.001,1.546265e-05,0.0,nan,nan,nan
2749.085,1.546248e-05,0.0,nan,nan,nan
2749.168,1.546066e-05,0.0,nan,nan,nan
2749.252,1.546151e-05,0.0,nan,nan,nan
2749.346,1.546009e-05,0.0,nan,nan,nan
2749.43,1.545775e-05,0.0,nan,nan,nan
2749.513,1.545457e-05,0.0,nan,nan,nan
2749.597,1.545772e-05,0.0,nan,nan,nan
2749.698,1.545718e-05,0.0,nan,nan,nan
2749.782,1.54558e-05,0.0,nan,nan,nan
2749.866,1.545165e-05,0.0,nan,nan,nan
2749.949,1.545991e-05,0.0,nan,nan,nan
2750.033,1.54529e-05,0.0,nan,nan,nan
2750.117,1.545712e-05,0.0,nan,nan,nan
2750.202,1.545985e-05,0.0,nan,nan,nan
2750.286,1.545947e-05,0.0,nan,nan,nan
2750.385,1.545948e-05,0.0,nan,nan,nan
2750.468,1.546222e-05,0.0,nan,nan,nan
2750.552,1.545659e-05,0.0,nan,nan,nan
2750.635,1.545621e-05,0.0,nan,nan,nan
2750.719,1.545877e-05,0.0,nan,nan,nan
2750.805,1.545529e-05,0.0,nan,nan,nan
2750.888,1.545629e-05,0.0,nan,nan,nan
2750.972,1.545395e-05,0.0,nan,nan,nan
2751.055,1.545498e-05,0.0,nan,nan,nan
2751.139,1.545881e-05,0.0,nan,nan,nan
2751.224,1.545839e-05,0.0,nan,nan,nan
2751.308,1.545389e-05,0.0,nan,nan,nan
2751.402,1.545373e-05,0.0,nan,nan,nan
2751.486,1.545789e-05,0.0,nan,nan,nan
2751.569,1.545517e-05,0.0,nan,nan,nan
2751.653,1.545761e-05,0.0,nan,nan,nan
2751.768,1.545576e-05,0.0,nan,nan,nan
2751.851,1.545845e-05,0.0,nan,nan,nan
2751.939,1.546015e-05,0.0,nan,nan,nan
2752.022,1.545948e-05,0.0,nan,nan,nan
2752.106,1.545703e-05,0.0,nan,nan,nan
2752.19,1.545629e-05,0.0,nan,nan,nan
2752.274,1.545391e-05,0.0,nan,nan,nan
2752.357,1.545844e-05,0.0,nan,nan,nan
2752.459,1.545531e-05,0.0,nan,nan,nan
2752.543,1.545812e-05,0.0,nan,nan,nan
2752.627,1.545926e-05,0.0,nan,nan,nan
2752.711,1.545975e-05,0.0,nan,nan,nan
2752.794,1.546221e-05,0.0,nan,nan,nan
2752.878,1.546252e-05,0.0,nan,nan,nan
2752.962,1.546059e-05,0.0,nan,nan,nan
2753.045,1.546285e-05,0.0,nan,nan,nan
2753.129,1.546164e-05,0.0,nan,nan,nan
2753.212,1.546263e-05,0.0,nan,nan,nan
2753.296,1.546394e-05,0.0,nan,nan,nan
2753.379,1.54613e-05,0.0,nan,nan,nan
2753.463,1.546155e-05,0.0,nan,nan,nan
2753.546,1.545874e-05,0.0,nan,nan,nan
2753.65,1.546497e-05,0.0,nan,nan,nan
2753.734,1.546371e-05,0.0,nan,nan,nan
2753.834,1.546303e-05,0.0,nan,nan,nan
2753.918,1.546449e-05,0.0,nan,nan,nan
2754.002,1.545759e-05,0.0,nan,nan,nan
2754.086,1.545952e-05,0.0,nan,nan,nan
2754.17,1.546209e-05,0.0,nan,nan,nan
2754.271,1.545999e-05,0.0,nan,nan,nan
2754.355,1.545866e-05,0.0,nan,nan,nan
2754.439,1.546104e-05,0.0,nan,nan,nan
2754.523,1.545753e-05,0.0,nan,nan,nan
2754.606,1.545942e-05,0.0,nan,nan,nan
2754.69,1.545678e-05,0.0,nan,nan,nan
2754.774,1.545875e-05,0.0,nan,nan,nan
2754.867,1.545934e-05,0.0,nan,nan,nan
2754.951,1.545958e-05,0.0,nan,nan,nan
2755.035,1.545961e-05,0.0,nan,nan,nan
2755.119,1.546265e-05,0.0,nan,nan,nan
2755.203,1.5466e-05,0.0,nan,nan,nan
2755.286,1.546116e-05,0.0,nan,nan,nan
2755.37,1.545703e-05,0.0,nan,nan,nan
2755.453,1.545774e-05,0.0,nan,nan,nan
2755.537,1.545806e-05,0.0,nan,nan,nan
2755.621,1.545818e-05,0.0,nan,nan,nan
2755.704,1.545677e-05,0.0,nan,nan,nan
2755.788,1.545756e-05,0.0,nan,nan,nan
2755.898,1.545871e-05,0.0,nan,nan,nan
2755.982,1.545797e-05,0.0,nan,nan,nan
2756.07,1.545556e-05,0.0,nan,nan,nan
2756.154,1.545767e-05,0.0,nan,nan,nan
2756.237,1.545969e-05,0.0,nan,nan,nan
2756.32,1.545826e-05,0.0,nan,nan,nan
2756.406,1.545712e-05,0.0,nan,nan,nan
2756.496,1.545784e-05,0.0,nan,nan,nan
2756.58,1.546067e-05,0.0,nan,nan,nan
2756.664,1.545766e-05,0.0,nan,nan,nan
2756.748,1.546014e-05,0.0,nan,nan,nan
2756.832,1.546094e-05,0.0,nan,nan,nan
2756.915,1.546117e-05,0.0,nan,nan,nan
2756.999,1.545589e-05,0.0,nan,nan,nan
2757.087,1.545479e-05,0.0,nan,nan,nan
2757.171,1.54562e-05,0.0,nan,nan,nan
2757.254,1.545327e-05,0.0,nan,nan,nan
2757.338,1.545842e-05,0.0,nan,nan,nan
2757.422,1.545942e-05,0.0,nan,nan,nan
2757.51,1.54592e-05,0.0,nan,nan,nan
2757.594,1.545917e-05,0.0,nan,nan,nan
2757.677,1.546102e-05,0.0,nan,nan,nan
2757.761,1.546347e-05,0.0,nan,nan,nan
2757.845,1.546162e-05,0.0,nan,nan,nan
2757.968,1.545967e-05,0.0,nan,nan,nan
2758.057,1.545786e-05,0.0,nan,nan,nan
2758.141,1.545539e-05,0.0,nan,nan,nan
2758.225,1.545762e-05,0.0,nan,nan,nan
2758.323,1.545589e-05,0.0,nan,nan,nan
2758.407,1.545732e-05,0.0,nan,nan,nan
2758.491,1.545566e-05,0.0,nan,nan,nan
2758.574,1.545593e-05,0.0,nan,nan,nan
2758.658,1.545829e-05,0.0,nan,nan,nan
2758.742,1.545898e-05,0.0,nan,nan,nan
2758.825,1.545816e-05,0.0,nan,nan,nan
2758.909,1.546247e-05,0.0,nan,nan,nan
2758.993,1.546197e-05,0.0,nan,nan,nan
2759.076,1.546171e-05,0.0,nan,nan,nan
2759.166,1.546452e-05,0.0,nan,nan,nan
2759.249,1.546098e-05,0.0,nan,nan,nan
2759.357,1.546296e-05,0.0,nan,nan,nan
2759.441,1.54604e-05,0.0,nan,nan,nan
2759.54,1.545963e-05,0.0,nan,nan,nan
2759.624,1.546476e-05,0.0,nan,nan,nan
2759.708,1.546062e-05,0.0,nan,nan,nan
2759.791,1.546356e-05,0.0,nan,nan,nan
2759.875,1.545713e-05,0.0,nan,nan,nan
2759.959,1.545869e-05,0.0,nan,nan,nan
2760.05,1.545798e-05,0.0,nan,nan,nan
2760.133,1.545834e-05,0.0,nan,nan,nan
2760.217,1.546026e-05,0.0,nan,nan,nan
2760.301,1.545868e-05,0.0,nan,nan,nan
2760.385,1.546035e-05,0.0,nan,nan,nan
2760.469,1.545929e-05,0.0,nan,nan,nan
2760.553,1.546179e-05,0.0,nan,nan,nan
2760.637,1.54591e-05,0.0,nan,nan,nan
2760.721,1.545997e-05,0.0,nan,nan,nan
2760.804,1.545314e-05,0.0,nan,nan,nan
2760.888,1.54608e-05,0.0,nan,nan,nan
2760.971,1.545594e-05,0.0,nan,nan,nan
2761.055,1.546118e-05,0.0,nan,nan,nan
2761.139,1.546169e-05,0.0,nan,nan,nan
2761.223,1.546006e-05,0.0,nan,nan,nan
2761.306,1.546178e-05,0.0,nan,nan,nan
2761.395,1.545622e-05,0.0,nan,nan,nan
2761.479,1.546139e-05,0.0,nan,nan,nan
2761.562,1.545651e-05,0.0,nan,nan,nan
2761.646,1.545776e-05,0.0,nan,nan,nan
2761.73,1.545724e-05,0.0,nan,nan,nan
2761.814,1.546093e-05,0.0,nan,nan,nan
2761.898,1.546097e-05,0.0,nan,nan,nan
2761.982,1.546309e-05,0.0,nan,nan,nan
2762.084,1.54595e-05,0.0,nan,nan,nan
2762.168,1.545973e-05,0.0,nan,nan,nan
2762.252,1.546162e-05,0.0,nan,nan,nan
2762.336,1.546085e-05,0.0,nan,nan,nan
2762.428,1.546464e-05,0.0,nan,nan,nan
2762.511,1.546636e-05,0.0,nan,nan,nan
2762.595,1.546546e-05,0.0,nan,nan,nan
2762.679,1.546463e-05,0.0,nan,nan,nan
2762.763,1.54626e-05,0.0,nan,nan,nan
2762.846,1.546375e-05,0.0,nan,nan,nan
2762.93,1.546157e-05,0.0,nan,nan,nan
2763.026,1.545955e-05,0.0,nan,nan,nan
2763.109,1.546082e-05,0.0,nan,nan,nan
2763.193,1.545703e-05,0.0,nan,nan,nan
2763.277,1.546153e-05,0.0,nan,nan,nan
2763.36,1.545627e-05,0.0,nan,nan,nan
2763.444,1.54579e-05,0.0,nan,nan,nan
2763.527,1.546181e-05,0.0,nan,nan,nan
2763.612,1.546366e-05,0.0,nan,nan,nan
2763.695,1.545927e-05,0.0,nan,nan,nan
2763.779,1.546029e-05,0.0,nan,nan,nan
2763.867,1.546059e-05,0.0,nan,nan,nan
2763.95,1.545744e-05,0.0,nan,nan,nan
2764.034,1.545999e-05,0.0,nan,nan,nan
2764.126,1.545928e-05,0.0,nan,nan,nan
2764.21,1.546007e-05,0.0,nan,nan,nan
2764.294,1.545638e-05,0.0,nan,nan,nan
2764.377,1.545871e-05,0.0,nan,nan,nan
2764.479,1.546488e-05,0.0,nan,nan,nan
2764.563,1.545947e-05,0.0,nan,nan,nan
2764.646,1.545291e-05,0.0,nan,nan,nan
2764.73,1.546052e-05,0.0,nan,nan,nan
2764.814,1.54603e-05,0.0,nan,nan,nan
2764.897,1.545897e-05,0.0,nan,nan,nan
2764.981,1.545665e-05,0.0,nan,nan,nan
2765.085,1.545706e-05,0.0,nan,nan,nan
2765.169,1.545751e-05,0.0,nan,nan,nan
2765.252,1.545992e-05,0.0,nan,nan,nan
2765.338,1.545716e-05,0.0,nan,nan,nan
2765.423,1.545728e-05,0.0,nan,nan,nan
2765.509,1.546073e-05,0.0,nan,nan,nan
2765.593,1.545946e-05,0.0,nan,nan,nan
2765.677,1.545443e-05,0.0,nan,nan,nan
2765.76,1.545646e-05,0.0,nan,nan,nan
2765.845,1.545919e-05,0.0,nan,nan,nan
2765.928,1.545847e-05,0.0,nan,nan,nan
2766.012,1.545668e-05,0.0,nan,nan,nan
2766.102,1.545513e-05,0.0,nan,nan,nan
2766.186,1.546031e-05,0.0,nan,nan,nan
2766.271,1.545812e-05,0.0,nan,nan,nan
2766.354,1.545894e-05,0.0,nan,nan,nan
2766.439,1.545403e-05,0.0,nan,nan,nan
2766.522,1.545456e-05,0.0,nan,nan,nan
2766.606,1.545808e-05,0.0,nan,nan,nan
2766.691,1.545828e-05,0.0,nan,nan,nan
2766.775,1.545934e-05,0.0,nan,nan,nan
2766.859,1.545676e-05,0.0,nan,nan,nan
2766.943,1.545892e-05,0.0,nan,nan,nan
2767.026,1.545796e-05,0.0,nan,nan,nan
2767.11,1.545682e-05,0.0,nan,nan,nan
2767.194,1.545842e-05,0.0,nan,nan,nan
2767.278,1.54585e-05,0.0,nan,nan,nan
2767.361,1.545733e-05,0.0,nan,nan,nan
2767.445,1.545773e-05,0.0,nan,nan,nan
2767.528,1.546e-05,0.0,nan,nan,nan
2767.612,1.545858e-05,0.0,nan,nan,nan
2767.696,1.545854e-05,0.0,nan,nan,nan
2767.78,1.545964e-05,0.0,nan,nan,nan
2767.864,1.546177e-05,0.0,nan,nan,nan
2767.952,1.546413e-05,0.0,nan,nan,nan
2768.036,1.546056e-05,0.0,nan,nan,nan
2768.119,1.546272e-05,0.0,nan,nan,nan
2768.203,1.54588e-05,0.0,nan,nan,nan
2768.301,1.54617e-05,0.0,nan,nan,nan
2768.387,1.54607e-05,0.0,nan,nan,nan
2768.471,1.545929e-05,0.0,nan,nan,nan
2768.557,1.545971e-05,0.0,nan,nan,nan
2768.641,1.546158e-05,0.0,nan,nan,nan
2768.724,1.545785e-05,0.0,nan,nan,nan
2768.808,1.546076e-05,0.0,nan,nan,nan
2768.892,1.546449e-05,0.0,nan,nan,nan
2768.979,1.54606e-05,0.0,nan,nan,nan
2769.063,1.546261e-05,0.0,nan,nan,nan
2769.17,1.54585e-05,0.0,nan,nan,nan
2769.253,1.546184e-05,0.0,nan,nan,nan
2769.36,1.545798e-05,0.0,nan,nan,nan
2769.444,1.546191e-05,0.0,nan,nan,nan
2769.527,1.546238e-05,0.0,nan,nan,nan
2769.611,1.546562e-05,0.0,nan,nan,nan
2769.695,1.545889e-05,0.0,nan,nan,nan
2769.784,1.546267e-05,0.0,nan,nan,nan
2769.867,1.54606e-05,0.0,nan,nan,nan
2769.951,1.546095e-05,0.0,nan,nan,nan
2770.035,1.545716e-05,0.0,nan,nan,nan
2770.118,1.545807e-05,0.0,nan,nan,nan
2770.21,1.545465e-05,0.0,nan,nan,nan
2770.293,1.545918e-05,0.0,nan,nan,nan
2770.419,1.546007e-05,0.0,nan,nan,nan
2770.504,1.545859e-05,0.0,nan,nan,nan
2770.588,1.545669e-05,0.0,nan,nan,nan
2770.672,1.545946e-05,0.0,nan,nan,nan
2770.755,1.545869e-05,0.0,nan,nan,nan
2770.839,1.545964e-05,0.0,nan,nan,nan
2770.922,1.546098e-05,0.0,nan,nan,nan
2771.015,1.546172e-05,0.0,nan,nan,nan
2771.099,1.54638e-05,0.0,nan,nan,nan
2771.204,1.546114e-05,0.0,nan,nan,nan
2771.288,1.545958e-05,0.0,nan,nan,nan
2771.371,1.546377e-05,0.0,nan,nan,nan
2771.455,1.546424e-05,0.0,nan,nan,nan
2771.538,1.546161e-05,0.0,nan,nan,nan
2771.623,1.546176e-05,0.0,nan,nan,nan
2771.707,1.546325e-05,0.0,nan,nan,nan
2771.803,1.545804e-05,0.0,nan,nan,nan
2771.887,1.546194e-05,0.0,nan,nan,nan
2771.97,1.546015e-05,0.0,nan,nan,nan
2772.054,1.546216e-05,0.0,nan,nan,nan
2772.138,1.54651e-05,0.0,nan,nan,nan
2772.233,1.546026e-05,0.0,nan,nan,nan
2772.316,1.545912e-05,0.0,nan,nan,nan
2772.399,1.545851e-05,0.0,nan,nan,nan
2772.514,1.546212e-05,0.0,nan,nan,nan
2772.597,1.546341e-05,0.0,nan,nan,nan
2772.681,1.546167e-05,0.0,nan,nan,nan
2772.765,1.545998e-05,0.0,nan,nan,nan
2772.848,1.546385e-05,0.0,nan,nan,nan
2772.932,1.546349e-05,0.0,nan,nan,nan
2773.024,1.546299e-05,0.0,nan,nan,nan
2773.108,1.546845e-05,0.0,nan,nan,nan
2773.191,1.546177e-05,0.0,nan,nan,nan
2773.275,1.546307e-05,0.0,nan,nan,nan
2773.358,1.546148e-05,0.0,nan,nan,nan
2773.467,1.54625e-05,0.0,nan,nan,nan
2773.551,1.546098e-05,0.0,nan,nan,nan
2773.635,1.545884e-05,0.0,nan,nan,nan
2773.718,1.546527e-05,0.0,nan,nan,nan
2773.802,1.546444e-05,0.0,nan,nan,nan
2773.886,1.546312e-05,0.0,nan,nan,nan
2773.969,1.546467e-05,0.0,nan,nan,nan
2774.053,1.546139e-05,0.0,nan,nan,nan
2774.137,1.54606e-05,0.0,nan,nan,nan
2774.222,1.546308e-05,0.0,nan,nan,nan
2774.306,1.546347e-05,0.0,nan,nan,nan
2774.39,1.546583e-05,0.0,nan,nan,nan
2774.478,1.546222e-05,0.0,nan,nan,nan
2774.571,1.546354e-05,0.0,nan,nan,nan
2774.66,1.546006e-05,0.0,nan,nan,nan
2774.744,1.546512e-05,0.0,nan,nan,nan
2774.827,1.546372e-05,0.0,nan,nan,nan
2774.911,1.546439e-05,0.0,nan,nan,nan
2774.994,1.545787e-05,0.0,nan,nan,nan
2775.095,1.546307e-05,0.0,nan,nan,nan
2775.178,1.546063e-05,0.0,nan,nan,nan
2775.263,1.545914e-05,0.0,nan,nan,nan
2775.347,1.546093e-05,0.0,nan,nan,nan
2775.433,1.546226e-05,0.0,nan,nan,nan
2775.516,1.545551e-05,0.0,nan,nan,nan
2775.6,1.545904e-05,0.0,nan,nan,nan
2775.684,1.546196e-05,0.0,nan,nan,nan
2775.767,1.546017e-05,0.0,nan,nan,nan
2775.852,1.545689e-05,0.0,nan,nan,nan
2775.935,1.545579e-05,0.0,nan,nan,nan
2776.019,1.545837e-05,0.0,nan,nan,nan
2776.102,1.546277e-05,0.0,nan,nan,nan
2776.186,1.545373e-05,0.0,nan,nan,nan
2776.286,1.545883e-05,0.0,nan,nan,nan
2776.369,1.545776e-05,0.0,nan,nan,nan
2776.453,1.545957e-05,0.0,nan,nan,nan
2776.536,1.545589e-05,0.0,nan,nan,nan
2776.662,1.545664e-05,0.0,nan,nan,nan
2776.745,1.545914e-05,0.0,nan,nan,nan
2776.829,1.545992e-05,0.0,nan,nan,nan
2776.913,1.545699e-05,0.0,nan,nan,nan
2776.997,1.546135e-05,0.0,nan,nan,nan
2777.1,1.546213e-05,0.0,nan,nan,nan
2777.184,1.545675e-05,0.0,nan,nan,nan
2777.267,1.545644e-05,0.0,nan,nan,nan
2777.351,1.545497e-05,0.0,nan,nan,nan
2777.435,1.545721e-05,0.0,nan,nan,nan
2777.529,1.545962e-05,0.0,nan,nan,nan
2777.612,1.546119e-05,0.0,nan,nan,nan
2777.73,1.545382e-05,0.0,nan,nan,nan
2777.814,1.545794e-05,0.0,nan,nan,nan
2777.897,1.545885e-05,0.0,nan,nan,nan
2777.981,1.545683e-05,0.0,nan,nan,nan
2778.065,1.545968e-05,0.0,nan,nan,nan
2778.148,1.545979e-05,0.0,nan,nan,nan
2778.232,1.545784e-05,0.0,nan,nan,nan
2778.32,1.545775e-05,0.0,nan,nan,nan
2778.403,1.545808e-05,0.0,nan,nan,nan
2778.488,1.545706e-05,0.0,nan,nan,nan
2778.571,1.545565e-05,0.0,nan,nan,nan
2778.656,1.545612e-05,0.0,nan,nan,nan
2778.74,1.545681e-05,0.0,nan,nan,nan
2778.824,1.545531e-05,0.0,nan,nan,nan
2778.922,1.545691e-05,0.0,nan,nan,nan
2779.006,1.5456e-05,0.0,nan,nan,nan
2779.089,1.545505e-05,0.0,nan,nan,nan
2779.173,1.54579e-05,0.0,nan,nan,nan
2779.257,1.546019e-05,0.0,nan,nan,nan
2779.341,1.545543e-05,0.0,nan,nan,nan
2779.424,1.545517e-05,0.0,nan,nan,nan
2779.53,1.54533e-05,0.0,nan,nan,nan
2779.614,1.545906e-05,0.0,nan,nan,nan
2779.697,1.545478e-05,0.0,nan,nan,nan
2779.781,1.545597e-05,0.0,nan,nan,nan
2779.865,1.545361e-05,0.0,nan,nan,nan
2779.949,1.545788e-05,0.0,nan,nan,nan
2780.033,1.545734e-05,0.0,nan,nan,nan
2780.117,1.545429e-05,0.0,nan,nan,nan
2780.2,1.545574e-05,0.0,nan,nan,nan
2780.285,1.545648e-05,0.0,nan,nan,nan
2780.369,1.545561e-05,0.0,nan,nan,nan
2780.453,1.545531e-05,0.0,nan,nan,nan
2780.553,1.545501e-05,0.0,nan,nan,nan
2780.637,1.545561e-05,0.0,nan,nan,nan
2780.721,1.545857e-05,0.0,nan,nan,nan
2780.823,1.546059e-05,0.0,nan,nan,nan
2780.907,1.545877e-05,0.0,nan,nan,nan
2780.991,1.545653e-05,0.0,nan,nan,nan
2781.075,1.545859e-05,0.0,nan,nan,nan
2781.161,1.545963e-05,0.0,nan,nan,nan
2781.245,1.545894e-05,0.0,nan,nan,nan
2781.329,1.546104e-05,0.0,nan,nan,nan
2781.412,1.545585e-05,0.0,nan,nan,nan
2781.496,1.545701e-05,0.0,nan,nan,nan
2781.585,1.545882e-05,0.0,nan,nan,nan
2781.669,1.545959e-05,0.0,nan,nan,nan
2781.753,1.545714e-05,0.0,nan,nan,nan
2781.837,1.545879e-05,0.0,nan,nan,nan
2781.923,1.546246e-05,0.0,nan,nan,nan
2782.007,1.545904e-05,0.0,nan,nan,nan
2782.091,1.546147e-05,0.0,nan,nan,nan
2782.195,1.545977e-05,0.0,nan,nan,nan
2782.279,1.546038e-05,0.0,nan,nan,nan
2782.362,1.546017e-05,0.0,nan,nan,nan
2782.446,1.546086e-05,0.0,nan,nan,nan
2782.529,1.546049e-05,0.0,nan,nan,nan
2782.613,1.546047e-05,0.0,nan,nan,nan
2782.697,1.546079e-05,0.0,nan,nan,nan
2782.821,1.546185e-05,0.0,nan,nan,nan
2782.905,1.545839e-05,0.0,nan,nan,nan
2783.016,1.545547e-05,0.0,nan,nan,nan
2783.099,1.546304e-05,0.0,nan,nan,nan
2783.183,1.546319e-05,0.0,nan,nan,nan
2783.266,1.545952e-05,0.0,nan,nan,nan
2783.35,1.545799e-05,0.0,nan,nan,nan
2783.433,1.545758e-05,0.0,nan,nan,nan
2783.517,1.54573e-05,0.0,nan,nan,nan
2783.6,1.546213e-05,0.0,nan,nan,nan
2783.684,1.54621e-05,0.0,nan,nan,nan
2783.769,1.546186e-05,0.0,nan,nan,nan
2783.853,1.546085e-05,0.0,nan,nan,nan
2783.937,1.54589e-05,0.0,nan,nan,nan
2784.032,1.546126e-05,0.0,nan,nan,nan
2784.116,1.545773e-05,0.0,nan,nan,nan
2784.2,1.545903e-05,0.0,nan,nan,nan
2784.284,1.546015e-05,0.0,nan,nan,nan
2784.367,1.545936e-05,0.0,nan,nan,nan
2784.453,1.545933e-05,0.0,nan,nan,nan
2784.537,1.546292e-05,0.0,nan,nan,nan
2784.642,1.546053e-05,0.0,nan,nan,nan
2784.725,1.545753e-05,0.0,nan,nan,nan
2784.81,1.545704e-05,0.0,nan,nan,nan
2784.918,1.545666e-05,0.0,nan,nan,nan
2785.001,1.545819e-05,0.0,nan,nan,nan
2785.085,1.545861e-05,0.0,nan,nan,nan
2785.168,1.545749e-05,0.0,nan,nan,nan
2785.263,1.546086e-05,0.0,nan,nan,nan
2785.347,1.545846e-05,0.0,nan,nan,nan
2785.432,1.545671e-05,0.0,nan,nan,nan
2785.516,1.545281e-05,0.0,nan,nan,nan
2785.6,1.545867e-05,0.0,nan,nan,nan
2785.691,1.545843e-05,0.0,nan,nan,nan
2785.775,1.546071e-05,0.0,nan,nan,nan
2785.876,1.546216e-05,0.0,nan,nan,nan
2785.96,1.546124e-05,0.0,nan,nan,nan
2786.043,1.546023e-05,0.0,nan,nan,nan
2786.127,1.546182e-05,0.0,nan,nan,nan
2786.211,1.546094e-05,0.0,nan,nan,nan
2786.297,1.54568e-05,0.0,nan,nan,nan
2786.381,1.545711e-05,0.0,nan,nan,nan
2786.484,1.545978e-05,0.0,nan,nan,nan
2786.568,1.545776e-05,0.0,nan,nan,nan
2786.651,1.545786e-05,0.0,nan,nan,nan
2786.735,1.545465e-05,0.0,nan,nan,nan
2786.824,1.54587e-05,0.0,nan,nan,nan
2786.908,1.545788e-05,0.0,nan,nan,nan
2787.017,1.545991e-05,0.0,nan,nan,nan
2787.121,1.545668e-05,0.0,nan,nan,nan
2787.204,1.545795e-05,0.0,nan,nan,nan
2787.289,1.545752e-05,0.0,nan,nan,nan
2787.372,1.545803e-05,0.0,nan,nan,nan
2787.456,1.545561e-05,0.0,nan,nan,nan
2787.541,1.545865e-05,0.0,nan,nan,nan
2787.625,1.545802e-05,0.0,nan,nan,nan
2787.725,1.545572e-05,0.0,nan,nan,nan
2787.809,1.545561e-05,0.0,nan,nan,nan
2787.892,1.545931e-05,0.0,nan,nan,nan
2787.976,1.545724e-05,0.0,nan,nan,nan
2788.06,1.545669e-05,0.0,nan,nan,nan
2788.144,1.545958e-05,0.0,nan,nan,nan
2788.228,1.54585e-05,0.0,nan,nan,nan
2788.332,1.545788e-05,0.0,nan,nan,nan
2788.416,1.545814e-05,0.0,nan,nan,nan
2788.5,1.546146e-05,0.0,nan,nan,nan
2788.583,1.545841e-05,0.0,nan,nan,nan
2788.667,1.545314e-05,0.0,nan,nan,nan
2788.764,1.545621e-05,0.0,nan,nan,nan
2788.847,1.546173e-05,0.0,nan,nan,nan
2788.952,1.545622e-05,0.0,nan,nan,nan
2789.106,1.545998e-05,0.0,nan,nan,nan
2789.192,1.5457e-05,0.0,nan,nan,nan
2789.275,1.545658e-05,0.0,nan,nan,nan
2789.359,1.545579e-05,0.0,nan,nan,nan
2789.443,1.545527e-05,0.0,nan,nan,nan
2789.527,1.545615e-05,0.0,nan,nan,nan
2789.611,1.545742e-05,0.0,nan,nan,nan
2789.695,1.544966e-05,0.0,nan,nan,nan
2789.78,1.545672e-05,0.0,nan,nan,nan
2789.863,1.545411e-05,0.0,nan,nan,nan
2789.947,1.545477e-05,0.0,nan,nan,nan
2790.03,1.545553e-05,0.0,nan,nan,nan
2790.114,1.545463e-05,0.0,nan,nan,nan
2790.198,1.545848e-05,0.0,nan,nan,nan
2790.282,1.545603e-05,0.0,nan,nan,nan
2790.384,1.54497e-05,0.0,nan,nan,nan
2790.468,1.545432e-05,0.0,nan,nan,nan
2790.552,1.545742e-05,0.0,nan,nan,nan
2790.635,1.545472e-05,0.0,nan,nan,nan
2790.719,1.545689e-05,0.0,nan,nan,nan
2790.803,1.545209e-05,0.0,nan,nan,nan
2790.886,1.545606e-05,0.0,nan,nan,nan
2790.97,1.545469e-05,0.0,nan,nan,nan
2791.054,1.545313e-05,0.0,nan,nan,nan
2791.169,1.544841e-05,0.0,nan,nan,nan
2791.252,1.545362e-05,0.0,nan,nan,nan
2791.336,1.545365e-05,0.0,nan,nan,nan
2791.419,1.545382e-05,0.0,nan,nan,nan
2791.503,1.545429e-05,0.0,nan,nan,nan
2791.595,1.545323e-05,0.0,nan,nan,nan
2791.678,1.545714e-05,0.0,nan,nan,nan
2791.762,1.545612e-05,0.0,nan,nan,nan
2791.845,1.545637e-05,0.0,nan,nan,nan
2791.929,1.545861e-05,0.0,nan,nan,nan
2792.013,1.545915e-05,0.0,nan,nan,nan
2792.097,1.545896e-05,0.0,nan,nan,nan
2792.18,1.545619e-05,0.0,nan,nan,nan
2792.264,1.54531e-05,0.0,nan,nan,nan
2792.349,1.545795e-05,0.0,nan,nan,nan
2792.433,1.545601e-05,0.0,nan,nan,nan
2792.517,1.545838e-05,0.0,nan,nan,nan
2792.619,1.546077e-05,0.0,nan,nan,nan
2792.702,1.54584e-05,0.0,nan,nan,nan
2792.786,1.545543e-05,0.0,nan,nan,nan
2792.869,1.545631e-05,0.0,nan,nan,nan
2792.953,1.545403e-05,0.0,nan,nan,nan
2793.036,1.545296e-05,0.0,nan,nan,nan
2793.12,1.54537e-05,0.0,nan,nan,nan
2793.234,1.545558e-05,0.0,nan,nan,nan
2793.318,1.545416e-05,0.0,nan,nan,nan
2793.402,1.545664e-05,0.0,nan,nan,nan
2793.485,1.545472e-05,0.0,nan,nan,nan
2793.569,1.545859e-05,0.0,nan,nan,nan
2793.653,1.54556e-05,0.0,nan,nan,nan
2793.737,1.545221e-05,0.0,nan,nan,nan
2793.825,1.545222e-05,0.0,nan,nan,nan
2793.909,1.545032e-05,0.0,nan,nan,nan
2793.993,1.545156e-05,0.0,nan,nan,nan
2794.077,1.545345e-05,0.0,nan,nan,nan
2794.16,1.545599e-05,0.0,nan,nan,nan
2794.244,1.545514e-05,0.0,nan,nan,nan
2794.328,1.545356e-05,0.0,nan,nan,nan
2794.411,1.545333e-05,0.0,nan,nan,nan
2794.495,1.545603e-05,0.0,nan,nan,nan
2794.579,1.545678e-05,0.0,nan,nan,nan
2794.662,1.545677e-05,0.0,nan,nan,nan
2794.746,1.545873e-05,0.0,nan,nan,nan
2794.842,1.5463e-05,0.0,nan,nan,nan
2794.926,1.546046e-05,0.0,nan,nan,nan
2795.01,1.545745e-05,0.0,nan,nan,nan
2795.093,1.545771e-05,0.0,nan,nan,nan
2795.177,1.54571e-05,0.0,nan,nan,nan
2795.268,1.545438e-05,0.0,nan,nan,nan
2795.352,1.545483e-05,0.0,nan,nan,nan
2795.435,1.545846e-05,0.0,nan,nan,nan
2795.519,1.545689e-05,0.0,nan,nan,nan
2795.602,1.545471e-05,0.0,nan,nan,nan
2795.686,1.545619e-05,0.0,nan,nan,nan
2795.77,1.54565e-05,0.0,nan,nan,nan
2795.868,1.54577e-05,0.0,nan,nan,nan
2795.952,1.545826e-05,0.0,nan,nan,nan
2796.051,1.545615e-05,0.0,nan,nan,nan
2796.135,1.545249e-05,0.0,nan,nan,nan
2796.218,1.54585e-05,0.0,nan,nan,nan
2796.302,1.54582e-05,0.0,nan,nan,nan
2796.385,1.545959e-05,0.0,nan,nan,nan
2796.488,1.545858e-05,0.0,nan,nan,nan
2796.572,1.54587e-05,0.0,nan,nan,nan
2796.673,1.54591e-05,0.0,nan,nan,nan
2796.757,1.545973e-05,0.0,nan,nan,nan
2796.84,1.545726e-05,0.0,nan,nan,nan
2796.924,1.54599e-05,0.0,nan,nan,nan
2797.008,1.545526e-05,0.0,nan,nan,nan
2797.097,1.545463e-05,0.0,nan,nan,nan
2797.181,1.545937e-05,0.0,nan,nan,nan
2797.269,1.545543e-05,0.0,nan,nan,nan
2797.382,1.545811e-05,0.0,nan,nan,nan
2797.466,1.545825e-05,0.0,nan,nan,nan
2797.55,1.545803e-05,0.0,nan,nan,nan
2797.633,1.545531e-05,0.0,nan,nan,nan
2797.717,1.546055e-05,0.0,nan,nan,nan
2797.801,1.545691e-05,0.0,nan,nan,nan
2797.902,1.545645e-05,0.0,nan,nan,nan
2797.986,1.545616e-05,0.0,nan,nan,nan
2798.071,1.545588e-05,0.0,nan,nan,nan
2798.155,1.545654e-05,0.0,nan,nan,nan
2798.238,1.545916e-05,0.0,nan,nan,nan
2798.326,1.545749e-05,0.0,nan,nan,nan
2798.41,1.545835e-05,0.0,nan,nan,nan
2798.515,1.545727e-05,0.0,nan,nan,nan
2798.599,1.545819e-05,0.0,nan,nan,nan
2798.685,1.54581e-05,0.0,nan,nan,nan
2798.768,1.545399e-05,0.0,nan,nan,nan
2798.854,1.545581e-05,0.0,nan,nan,nan
2798.937,1.545504e-05,0.0,nan,nan,nan
2799.021,1.545895e-05,0.0,nan,nan,nan
2799.137,1.545667e-05,0.0,nan,nan,nan
2799.221,1.545932e-05,0.0,nan,nan,nan
2799.305,1.545521e-05,0.0,nan,nan,nan
2799.434,1.545828e-05,0.0,nan,nan,nan
2799.532,1.545438e-05,0.0,nan,nan,nan
2799.616,1.545641e-05,0.0,nan,nan,nan
2799.699,1.545464e-05,0.0,nan,nan,nan
2799.783,1.545606e-05,0.0,nan,nan,nan
2799.867,1.545681e-05,0.0,nan,nan,nan
2799.953,1.545498e-05,0.0,nan,nan,nan
2800.037,1.545577e-05,0.0,nan,nan,nan
2800.135,1.545163e-05,0.0,nan,nan,nan
2800.219,1.545759e-05,0.0,nan,nan,nan
2800.305,1.545774e-05,0.0,nan,nan,nan
2800.389,1.545708e-05,0.0,nan,nan,nan
2800.472,1.545701e-05,0.0,nan,nan,nan
2800.575,1.545535e-05,0.0,nan,nan,nan
2800.659,1.545534e-05,0.0,nan,nan,nan
2800.756,1.545816e-05,0.0,nan,nan,nan
2800.84,1.545656e-05,0.0,nan,nan,nan
2800.923,1.5458e-05,0.0,nan,nan,nan
2801.007,1.545596e-05,0.0,nan,nan,nan
2801.091,1.546004e-05,0.0,nan,nan,nan
2801.183,1.545834e-05,0.0,nan,nan,nan
2801.267,1.545947e-05,0.0,nan,nan,nan
2801.367,1.545822e-05,0.0,nan,nan,nan
2801.45,1.545752e-05,0.0,nan,nan,nan
2801.534,1.545654e-05,0.0,nan,nan,nan
2801.618,1.54557e-05,0.0,nan,nan,nan
2801.701,1.545532e-05,0.0,nan,nan,nan
2801.785,1.54584e-05,0.0,nan,nan,nan
2801.869,1.545762e-05,0.0,nan,nan,nan
2801.963,1.545619e-05,0.0,nan,nan,nan
2802.046,1.546111e-05,0.0,nan,nan,nan
2802.131,1.545742e-05,0.0,nan,nan,nan
2802.214,1.54614e-05,0.0,nan,nan,nan
2802.298,1.545759e-05,0.0,nan,nan,nan
2802.382,1.545965e-05,0.0,nan,nan,nan
2802.466,1.54582e-05,0.0,nan,nan,nan
2802.552,1.545546e-05,0.0,nan,nan,nan
2802.635,1.546007e-05,0.0,nan,nan,nan
2802.719,1.546124e-05,0.0,nan,nan,nan
2802.802,1.54595e-05,0.0,nan,nan,nan
2802.886,1.5456e-05,0.0,nan,nan,nan
2802.97,1.545668e-05,0.0,nan,nan,nan
2803.053,1.545566e-05,0.0,nan,nan,nan
2803.137,1.545188e-05,0.0,nan,nan,nan
2803.221,1.545623e-05,0.0,nan,nan,nan
2803.305,1.545452e-05,0.0,nan,nan,nan
2803.404,1.54528e-05,0.0,nan,nan,nan
2803.488,1.545477e-05,0.0,nan,nan,nan
2803.599,1.545323e-05,0.0,nan,nan,nan
2803.683,1.545684e-05,0.0,nan,nan,nan
2803.768,1.545425e-05,0.0,nan,nan,nan
2803.852,1.545489e-05,0.0,nan,nan,nan
2803.936,1.545506e-05,0.0,nan,nan,nan
2804.028,1.545507e-05,0.0,nan,nan,nan
2804.111,1.545624e-05,0.0,nan,nan,nan
2804.21,1.545676e-05,0.0,nan,nan,nan
2804.294,1.545866e-05,0.0,nan,nan,nan
2804.378,1.545464e-05,0.0,nan,nan,nan
2804.461,1.54583e-05,0.0,nan,nan,nan
2804.545,1.54581e-05,0.0,nan,nan,nan
2804.628,1.545392e-05,0.0,nan,nan,nan
2804.712,1.545603e-05,0.0,nan,nan,nan
2804.81,1.545428e-05,0.0,nan,nan,nan
2804.894,1.545737e-05,0.0,nan,nan,nan
2804.978,1.545695e-05,0.0,nan,nan,nan
2805.062,1.545984e-05,0.0,nan,nan,nan
2805.145,1.545597e-05,0.0,nan,nan,nan
2805.231,1.545562e-05,0.0,nan,nan,nan
2805.315,1.545742e-05,0.0,nan,nan,nan
2805.4,1.545155e-05,0.0,nan,nan,nan
2805.483,1.545904e-05,0.0,nan,nan,nan
2805.569,1.545369e-05,0.0,nan,nan,nan
2805.653,1.545766e-05,0.0,nan,nan,nan
2805.736,1.545588e-05,0.0,nan,nan,nan
2805.83,1.545035e-05,0.0,nan,nan,nan
2805.914,1.545615e-05,0.0,nan,nan,nan
2805.997,1.545059e-05,0.0,nan,nan,nan
2806.081,1.545361e-05,0.0,nan,nan,nan
2806.165,1.54543e-05,0.0,nan,nan,nan
2806.248,1.545401e-05,0.0,nan,nan,nan
2806.332,1.545077e-05,0.0,nan,nan,nan
2806.435,1.545339e-05,0.0,nan,nan,nan
2806.518,1.545816e-05,0.0,nan,nan,nan
2806.602,1.545661e-05,0.0,nan,nan,nan
2806.686,1.545774e-05,0.0,nan,nan,nan
2806.771,1.545565e-05,0.0,nan,nan,nan
2806.855,1.545352e-05,0.0,nan,nan,nan
2806.939,1.545577e-05,0.0,nan,nan,nan
2807.048,1.545633e-05,0.0,nan,nan,nan
2807.132,1.545153e-05,0.0,nan,nan,nan
2807.218,1.545644e-05,0.0,nan,nan,nan
2807.301,1.545363e-05,0.0,nan,nan,nan
2807.385,1.545732e-05,0.0,nan,nan,nan
2807.472,1.54532e-05,0.0,nan,nan,nan
2807.556,1.54506e-05,0.0,nan,nan,nan
2807.641,1.545708e-05,0.0,nan,nan,nan
2807.735,1.546083e-05,0.0,nan,nan,nan
2807.819,1.545463e-05,0.0,nan,nan,nan
2807.903,1.545709e-05,0.0,nan,nan,nan
2807.987,1.545794e-05,0.0,nan,nan,nan
2808.074,1.545578e-05,0.0,nan,nan,nan
2808.157,1.545934e-05,0.0,nan,nan,nan
2808.241,1.545815e-05,0.0,nan,nan,nan
2808.325,1.546283e-05,0.0,nan,nan,nan
2808.409,1.545749e-05,0.0,nan,nan,nan
2808.493,1.545735e-05,0.0,nan,nan,nan
2808.576,1.545915e-05,0.0,nan,nan,nan
2808.66,1.545561e-05,0.0,nan,nan,nan
2808.743,1.545985e-05,0.0,nan,nan,nan
2808.827,1.545787e-05,0.0,nan,nan,nan
2808.911,1.545555e-05,0.0,nan,nan,nan
2808.994,1.545422e-05,0.0,nan,nan,nan
2809.092,1.545737e-05,0.0,nan,nan,nan
2809.176,1.545776e-05,0.0,nan,nan,nan
2809.26,1.54562e-05,0.0,nan,nan,nan
2809.344,1.545633e-05,0.0,nan,nan,nan
2809.427,1.545858e-05,0.0,nan,nan,nan
2809.52,1.545702e-05,0.0,nan,nan,nan
2809.603,1.545732e-05,0.0,nan,nan,nan
2809.687,1.545361e-05,0.0,nan,nan,nan
2809.802,1.545679e-05,0.0,nan,nan,nan
2809.886,1.545711e-05,0.0,nan,nan,nan
2809.969,1.545811e-05,0.0,nan,nan,nan
2810.053,1.545632e-05,0.0,nan,nan,nan
2810.137,1.54596e-05,0.0,nan,nan,nan
2810.22,1.545723e-05,0.0,nan,nan,nan
2810.317,1.54533e-05,0.0,nan,nan,nan
2810.4,1.545972e-05,0.0,nan,nan,nan
2810.501,1.545799e-05,0.0,nan,nan,nan
2810.585,1.545859e-05,0.0,nan,nan,nan
2810.668,1.545601e-05,0.0,nan,nan,nan
2810.752,1.54563e-05,0.0,nan,nan,nan
2810.835,1.545621e-05,0.0,nan,nan,nan
2810.933,1.545378e-05,0.0,nan,nan,nan
2811.017,1.545539e-05,0.0,nan,nan,nan
2811.1,1.545581e-05,0.0,nan,nan,nan
2811.184,1.545852e-05,0.0,nan,nan,nan
2811.268,1.545319e-05,0.0,nan,nan,nan
2811.351,1.545292e-05,0.0,nan,nan,nan
2811.435,1.545116e-05,0.0,nan,nan,nan
2811.524,1.545525e-05,0.0,nan,nan,nan
2811.608,1.54541e-05,0.0,nan,nan,nan
2811.695,1.545727e-05,0.0,nan,nan,nan
2811.779,1.545873e-05,0.0,nan,nan,nan
2811.868,1.545516e-05,0.0,nan,nan,nan
2811.951,1.545607e-05,0.0,nan,nan,nan
2812.035,1.545557e-05,0.0,nan,nan,nan
2812.118,1.545556e-05,0.0,nan,nan,nan
2812.202,1.545536e-05,0.0,nan,nan,nan
2812.285,1.545513e-05,0.0,nan,nan,nan
2812.369,1.545607e-05,0.0,nan,nan,nan
2812.453,1.545365e-05,0.0,nan,nan,nan
2812.554,1.545387e-05,0.0,nan,nan,nan
2812.637,1.545519e-05,0.0,nan,nan,nan
2812.723,1.545755e-05,0.0,nan,nan,nan
2812.806,1.545479e-05,0.0,nan,nan,nan
2812.89,1.545296e-05,0.0,nan,nan,nan
2812.978,1.545611e-05,0.0,nan,nan,nan
2813.061,1.545659e-05,0.0,nan,nan,nan
2813.152,1.546223e-05,0.0,nan,nan,nan
2813.236,1.545733e-05,0.0,nan,nan,nan
2813.32,1.545714e-05,0.0,nan,nan,nan
2813.403,1.545452e-05,0.0,nan,nan,nan
2813.488,1.545397e-05,0.0,nan,nan,nan
2813.588,1.54588e-05,0.0,nan,nan,nan
2813.672,1.545906e-05,0.0,nan,nan,nan
2813.768,1.545006e-05,0.0,nan,nan,nan
2813.852,1.545786e-05,0.0,nan,nan,nan
2813.952,1.545663e-05,0.0,nan,nan,nan
2814.036,1.545969e-05,0.0,nan,nan,nan
2814.119,1.545372e-05,0.0,nan,nan,nan
2814.203,1.545642e-05,0.0,nan,nan,nan
2814.287,1.546005e-05,0.0,nan,nan,nan
2814.393,1.545828e-05,0.0,nan,nan,nan
2814.477,1.545772e-05,0.0,nan,nan,nan
2814.577,1.545886e-05,0.0,nan,nan,nan
2814.661,1.545296e-05,0.0,nan,nan,nan
2814.744,1.545783e-05,0.0,nan,nan,nan
2814.828,1.545776e-05,0.0,nan,nan,nan
2814.912,1.54546e-05,0.0,nan,nan,nan
2814.995,1.545583e-05,0.0,nan,nan,nan
2815.079,1.545464e-05,0.0,nan,nan,nan
2815.163,1.545943e-05,0.0,nan,nan,nan
2815.247,1.545648e-05,0.0,nan,nan,nan
2815.331,1.54543e-05,0.0,nan,nan,nan
2815.416,1.545354e-05,0.0,nan,nan,nan
2815.499,1.545846e-05,0.0,nan,nan,nan
2815.589,1.545542e-05,0.0,nan,nan,nan
2815.673,1.545557e-05,0.0,nan,nan,nan
2815.757,1.54523e-05,0.0,nan,nan,nan
2815.841,1.545035e-05,0.0,nan,nan,nan
2815.925,1.544965e-05,0.0,nan,nan,nan
2816.008,1.545315e-05,0.0,nan,nan,nan
2816.092,1.54542e-05,0.0,nan,nan,nan
2816.176,1.545679e-05,0.0,nan,nan,nan
2816.26,1.545302e-05,0.0,nan,nan,nan
2816.343,1.545203e-05,0.0,nan,nan,nan
2816.428,1.545396e-05,0.0,nan,nan,nan
2816.512,1.545556e-05,0.0,nan,nan,nan
2816.597,1.545171e-05,0.0,nan,nan,nan
2816.681,1.545428e-05,0.0,nan,nan,nan
2816.766,1.545441e-05,0.0,nan,nan,nan
2816.849,1.545394e-05,0.0,nan,nan,nan
2816.933,1.545646e-05,0.0,nan,nan,nan
2817.016,1.545302e-05,0.0,nan,nan,nan
2817.1,1.545583e-05,0.0,nan,nan,nan
2817.188,1.545383e-05,0.0,nan,nan,nan
2817.271,1.545182e-05,0.0,nan,nan,nan
2817.355,1.545123e-05,0.0,nan,nan,nan
2817.457,1.54526e-05,0.0,nan,nan,nan
2817.54,1.545433e-05,0.0,nan,nan,nan
2817.642,1.54547e-05,0.0,nan,nan,nan
2817.726,1.545916e-05,0.0,nan,nan,nan
2817.813,1.54578e-05,0.0,nan,nan,nan
2817.897,1.545266e-05,0.0,nan,nan,nan
2817.982,1.545238e-05,0.0,nan,nan,nan
2818.084,1.545378e-05,0.0,nan,nan,nan
2818.167,1.545445e-05,0.0,nan,nan,nan
2818.264,1.545092e-05,0.0,nan,nan,nan
2818.347,1.545306e-05,0.0,nan,nan,nan
2818.431,1.545758e-05,0.0,nan,nan,nan
2818.515,1.545577e-05,0.0,nan,nan,nan
2818.598,1.545468e-05,0.0,nan,nan,nan
2818.682,1.545588e-05,0.0,nan,nan,nan
2818.766,1.545612e-05,0.0,nan,nan,nan
2818.85,1.545554e-05,0.0,nan,nan,nan
2818.933,1.545631e-05,0.0,nan,nan,nan
2819.017,1.545764e-05,0.0,nan,nan,nan
2819.101,1.545098e-05,0.0,nan,nan,nan
2819.185,1.545616e-05,0.0,nan,nan,nan
2819.275,1.545327e-05,0.0,nan,nan,nan
2819.358,1.545825e-05,0.0,nan,nan,nan
2819.442,1.545679e-05,0.0,nan,nan,nan
2819.526,1.545801e-05,0.0,nan,nan,nan
2819.61,1.545567e-05,0.0,nan,nan,nan
2819.699,1.545934e-05,0.0,nan,nan,nan
2819.783,1.545776e-05,0.0,nan,nan,nan
2819.867,1.545641e-05,0.0,nan,nan,nan
2819.95,1.545429e-05,0.0,nan,nan,nan
2820.034,1.545424e-05,0.0,nan,nan,nan
2820.151,1.546105e-05,0.0,nan,nan,nan
2820.234,1.545655e-05,0.0,nan,nan,nan
2820.318,1.545818e-05,0.0,nan,nan,nan
2820.402,1.545472e-05,0.0,nan,nan,nan
2820.485,1.545676e-05,0.0,nan,nan,nan
2820.569,1.54524e-05,0.0,nan,nan,nan
2820.655,1.545558e-05,0.0,nan,nan,nan
2820.742,1.545445e-05,0.0,nan,nan,nan
2820.826,1.545309e-05,0.0,nan,nan,nan
2820.91,1.545155e-05,0.0,nan,nan,nan
2820.994,1.545942e-05,0.0,nan,nan,nan
2821.078,1.545421e-05,0.0,nan,nan,nan
2821.162,1.545555e-05,0.0,nan,nan,nan
2821.246,1.544933e-05,0.0,nan,nan,nan
2821.334,1.545224e-05,0.0,nan,nan,nan
2821.418,1.544988e-05,0.0,nan,nan,nan
2821.501,1.545139e-05,0.0,nan,nan,nan
2821.585,1.54495e-05,0.0,nan,nan,nan
2821.67,1.545493e-05,0.0,nan,nan,nan
2821.754,1.544903e-05,0.0,nan,nan,nan
2821.837,1.545175e-05,0.0,nan,nan,nan
2821.922,1.545052e-05,0.0,nan,nan,nan
2822.006,1.545418e-05,0.0,nan,nan,nan
2822.09,1.545197e-05,0.0,nan,nan,nan
2822.174,1.545075e-05,0.0,nan,nan,nan
2822.258,1.545308e-05,0.0,nan,nan,nan
2822.352,1.545244e-05,0.0,nan,nan,nan
2822.436,1.54525e-05,0.0,nan,nan,nan
2822.521,1.545114e-05,0.0,nan,nan,nan
2822.605,1.544955e-05,0.0,nan,nan,nan
2822.688,1.545475e-05,0.0,nan,nan,nan
2822.788,1.545071e-05,0.0,nan,nan,nan
2822.872,1.545432e-05,0.0,nan,nan,nan
2822.955,1.545655e-05,0.0,nan,nan,nan
2823.039,1.54549e-05,0.0,nan,nan,nan
2823.122,1.545722e-05,0.0,nan,nan,nan
2823.206,1.545436e-05,0.0,nan,nan,nan
2823.29,1.545341e-05,0.0,nan,nan,nan
2823.391,1.545128e-05,0.0,nan,nan,nan
2823.475,1.545584e-05,0.0,nan,nan,nan
2823.576,1.545536e-05,0.0,nan,nan,nan
2823.66,1.545837e-05,0.0,nan,nan,nan
2823.743,1.545682e-05,0.0,nan,nan,nan
2823.827,1.545644e-05,0.0,nan,nan,nan
2823.911,1.54537e-05,0.0,nan,nan,nan
2824.004,1.545398e-05,0.0,nan,nan,nan
2824.088,1.545365e-05,0.0,nan,nan,nan
2824.184,1.545467e-05,0.0,nan,nan,nan
2824.292,1.545732e-05,0.0,nan,nan,nan
2824.384,1.545551e-05,0.0,nan,nan,nan
2824.468,1.545382e-05,0.0,nan,nan,nan
2824.551,1.54575e-05,0.0,nan,nan,nan
2824.635,1.545391e-05,0.0,nan,nan,nan
2824.719,1.545328e-05,0.0,nan,nan,nan
2824.803,1.545655e-05,0.0,nan,nan,nan
2824.886,1.545496e-05,0.0,nan,nan,nan
2824.97,1.545564e-05,0.0,nan,nan,nan
2825.053,1.545573e-05,0.0,nan,nan,nan
2825.137,1.545674e-05,0.0,nan,nan,nan
2825.232,1.545676e-05,0.0,nan,nan,nan
2825.316,1.545778e-05,0.0,nan,nan,nan
2825.399,1.545731e-05,0.0,nan,nan,nan
2825.483,1.545671e-05,0.0,nan,nan,nan
2825.566,1.545944e-05,0.0,nan,nan,nan
2825.651,1.545472e-05,0.0,nan,nan,nan
2825.735,1.545372e-05,0.0,nan,nan,nan
2825.829,1.545808e-05,0.0,nan,nan,nan
2825.912,1.545467e-05,0.0,nan,nan,nan
2825.996,1.545728e-05,0.0,nan,nan,nan
2826.08,1.545863e-05,0.0,nan,nan,nan
2826.164,1.545602e-05,0.0,nan,nan,nan
2826.25,1.545672e-05,0.0,nan,nan,nan
2826.35,1.545977e-05,0.0,nan,nan,nan
2826.435,1.5455e-05,0.0,nan,nan,nan
2826.519,1.545728e-05,0.0,nan,nan,nan
2826.603,1.545073e-05,0.0,nan,nan,nan
2826.687,1.545877e-05,0.0,nan,nan,nan
2826.771,1.545606e-05,0.0,nan,nan,nan
2826.855,1.545526e-05,0.0,nan,nan,nan
2826.939,1.545385e-05,0.0,nan,nan,nan
2827.051,1.54552e-05,0.0,nan,nan,nan
2827.135,1.545429e-05,0.0,nan,nan,nan
2827.22,1.545249e-05,0.0,nan,nan,nan
2827.303,1.545677e-05,0.0,nan,nan,nan
2827.387,1.545593e-05,0.0,nan,nan,nan
2827.485,1.545556e-05,0.0,nan,nan,nan
2827.569,1.545136e-05,0.0,nan,nan,nan
2827.652,1.545433e-05,0.0,nan,nan,nan
2827.736,1.545238e-05,0.0,nan,nan,nan
2827.82,1.545495e-05,0.0,nan,nan,nan
2827.903,1.545584e-05,0.0,nan,nan,nan
2827.987,1.545433e-05,0.0,nan,nan,nan
2828.081,1.545457e-05,0.0,nan,nan,nan
2828.164,1.545472e-05,0.0,nan,nan,nan
2828.248,1.545485e-05,0.0,nan,nan,nan
2828.331,1.545579e-05,0.0,nan,nan,nan
2828.451,1.545498e-05,0.0,nan,nan,nan
2828.547,1.545363e-05,0.0,nan,nan,nan
2828.63,1.545294e-05,0.0,nan,nan,nan
2828.714,1.544685e-05,0.0,nan,nan,nan
2828.797,1.545176e-05,0.0,nan,nan,nan
2828.892,1.544549e-05,0.0,nan,nan,nan
2828.976,1.545021e-05,0.0,nan,nan,nan
2829.059,1.545402e-05,0.0,nan,nan,nan
2829.143,1.544932e-05,0.0,nan,nan,nan
2829.226,1.54494e-05,0.0,nan,nan,nan
2829.31,1.545309e-05,0.0,nan,nan,nan
2829.394,1.545041e-05,0.0,nan,nan,nan
2829.477,1.545188e-05,0.0,nan,nan,nan
2829.561,1.545533e-05,0.0,nan,nan,nan
2829.645,1.545474e-05,0.0,nan,nan,nan
2829.729,1.545564e-05,0.0,nan,nan,nan
2829.812,1.545702e-05,0.0,nan,nan,nan
2829.914,1.545272e-05,0.0,nan,nan,nan
2829.998,1.545559e-05,0.0,nan,nan,nan
2830.081,1.545499e-05,0.0,nan,nan,nan
2830.165,1.545939e-05,0.0,nan,nan,nan
2830.252,1.545539e-05,0.0,nan,nan,nan
2830.335,1.545648e-05,0.0,nan,nan,nan
2830.419,1.545561e-05,0.0,nan,nan,nan
2830.534,1.545488e-05,0.0,nan,nan,nan
2830.618,1.545632e-05,0.0,nan,nan,nan
2830.701,1.54561e-05,0.0,nan,nan,nan
2830.785,1.545519e-05,0.0,nan,nan,nan
2830.868,1.545544e-05,0.0,nan,nan,nan
2830.952,1.545849e-05,0.0,nan,nan,nan
2831.036,1.545731e-05,0.0,nan,nan,nan
2831.132,1.545519e-05,0.0,nan,nan,nan
2831.216,1.545029e-05,0.0,nan,nan,nan
2831.299,1.545484e-05,0.0,nan,nan,nan
2831.383,1.545862e-05,0.0,nan,nan,nan
2831.469,1.545385e-05,0.0,nan,nan,nan
2831.553,1.545408e-05,0.0,nan,nan,nan
2831.636,1.545928e-05,0.0,nan,nan,nan
2831.722,1.545875e-05,0.0,nan,nan,nan
2831.806,1.545786e-05,0.0,nan,nan,nan
2831.889,1.545678e-05,0.0,nan,nan,nan
2831.973,1.54525e-05,0.0,nan,nan,nan
2832.057,1.545023e-05,0.0,nan,nan,nan
2832.144,1.545469e-05,0.0,nan,nan,nan
2832.228,1.545354e-05,0.0,nan,nan,nan
2832.313,1.545634e-05,0.0,nan,nan,nan
2832.396,1.545265e-05,0.0,nan,nan,nan
2832.481,1.54555e-05,0.0,nan,nan,nan
2832.601,1.545515e-05,0.0,nan,nan,nan
2832.685,1.545516e-05,0.0,nan,nan,nan
2832.772,1.545309e-05,0.0,nan,nan,nan
2832.856,1.545342e-05,0.0,nan,nan,nan
2832.939,1.545283e-05,0.0,nan,nan,nan
2833.023,1.545473e-05,0.0,nan,nan,nan
2833.107,1.545529e-05,0.0,nan,nan,nan
2833.19,1.545211e-05,0.0,nan,nan,nan
2833.274,1.545871e-05,0.0,nan,nan,nan
2833.358,1.545435e-05,0.0,nan,nan,nan
2833.441,1.545544e-05,0.0,nan,nan,nan
2833.525,1.545752e-05,0.0,nan,nan,nan
2833.613,1.545727e-05,0.0,nan,nan,nan
2833.696,1.545675e-05,0.0,nan,nan,nan
2833.78,1.545581e-05,0.0,nan,nan,nan
2833.864,1.545678e-05,0.0,nan,nan,nan
2833.947,1.545924e-05,0.0,nan,nan,nan
2834.035,1.54582e-05,0.0,nan,nan,nan
2834.12,1.545747e-05,0.0,nan,nan,nan
2834.215,1.545615e-05,0.0,nan,nan,nan
2834.299,1.546057e-05,0.0,nan,nan,nan
2834.403,1.545515e-05,0.0,nan,nan,nan
2834.486,1.545493e-05,0.0,nan,nan,nan
2834.57,1.545575e-05,0.0,nan,nan,nan
2834.665,1.545433e-05,0.0,nan,nan,nan
2834.748,1.545721e-05,0.0,nan,nan,nan
2834.832,1.545582e-05,0.0,nan,nan,nan
2834.915,1.545342e-05,0.0,nan,nan,nan
2835.013,1.545511e-05,0.0,nan,nan,nan
2835.096,1.545218e-05,0.0,nan,nan,nan
2835.182,1.54524e-05,0.0,nan,nan,nan
2835.265,1.545237e-05,0.0,nan,nan,nan
2835.35,1.545419e-05,0.0,nan,nan,nan
2835.433,1.545736e-05,0.0,nan,nan,nan
2835.517,1.546064e-05,0.0,nan,nan,nan
2835.618,1.545759e-05,0.0,nan,nan,nan
2835.702,1.545299e-05,0.0,nan,nan,nan
2835.785,1.545532e-05,0.0,nan,nan,nan
2835.869,1.546086e-05,0.0,nan,nan,nan
2835.952,1.545877e-05,0.0,nan,nan,nan
2836.039,1.545822e-05,0.0,nan,nan,nan
2836.123,1.545564e-05,0.0,nan,nan,nan
2836.206,1.545411e-05,0.0,nan,nan,nan
2836.29,1.545759e-05,0.0,nan,nan,nan
2836.374,1.545771e-05,0.0,nan,nan,nan
2836.457,1.545471e-05,0.0,nan,nan,nan
2836.541,1.545498e-05,0.0,nan,nan,nan
2836.638,1.545318e-05,0.0,nan,nan,nan
2836.73,1.5461e-05,0.0,nan,nan,nan
2836.837,1.545569e-05,0.0,nan,nan,nan
2836.921,1.545892e-05,0.0,nan,nan,nan
2837.034,1.546026e-05,0.0,nan,nan,nan
2837.118,1.545383e-05,0.0,nan,nan,nan
2837.201,1.545361e-05,0.0,nan,nan,nan
2837.285,1.545405e-05,0.0,nan,nan,nan
2837.37,1.546007e-05,0.0,nan,nan,nan
2837.456,1.545862e-05,0.0,nan,nan,nan
2837.54,1.546013e-05,0.0,nan,nan,nan
2837.624,1.545728e-05,0.0,nan,nan,nan
2837.708,1.545398e-05,0.0,nan,nan,nan
2837.791,1.545699e-05,0.0,nan,nan,nan
2837.875,1.546067e-05,0.0,nan,nan,nan
2837.959,1.545978e-05,0.0,nan,nan,nan
2838.046,1.54596e-05,0.0,nan,nan,nan
2838.13,1.545923e-05,0.0,nan,nan,nan
2838.213,1.545642e-05,0.0,nan,nan,nan
2838.297,1.546074e-05,0.0,nan,nan,nan
2838.38,1.545942e-05,0.0,nan,nan,nan
2838.472,1.546227e-05,0.0,nan,nan,nan
2838.555,1.545797e-05,0.0,nan,nan,nan
2838.642,1.545652e-05,0.0,nan,nan,nan
2838.726,1.545603e-05,0.0,nan,nan,nan
2838.809,1.545597e-05,0.0,nan,nan,nan
2838.894,1.545547e-05,0.0,nan,nan,nan
2838.978,1.545743e-05,0.0,nan,nan,nan
2839.077,1.545892e-05,0.0,nan,nan,nan
2839.161,1.545384e-05,0.0,nan,nan,nan
2839.245,1.545207e-05,0.0,nan,nan,nan
2839.328,1.545396e-05,0.0,nan,nan,nan
2839.412,1.545455e-05,0.0,nan,nan,nan
2839.498,1.545302e-05,0.0,nan,nan,nan
2839.582,1.545216e-05,0.0,nan,nan,nan
2839.666,1.545444e-05,0.0,nan,nan,nan
2839.75,1.544846e-05,0.0,nan,nan,nan
2839.834,1.54537e-05,0.0,nan,nan,nan
2839.918,1.545092e-05,0.0,nan,nan,nan
2840.002,1.545215e-05,0.0,nan,nan,nan
2840.085,1.545262e-05,0.0,nan,nan,nan
2840.169,1.545123e-05,0.0,nan,nan,nan
2840.252,1.545158e-05,0.0,nan,nan,nan
2840.335,1.54524e-05,0.0,nan,nan,nan
2840.419,1.54566e-05,0.0,nan,nan,nan
2840.505,1.545496e-05,0.0,nan,nan,nan
2840.589,1.54525e-05,0.0,nan,nan,nan
2840.673,1.545879e-05,0.0,nan,nan,nan
2840.757,1.545499e-05,0.0,nan,nan,nan
2840.868,1.545308e-05,0.0,nan,nan,nan
2840.956,1.545067e-05,0.0,nan,nan,nan
2841.04,1.545284e-05,0.0,nan,nan,nan
2841.125,1.545474e-05,0.0,nan,nan,nan
2841.208,1.545224e-05,0.0,nan,nan,nan
2841.316,1.545444e-05,0.0,nan,nan,nan
2841.4,1.545595e-05,0.0,nan,nan,nan
2841.484,1.54535e-05,0.0,nan,nan,nan
2841.567,1.5452e-05,0.0,nan,nan,nan
2841.651,1.545277e-05,0.0,nan,nan,nan
2841.735,1.545588e-05,0.0,nan,nan,nan
2841.818,1.545546e-05,0.0,nan,nan,nan
2841.903,1.545696e-05,0.0,nan,nan,nan
2841.986,1.545768e-05,0.0,nan,nan,nan
2842.07,1.5455e-05,0.0,nan,nan,nan
2842.154,1.545637e-05,0.0,nan,nan,nan
2842.238,1.545322e-05,0.0,nan,nan,nan
2842.333,1.545615e-05,0.0,nan,nan,nan
2842.417,1.545587e-05,0.0,nan,nan,nan
2842.521,1.545352e-05,0.0,nan,nan,nan
2842.605,1.545574e-05,0.0,nan,nan,nan
2842.688,1.545235e-05,0.0,nan,nan,nan
2842.772,1.545417e-05,0.0,nan,nan,nan
2842.856,1.545497e-05,0.0,nan,nan,nan
2842.955,1.545466e-05,0.0,nan,nan,nan
2843.039,1.545572e-05,0.0,nan,nan,nan
2843.144,1.545391e-05,0.0,nan,nan,nan
2843.228,1.545711e-05,0.0,nan,nan,nan
2843.311,1.545073e-05,0.0,nan,nan,nan
2843.395,1.545455e-05,0.0,nan,nan,nan
2843.479,1.545937e-05,0.0,nan,nan,nan
2843.564,1.546018e-05,0.0,nan,nan,nan
2843.647,1.545721e-05,0.0,nan,nan,nan
2843.731,1.54581e-05,0.0,nan,nan,nan
2843.814,1.545683e-05,0.0,nan,nan,nan
2843.898,1.545649e-05,0.0,nan,nan,nan
2843.983,1.545532e-05,0.0,nan,nan,nan
2844.066,1.545295e-05,0.0,nan,nan,nan
2844.17,1.545757e-05,0.0,nan,nan,nan
2844.254,1.545819e-05,0.0,nan,nan,nan
2844.337,1.545403e-05,0.0,nan,nan,nan
2844.421,1.545797e-05,0.0,nan,nan,nan
2844.508,1.545645e-05,0.0,nan,nan,nan
2844.593,1.546e-05,0.0,nan,nan,nan
2844.677,1.54596e-05,0.0,nan,nan,nan
2844.785,1.546062e-05,0.0,nan,nan,nan
2844.869,1.545741e-05,0.0,nan,nan,nan
2844.952,1.545723e-05,0.0,nan,nan,nan
2845.036,1.545891e-05,0.0,nan,nan,nan
2845.12,1.54553e-05,0.0,nan,nan,nan
2845.204,1.545705e-05,0.0,nan,nan,nan
2845.288,1.545999e-05,0.0,nan,nan,nan
2845.371,1.54606e-05,0.0,nan,nan,nan
2845.455,1.545888e-05,0.0,nan,nan,nan
2845.539,1.545714e-05,0.0,nan,nan,nan
2845.626,1.545443e-05,0.0,nan,nan,nan
2845.71,1.546179e-05,0.0,nan,nan,nan
2845.813,1.545867e-05,0.0,nan,nan,nan
2845.897,1.545844e-05,0.0,nan,nan,nan
2845.981,1.545686e-05,0.0,nan,nan,nan
2846.064,1.545863e-05,0.0,nan,nan,nan
2846.148,1.545929e-05,0.0,nan,nan,nan
2846.232,1.545633e-05,0.0,nan,nan,nan
2846.315,1.545838e-05,0.0,nan,nan,nan
2846.4,1.545785e-05,0.0,nan,nan,nan
2846.483,1.545736e-05,0.0,nan,nan,nan
2846.567,1.545987e-05,0.0,nan,nan,nan
2846.651,1.54587e-05,0.0,nan,nan,nan
2846.735,1.546239e-05,0.0,nan,nan,nan
2846.831,1.545678e-05,0.0,nan,nan,nan
2846.915,1.545836e-05,0.0,nan,nan,nan
2846.999,1.545751e-05,0.0,nan,nan,nan
2847.088,1.545561e-05,0.0,nan,nan,nan
2847.174,1.546181e-05,0.0,nan,nan,nan
2847.263,1.54582e-05,0.0,nan,nan,nan
2847.347,1.545908e-05,0.0,nan,nan,nan
2847.435,1.545459e-05,0.0,nan,nan,nan
2847.519,1.545769e-05,0.0,nan,nan,nan
2847.603,1.545452e-05,0.0,nan,nan,nan
2847.686,1.545497e-05,0.0,nan,nan,nan
2847.771,1.545757e-05,0.0,nan,nan,nan
2847.876,1.545672e-05,0.0,nan,nan,nan
2847.96,1.545687e-05,0.0,nan,nan,nan
2848.046,1.545678e-05,0.0,nan,nan,nan
2848.129,1.545846e-05,0.0,nan,nan,nan
2848.213,1.545952e-05,0.0,nan,nan,nan
2848.296,1.546161e-05,0.0,nan,nan,nan
2848.38,1.545324e-05,0.0,nan,nan,nan
2848.464,1.545819e-05,0.0,nan,nan,nan
2848.548,1.545973e-05,0.0,nan,nan,nan
2848.632,1.545782e-05,0.0,nan,nan,nan
2848.716,1.545818e-05,0.0,nan,nan,nan
2848.799,1.545341e-05,0.0,nan,nan,nan
2848.883,1.545973e-05,0.0,nan,nan,nan
2848.967,1.545717e-05,0.0,nan,nan,nan
2849.059,1.54577e-05,0.0,nan,nan,nan
2849.155,1.545553e-05,0.0,nan,nan,nan
2849.252,1.54548e-05,0.0,nan,nan,nan
2849.336,1.545515e-05,0.0,nan,nan,nan
2849.419,1.545728e-05,0.0,nan,nan,nan
2849.503,1.545586e-05,0.0,nan,nan,nan
2849.587,1.545795e-05,0.0,nan,nan,nan
2849.689,1.545822e-05,0.0,nan,nan,nan
2849.773,1.545932e-05,0.0,nan,nan,nan
2849.856,1.545984e-05,0.0,nan,nan,nan
2849.94,1.54587e-05,0.0,nan,nan,nan
2850.024,1.545782e-05,0.0,nan,nan,nan
2850.107,1.545835e-05,0.0,nan,nan,nan
2850.191,1.545838e-05,0.0,nan,nan,nan
2850.276,1.545467e-05,0.0,nan,nan,nan
2850.36,1.545639e-05,0.0,nan,nan,nan
2850.443,1.546103e-05,0.0,nan,nan,nan
2850.527,1.545635e-05,0.0,nan,nan,nan
2850.611,1.546098e-05,0.0,nan,nan,nan
2850.694,1.545643e-05,0.0,nan,nan,nan
2850.778,1.545743e-05,0.0,nan,nan,nan
2850.862,1.545843e-05,0.0,nan,nan,nan
2850.946,1.545585e-05,0.0,nan,nan,nan
2851.029,1.545617e-05,0.0,nan,nan,nan
2851.118,1.545844e-05,0.0,nan,nan,nan
2851.216,1.545618e-05,0.0,nan,nan,nan
2851.299,1.545612e-05,0.0,nan,nan,nan
2851.383,1.54575e-05,0.0,nan,nan,nan
2851.467,1.54557e-05,0.0,nan,nan,nan
2851.55,1.545419e-05,0.0,nan,nan,nan
2851.635,1.545875e-05,0.0,nan,nan,nan
2851.718,1.54568e-05,0.0,nan,nan,nan
2851.802,1.545589e-05,0.0,nan,nan,nan
2851.885,1.545693e-05,0.0,nan,nan,nan
2851.969,1.545512e-05,0.0,nan,nan,nan
2852.052,1.54584e-05,0.0,nan,nan,nan
2852.136,1.546088e-05,0.0,nan,nan,nan
2852.22,1.545708e-05,0.0,nan,nan,nan
2852.31,1.545901e-05,0.0,nan,nan,nan
2852.394,1.545964e-05,0.0,nan,nan,nan
2852.477,1.54571e-05,0.0,nan,nan,nan
2852.561,1.545355e-05,0.0,nan,nan,nan
2852.645,1.545433e-05,0.0,nan,nan,nan
2852.734,1.545441e-05,0.0,nan,nan,nan
2852.818,1.5457e-05,0.0,nan,nan,nan
2852.912,1.54547e-05,0.0,nan,nan,nan
2852.996,1.545813e-05,0.0,nan,nan,nan
2853.08,1.545679e-05,0.0,nan,nan,nan
2853.164,1.545712e-05,0.0,nan,nan,nan
2853.285,1.545413e-05,0.0,nan,nan,nan
2853.368,1.545694e-05,0.0,nan,nan,nan
2853.455,1.545585e-05,0.0,nan,nan,nan
2853.543,1.545551e-05,0.0,nan,nan,nan
2853.626,1.545941e-05,0.0,nan,nan,nan
2853.711,1.545921e-05,0.0,nan,nan,nan
2853.794,1.545941e-05,0.0,nan,nan,nan
2853.878,1.546071e-05,0.0,nan,nan,nan
2853.961,1.545918e-05,0.0,nan,nan,nan
2854.045,1.545971e-05,0.0,nan,nan,nan
2854.129,1.545652e-05,0.0,nan,nan,nan
2854.212,1.546254e-05,0.0,nan,nan,nan
2854.296,1.545962e-05,0.0,nan,nan,nan
2854.38,1.54576e-05,0.0,nan,nan,nan
2854.464,1.546317e-05,0.0,nan,nan,nan
2854.547,1.545836e-05,0.0,nan,nan,nan
2854.631,1.545608e-05,0.0,nan,nan,nan
2854.715,1.546443e-05,0.0,nan,nan,nan
2854.799,1.5458e-05,0.0,nan,nan,nan
2854.883,1.545823e-05,0.0,nan,nan,nan
2854.989,1.546048e-05,0.0,nan,nan,nan
2855.073,1.545897e-05,0.0,nan,nan,nan
2855.16,1.545837e-05,0.0,nan,nan,nan
2855.244,1.546019e-05,0.0,nan,nan,nan
2855.349,1.546031e-05,0.0,nan,nan,nan
2855.433,1.546002e-05,0.0,nan,nan,nan
2855.519,1.545818e-05,0.0,nan,nan,nan
2855.602,1.545719e-05,0.0,nan,nan,nan
2855.686,1.545629e-05,0.0,nan,nan,nan
2855.779,1.545931e-05,0.0,nan,nan,nan
2855.862,1.545713e-05,0.0,nan,nan,nan
2855.946,1.545635e-05,0.0,nan,nan,nan
2856.03,1.545798e-05,0.0,nan,nan,nan
2856.113,1.545887e-05,0.0,nan,nan,nan
2856.199,1.545658e-05,0.0,nan,nan,nan
2856.283,1.545663e-05,0.0,nan,nan,nan
2856.367,1.546022e-05,0.0,nan,nan,nan
2856.451,1.546079e-05,0.0,nan,nan,nan
2856.536,1.545634e-05,0.0,nan,nan,nan
2856.62,1.545313e-05,0.0,nan,nan,nan
2856.703,1.545642e-05,0.0,nan,nan,nan
2856.804,1.545336e-05,0.0,nan,nan,nan
2856.888,1.546199e-05,0.0,nan,nan,nan
2856.971,1.546185e-05,0.0,nan,nan,nan
2857.055,1.545957e-05,0.0,nan,nan,nan
2857.139,1.545444e-05,0.0,nan,nan,nan
2857.234,1.545717e-05,0.0,nan,nan,nan
2857.318,1.545538e-05,0.0,nan,nan,nan
2857.407,1.545885e-05,0.0,nan,nan,nan
2857.491,1.545984e-05,0.0,nan,nan,nan
2857.575,1.545927e-05,0.0,nan,nan,nan
2857.659,1.545995e-05,0.0,nan,nan,nan
2857.743,1.546455e-05,0.0,nan,nan,nan
2857.845,1.546e-05,0.0,nan,nan,nan
2857.929,1.546012e-05,0.0,nan,nan,nan
2858.033,1.545865e-05,0.0,nan,nan,nan
2858.116,1.545978e-05,0.0,nan,nan,nan
2858.201,1.546419e-05,0.0,nan,nan,nan
2858.285,1.546112e-05,0.0,nan,nan,nan
2858.37,1.545942e-05,0.0,nan,nan,nan
2858.458,1.546343e-05,0.0,nan,nan,nan
2858.542,1.545723e-05,0.0,nan,nan,nan
2858.64,1.546036e-05,0.0,nan,nan,nan
2858.724,1.545928e-05,0.0,nan,nan,nan
2858.809,1.545882e-05,0.0,nan,nan,nan
2858.892,1.545637e-05,0.0,nan,nan,nan
2858.976,1.545819e-05,0.0,nan,nan,nan
2859.062,1.546184e-05,0.0,nan,nan,nan
2859.146,1.546292e-05,0.0,nan,nan,nan
2859.233,1.545932e-05,0.0,nan,nan,nan
2859.317,1.546158e-05,0.0,nan,nan,nan
2859.401,1.545711e-05,0.0,nan,nan,nan
2859.484,1.546173e-05,0.0,nan,nan,nan
2859.568,1.546123e-05,0.0,nan,nan,nan
2859.651,1.546058e-05,0.0,nan,nan,nan
2859.735,1.545887e-05,0.0,nan,nan,nan
2859.818,1.546088e-05,0.0,nan,nan,nan
2859.902,1.545961e-05,0.0,nan,nan,nan
2859.986,1.54565e-05,0.0,nan,nan,nan
2860.08,1.546241e-05,0.0,nan,nan,nan
2860.164,1.545359e-05,0.0,nan,nan,nan
2860.248,1.545292e-05,0.0,nan,nan,nan
2860.331,1.5453e-05,0.0,nan,nan,nan
2860.415,1.545334e-05,0.0,nan,nan,nan
2860.507,1.545888e-05,0.0,nan,nan,nan
2860.591,1.545304e-05,0.0,nan,nan,nan
2860.675,1.545487e-05,0.0,nan,nan,nan
2860.759,1.545991e-05,0.0,nan,nan,nan
2860.843,1.545949e-05,0.0,nan,nan,nan
2860.927,1.545801e-05,0.0,nan,nan,nan
2861.011,1.545685e-05,0.0,nan,nan,nan
2861.1,1.545496e-05,0.0,nan,nan,nan
2861.184,1.545525e-05,0.0,nan,nan,nan
2861.268,1.545569e-05,0.0,nan,nan,nan
2861.351,1.545897e-05,0.0,nan,nan,nan
2861.438,1.546299e-05,0.0,nan,nan,nan
2861.542,1.545731e-05,0.0,nan,nan,nan
2861.626,1.545816e-05,0.0,nan,nan,nan
2861.71,1.545626e-05,0.0,nan,nan,nan
2861.793,1.545414e-05,0.0,nan,nan,nan
2861.877,1.545547e-05,0.0,nan,nan,nan
2861.961,1.545678e-05,0.0,nan,nan,nan
2862.045,1.545471e-05,0.0,nan,nan,nan
2862.134,1.545821e-05,0.0,nan,nan,nan
2862.218,1.545735e-05,0.0,nan,nan,nan
2862.322,1.545923e-05,0.0,nan,nan,nan
2862.406,1.546112e-05,0.0,nan,nan,nan
2862.49,1.54561e-05,0.0,nan,nan,nan
2862.573,1.545907e-05,0.0,nan,nan,nan
2862.657,1.545954e-05,0.0,nan,nan,nan
2862.741,1.545923e-05,0.0,nan,nan,nan
2862.824,1.546257e-05,0.0,nan,nan,nan
2862.909,1.545956e-05,0.0,nan,nan,nan
2862.993,1.546079e-05,0.0,nan,nan,nan
2863.077,1.545888e-05,0.0,nan,nan,nan
2863.163,1.545901e-05,0.0,nan,nan,nan
2863.247,1.54588e-05,0.0,nan,nan,nan
2863.339,1.54572e-05,0.0,nan,nan,nan
2863.423,1.54591e-05,0.0,nan,nan,nan
2863.507,1.546256e-05,0.0,nan,nan,nan
2863.616,1.546065e-05,0.0,nan,nan,nan
2863.701,1.545939e-05,0.0,nan,nan,nan
2863.785,1.546018e-05,0.0,nan,nan,nan
2863.868,1.546101e-05,0.0,nan,nan,nan
2863.954,1.546095e-05,0.0,nan,nan,nan
2864.038,1.545944e-05,0.0,nan,nan,nan
2864.122,1.54599e-05,0.0,nan,nan,nan
2864.206,1.546413e-05,0.0,nan,nan,nan
2864.29,1.54633e-05,0.0,nan,nan,nan
2864.379,1.545961e-05,0.0,nan,nan,nan
2864.463,1.545566e-05,0.0,nan,nan,nan
2864.547,1.546083e-05,0.0,nan,nan,nan
2864.631,1.545986e-05,0.0,nan,nan,nan
2864.717,1.546077e-05,0.0,nan,nan,nan
2864.8,1.545852e-05,0.0,nan,nan,nan
2864.884,1.545526e-05,0.0,nan,nan,nan
2864.968,1.545796e-05,0.0,nan,nan,nan
2865.052,1.545845e-05,0.0,nan,nan,nan
2865.135,1.545818e-05,0.0,nan,nan,nan
2865.219,1.545695e-05,0.0,nan,nan,nan
2865.302,1.545431e-05,0.0,nan,nan,nan
2865.391,1.546207e-05,0.0,nan,nan,nan
2865.475,1.545795e-05,0.0,nan,nan,nan
2865.559,1.545879e-05,0.0,nan,nan,nan
2865.652,1.54609e-05,0.0,nan,nan,nan
2865.735,1.545697e-05,0.0,nan,nan,nan
2865.818,1.545466e-05,0.0,nan,nan,nan
2865.902,1.545824e-05,0.0,nan,nan,nan
2866.017,1.545664e-05,0.0,nan,nan,nan
2866.101,1.546058e-05,0.0,nan,nan,nan
2866.184,1.546017e-05,0.0,nan,nan,nan
2866.268,1.545803e-05,0.0,nan,nan,nan
2866.352,1.546126e-05,0.0,nan,nan,nan
2866.436,1.54606e-05,0.0,nan,nan,nan
2866.52,1.54622e-05,0.0,nan,nan,nan
2866.603,1.546299e-05,0.0,nan,nan,nan
2866.686,1.546132e-05,0.0,nan,nan,nan
2866.77,1.545955e-05,0.0,nan,nan,nan
2866.854,1.546235e-05,0.0,nan,nan,nan
2866.937,1.545958e-05,0.0,nan,nan,nan
2867.035,1.545868e-05,0.0,nan,nan,nan
2867.118,1.546007e-05,0.0,nan,nan,nan
2867.202,1.545698e-05,0.0,nan,nan,nan
2867.285,1.545704e-05,0.0,nan,nan,nan
2867.373,1.545663e-05,0.0,nan,nan,nan
2867.461,1.545885e-05,0.0,nan,nan,nan
2867.545,1.545686e-05,0.0,nan,nan,nan
2867.643,1.545928e-05,0.0,nan,nan,nan
2867.727,1.545901e-05,0.0,nan,nan,nan
2867.811,1.545926e-05,0.0,nan,nan,nan
2867.894,1.545577e-05,0.0,nan,nan,nan
2867.978,1.545674e-05,0.0,nan,nan,nan
2868.062,1.54552e-05,0.0,nan,nan,nan
2868.145,1.545169e-05,0.0,nan,nan,nan
2868.231,1.545951e-05,0.0,nan,nan,nan
2868.314,1.545599e-05,0.0,nan,nan,nan
2868.398,1.545519e-05,0.0,nan,nan,nan
2868.483,1.545105e-05,0.0,nan,nan,nan
2868.567,1.54549e-05,0.0,nan,nan,nan
2868.65,1.545619e-05,0.0,nan,nan,nan
2868.734,1.545425e-05,0.0,nan,nan,nan
2868.818,1.545515e-05,0.0,nan,nan,nan
2868.901,1.54563e-05,0.0,nan,nan,nan
2868.984,1.545324e-05,0.0,nan,nan,nan
2869.07,1.545603e-05,0.0,nan,nan,nan
2869.154,1.545374e-05,0.0,nan,nan,nan
2869.239,1.545313e-05,0.0,nan,nan,nan
2869.323,1.545815e-05,0.0,nan,nan,nan
2869.408,1.545711e-05,0.0,nan,nan,nan
2869.491,1.545533e-05,0.0,nan,nan,nan
2869.575,1.545394e-05,0.0,nan,nan,nan
2869.662,1.545392e-05,0.0,nan,nan,nan
2869.767,1.545537e-05,0.0,nan,nan,nan
2869.851,1.545353e-05,0.0,nan,nan,nan
2869.934,1.545491e-05,0.0,nan,nan,nan
2870.024,1.545376e-05,0.0,nan,nan,nan
2870.107,1.54553e-05,0.0,nan,nan,nan
2870.191,1.545574e-05,0.0,nan,nan,nan
2870.275,1.545477e-05,0.0,nan,nan,nan
2870.359,1.545159e-05,0.0,nan,nan,nan
2870.443,1.545558e-05,0.0,nan,nan,nan
2870.53,1.545213e-05,0.0,nan,nan,nan
2870.613,1.545617e-05,0.0,nan,nan,nan
2870.697,1.545454e-05,0.0,nan,nan,nan
2870.781,1.545644e-05,0.0,nan,nan,nan
2870.864,1.545763e-05,0.0,nan,nan,nan
2870.955,1.546283e-05,0.0,nan,nan,nan
2871.038,1.545762e-05,0.0,nan,nan,nan
2871.142,1.545511e-05,0.0,nan,nan,nan
2871.226,1.545483e-05,0.0,nan,nan,nan
2871.309,1.545472e-05,0.0,nan,nan,nan
2871.393,1.545555e-05,0.0,nan,nan,nan
2871.479,1.545696e-05,0.0,nan,nan,nan
2871.562,1.545969e-05,0.0,nan,nan,nan
2871.646,1.545969e-05,0.0,nan,nan,nan
2871.75,1.545871e-05,0.0,nan,nan,nan
2871.833,1.545945e-05,0.0,nan,nan,nan
2871.916,1.545596e-05,0.0,nan,nan,nan
2872.0,1.545282e-05,0.0,nan,nan,nan
2872.084,1.545588e-05,0.0,nan,nan,nan
2872.168,1.545509e-05,0.0,nan,nan,nan
2872.252,1.545778e-05,0.0,nan,nan,nan
2872.345,1.545495e-05,0.0,nan,nan,nan
2872.429,1.545384e-05,0.0,nan,nan,nan
2872.512,1.545465e-05,0.0,nan,nan,nan
2872.596,1.545752e-05,0.0,nan,nan,nan
2872.68,1.545819e-05,0.0,nan,nan,nan
2872.766,1.545572e-05,0.0,nan,nan,nan
2872.85,1.545674e-05,0.0,nan,nan,nan
2872.933,1.545525e-05,0.0,nan,nan,nan
2873.017,1.545806e-05,0.0,nan,nan,nan
2873.101,1.545415e-05,0.0,nan,nan,nan
2873.184,1.545676e-05,0.0,nan,nan,nan
2873.268,1.545642e-05,0.0,nan,nan,nan
2873.367,1.545596e-05,0.0,nan,nan,nan
2873.451,1.545381e-05,0.0,nan,nan,nan
2873.534,1.545518e-05,0.0,nan,nan,nan
2873.618,1.54578e-05,0.0,nan,nan,nan
2873.702,1.545879e-05,0.0,nan,nan,nan
2873.785,1.545475e-05,0.0,nan,nan,nan
2873.885,1.545342e-05,0.0,nan,nan,nan
2873.98,1.54509e-05,0.0,nan,nan,nan
2874.064,1.545443e-05,0.0,nan,nan,nan
2874.165,1.545749e-05,0.0,nan,nan,nan
2874.249,1.545294e-05,0.0,nan,nan,nan
2874.333,1.545244e-05,0.0,nan,nan,nan
2874.416,1.545621e-05,0.0,nan,nan,nan
2874.5,1.545342e-05,0.0,nan,nan,nan
2874.584,1.545627e-05,0.0,nan,nan,nan
2874.668,1.545628e-05,0.0,nan,nan,nan
2874.751,1.545589e-05,0.0,nan,nan,nan
2874.834,1.546139e-05,0.0,nan,nan,nan
2874.922,1.545551e-05,0.0,nan,nan,nan
2875.006,1.545596e-05,0.0,nan,nan,nan
2875.09,1.545828e-05,0.0,nan,nan,nan
2875.201,1.545986e-05,0.0,nan,nan,nan
2875.285,1.545388e-05,0.0,nan,nan,nan
2875.368,1.545415e-05,0.0,nan,nan,nan
2875.452,1.545697e-05,0.0,nan,nan,nan
2875.535,1.545874e-05,0.0,nan,nan,nan
2875.621,1.545661e-05,0.0,nan,nan,nan
2875.705,1.545881e-05,0.0,nan,nan,nan
2875.799,1.545789e-05,0.0,nan,nan,nan
2875.883,1.5454e-05,0.0,nan,nan,nan
2875.966,1.545167e-05,0.0,nan,nan,nan
2876.054,1.545795e-05,0.0,nan,nan,nan
2876.138,1.545328e-05,0.0,nan,nan,nan
2876.232,1.545939e-05,0.0,nan,nan,nan
2876.315,1.545789e-05,0.0,nan,nan,nan
2876.402,1.54599e-05,0.0,nan,nan,nan
2876.485,1.545904e-05,0.0,nan,nan,nan
2876.569,1.54591e-05,0.0,nan,nan,nan
2876.655,1.545705e-05,0.0,nan,nan,nan
2876.738,1.545688e-05,0.0,nan,nan,nan
2876.827,1.545637e-05,0.0,nan,nan,nan
2876.91,1.546363e-05,0.0,nan,nan,nan
2876.994,1.546089e-05,0.0,nan,nan,nan
2877.078,1.545505e-05,0.0,nan,nan,nan
2877.162,1.545716e-05,0.0,nan,nan,nan
2877.25,1.545802e-05,0.0,nan,nan,nan
2877.334,1.545766e-05,0.0,nan,nan,nan
2877.418,1.546073e-05,0.0,nan,nan,nan
2877.501,1.545855e-05,0.0,nan,nan,nan
2877.585,1.545812e-05,0.0,nan,nan,nan
2877.67,1.545998e-05,0.0,nan,nan,nan
2877.754,1.545691e-05,0.0,nan,nan,nan
2877.857,1.545812e-05,0.0,nan,nan,nan
2877.941,1.545728e-05,0.0,nan,nan,nan
2878.044,1.545761e-05,0.0,nan,nan,nan
2878.128,1.545597e-05,0.0,nan,nan,nan
2878.211,1.545879e-05,0.0,nan,nan,nan
2878.295,1.545473e-05,0.0,nan,nan,nan
2878.378,1.545965e-05,0.0,nan,nan,nan
2878.462,1.545914e-05,0.0,nan,nan,nan
2878.546,1.545264e-05,0.0,nan,nan,nan
2878.63,1.545682e-05,0.0,nan,nan,nan
2878.713,1.545665e-05,0.0,nan,nan,nan
2878.797,1.545786e-05,0.0,nan,nan,nan
2878.881,1.545913e-05,0.0,nan,nan,nan
2878.964,1.545636e-05,0.0,nan,nan,nan
2879.057,1.545533e-05,0.0,nan,nan,nan
2879.141,1.54573e-05,0.0,nan,nan,nan
2879.227,1.545909e-05,0.0,nan,nan,nan
2879.31,1.545442e-05,0.0,nan,nan,nan
2879.394,1.545351e-05,0.0,nan,nan,nan
2879.477,1.545821e-05,0.0,nan,nan,nan
2879.561,1.545701e-05,0.0,nan,nan,nan
2879.645,1.545854e-05,0.0,nan,nan,nan
2879.729,1.545413e-05,0.0,nan,nan,nan
2879.812,1.545751e-05,0.0,nan,nan,nan
2879.896,1.54584e-05,0.0,nan,nan,nan
2879.98,1.545895e-05,0.0,nan,nan,nan
2880.075,1.545632e-05,0.0,nan,nan,nan
2880.158,1.545531e-05,0.0,nan,nan,nan
2880.243,1.545438e-05,0.0,nan,nan,nan
2880.326,1.545855e-05,0.0,nan,nan,nan
2880.409,1.545793e-05,0.0,nan,nan,nan
2880.493,1.545527e-05,0.0,nan,nan,nan
2880.577,1.54573e-05,0.0,nan,nan,nan
2880.663,1.545463e-05,0.0,nan,nan,nan
2880.746,1.545363e-05,0.0,nan,nan,nan
2880.83,1.545715e-05,0.0,nan,nan,nan
2880.914,1.545659e-05,0.0,nan,nan,nan
2880.997,1.545678e-05,0.0,nan,nan,nan
2881.1,1.54585e-05,0.0,nan,nan,nan
2881.184,1.545714e-05,0.0,nan,nan,nan
2881.267,1.545685e-05,0.0,nan,nan,nan
2881.351,1.545949e-05,0.0,nan,nan,nan
2881.437,1.545515e-05,0.0,nan,nan,nan
2881.52,1.545714e-05,0.0,nan,nan,nan
2881.604,1.546115e-05,0.0,nan,nan,nan
2881.689,1.546006e-05,0.0,nan,nan,nan
2881.772,1.545887e-05,0.0,nan,nan,nan
2881.857,1.546046e-05,0.0,nan,nan,nan
2881.941,1.545927e-05,0.0,nan,nan,nan
2882.024,1.545701e-05,0.0,nan,nan,nan
2882.111,1.545663e-05,0.0,nan,nan,nan
2882.195,1.545688e-05,0.0,nan,nan,nan
2882.279,1.545414e-05,0.0,nan,nan,nan
2882.362,1.545865e-05,0.0,nan,nan,nan
2882.446,1.545924e-05,0.0,nan,nan,nan
2882.53,1.545647e-05,0.0,nan,nan,nan
2882.614,1.545397e-05,0.0,nan,nan,nan
2882.697,1.545812e-05,0.0,nan,nan,nan
2882.781,1.545531e-05,0.0,nan,nan,nan
2882.866,1.545739e-05,0.0,nan,nan,nan
2882.949,1.545756e-05,0.0,nan,nan,nan
2883.033,1.545911e-05,0.0,nan,nan,nan
2883.136,1.545838e-05,0.0,nan,nan,nan
2883.219,1.545535e-05,0.0,nan,nan,nan
2883.303,1.545713e-05,0.0,nan,nan,nan
2883.386,1.545714e-05,0.0,nan,nan,nan
2883.47,1.546064e-05,0.0,nan,nan,nan
2883.554,1.545933e-05,0.0,nan,nan,nan
2883.637,1.545681e-05,0.0,nan,nan,nan
2883.721,1.546018e-05,0.0,nan,nan,nan
2883.805,1.545507e-05,0.0,nan,nan,nan
2883.888,1.54571e-05,0.0,nan,nan,nan
2883.972,1.545755e-05,0.0,nan,nan,nan
2884.055,1.545937e-05,0.0,nan,nan,nan
2884.141,1.545786e-05,0.0,nan,nan,nan
2884.225,1.546183e-05,0.0,nan,nan,nan
2884.31,1.545905e-05,0.0,nan,nan,nan
2884.393,1.546082e-05,0.0,nan,nan,nan
2884.477,1.545432e-05,0.0,nan,nan,nan
2884.563,1.545488e-05,0.0,nan,nan,nan
2884.647,1.545732e-05,0.0,nan,nan,nan
2884.733,1.54601e-05,0.0,nan,nan,nan
2884.816,1.545561e-05,0.0,nan,nan,nan
2884.9,1.545361e-05,0.0,nan,nan,nan
2884.986,1.545673e-05,0.0,nan,nan,nan
2885.07,1.545703e-05,0.0,nan,nan,nan
2885.153,1.545622e-05,0.0,nan,nan,nan
2885.237,1.545636e-05,0.0,nan,nan,nan
2885.321,1.546117e-05,0.0,nan,nan,nan
2885.405,1.54598e-05,0.0,nan,nan,nan
2885.488,1.546078e-05,0.0,nan,nan,nan
2885.58,1.54561e-05,0.0,nan,nan,nan
2885.664,1.545613e-05,0.0,nan,nan,nan
2885.748,1.545534e-05,0.0,nan,nan,nan
2885.831,1.545828e-05,0.0,nan,nan,nan
2885.915,1.545383e-05,0.0,nan,nan,nan
2885.999,1.545345e-05,0.0,nan,nan,nan
2886.083,1.545675e-05,0.0,nan,nan,nan
2886.166,1.545675e-05,0.0,nan,nan,nan
2886.267,1.545681e-05,0.0,nan,nan,nan
2886.351,1.545744e-05,0.0,nan,nan,nan
2886.435,1.545739e-05,0.0,nan,nan,nan
2886.521,1.545591e-05,0.0,nan,nan,nan
2886.61,1.545196e-05,0.0,nan,nan,nan
2886.693,1.545611e-05,0.0,nan,nan,nan
2886.795,1.545826e-05,0.0,nan,nan,nan
2886.879,1.545585e-05,0.0,nan,nan,nan
2886.963,1.545568e-05,0.0,nan,nan,nan
2887.047,1.545782e-05,0.0,nan,nan,nan
2887.131,1.54568e-05,0.0,nan,nan,nan
2887.235,1.545824e-05,0.0,nan,nan,nan
2887.318,1.545746e-05,0.0,nan,nan,nan
2887.402,1.545556e-05,0.0,nan,nan,nan
2887.486,1.544945e-05,0.0,nan,nan,nan
2887.569,1.545327e-05,0.0,nan,nan,nan
2887.653,1.545551e-05,0.0,nan,nan,nan
2887.736,1.545381e-05,0.0,nan,nan,nan
2887.821,1.545463e-05,0.0,nan,nan,nan
2887.904,1.545509e-05,0.0,nan,nan,nan
2887.988,1.545444e-05,0.0,nan,nan,nan
2888.072,1.545398e-05,0.0,nan,nan,nan
2888.155,1.545445e-05,0.0,nan,nan,nan
2888.247,1.545461e-05,0.0,nan,nan,nan
2888.354,1.545434e-05,0.0,nan,nan,nan
2888.44,1.545329e-05,0.0,nan,nan,nan
2888.524,1.54533e-05,0.0,nan,nan,nan
2888.608,1.54527e-05,0.0,nan,nan,nan
2888.691,1.545704e-05,0.0,nan,nan,nan
2888.775,1.545406e-05,0.0,nan,nan,nan
2888.859,1.545113e-05,0.0,nan,nan,nan
2888.943,1.545359e-05,0.0,nan,nan,nan
2889.038,1.545371e-05,0.0,nan,nan,nan
2889.122,1.54521e-05,0.0,nan,nan,nan
2889.205,1.545513e-05,0.0,nan,nan,nan
2889.289,1.545542e-05,0.0,nan,nan,nan
2889.373,1.545648e-05,0.0,nan,nan,nan
2889.456,1.545521e-05,0.0,nan,nan,nan
2889.54,1.545238e-05,0.0,nan,nan,nan
2889.625,1.545556e-05,0.0,nan,nan,nan
2889.709,1.545496e-05,0.0,nan,nan,nan
2889.792,1.545654e-05,0.0,nan,nan,nan
2889.887,1.545599e-05,0.0,nan,nan,nan
2889.971,1.545439e-05,0.0,nan,nan,nan
2890.055,1.545423e-05,0.0,nan,nan,nan
2890.138,1.545081e-05,0.0,nan,nan,nan
2890.222,1.545001e-05,0.0,nan,nan,nan
2890.306,1.545368e-05,0.0,nan,nan,nan
2890.417,1.545179e-05,0.0,nan,nan,nan
2890.501,1.545384e-05,0.0,nan,nan,nan
2890.584,1.545433e-05,0.0,nan,nan,nan
2890.669,1.545112e-05,0.0,nan,nan,nan
2890.752,1.54507e-05,0.0,nan,nan,nan
2890.836,1.545233e-05,0.0,nan,nan,nan
2890.919,1.545562e-05,0.0,nan,nan,nan
2891.003,1.545105e-05,0.0,nan,nan,nan
2891.1,1.545043e-05,0.0,nan,nan,nan
2891.184,1.545483e-05,0.0,nan,nan,nan
2891.267,1.54568e-05,0.0,nan,nan,nan
2891.351,1.545551e-05,0.0,nan,nan,nan
2891.435,1.545722e-05,0.0,nan,nan,nan
2891.53,1.54534e-05,0.0,nan,nan,nan
2891.613,1.545596e-05,0.0,nan,nan,nan
2891.697,1.545403e-05,0.0,nan,nan,nan
2891.781,1.545726e-05,0.0,nan,nan,nan
2891.864,1.545705e-05,0.0,nan,nan,nan
2891.948,1.545171e-05,0.0,nan,nan,nan
2892.031,1.545092e-05,0.0,nan,nan,nan
2892.139,1.545788e-05,0.0,nan,nan,nan
2892.223,1.545569e-05,0.0,nan,nan,nan
2892.318,1.545559e-05,0.0,nan,nan,nan
2892.402,1.545631e-05,0.0,nan,nan,nan
2892.517,1.545534e-05,0.0,nan,nan,nan
2892.601,1.546014e-05,0.0,nan,nan,nan
2892.685,1.545749e-05,0.0,nan,nan,nan
2892.769,1.54606e-05,0.0,nan,nan,nan
2892.853,1.546007e-05,0.0,nan,nan,nan
2892.955,1.545865e-05,0.0,nan,nan,nan
2893.039,1.545888e-05,0.0,nan,nan,nan
2893.123,1.545676e-05,0.0,nan,nan,nan
2893.207,1.545995e-05,0.0,nan,nan,nan
2893.29,1.545774e-05,0.0,nan,nan,nan
2893.374,1.545698e-05,0.0,nan,nan,nan
2893.458,1.545753e-05,0.0,nan,nan,nan
2893.555,1.545853e-05,0.0,nan,nan,nan
2893.639,1.545806e-05,0.0,nan,nan,nan
2893.723,1.545818e-05,0.0,nan,nan,nan
2893.806,1.545678e-05,0.0,nan,nan,nan
2893.89,1.545912e-05,0.0,nan,nan,nan
2893.974,1.546008e-05,0.0,nan,nan,nan
2894.058,1.545941e-05,0.0,nan,nan,nan
2894.141,1.545715e-05,0.0,nan,nan,nan
2894.225,1.546019e-05,0.0,nan,nan,nan
2894.309,1.545654e-05,0.0,nan,nan,nan
2894.393,1.546023e-05,0.0,nan,nan,nan
2894.477,1.545872e-05,0.0,nan,nan,nan
2894.591,1.545715e-05,0.0,nan,nan,nan
2894.675,1.545609e-05,0.0,nan,nan,nan
2894.761,1.545513e-05,0.0,nan,nan,nan
2894.845,1.545622e-05,0.0,nan,nan,nan
2894.929,1.545601e-05,0.0,nan,nan,nan
2895.012,1.545509e-05,0.0,nan,nan,nan
2895.096,1.546073e-05,0.0,nan,nan,nan
2895.184,1.545889e-05,0.0,nan,nan,nan
2895.267,1.545788e-05,0.0,nan,nan,nan
2895.351,1.546091e-05,0.0,nan,nan,nan
2895.434,1.545858e-05,0.0,nan,nan,nan
2895.518,1.545943e-05,0.0,nan,nan,nan
2895.605,1.546057e-05,0.0,nan,nan,nan
2895.689,1.546003e-05,0.0,nan,nan,nan
2895.786,1.545521e-05,0.0,nan,nan,nan
2895.87,1.545831e-05,0.0,nan,nan,nan
2895.955,1.545738e-05,0.0,nan,nan,nan
2896.039,1.546115e-05,0.0,nan,nan,nan
2896.123,1.545617e-05,0.0,nan,nan,nan
2896.21,1.545419e-05,0.0,nan,nan,nan
2896.294,1.545465e-05,0.0,nan,nan,nan
2896.377,1.545082e-05,0.0,nan,nan,nan
2896.461,1.545538e-05,0.0,nan,nan,nan
2896.545,1.545356e-05,0.0,nan,nan,nan
2896.65,1.545685e-05,0.0,nan,nan,nan
2896.734,1.545604e-05,0.0,nan,nan,nan
2896.818,1.545924e-05,0.0,nan,nan,nan
2896.901,1.545368e-05,0.0,nan,nan,nan
2896.985,1.546121e-05,0.0,nan,nan,nan
2897.069,1.54568e-05,0.0,nan,nan,nan
2897.153,1.546383e-05,0.0,nan,nan,nan
2897.24,1.545881e-05,0.0,nan,nan,nan
2897.324,1.54556e-05,0.0,nan,nan,nan
2897.426,1.545472e-05,0.0,nan,nan,nan
2897.51,1.545492e-05,0.0,nan,nan,nan
2897.595,1.545562e-05,0.0,nan,nan,nan
2897.679,1.545257e-05,0.0,nan,nan,nan
2897.763,1.545434e-05,0.0,nan,nan,nan
2897.847,1.545428e-05,0.0,nan,nan,nan
2897.93,1.545683e-05,0.0,nan,nan,nan
2898.025,1.54545e-05,0.0,nan,nan,nan
2898.109,1.545313e-05,0.0,nan,nan,nan
2898.192,1.545247e-05,0.0,nan,nan,nan
2898.276,1.545169e-05,0.0,nan,nan,nan
2898.359,1.545469e-05,0.0,nan,nan,nan
2898.443,1.545639e-05,0.0,nan,nan,nan
2898.527,1.545156e-05,0.0,nan,nan,nan
2898.611,1.545601e-05,0.0,nan,nan,nan
2898.718,1.545565e-05,0.0,nan,nan,nan
2898.803,1.545428e-05,0.0,nan,nan,nan
2898.886,1.54538e-05,0.0,nan,nan,nan
2898.97,1.545646e-05,0.0,nan,nan,nan
2899.063,1.545295e-05,0.0,nan,nan,nan
2899.147,1.545517e-05,0.0,nan,nan,nan
2899.231,1.545156e-05,0.0,nan,nan,nan
2899.314,1.54505e-05,0.0,nan,nan,nan
2899.398,1.545826e-05,0.0,nan,nan,nan
2899.483,1.545641e-05,0.0,nan,nan,nan
2899.566,1.545451e-05,0.0,nan,nan,nan
2899.65,1.545639e-05,0.0,nan,nan,nan
2899.734,1.545293e-05,0.0,nan,nan,nan
2899.819,1.545312e-05,0.0,nan,nan,nan
2899.902,1.545471e-05,0.0,nan,nan,nan
2899.986,1.545741e-05,0.0,nan,nan,nan
2900.086,1.546037e-05,0.0,nan,nan,nan
2900.17,1.545981e-05,0.0,nan,nan,nan
2900.253,1.545548e-05,0.0,nan,nan,nan
2900.337,1.545336e-05,0.0,nan,nan,nan
2900.422,1.545766e-05,0.0,nan,nan,nan
2900.506,1.545629e-05,0.0,nan,nan,nan
2900.59,1.545374e-05,0.0,nan,nan,nan
2900.676,1.545295e-05,0.0,nan,nan,nan
2900.8,1.545375e-05,0.0,nan,nan,nan
2900.885,1.545399e-05,0.0,nan,nan,nan
2900.968,1.545353e-05,0.0,nan,nan,nan
2901.052,1.545668e-05,0.0,nan,nan,nan
2901.135,1.545651e-05,0.0,nan,nan,nan
2901.219,1.545221e-05,0.0,nan,nan,nan
2901.316,1.545226e-05,0.0,nan,nan,nan
2901.4,1.545323e-05,0.0,nan,nan,nan
2901.483,1.54559e-05,0.0,nan,nan,nan
2901.567,1.545449e-05,0.0,nan,nan,nan
2901.655,1.545375e-05,0.0,nan,nan,nan
2901.75,1.545385e-05,0.0,nan,nan,nan
2901.834,1.545533e-05,0.0,nan,nan,nan
2901.918,1.545618e-05,0.0,nan,nan,nan
2902.001,1.545773e-05,0.0,nan,nan,nan
2902.085,1.545606e-05,0.0,nan,nan,nan
2902.169,1.545594e-05,0.0,nan,nan,nan
2902.252,1.545873e-05,0.0,nan,nan,nan
2902.35,1.545907e-05,0.0,nan,nan,nan
2902.434,1.545676e-05,0.0,nan,nan,nan
2902.518,1.545404e-05,0.0,nan,nan,nan
2902.601,1.54577e-05,0.0,nan,nan,nan
2902.686,1.545382e-05,0.0,nan,nan,nan
2902.77,1.545504e-05,0.0,nan,nan,nan
2902.884,1.545827e-05,0.0,nan,nan,nan
2902.972,1.546098e-05,0.0,nan,nan,nan
2903.056,1.546013e-05,0.0,nan,nan,nan
2903.141,1.545351e-05,0.0,nan,nan,nan
2903.225,1.545479e-05,0.0,nan,nan,nan
2903.309,1.545117e-05,0.0,nan,nan,nan
2903.394,1.545296e-05,0.0,nan,nan,nan
2903.477,1.54534e-05,0.0,nan,nan,nan
2903.583,1.545441e-05,0.0,nan,nan,nan
2903.667,1.545362e-05,0.0,nan,nan,nan
2903.75,1.545526e-05,0.0,nan,nan,nan
2903.834,1.545175e-05,0.0,nan,nan,nan
2903.921,1.545345e-05,0.0,nan,nan,nan
2904.005,1.545028e-05,0.0,nan,nan,nan
2904.088,1.545304e-05,0.0,nan,nan,nan
2904.172,1.545336e-05,0.0,nan,nan,nan
2904.256,1.54483e-05,0.0,nan,nan,nan
2904.339,1.545309e-05,0.0,nan,nan,nan
2904.423,1.54506e-05,0.0,nan,nan,nan
2904.506,1.545376e-05,0.0,nan,nan,nan
2904.599,1.545226e-05,0.0,nan,nan,nan
2904.683,1.545384e-05,0.0,nan,nan,nan
2904.766,1.545317e-05,0.0,nan,nan,nan
2904.85,1.546006e-05,0.0,nan,nan,nan
2904.976,1.545181e-05,0.0,nan,nan,nan
2905.06,1.545448e-05,0.0,nan,nan,nan
2905.143,1.54514e-05,0.0,nan,nan,nan
2905.227,1.545109e-05,0.0,nan,nan,nan
2905.311,1.545238e-05,0.0,nan,nan,nan
2905.418,1.545547e-05,0.0,nan,nan,nan
2905.501,1.545498e-05,0.0,nan,nan,nan
2905.586,1.545707e-05,0.0,nan,nan,nan
2905.67,1.54516e-05,0.0,nan,nan,nan
2905.754,1.545935e-05,0.0,nan,nan,nan
2905.837,1.545536e-05,0.0,nan,nan,nan
2905.921,1.545852e-05,0.0,nan,nan,nan
2906.023,1.545219e-05,0.0,nan,nan,nan
2906.107,1.545521e-05,0.0,nan,nan,nan
2906.191,1.545626e-05,0.0,nan,nan,nan
2906.275,1.545762e-05,0.0,nan,nan,nan
2906.359,1.546168e-05,0.0,nan,nan,nan
2906.443,1.545606e-05,0.0,nan,nan,nan
2906.527,1.545351e-05,0.0,nan,nan,nan
2906.629,1.545151e-05,0.0,nan,nan,nan
2906.713,1.545117e-05,0.0,nan,nan,nan
2906.797,1.545676e-05,0.0,nan,nan,nan
2906.881,1.545642e-05,0.0,nan,nan,nan
2906.965,1.545831e-05,0.0,nan,nan,nan
2907.052,1.545671e-05,0.0,nan,nan,nan
2907.136,1.545566e-05,0.0,nan,nan,nan
2907.247,1.545441e-05,0.0,nan,nan,nan
2907.331,1.545611e-05,0.0,nan,nan,nan
2907.414,1.545561e-05,0.0,nan,nan,nan
2907.498,1.545739e-05,0.0,nan,nan,nan
2907.582,1.544714e-05,0.0,nan,nan,nan
2907.666,1.544966e-05,0.0,nan,nan,nan
2907.749,1.545573e-05,0.0,nan,nan,nan
2907.852,1.545026e-05,0.0,nan,nan,nan
2907.936,1.544939e-05,0.0,nan,nan,nan
2908.024,1.54534e-05,0.0,nan,nan,nan
2908.107,1.545419e-05,0.0,nan,nan,nan
2908.191,1.54536e-05,0.0,nan,nan,nan
2908.295,1.545042e-05,0.0,nan,nan,nan
2908.379,1.545171e-05,0.0,nan,nan,nan
2908.463,1.5453e-05,0.0,nan,nan,nan
2908.547,1.544902e-05,0.0,nan,nan,nan
2908.63,1.545011e-05,0.0,nan,nan,nan
2908.714,1.54521e-05,0.0,nan,nan,nan
2908.798,1.544932e-05,0.0,nan,nan,nan
2908.882,1.545034e-05,0.0,nan,nan,nan
2908.966,1.544954e-05,0.0,nan,nan,nan
2909.049,1.544496e-05,0.0,nan,nan,nan
2909.133,1.544849e-05,0.0,nan,nan,nan
2909.217,1.544766e-05,0.0,nan,nan,nan
2909.301,1.545117e-05,0.0,nan,nan,nan
2909.384,1.544966e-05,0.0,nan,nan,nan
2909.468,1.545101e-05,0.0,nan,nan,nan
2909.551,1.545276e-05,0.0,nan,nan,nan
2909.635,1.545691e-05,0.0,nan,nan,nan
2909.721,1.545408e-05,0.0,nan,nan,nan
2909.805,1.545671e-05,0.0,nan,nan,nan
2909.897,1.545184e-05,0.0,nan,nan,nan
2909.981,1.544872e-05,0.0,nan,nan,nan
2910.066,1.54539e-05,0.0,nan,nan,nan
2910.15,1.545235e-05,0.0,nan,nan,nan
2910.236,1.545148e-05,0.0,nan,nan,nan
2910.32,1.545303e-05,0.0,nan,nan,nan
2910.403,1.545387e-05,0.0,nan,nan,nan
2910.487,1.545207e-05,0.0,nan,nan,nan
2910.571,1.545625e-05,0.0,nan,nan,nan
2910.654,1.545161e-05,0.0,nan,nan,nan
2910.738,1.545208e-05,0.0,nan,nan,nan
2910.822,1.545078e-05,0.0,nan,nan,nan
2910.911,1.545147e-05,0.0,nan,nan,nan
2910.995,1.545398e-05,0.0,nan,nan,nan
2911.078,1.545425e-05,0.0,nan,nan,nan
2911.192,1.545325e-05,0.0,nan,nan,nan
2911.276,1.54503e-05,0.0,nan,nan,nan
2911.36,1.544904e-05,0.0,nan,nan,nan
2911.443,1.544928e-05,0.0,nan,nan,nan
2911.536,1.545238e-05,0.0,nan,nan,nan
2911.62,1.545571e-05,0.0,nan,nan,nan
2911.703,1.545427e-05,0.0,nan,nan,nan
2911.787,1.544981e-05,0.0,nan,nan,nan
2911.871,1.545217e-05,0.0,nan,nan,nan
2911.954,1.545441e-05,0.0,nan,nan,nan
2912.038,1.545495e-05,0.0,nan,nan,nan
2912.13,1.545045e-05,0.0,nan,nan,nan
2912.214,1.545113e-05,0.0,nan,nan,nan
2912.299,1.544821e-05,0.0,nan,nan,nan
2912.383,1.545067e-05,0.0,nan,nan,nan
2912.468,1.544959e-05,0.0,nan,nan,nan
2912.552,1.54456e-05,0.0,nan,nan,nan
2912.636,1.54484e-05,0.0,nan,nan,nan
2912.719,1.545098e-05,0.0,nan,nan,nan
2912.803,1.545357e-05,0.0,nan,nan,nan
2912.887,1.545256e-05,0.0,nan,nan,nan
2912.97,1.545562e-05,0.0,nan,nan,nan
2913.054,1.545431e-05,0.0,nan,nan,nan
2913.144,1.545398e-05,0.0,nan,nan,nan
2913.247,1.545625e-05,0.0,nan,nan,nan
2913.346,1.54535e-05,0.0,nan,nan,nan
2913.43,1.544825e-05,0.0,nan,nan,nan
2913.513,1.545238e-05,0.0,nan,nan,nan
2913.597,1.545699e-05,0.0,nan,nan,nan
2913.681,1.545568e-05,0.0,nan,nan,nan
2913.764,1.54531e-05,0.0,nan,nan,nan
2913.848,1.545401e-05,0.0,nan,nan,nan
2913.931,1.545644e-05,0.0,nan,nan,nan
2914.015,1.545569e-05,0.0,nan,nan,nan
2914.1,1.545178e-05,0.0,nan,nan,nan
2914.184,1.545291e-05,0.0,nan,nan,nan
2914.268,1.545419e-05,0.0,nan,nan,nan
2914.37,1.545244e-05,0.0,nan,nan,nan
2914.454,1.545518e-05,0.0,nan,nan,nan
2914.537,1.545355e-05,0.0,nan,nan,nan
2914.621,1.544839e-05,0.0,nan,nan,nan
2914.705,1.545228e-05,0.0,nan,nan,nan
2914.788,1.545515e-05,0.0,nan,nan,nan
2914.872,1.54504e-05,0.0,nan,nan,nan
2914.956,1.545803e-05,0.0,nan,nan,nan
2915.04,1.545364e-05,0.0,nan,nan,nan
2915.123,1.545305e-05,0.0,nan,nan,nan
2915.209,1.545512e-05,0.0,nan,nan,nan
2915.302,1.545417e-05,0.0,nan,nan,nan
2915.4,1.544885e-05,0.0,nan,nan,nan
2915.483,1.54495e-05,0.0,nan,nan,nan
2915.567,1.544964e-05,0.0,nan,nan,nan
2915.65,1.545242e-05,0.0,nan,nan,nan
2915.734,1.545416e-05,0.0,nan,nan,nan
2915.818,1.545133e-05,0.0,nan,nan,nan
2915.901,1.545424e-05,0.0,nan,nan,nan
2915.984,1.54573e-05,0.0,nan,nan,nan
2916.068,1.545646e-05,0.0,nan,nan,nan
2916.154,1.545652e-05,0.0,nan,nan,nan
2916.241,1.545746e-05,0.0,nan,nan,nan
2916.325,1.545688e-05,0.0,nan,nan,nan
2916.432,1.545656e-05,0.0,nan,nan,nan
2916.516,1.545521e-05,0.0,nan,nan,nan
2916.599,1.545692e-05,0.0,nan,nan,nan
2916.683,1.545606e-05,0.0,nan,nan,nan
2916.767,1.545514e-05,0.0,nan,nan,nan
2916.851,1.545095e-05,0.0,nan,nan,nan
2916.935,1.545836e-05,0.0,nan,nan,nan
2917.039,1.545975e-05,0.0,nan,nan,nan
2917.123,1.545381e-05,0.0,nan,nan,nan
2917.206,1.545487e-05,0.0,nan,nan,nan
2917.29,1.545414e-05,0.0,nan,nan,nan
2917.374,1.545266e-05,0.0,nan,nan,nan
2917.462,1.545395e-05,0.0,nan,nan,nan
2917.545,1.545667e-05,0.0,nan,nan,nan
2917.647,1.545237e-05,0.0,nan,nan,nan
2917.73,1.545738e-05,0.0,nan,nan,nan
2917.814,1.545166e-05,0.0,nan,nan,nan
2917.898,1.54566e-05,0.0,nan,nan,nan
2917.982,1.54552e-05,0.0,nan,nan,nan
2918.08,1.545539e-05,0.0,nan,nan,nan
2918.163,1.54574e-05,0.0,nan,nan,nan
2918.262,1.545517e-05,0.0,nan,nan,nan
2918.346,1.544974e-05,0.0,nan,nan,nan
2918.451,1.545413e-05,0.0,nan,nan,nan
2918.535,1.545467e-05,0.0,nan,nan,nan
2918.618,1.545141e-05,0.0,nan,nan,nan
2918.702,1.544842e-05,0.0,nan,nan,nan
2918.789,1.545686e-05,0.0,nan,nan,nan
2918.876,1.545999e-05,0.0,nan,nan,nan
2918.96,1.545132e-05,0.0,nan,nan,nan
2919.054,1.545525e-05,0.0,nan,nan,nan
2919.137,1.545806e-05,0.0,nan,nan,nan
2919.221,1.545401e-05,0.0,nan,nan,nan
2919.304,1.545185e-05,0.0,nan,nan,nan
2919.406,1.545211e-05,0.0,nan,nan,nan
2919.49,1.544872e-05,0.0,nan,nan,nan
2919.574,1.545418e-05,0.0,nan,nan,nan
2919.658,1.545522e-05,0.0,nan,nan,nan
2919.741,1.545291e-05,0.0,nan,nan,nan
2919.825,1.545747e-05,0.0,nan,nan,nan
2919.918,1.545721e-05,0.0,nan,nan,nan
2920.002,1.545764e-05,0.0,nan,nan,nan
2920.088,1.545577e-05,0.0,nan,nan,nan
2920.172,1.545897e-05,0.0,nan,nan,nan
2920.256,1.545469e-05,0.0,nan,nan,nan
2920.34,1.545293e-05,0.0,nan,nan,nan
2920.424,1.545816e-05,0.0,nan,nan,nan
2920.516,1.54558e-05,0.0,nan,nan,nan
2920.599,1.545559e-05,0.0,nan,nan,nan
2920.684,1.545404e-05,0.0,nan,nan,nan
2920.768,1.545555e-05,0.0,nan,nan,nan
2920.851,1.545712e-05,0.0,nan,nan,nan
2920.937,1.545187e-05,0.0,nan,nan,nan
2921.021,1.545371e-05,0.0,nan,nan,nan
2921.117,1.545376e-05,0.0,nan,nan,nan
2921.201,1.545112e-05,0.0,nan,nan,nan
2921.284,1.545009e-05,0.0,nan,nan,nan
2921.368,1.545109e-05,0.0,nan,nan,nan
2921.471,1.545172e-05,0.0,nan,nan,nan
2921.555,1.54579e-05,0.0,nan,nan,nan
2921.638,1.545089e-05,0.0,nan,nan,nan
2921.729,1.545471e-05,0.0,nan,nan,nan
2921.813,1.544865e-05,0.0,nan,nan,nan
2921.897,1.545383e-05,0.0,nan,nan,nan
2921.98,1.545401e-05,0.0,nan,nan,nan
2922.064,1.545198e-05,0.0,nan,nan,nan
2922.147,1.54499e-05,0.0,nan,nan,nan
2922.231,1.544765e-05,0.0,nan,nan,nan
2922.33,1.545274e-05,0.0,nan,nan,nan
2922.414,1.545221e-05,0.0,nan,nan,nan
2922.497,1.545153e-05,0.0,nan,nan,nan
2922.581,1.544677e-05,0.0,nan,nan,nan
2922.665,1.545283e-05,0.0,nan,nan,nan
2922.755,1.544999e-05,0.0,nan,nan,nan
2922.839,1.545083e-05,0.0,nan,nan,nan
2922.947,1.545006e-05,0.0,nan,nan,nan
2923.031,1.545306e-05,0.0,nan,nan,nan
2923.114,1.54553e-05,0.0,nan,nan,nan
2923.198,1.54516e-05,0.0,nan,nan,nan
2923.282,1.545477e-05,0.0,nan,nan,nan
2923.366,1.545212e-05,0.0,nan,nan,nan
2923.449,1.545439e-05,0.0,nan,nan,nan
2923.542,1.545411e-05,0.0,nan,nan,nan
2923.626,1.545023e-05,0.0,nan,nan,nan
2923.71,1.545385e-05,0.0,nan,nan,nan
2923.793,1.545502e-05,0.0,nan,nan,nan
2923.877,1.545589e-05,0.0,nan,nan,nan
2923.985,1.5457e-05,0.0,nan,nan,nan
2924.069,1.545549e-05,0.0,nan,nan,nan
2924.152,1.545658e-05,0.0,nan,nan,nan
2924.236,1.545541e-05,0.0,nan,nan,nan
2924.319,1.545728e-05,0.0,nan,nan,nan
2924.403,1.545869e-05,0.0,nan,nan,nan
2924.486,1.545451e-05,0.0,nan,nan,nan
2924.579,1.545749e-05,0.0,nan,nan,nan
2924.663,1.545955e-05,0.0,nan,nan,nan
2924.746,1.545733e-05,0.0,nan,nan,nan
2924.83,1.545525e-05,0.0,nan,nan,nan
2924.914,1.545604e-05,0.0,nan,nan,nan
2925.0,1.545664e-05,0.0,nan,nan,nan
2925.084,1.545789e-05,0.0,nan,nan,nan
2925.167,1.545643e-05,0.0,nan,nan,nan
2925.251,1.545603e-05,0.0,nan,nan,nan
2925.334,1.545879e-05,0.0,nan,nan,nan
2925.418,1.545804e-05,0.0,nan,nan,nan
2925.501,1.545536e-05,0.0,nan,nan,nan
2925.605,1.545961e-05,0.0,nan,nan,nan
2925.689,1.545412e-05,0.0,nan,nan,nan
2925.796,1.545164e-05,0.0,nan,nan,nan
2925.88,1.545292e-05,0.0,nan,nan,nan
2925.964,1.545777e-05,0.0,nan,nan,nan
2926.047,1.545745e-05,0.0,nan,nan,nan
2926.131,1.545816e-05,0.0,nan,nan,nan
2926.221,1.54607e-05,0.0,nan,nan,nan
2926.304,1.545917e-05,0.0,nan,nan,nan
2926.388,1.545895e-05,0.0,nan,nan,nan
2926.471,1.545929e-05,0.0,nan,nan,nan
2926.555,1.545854e-05,0.0,nan,nan,nan
2926.639,1.545758e-05,0.0,nan,nan,nan
2926.723,1.545449e-05,0.0,nan,nan,nan
2926.813,1.545638e-05,0.0,nan,nan,nan
2926.897,1.546243e-05,0.0,nan,nan,nan
2926.98,1.546132e-05,0.0,nan,nan,nan
2927.064,1.545766e-05,0.0,nan,nan,nan
2927.148,1.545598e-05,0.0,nan,nan,nan
2927.252,1.545514e-05,0.0,nan,nan,nan
2927.336,1.545714e-05,0.0,nan,nan,nan
2927.419,1.545712e-05,0.0,nan,nan,nan
2927.503,1.545571e-05,0.0,nan,nan,nan
2927.588,1.546117e-05,0.0,nan,nan,nan
2927.674,1.545795e-05,0.0,nan,nan,nan
2927.757,1.545672e-05,0.0,nan,nan,nan
2927.86,1.545661e-05,0.0,nan,nan,nan
2927.944,1.545971e-05,0.0,nan,nan,nan
2928.028,1.545852e-05,0.0,nan,nan,nan
2928.111,1.546562e-05,0.0,nan,nan,nan
2928.195,1.546138e-05,0.0,nan,nan,nan
2928.279,1.545657e-05,0.0,nan,nan,nan
2928.362,1.545668e-05,0.0,nan,nan,nan
2928.447,1.54573e-05,0.0,nan,nan,nan
2928.531,1.545485e-05,0.0,nan,nan,nan
2928.614,1.545607e-05,0.0,nan,nan,nan
2928.698,1.546074e-05,0.0,nan,nan,nan
2928.781,1.545621e-05,0.0,nan,nan,nan
2928.884,1.545673e-05,0.0,nan,nan,nan
2928.967,1.545912e-05,0.0,nan,nan,nan
2929.051,1.545485e-05,0.0,nan,nan,nan
2929.135,1.545583e-05,0.0,nan,nan,nan
2929.218,1.545555e-05,0.0,nan,nan,nan
2929.302,1.54583e-05,0.0,nan,nan,nan
2929.385,1.545736e-05,0.0,nan,nan,nan
2929.469,1.545518e-05,0.0,nan,nan,nan
2929.553,1.545867e-05,0.0,nan,nan,nan
2929.637,1.545746e-05,0.0,nan,nan,nan
2929.756,1.545849e-05,0.0,nan,nan,nan
2929.84,1.545911e-05,0.0,nan,nan,nan
2929.924,1.546137e-05,0.0,nan,nan,nan
2930.008,1.545594e-05,0.0,nan,nan,nan
2930.097,1.545809e-05,0.0,nan,nan,nan
2930.181,1.54546e-05,0.0,nan,nan,nan
2930.264,1.546109e-05,0.0,nan,nan,nan
2930.348,1.545987e-05,0.0,nan,nan,nan
2930.432,1.546027e-05,0.0,nan,nan,nan
2930.515,1.545952e-05,0.0,nan,nan,nan
2930.599,1.545897e-05,0.0,nan,nan,nan
2930.683,1.545811e-05,0.0,nan,nan,nan
2930.766,1.545391e-05,0.0,nan,nan,nan
2930.85,1.545977e-05,0.0,nan,nan,nan
2930.937,1.545789e-05,0.0,nan,nan,nan
2931.021,1.545396e-05,0.0,nan,nan,nan
2931.118,1.545767e-05,0.0,nan,nan,nan
2931.201,1.545523e-05,0.0,nan,nan,nan
2931.302,1.545345e-05,0.0,nan,nan,nan
2931.386,1.545888e-05,0.0,nan,nan,nan
2931.47,1.545013e-05,0.0,nan,nan,nan
2931.554,1.545897e-05,0.0,nan,nan,nan
2931.637,1.545598e-05,0.0,nan,nan,nan
2931.725,1.545611e-05,0.0,nan,nan,nan
2931.818,1.545672e-05,0.0,nan,nan,nan
2931.902,1.54556e-05,0.0,nan,nan,nan
2931.985,1.545476e-05,0.0,nan,nan,nan
2932.069,1.545743e-05,0.0,nan,nan,nan
2932.152,1.545152e-05,0.0,nan,nan,nan
2932.236,1.545431e-05,0.0,nan,nan,nan
2932.333,1.545274e-05,0.0,nan,nan,nan
2932.417,1.545555e-05,0.0,nan,nan,nan
2932.501,1.545962e-05,0.0,nan,nan,nan
2932.584,1.545313e-05,0.0,nan,nan,nan
2932.668,1.545258e-05,0.0,nan,nan,nan
2932.757,1.545705e-05,0.0,nan,nan,nan
2932.841,1.545572e-05,0.0,nan,nan,nan
2932.925,1.545627e-05,0.0,nan,nan,nan
2933.009,1.545869e-05,0.0,nan,nan,nan
2933.092,1.545626e-05,0.0,nan,nan,nan
2933.176,1.545875e-05,0.0,nan,nan,nan
2933.259,1.545704e-05,0.0,nan,nan,nan
2933.35,1.545571e-05,0.0,nan,nan,nan
2933.434,1.545774e-05,0.0,nan,nan,nan
2933.517,1.545735e-05,0.0,nan,nan,nan
2933.601,1.545915e-05,0.0,nan,nan,nan
2933.688,1.545948e-05,0.0,nan,nan,nan
2933.772,1.545496e-05,0.0,nan,nan,nan
2933.884,1.546225e-05,0.0,nan,nan,nan
2933.968,1.54588e-05,0.0,nan,nan,nan
2934.052,1.54597e-05,0.0,nan,nan,nan
2934.136,1.545771e-05,0.0,nan,nan,nan
2934.219,1.545725e-05,0.0,nan,nan,nan
2934.306,1.545202e-05,0.0,nan,nan,nan
2934.401,1.545544e-05,0.0,nan,nan,nan
2934.485,1.545887e-05,0.0,nan,nan,nan
2934.576,1.545706e-05,0.0,nan,nan,nan
2934.66,1.545991e-05,0.0,nan,nan,nan
2934.744,1.545503e-05,0.0,nan,nan,nan
2934.828,1.545577e-05,0.0,nan,nan,nan
2934.912,1.54527e-05,0.0,nan,nan,nan
2934.995,1.54545e-05,0.0,nan,nan,nan
2935.079,1.545706e-05,0.0,nan,nan,nan
2935.162,1.54551e-05,0.0,nan,nan,nan
2935.246,1.545704e-05,0.0,nan,nan,nan
2935.33,1.54535e-05,0.0,nan,nan,nan
2935.414,1.545658e-05,0.0,nan,nan,nan
2935.497,1.54585e-05,0.0,nan,nan,nan
2935.601,1.545537e-05,0.0,nan,nan,nan
2935.685,1.545416e-05,0.0,nan,nan,nan
2935.768,1.545382e-05,0.0,nan,nan,nan
2935.852,1.545627e-05,0.0,nan,nan,nan
2935.955,1.545856e-05,0.0,nan,nan,nan
2936.041,1.545636e-05,0.0,nan,nan,nan
2936.125,1.545792e-05,0.0,nan,nan,nan
2936.209,1.545713e-05,0.0,nan,nan,nan
2936.293,1.546092e-05,0.0,nan,nan,nan
2936.377,1.545747e-05,0.0,nan,nan,nan
2936.461,1.545977e-05,0.0,nan,nan,nan
2936.545,1.546132e-05,0.0,nan,nan,nan
2936.63,1.545963e-05,0.0,nan,nan,nan
2936.714,1.546318e-05,0.0,nan,nan,nan
2936.797,1.545888e-05,0.0,nan,nan,nan
2936.881,1.546043e-05,0.0,nan,nan,nan
2936.965,1.545892e-05,0.0,nan,nan,nan
2937.048,1.546176e-05,0.0,nan,nan,nan
2937.132,1.545758e-05,0.0,nan,nan,nan
2937.215,1.54578e-05,0.0,nan,nan,nan
2937.299,1.545421e-05,0.0,nan,nan,nan
2937.383,1.545567e-05,0.0,nan,nan,nan
2937.467,1.545686e-05,0.0,nan,nan,nan
2937.55,1.545522e-05,0.0,nan,nan,nan
2937.635,1.545423e-05,0.0,nan,nan,nan
2937.718,1.545977e-05,0.0,nan,nan,nan
2937.802,1.545725e-05,0.0,nan,nan,nan
2937.886,1.545871e-05,0.0,nan,nan,nan
2937.969,1.546051e-05,0.0,nan,nan,nan
2938.061,1.545591e-05,0.0,nan,nan,nan
2938.144,1.545518e-05,0.0,nan,nan,nan
2938.228,1.54576e-05,0.0,nan,nan,nan
2938.312,1.54531e-05,0.0,nan,nan,nan
2938.396,1.545134e-05,0.0,nan,nan,nan
2938.479,1.545774e-05,0.0,nan,nan,nan
2938.563,1.545842e-05,0.0,nan,nan,nan
2938.647,1.545623e-05,0.0,nan,nan,nan
2938.731,1.545756e-05,0.0,nan,nan,nan
2938.815,1.54555e-05,0.0,nan,nan,nan
2938.898,1.545524e-05,0.0,nan,nan,nan
2938.982,1.545401e-05,0.0,nan,nan,nan
2939.097,1.545534e-05,0.0,nan,nan,nan
2939.181,1.545779e-05,0.0,nan,nan,nan
2939.272,1.545377e-05,0.0,nan,nan,nan
2939.355,1.545676e-05,0.0,nan,nan,nan
2939.439,1.545457e-05,0.0,nan,nan,nan
2939.523,1.545586e-05,0.0,nan,nan,nan
2939.607,1.545615e-05,0.0,nan,nan,nan
2939.697,1.54596e-05,0.0,nan,nan,nan
2939.781,1.545829e-05,0.0,nan,nan,nan
2939.864,1.545657e-05,0.0,nan,nan,nan
2939.948,1.545373e-05,0.0,nan,nan,nan
2940.032,1.545455e-05,0.0,nan,nan,nan
2940.13,1.545472e-05,0.0,nan,nan,nan
2940.214,1.545631e-05,0.0,nan,nan,nan
2940.299,1.545359e-05,0.0,nan,nan,nan
2940.383,1.54559e-05,0.0,nan,nan,nan
2940.467,1.545738e-05,0.0,nan,nan,nan
2940.551,1.545632e-05,0.0,nan,nan,nan
2940.634,1.545636e-05,0.0,nan,nan,nan
2940.742,1.545736e-05,0.0,nan,nan,nan
2940.826,1.545399e-05,0.0,nan,nan,nan
2940.927,1.545497e-05,0.0,nan,nan,nan
2941.011,1.545771e-05,0.0,nan,nan,nan
2941.095,1.545597e-05,0.0,nan,nan,nan
2941.179,1.545779e-05,0.0,nan,nan,nan
2941.263,1.545982e-05,0.0,nan,nan,nan
2941.347,1.545716e-05,0.0,nan,nan,nan
2941.43,1.545662e-05,0.0,nan,nan,nan
2941.524,1.545542e-05,0.0,nan,nan,nan
2941.608,1.545751e-05,0.0,nan,nan,nan
2941.693,1.545974e-05,0.0,nan,nan,nan
2941.777,1.545105e-05,0.0,nan,nan,nan
2941.862,1.545371e-05,0.0,nan,nan,nan
2941.946,1.545334e-05,0.0,nan,nan,nan
2942.03,1.545409e-05,0.0,nan,nan,nan
2942.113,1.545684e-05,0.0,nan,nan,nan
2942.202,1.545727e-05,0.0,nan,nan,nan
2942.285,1.545736e-05,0.0,nan,nan,nan
2942.369,1.54595e-05,0.0,nan,nan,nan
2942.453,1.545716e-05,0.0,nan,nan,nan
2942.543,1.54584e-05,0.0,nan,nan,nan
2942.627,1.545947e-05,0.0,nan,nan,nan
2942.71,1.545675e-05,0.0,nan,nan,nan
2942.794,1.545575e-05,0.0,nan,nan,nan
2942.878,1.545571e-05,0.0,nan,nan,nan
2942.962,1.545531e-05,0.0,nan,nan,nan
2943.045,1.545627e-05,0.0,nan,nan,nan
2943.132,1.545495e-05,0.0,nan,nan,nan
2943.216,1.545962e-05,0.0,nan,nan,nan
2943.299,1.54551e-05,0.0,nan,nan,nan
2943.383,1.545844e-05,0.0,nan,nan,nan
2943.467,1.545764e-05,0.0,nan,nan,nan
2943.55,1.545987e-05,0.0,nan,nan,nan
2943.634,1.545051e-05,0.0,nan,nan,nan
2943.719,1.545365e-05,0.0,nan,nan,nan
2943.803,1.545546e-05,0.0,nan,nan,nan
2943.886,1.545469e-05,0.0,nan,nan,nan
2943.97,1.544965e-05,0.0,nan,nan,nan
2944.053,1.545204e-05,0.0,nan,nan,nan
2944.137,1.5455e-05,0.0,nan,nan,nan
2944.236,1.545635e-05,0.0,nan,nan,nan
2944.322,1.545453e-05,0.0,nan,nan,nan
2944.406,1.545846e-05,0.0,nan,nan,nan
2944.49,1.54576e-05,0.0,nan,nan,nan
2944.6,1.545383e-05,0.0,nan,nan,nan
2944.684,1.545131e-05,0.0,nan,nan,nan
2944.767,1.545197e-05,0.0,nan,nan,nan
2944.851,1.545228e-05,0.0,nan,nan,nan
2944.937,1.545314e-05,0.0,nan,nan,nan
2945.021,1.545342e-05,0.0,nan,nan,nan
2945.104,1.545189e-05,0.0,nan,nan,nan
2945.188,1.545357e-05,0.0,nan,nan,nan
2945.271,1.545494e-05,0.0,nan,nan,nan
2945.355,1.54543e-05,0.0,nan,nan,nan
2945.441,1.545891e-05,0.0,nan,nan,nan
2945.525,1.54539e-05,0.0,nan,nan,nan
2945.631,1.54507e-05,0.0,nan,nan,nan
2945.714,1.545639e-05,0.0,nan,nan,nan
2945.798,1.545637e-05,0.0,nan,nan,nan
2945.882,1.545526e-05,0.0,nan,nan,nan
2945.967,1.545149e-05,0.0,nan,nan,nan
2946.051,1.545249e-05,0.0,nan,nan,nan
2946.135,1.545219e-05,0.0,nan,nan,nan
2946.218,1.545336e-05,0.0,nan,nan,nan
2946.317,1.545187e-05,0.0,nan,nan,nan
2946.401,1.545241e-05,0.0,nan,nan,nan
2946.484,1.545284e-05,0.0,nan,nan,nan
2946.572,1.545477e-05,0.0,nan,nan,nan
2946.657,1.54506e-05,0.0,nan,nan,nan
2946.741,1.545004e-05,0.0,nan,nan,nan
2946.824,1.54557e-05,0.0,nan,nan,nan
2946.908,1.545023e-05,0.0,nan,nan,nan
2946.992,1.545081e-05,0.0,nan,nan,nan
2947.075,1.545287e-05,0.0,nan,nan,nan
2947.159,1.545543e-05,0.0,nan,nan,nan
2947.262,1.545447e-05,0.0,nan,nan,nan
2947.346,1.544925e-05,0.0,nan,nan,nan
2947.43,1.545548e-05,0.0,nan,nan,nan
2947.514,1.545829e-05,0.0,nan,nan,nan
2947.597,1.545939e-05,0.0,nan,nan,nan
2947.682,1.545866e-05,0.0,nan,nan,nan
2947.766,1.545637e-05,0.0,nan,nan,nan
2947.86,1.545502e-05,0.0,nan,nan,nan
2947.944,1.545693e-05,0.0,nan,nan,nan
2948.028,1.54549e-05,0.0,nan,nan,nan
2948.112,1.545387e-05,0.0,nan,nan,nan
2948.196,1.545581e-05,0.0,nan,nan,nan
2948.286,1.545523e-05,0.0,nan,nan,nan
2948.395,1.545842e-05,0.0,nan,nan,nan
2948.478,1.545621e-05,0.0,nan,nan,nan
2948.562,1.545546e-05,0.0,nan,nan,nan
2948.647,1.545403e-05,0.0,nan,nan,nan
2948.731,1.545532e-05,0.0,nan,nan,nan
2948.814,1.545551e-05,0.0,nan,nan,nan
2948.898,1.545233e-05,0.0,nan,nan,nan
2948.982,1.54561e-05,0.0,nan,nan,nan
2949.08,1.545733e-05,0.0,nan,nan,nan
2949.163,1.545109e-05,0.0,nan,nan,nan
2949.247,1.545347e-05,0.0,nan,nan,nan
2949.33,1.545358e-05,0.0,nan,nan,nan
2949.414,1.545823e-05,0.0,nan,nan,nan
2949.506,1.545613e-05,0.0,nan,nan,nan
2949.59,1.545864e-05,0.0,nan,nan,nan
2949.673,1.545686e-05,0.0,nan,nan,nan
2949.757,1.545535e-05,0.0,nan,nan,nan
2949.841,1.545381e-05,0.0,nan,nan,nan
2949.924,1.545814e-05,0.0,nan,nan,nan
2950.008,1.545636e-05,0.0,nan,nan,nan
2950.1,1.545466e-05,0.0,nan,nan,nan
2950.183,1.54557e-05,0.0,nan,nan,nan
2950.268,1.545057e-05,0.0,nan,nan,nan
2950.351,1.545725e-05,0.0,nan,nan,nan
2950.466,1.545904e-05,0.0,nan,nan,nan
2950.55,1.545735e-05,0.0,nan,nan,nan
2950.634,1.545778e-05,0.0,nan,nan,nan
2950.738,1.545589e-05,0.0,nan,nan,nan
2950.822,1.545502e-05,0.0,nan,nan,nan
2950.909,1.545035e-05,0.0,nan,nan,nan
2950.992,1.545366e-05,0.0,nan,nan,nan
2951.076,1.545364e-05,0.0,nan,nan,nan
2951.162,1.545382e-05,0.0,nan,nan,nan
2951.246,1.545092e-05,0.0,nan,nan,nan
2951.335,1.544834e-05,0.0,nan,nan,nan
2951.418,1.545399e-05,0.0,nan,nan,nan
2951.503,1.545546e-05,0.0,nan,nan,nan
2951.586,1.544838e-05,0.0,nan,nan,nan
2951.671,1.545555e-05,0.0,nan,nan,nan
2951.756,1.545559e-05,0.0,nan,nan,nan
2951.839,1.545454e-05,0.0,nan,nan,nan
2951.925,1.545162e-05,0.0,nan,nan,nan
2952.009,1.545079e-05,0.0,nan,nan,nan
2952.092,1.545052e-05,0.0,nan,nan,nan
2952.176,1.544947e-05,0.0,nan,nan,nan
2952.259,1.545187e-05,0.0,nan,nan,nan
2952.347,1.544891e-05,0.0,nan,nan,nan
2952.431,1.544695e-05,0.0,nan,nan,nan
2952.532,1.545132e-05,0.0,nan,nan,nan
2952.616,1.544977e-05,0.0,nan,nan,nan
2952.7,1.54498e-05,0.0,nan,nan,nan
2952.783,1.545305e-05,0.0,nan,nan,nan
2952.867,1.54548e-05,0.0,nan,nan,nan
2952.955,1.545518e-05,0.0,nan,nan,nan
2953.039,1.545429e-05,0.0,nan,nan,nan
2953.122,1.545414e-05,0.0,nan,nan,nan
2953.206,1.544734e-05,0.0,nan,nan,nan
2953.289,1.545e-05,0.0,nan,nan,nan
2953.374,1.544428e-05,0.0,nan,nan,nan
2953.457,1.544857e-05,0.0,nan,nan,nan
2953.559,1.545115e-05,0.0,nan,nan,nan
2953.642,1.544907e-05,0.0,nan,nan,nan
2953.726,1.544821e-05,0.0,nan,nan,nan
2953.809,1.545122e-05,0.0,nan,nan,nan
2953.893,1.545126e-05,0.0,nan,nan,nan
2953.977,1.545127e-05,0.0,nan,nan,nan
2954.06,1.545353e-05,0.0,nan,nan,nan
2954.144,1.545466e-05,0.0,nan,nan,nan
2954.228,1.54551e-05,0.0,nan,nan,nan
2954.311,1.544938e-05,0.0,nan,nan,nan
2954.397,1.544926e-05,0.0,nan,nan,nan
2954.481,1.545079e-05,0.0,nan,nan,nan
2954.603,1.545229e-05,0.0,nan,nan,nan
2954.687,1.545077e-05,0.0,nan,nan,nan
2954.785,1.544896e-05,0.0,nan,nan,nan
2954.868,1.545335e-05,0.0,nan,nan,nan
2954.952,1.545373e-05,0.0,nan,nan,nan
2955.035,1.545149e-05,0.0,nan,nan,nan
2955.124,1.545649e-05,0.0,nan,nan,nan
2955.209,1.545348e-05,0.0,nan,nan,nan
2955.293,1.545693e-05,0.0,nan,nan,nan
2955.399,1.545341e-05,0.0,nan,nan,nan
2955.483,1.545662e-05,0.0,nan,nan,nan
2955.568,1.545698e-05,0.0,nan,nan,nan
2955.651,1.544951e-05,0.0,nan,nan,nan
2955.736,1.544907e-05,0.0,nan,nan,nan
2955.82,1.545033e-05,0.0,nan,nan,nan
2955.903,1.545158e-05,0.0,nan,nan,nan
2955.987,1.545356e-05,0.0,nan,nan,nan
2956.07,1.545308e-05,0.0,nan,nan,nan
2956.157,1.545424e-05,0.0,nan,nan,nan
2956.241,1.545328e-05,0.0,nan,nan,nan
2956.324,1.545732e-05,0.0,nan,nan,nan
2956.421,1.545495e-05,0.0,nan,nan,nan
2956.505,1.54578e-05,0.0,nan,nan,nan
2956.592,1.545569e-05,0.0,nan,nan,nan
2956.685,1.546058e-05,0.0,nan,nan,nan
2956.768,1.545966e-05,0.0,nan,nan,nan
2956.852,1.545618e-05,0.0,nan,nan,nan
2956.935,1.545286e-05,0.0,nan,nan,nan
2957.035,1.54572e-05,0.0,nan,nan,nan
2957.118,1.545189e-05,0.0,nan,nan,nan
2957.202,1.545519e-05,0.0,nan,nan,nan
2957.285,1.545268e-05,0.0,nan,nan,nan
2957.372,1.54573e-05,0.0,nan,nan,nan
2957.455,1.545716e-05,0.0,nan,nan,nan
2957.539,1.545664e-05,0.0,nan,nan,nan
2957.624,1.545978e-05,0.0,nan,nan,nan
2957.707,1.545601e-05,0.0,nan,nan,nan
2957.791,1.545731e-05,0.0,nan,nan,nan
2957.874,1.545633e-05,0.0,nan,nan,nan
2957.958,1.545358e-05,0.0,nan,nan,nan
2958.056,1.545497e-05,0.0,nan,nan,nan
2958.14,1.545271e-05,0.0,nan,nan,nan
2958.226,1.545548e-05,0.0,nan,nan,nan
2958.309,1.545084e-05,0.0,nan,nan,nan
2958.393,1.545126e-05,0.0,nan,nan,nan
2958.477,1.54558e-05,0.0,nan,nan,nan
2958.561,1.545639e-05,0.0,nan,nan,nan
2958.644,1.545281e-05,0.0,nan,nan,nan
2958.751,1.545395e-05,0.0,nan,nan,nan
2958.834,1.545273e-05,0.0,nan,nan,nan
2958.918,1.545269e-05,0.0,nan,nan,nan
2959.005,1.545509e-05,0.0,nan,nan,nan
2959.107,1.545442e-05,0.0,nan,nan,nan
2959.19,1.545542e-05,0.0,nan,nan,nan
2959.301,1.545605e-05,0.0,nan,nan,nan
2959.385,1.545585e-05,0.0,nan,nan,nan
2959.468,1.545255e-05,0.0,nan,nan,nan
2959.552,1.545407e-05,0.0,nan,nan,nan
2959.636,1.54559e-05,0.0,nan,nan,nan
2959.719,1.544895e-05,0.0,nan,nan,nan
2959.803,1.545098e-05,0.0,nan,nan,nan
2959.89,1.544767e-05,0.0,nan,nan,nan
2959.974,1.545675e-05,0.0,nan,nan,nan
2960.057,1.545326e-05,0.0,nan,nan,nan
2960.141,1.545483e-05,0.0,nan,nan,nan
2960.225,1.545571e-05,0.0,nan,nan,nan
2960.317,1.544967e-05,0.0,nan,nan,nan
2960.4,1.545392e-05,0.0,nan,nan,nan
2960.485,1.545496e-05,0.0,nan,nan,nan
2960.568,1.545843e-05,0.0,nan,nan,nan
2960.656,1.545812e-05,0.0,nan,nan,nan
2960.74,1.545419e-05,0.0,nan,nan,nan
2960.826,1.545587e-05,0.0,nan,nan,nan
2960.927,1.545708e-05,0.0,nan,nan,nan
2961.011,1.545781e-05,0.0,nan,nan,nan
2961.094,1.546009e-05,0.0,nan,nan,nan
2961.178,1.545431e-05,0.0,nan,nan,nan
2961.262,1.545281e-05,0.0,nan,nan,nan
2961.345,1.545233e-05,0.0,nan,nan,nan
2961.429,1.545802e-05,0.0,nan,nan,nan
2961.535,1.545687e-05,0.0,nan,nan,nan
2961.619,1.545736e-05,0.0,nan,nan,nan
2961.703,1.54578e-05,0.0,nan,nan,nan
2961.787,1.545946e-05,0.0,nan,nan,nan
2961.87,1.545217e-05,0.0,nan,nan,nan
2961.969,1.54529e-05,0.0,nan,nan,nan
2962.053,1.545414e-05,0.0,nan,nan,nan
2962.143,1.5455e-05,0.0,nan,nan,nan
2962.227,1.545568e-05,0.0,nan,nan,nan
2962.31,1.545408e-05,0.0,nan,nan,nan
2962.394,1.545882e-05,0.0,nan,nan,nan
2962.477,1.545443e-05,0.0,nan,nan,nan
2962.561,1.545551e-05,0.0,nan,nan,nan
2962.644,1.545365e-05,0.0,nan,nan,nan
2962.728,1.545272e-05,0.0,nan,nan,nan
2962.812,1.545058e-05,0.0,nan,nan,nan
2962.896,1.545051e-05,0.0,nan,nan,nan
2962.979,1.545127e-05,0.0,nan,nan,nan
2963.063,1.545165e-05,0.0,nan,nan,nan
2963.147,1.544868e-05,0.0,nan,nan,nan
2963.23,1.545499e-05,0.0,nan,nan,nan
2963.314,1.545163e-05,0.0,nan,nan,nan
2963.398,1.545379e-05,0.0,nan,nan,nan
2963.481,1.545063e-05,0.0,nan,nan,nan
2963.578,1.544926e-05,0.0,nan,nan,nan
2963.662,1.545424e-05,0.0,nan,nan,nan
2963.745,1.545425e-05,0.0,nan,nan,nan
2963.829,1.545071e-05,0.0,nan,nan,nan
2963.913,1.545607e-05,0.0,nan,nan,nan
2963.998,1.545074e-05,0.0,nan,nan,nan
2964.082,1.545105e-05,0.0,nan,nan,nan
2964.166,1.545746e-05,0.0,nan,nan,nan
2964.25,1.545588e-05,0.0,nan,nan,nan
2964.335,1.54555e-05,0.0,nan,nan,nan
2964.418,1.545683e-05,0.0,nan,nan,nan
2964.502,1.545296e-05,0.0,nan,nan,nan
2964.591,1.545757e-05,0.0,nan,nan,nan
2964.674,1.54576e-05,0.0,nan,nan,nan
2964.759,1.545631e-05,0.0,nan,nan,nan
2964.843,1.545511e-05,0.0,nan,nan,nan
2964.935,1.545422e-05,0.0,nan,nan,nan
2965.019,1.545514e-05,0.0,nan,nan,nan
2965.103,1.545613e-05,0.0,nan,nan,nan
2965.186,1.545531e-05,0.0,nan,nan,nan
2965.27,1.545189e-05,0.0,nan,nan,nan
2965.354,1.545305e-05,0.0,nan,nan,nan
2965.438,1.545374e-05,0.0,nan,nan,nan
2965.521,1.545367e-05,0.0,nan,nan,nan
2965.635,1.545444e-05,0.0,nan,nan,nan
2965.719,1.545543e-05,0.0,nan,nan,nan
2965.802,1.545536e-05,0.0,nan,nan,nan
2965.886,1.545325e-05,0.0,nan,nan,nan
2965.969,1.545252e-05,0.0,nan,nan,nan
2966.053,1.545579e-05,0.0,nan,nan,nan
2966.137,1.545388e-05,0.0,nan,nan,nan
2966.232,1.545319e-05,0.0,nan,nan,nan
2966.316,1.545323e-05,0.0,nan,nan,nan
2966.401,1.545507e-05,0.0,nan,nan,nan
2966.484,1.545065e-05,0.0,nan,nan,nan
2966.569,1.545076e-05,0.0,nan,nan,nan
2966.652,1.54505e-05,0.0,nan,nan,nan
2966.735,1.545034e-05,0.0,nan,nan,nan
2966.826,1.54527e-05,0.0,nan,nan,nan
2966.91,1.545608e-05,0.0,nan,nan,nan
2967.002,1.54568e-05,0.0,nan,nan,nan
2967.085,1.545579e-05,0.0,nan,nan,nan
2967.169,1.545367e-05,0.0,nan,nan,nan
2967.253,1.545453e-05,0.0,nan,nan,nan
2967.337,1.545505e-05,0.0,nan,nan,nan
2967.422,1.545464e-05,0.0,nan,nan,nan
2967.505,1.545227e-05,0.0,nan,nan,nan
2967.589,1.545092e-05,0.0,nan,nan,nan
2967.673,1.545306e-05,0.0,nan,nan,nan
2967.757,1.544949e-05,0.0,nan,nan,nan
2967.848,1.545319e-05,0.0,nan,nan,nan
2967.932,1.545459e-05,0.0,nan,nan,nan
2968.015,1.545506e-05,0.0,nan,nan,nan
2968.099,1.546019e-05,0.0,nan,nan,nan
2968.182,1.545052e-05,0.0,nan,nan,nan
2968.266,1.545133e-05,0.0,nan,nan,nan
2968.35,1.545255e-05,0.0,nan,nan,nan
2968.433,1.545424e-05,0.0,nan,nan,nan
2968.517,1.545091e-05,0.0,nan,nan,nan
2968.603,1.545487e-05,0.0,nan,nan,nan
2968.689,1.545334e-05,0.0,nan,nan,nan
2968.773,1.545421e-05,0.0,nan,nan,nan
2968.875,1.545369e-05,0.0,nan,nan,nan
2968.959,1.545267e-05,0.0,nan,nan,nan
2969.053,1.544699e-05,0.0,nan,nan,nan
2969.136,1.545171e-05,0.0,nan,nan,nan
2969.223,1.544963e-05,0.0,nan,nan,nan
2969.307,1.544896e-05,0.0,nan,nan,nan
2969.39,1.544647e-05,0.0,nan,nan,nan
2969.474,1.545201e-05,0.0,nan,nan,nan
2969.558,1.544996e-05,0.0,nan,nan,nan
2969.642,1.545217e-05,0.0,nan,nan,nan
2969.725,1.544926e-05,0.0,nan,nan,nan
2969.809,1.545001e-05,0.0,nan,nan,nan
2969.901,1.545204e-05,0.0,nan,nan,nan
2969.984,1.545572e-05,0.0,nan,nan,nan
2970.084,1.545277e-05,0.0,nan,nan,nan
2970.168,1.545623e-05,0.0,nan,nan,nan
2970.251,1.545268e-05,0.0,nan,nan,nan
2970.335,1.545255e-05,0.0,nan,nan,nan
2970.42,1.545558e-05,0.0,nan,nan,nan
2970.509,1.545331e-05,0.0,nan,nan,nan
2970.592,1.545298e-05,0.0,nan,nan,nan
2970.699,1.545272e-05,0.0,nan,nan,nan
2970.783,1.54535e-05,0.0,nan,nan,nan
2970.866,1.544915e-05,0.0,nan,nan,nan
2970.95,1.545425e-05,0.0,nan,nan,nan
2971.033,1.54522e-05,0.0,nan,nan,nan
2971.16,1.545342e-05,0.0,nan,nan,nan
2971.244,1.545313e-05,0.0,nan,nan,nan
2971.328,1.545659e-05,0.0,nan,nan,nan
2971.411,1.545678e-05,0.0,nan,nan,nan
2971.499,1.545384e-05,0.0,nan,nan,nan
2971.583,1.545648e-05,0.0,nan,nan,nan
2971.666,1.545271e-05,0.0,nan,nan,nan
2971.75,1.545661e-05,0.0,nan,nan,nan
2971.833,1.545165e-05,0.0,nan,nan,nan
2971.927,1.545394e-05,0.0,nan,nan,nan
2972.011,1.54544e-05,0.0,nan,nan,nan
2972.115,1.545574e-05,0.0,nan,nan,nan
2972.199,1.545402e-05,0.0,nan,nan,nan
2972.283,1.544908e-05,0.0,nan,nan,nan
2972.367,1.545028e-05,0.0,nan,nan,nan
2972.451,1.545294e-05,0.0,nan,nan,nan
2972.534,1.545586e-05,0.0,nan,nan,nan
2972.618,1.545241e-05,0.0,nan,nan,nan
2972.701,1.545436e-05,0.0,nan,nan,nan
2972.785,1.545377e-05,0.0,nan,nan,nan
2972.868,1.545362e-05,0.0,nan,nan,nan
2972.952,1.545461e-05,0.0,nan,nan,nan
2973.035,1.545506e-05,0.0,nan,nan,nan
2973.137,1.545331e-05,0.0,nan,nan,nan
2973.221,1.545449e-05,0.0,nan,nan,nan
2973.308,1.545015e-05,0.0,nan,nan,nan
2973.391,1.545287e-05,0.0,nan,nan,nan
2973.475,1.544864e-05,0.0,nan,nan,nan
2973.559,1.544978e-05,0.0,nan,nan,nan
2973.642,1.545048e-05,0.0,nan,nan,nan
2973.734,1.544867e-05,0.0,nan,nan,nan
2973.817,1.545238e-05,0.0,nan,nan,nan
2973.904,1.54556e-05,0.0,nan,nan,nan
2973.988,1.54534e-05,0.0,nan,nan,nan
2974.071,1.544783e-05,0.0,nan,nan,nan
2974.156,1.545136e-05,0.0,nan,nan,nan
2974.24,1.544997e-05,0.0,nan,nan,nan
2974.324,1.545217e-05,0.0,nan,nan,nan
2974.407,1.544442e-05,0.0,nan,nan,nan
2974.492,1.544909e-05,0.0,nan,nan,nan
2974.575,1.544652e-05,0.0,nan,nan,nan
2974.659,1.544906e-05,0.0,nan,nan,nan
2974.743,1.544954e-05,0.0,nan,nan,nan
2974.827,1.545035e-05,0.0,nan,nan,nan
2974.91,1.545209e-05,0.0,nan,nan,nan
2974.994,1.545217e-05,0.0,nan,nan,nan
2975.077,1.545027e-05,0.0,nan,nan,nan
2975.161,1.545384e-05,0.0,nan,nan,nan
2975.244,1.545381e-05,0.0,nan,nan,nan
2975.35,1.544944e-05,0.0,nan,nan,nan
2975.438,1.544873e-05,0.0,nan,nan,nan
2975.523,1.544963e-05,0.0,nan,nan,nan
2975.606,1.545266e-05,0.0,nan,nan,nan
2975.69,1.545449e-05,0.0,nan,nan,nan
2975.8,1.545555e-05,0.0,nan,nan,nan
2975.883,1.544987e-05,0.0,nan,nan,nan
2975.967,1.54527e-05,0.0,nan,nan,nan
2976.051,1.545051e-05,0.0,nan,nan,nan
2976.136,1.544838e-05,0.0,nan,nan,nan
2976.243,1.545265e-05,0.0,nan,nan,nan
2976.327,1.545005e-05,0.0,nan,nan,nan
2976.422,1.545313e-05,0.0,nan,nan,nan
2976.506,1.544993e-05,0.0,nan,nan,nan
2976.595,1.545257e-05,0.0,nan,nan,nan
2976.679,1.545417e-05,0.0,nan,nan,nan
2976.763,1.545081e-05,0.0,nan,nan,nan
2976.846,1.544857e-05,0.0,nan,nan,nan
2976.93,1.54495e-05,0.0,nan,nan,nan
2977.015,1.545009e-05,0.0,nan,nan,nan
2977.099,1.544895e-05,0.0,nan,nan,nan
2977.182,1.545233e-05,0.0,nan,nan,nan
2977.266,1.545125e-05,0.0,nan,nan,nan
2977.349,1.544898e-05,0.0,nan,nan,nan
2977.434,1.545096e-05,0.0,nan,nan,nan
2977.517,1.545391e-05,0.0,nan,nan,nan
2977.619,1.545334e-05,0.0,nan,nan,nan
2977.702,1.545469e-05,0.0,nan,nan,nan
2977.786,1.545667e-05,0.0,nan,nan,nan
2977.87,1.545468e-05,0.0,nan,nan,nan
2977.953,1.545122e-05,0.0,nan,nan,nan
2978.037,1.545295e-05,0.0,nan,nan,nan
2978.121,1.545386e-05,0.0,nan,nan,nan
2978.204,1.545126e-05,0.0,nan,nan,nan
2978.288,1.544883e-05,0.0,nan,nan,nan
2978.372,1.545109e-05,0.0,nan,nan,nan
2978.484,1.545431e-05,0.0,nan,nan,nan
2978.569,1.545252e-05,0.0,nan,nan,nan
2978.677,1.545336e-05,0.0,nan,nan,nan
2978.761,1.544944e-05,0.0,nan,nan,nan
2978.856,1.545432e-05,0.0,nan,nan,nan
2978.939,1.545456e-05,0.0,nan,nan,nan
2979.032,1.545629e-05,0.0,nan,nan,nan
2979.116,1.545842e-05,0.0,nan,nan,nan
2979.199,1.545403e-05,0.0,nan,nan,nan
2979.283,1.545708e-05,0.0,nan,nan,nan
2979.367,1.545409e-05,0.0,nan,nan,nan
2979.466,1.54528e-05,0.0,nan,nan,nan
2979.55,1.545004e-05,0.0,nan,nan,nan
2979.641,1.545289e-05,0.0,nan,nan,nan
2979.725,1.545098e-05,0.0,nan,nan,nan
2979.808,1.545033e-05,0.0,nan,nan,nan
2979.892,1.545192e-05,0.0,nan,nan,nan
2979.975,1.545022e-05,0.0,nan,nan,nan
2980.061,1.545018e-05,0.0,nan,nan,nan
2980.144,1.545078e-05,0.0,nan,nan,nan
2980.228,1.545252e-05,0.0,nan,nan,nan
2980.311,1.54531e-05,0.0,nan,nan,nan
2980.395,1.545047e-05,0.0,nan,nan,nan
2980.489,1.545279e-05,0.0,nan,nan,nan
2980.573,1.545315e-05,0.0,nan,nan,nan
2980.657,1.544963e-05,0.0,nan,nan,nan
2980.741,1.545195e-05,0.0,nan,nan,nan
2980.824,1.545216e-05,0.0,nan,nan,nan
2980.909,1.545383e-05,0.0,nan,nan,nan
2980.992,1.544983e-05,0.0,nan,nan,nan
2981.083,1.54533e-05,0.0,nan,nan,nan
2981.167,1.54518e-05,0.0,nan,nan,nan
2981.253,1.545386e-05,0.0,nan,nan,nan
2981.336,1.545233e-05,0.0,nan,nan,nan
2981.422,1.545352e-05,0.0,nan,nan,nan
2981.506,1.545991e-05,0.0,nan,nan,nan
2981.591,1.5455e-05,0.0,nan,nan,nan
2981.675,1.544948e-05,0.0,nan,nan,nan
2981.759,1.544777e-05,0.0,nan,nan,nan
2981.843,1.544779e-05,0.0,nan,nan,nan
2981.928,1.545265e-05,0.0,nan,nan,nan
2982.012,1.545398e-05,0.0,nan,nan,nan
2982.116,1.54439e-05,0.0,nan,nan,nan
2982.199,1.544789e-05,0.0,nan,nan,nan
2982.283,1.545405e-05,0.0,nan,nan,nan
2982.367,1.545526e-05,0.0,nan,nan,nan
2982.45,1.545099e-05,0.0,nan,nan,nan
2982.534,1.545213e-05,0.0,nan,nan,nan
2982.618,1.545245e-05,0.0,nan,nan,nan
2982.701,1.545423e-05,0.0,nan,nan,nan
2982.785,1.545426e-05,0.0,nan,nan,nan
2982.868,1.545525e-05,0.0,nan,nan,nan
2982.951,1.545369e-05,0.0,nan,nan,nan
2983.035,1.545481e-05,0.0,nan,nan,nan
2983.13,1.545079e-05,0.0,nan,nan,nan
2983.213,1.54523e-05,0.0,nan,nan,nan
2983.297,1.5453e-05,0.0,nan,nan,nan
2983.381,1.545767e-05,0.0,nan,nan,nan
2983.467,1.545535e-05,0.0,nan,nan,nan
2983.556,1.545503e-05,0.0,nan,nan,nan
2983.64,1.54498e-05,0.0,nan,nan,nan
2983.724,1.545723e-05,0.0,nan,nan,nan
2983.808,1.545122e-05,0.0,nan,nan,nan
2983.891,1.545207e-05,0.0,nan,nan,nan
2983.975,1.545479e-05,0.0,nan,nan,nan
2984.059,1.545364e-05,0.0,nan,nan,nan
2984.156,1.545486e-05,0.0,nan,nan,nan
2984.239,1.545585e-05,0.0,nan,nan,nan
2984.324,1.545501e-05,0.0,nan,nan,nan
2984.407,1.545876e-05,0.0,nan,nan,nan
2984.492,1.545655e-05,0.0,nan,nan,nan
2984.576,1.545434e-05,0.0,nan,nan,nan
2984.659,1.545349e-05,0.0,nan,nan,nan
2984.743,1.545585e-05,0.0,nan,nan,nan
2984.827,1.545484e-05,0.0,nan,nan,nan
2984.91,1.545568e-05,0.0,nan,nan,nan
2984.994,1.545588e-05,0.0,nan,nan,nan
2985.077,1.545132e-05,0.0,nan,nan,nan
2985.178,1.545484e-05,0.0,nan,nan,nan
2985.261,1.545527e-05,0.0,nan,nan,nan
2985.346,1.545595e-05,0.0,nan,nan,nan
2985.43,1.545696e-05,0.0,nan,nan,nan
2985.514,1.545445e-05,0.0,nan,nan,nan
2985.601,1.544942e-05,0.0,nan,nan,nan
2985.691,1.545412e-05,0.0,nan,nan,nan
2985.782,1.54508e-05,0.0,nan,nan,nan
2985.867,1.54526e-05,0.0,nan,nan,nan
2985.952,1.545059e-05,0.0,nan,nan,nan
2986.036,1.54498e-05,0.0,nan,nan,nan
2986.119,1.544593e-05,0.0,nan,nan,nan
2986.216,1.545232e-05,0.0,nan,nan,nan
2986.3,1.54517e-05,0.0,nan,nan,nan
2986.384,1.545041e-05,0.0,nan,nan,nan
2986.467,1.545015e-05,0.0,nan,nan,nan
2986.551,1.54528e-05,0.0,nan,nan,nan
2986.635,1.545156e-05,0.0,nan,nan,nan
2986.718,1.545137e-05,0.0,nan,nan,nan
2986.818,1.545238e-05,0.0,nan,nan,nan
2986.901,1.545278e-05,0.0,nan,nan,nan
2986.986,1.545451e-05,0.0,nan,nan,nan
2987.07,1.545159e-05,0.0,nan,nan,nan
2987.155,1.54544e-05,0.0,nan,nan,nan
2987.24,1.544964e-05,0.0,nan,nan,nan
2987.324,1.54509e-05,0.0,nan,nan,nan
2987.418,1.545075e-05,0.0,nan,nan,nan
2987.502,1.545051e-05,0.0,nan,nan,nan
2987.585,1.545328e-05,0.0,nan,nan,nan
2987.669,1.545283e-05,0.0,nan,nan,nan
2987.754,1.545537e-05,0.0,nan,nan,nan
2987.837,1.545517e-05,0.0,nan,nan,nan
2987.921,1.545683e-05,0.0,nan,nan,nan
2988.005,1.546026e-05,0.0,nan,nan,nan
2988.089,1.545448e-05,0.0,nan,nan,nan
2988.173,1.545294e-05,0.0,nan,nan,nan
2988.269,1.545434e-05,0.0,nan,nan,nan
2988.353,1.545802e-05,0.0,nan,nan,nan
2988.443,1.545576e-05,0.0,nan,nan,nan
2988.527,1.545849e-05,0.0,nan,nan,nan
2988.61,1.545593e-05,0.0,nan,nan,nan
2988.695,1.545286e-05,0.0,nan,nan,nan
2988.778,1.545449e-05,0.0,nan,nan,nan
2988.866,1.545271e-05,0.0,nan,nan,nan
2988.95,1.545323e-05,0.0,nan,nan,nan
2989.046,1.545495e-05,0.0,nan,nan,nan
2989.13,1.545293e-05,0.0,nan,nan,nan
2989.214,1.545516e-05,0.0,nan,nan,nan
2989.298,1.545299e-05,0.0,nan,nan,nan
2989.381,1.544885e-05,0.0,nan,nan,nan
2989.486,1.545265e-05,0.0,nan,nan,nan
2989.57,1.545415e-05,0.0,nan,nan,nan
2989.655,1.545454e-05,0.0,nan,nan,nan
2989.739,1.5451e-05,0.0,nan,nan,nan
2989.822,1.544873e-05,0.0,nan,nan,nan
2989.909,1.545215e-05,0.0,nan,nan,nan
2989.993,1.545466e-05,0.0,nan,nan,nan
2990.08,1.545562e-05,0.0,nan,nan,nan
2990.164,1.545296e-05,0.0,nan,nan,nan
2990.248,1.545311e-05,0.0,nan,nan,nan
2990.331,1.545335e-05,0.0,nan,nan,nan
2990.415,1.545088e-05,0.0,nan,nan,nan
2990.498,1.545686e-05,0.0,nan,nan,nan
2990.583,1.545792e-05,0.0,nan,nan,nan
2990.666,1.54525e-05,0.0,nan,nan,nan
2990.75,1.545412e-05,0.0,nan,nan,nan
2990.835,1.545411e-05,0.0,nan,nan,nan
2990.919,1.545354e-05,0.0,nan,nan,nan
2991.003,1.545438e-05,0.0,nan,nan,nan
2991.086,1.545176e-05,0.0,nan,nan,nan
2991.17,1.545191e-05,0.0,nan,nan,nan
2991.253,1.545359e-05,0.0,nan,nan,nan
2991.337,1.545014e-05,0.0,nan,nan,nan
2991.421,1.545158e-05,0.0,nan,nan,nan
2991.526,1.545675e-05,0.0,nan,nan,nan
2991.609,1.545238e-05,0.0,nan,nan,nan
2991.712,1.545449e-05,0.0,nan,nan,nan
2991.796,1.545405e-05,0.0,nan,nan,nan
2991.91,1.545392e-05,0.0,nan,nan,nan
2991.997,1.545576e-05,0.0,nan,nan,nan
2992.08,1.545881e-05,0.0,nan,nan,nan
2992.164,1.545444e-05,0.0,nan,nan,nan
2992.248,1.545625e-05,0.0,nan,nan,nan
2992.332,1.545604e-05,0.0,nan,nan,nan
2992.415,1.545489e-05,0.0,nan,nan,nan
2992.498,1.545314e-05,0.0,nan,nan,nan
2992.582,1.545418e-05,0.0,nan,nan,nan
2992.666,1.54571e-05,0.0,nan,nan,nan
2992.749,1.545513e-05,0.0,nan,nan,nan
2992.833,1.54516e-05,0.0,nan,nan,nan
2992.917,1.545564e-05,0.0,nan,nan,nan
2993.0,1.545763e-05,0.0,nan,nan,nan
2993.084,1.545834e-05,0.0,nan,nan,nan
2993.168,1.545408e-05,0.0,nan,nan,nan
2993.251,1.54598e-05,0.0,nan,nan,nan
2993.338,1.54519e-05,0.0,nan,nan,nan
2993.421,1.545221e-05,0.0,nan,nan,nan
2993.505,1.545377e-05,0.0,nan,nan,nan
2993.589,1.545505e-05,0.0,nan,nan,nan
2993.674,1.545338e-05,0.0,nan,nan,nan
2993.764,1.545686e-05,0.0,nan,nan,nan
2993.848,1.546165e-05,0.0,nan,nan,nan
2993.978,1.545629e-05,0.0,nan,nan,nan
2994.061,1.545766e-05,0.0,nan,nan,nan
2994.166,1.545678e-05,0.0,nan,nan,nan
2994.25,1.545565e-05,0.0,nan,nan,nan
2994.334,1.545619e-05,0.0,nan,nan,nan
2994.417,1.545792e-05,0.0,nan,nan,nan
2994.502,1.545674e-05,0.0,nan,nan,nan
2994.585,1.545872e-05,0.0,nan,nan,nan
2994.669,1.545693e-05,0.0,nan,nan,nan
2994.756,1.54589e-05,0.0,nan,nan,nan
2994.84,1.545738e-05,0.0,nan,nan,nan
2994.924,1.545479e-05,0.0,nan,nan,nan
2995.007,1.545638e-05,0.0,nan,nan,nan
2995.091,1.545515e-05,0.0,nan,nan,nan
2995.188,1.545338e-05,0.0,nan,nan,nan
2995.272,1.545571e-05,0.0,nan,nan,nan
2995.355,1.545536e-05,0.0,nan,nan,nan
2995.439,1.545464e-05,0.0,nan,nan,nan
2995.523,1.545312e-05,0.0,nan,nan,nan
2995.607,1.545513e-05,0.0,nan,nan,nan
2995.69,1.545678e-05,0.0,nan,nan,nan
2995.783,1.545583e-05,0.0,nan,nan,nan
2995.866,1.545755e-05,0.0,nan,nan,nan
2995.952,1.545706e-05,0.0,nan,nan,nan
2996.044,1.545886e-05,0.0,nan,nan,nan
2996.128,1.545682e-05,0.0,nan,nan,nan
2996.212,1.546089e-05,0.0,nan,nan,nan
2996.296,1.545695e-05,0.0,nan,nan,nan
2996.38,1.545784e-05,0.0,nan,nan,nan
2996.463,1.545883e-05,0.0,nan,nan,nan
2996.547,1.545641e-05,0.0,nan,nan,nan
2996.631,1.545822e-05,0.0,nan,nan,nan
2996.714,1.545918e-05,0.0,nan,nan,nan
2996.808,1.545915e-05,0.0,nan,nan,nan
2996.892,1.545419e-05,0.0,nan,nan,nan
2996.976,1.54551e-05,0.0,nan,nan,nan
2997.06,1.545553e-05,0.0,nan,nan,nan
2997.143,1.545409e-05,0.0,nan,nan,nan
2997.227,1.54527e-05,0.0,nan,nan,nan
2997.311,1.545729e-05,0.0,nan,nan,nan
2997.394,1.545701e-05,0.0,nan,nan,nan
2997.478,1.545403e-05,0.0,nan,nan,nan
2997.562,1.545603e-05,0.0,nan,nan,nan
2997.645,1.545969e-05,0.0,nan,nan,nan
2997.729,1.545551e-05,0.0,nan,nan,nan
2997.833,1.545488e-05,0.0,nan,nan,nan
2997.916,1.545391e-05,0.0,nan,nan,nan
2998.001,1.545352e-05,0.0,nan,nan,nan
2998.106,1.545175e-05,0.0,nan,nan,nan
2998.189,1.545308e-05,0.0,nan,nan,nan
2998.273,1.545267e-05,0.0,nan,nan,nan
2998.357,1.545027e-05,0.0,nan,nan,nan
2998.444,1.544965e-05,0.0,nan,nan,nan
2998.527,1.545121e-05,0.0,nan,nan,nan
2998.611,1.545036e-05,0.0,nan,nan,nan
2998.695,1.545235e-05,0.0,nan,nan,nan
2998.779,1.545331e-05,0.0,nan,nan,nan
2998.868,1.545114e-05,0.0,nan,nan,nan
2998.952,1.545233e-05,0.0,nan,nan,nan
2999.044,1.545229e-05,0.0,nan,nan,nan
2999.128,1.54517e-05,0.0,nan,nan,nan
2999.215,1.545545e-05,0.0,nan,nan,nan
2999.298,1.545258e-05,0.0,nan,nan,nan
2999.382,1.545528e-05,0.0,nan,nan,nan
2999.468,1.545595e-05,0.0,nan,nan,nan
2999.552,1.545314e-05,0.0,nan,nan,nan
2999.654,1.545034e-05,0.0,nan,nan,nan
2999.738,1.545117e-05,0.0,nan,nan,nan
2999.823,1.5453e-05,0.0,nan,nan,nan
2999.907,1.545431e-05,0.0,nan,nan,nan
2999.991,1.544992e-05,0.0,nan,nan,nan
3000.074,1.545343e-05,0.0,nan,nan,nan
3000.176,1.545201e-05,0.0,nan,nan,nan
3000.273,1.545704e-05,0.0,nan,nan,nan
3000.357,1.545279e-05,0.0,nan,nan,nan
3000.441,1.545413e-05,0.0,nan,nan,nan
3000.524,1.545016e-05,0.0,nan,nan,nan
3000.608,1.545324e-05,0.0,nan,nan,nan
3000.696,1.54517e-05,0.0,nan,nan,nan
3000.78,1.545349e-05,0.0,nan,nan,nan
3000.864,1.545068e-05,0.0,nan,nan,nan
3000.948,1.545915e-05,0.0,nan,nan,nan
3001.031,1.545881e-05,0.0,nan,nan,nan
3001.115,1.545912e-05,0.0,nan,nan,nan
3001.199,1.54531e-05,0.0,nan,nan,nan
3001.297,1.54593e-05,0.0,nan,nan,nan
3001.381,1.545272e-05,0.0,nan,nan,nan
3001.465,1.545532e-05,0.0,nan,nan,nan
3001.548,1.54564e-05,0.0,nan,nan,nan
3001.632,1.545591e-05,0.0,nan,nan,nan
3001.732,1.545179e-05,0.0,nan,nan,nan
3001.816,1.545739e-05,0.0,nan,nan,nan
3001.902,1.545576e-05,0.0,nan,nan,nan
3001.986,1.545327e-05,0.0,nan,nan,nan
3002.069,1.54536e-05,0.0,nan,nan,nan
3002.153,1.546006e-05,0.0,nan,nan,nan
3002.253,1.545826e-05,0.0,nan,nan,nan
3002.337,1.545567e-05,0.0,nan,nan,nan
3002.421,1.545676e-05,0.0,nan,nan,nan
3002.532,1.545475e-05,0.0,nan,nan,nan
3002.615,1.545747e-05,0.0,nan,nan,nan
3002.699,1.545601e-05,0.0,nan,nan,nan
3002.783,1.545742e-05,0.0,nan,nan,nan
3002.867,1.545874e-05,0.0,nan,nan,nan
3002.95,1.545527e-05,0.0,nan,nan,nan
3003.034,1.545323e-05,0.0,nan,nan,nan
3003.118,1.545532e-05,0.0,nan,nan,nan
3003.201,1.5457e-05,0.0,nan,nan,nan
3003.285,1.545382e-05,0.0,nan,nan,nan
3003.369,1.545374e-05,0.0,nan,nan,nan
3003.452,1.545445e-05,0.0,nan,nan,nan
3003.542,1.545714e-05,0.0,nan,nan,nan
3003.626,1.545712e-05,0.0,nan,nan,nan
3003.713,1.5457e-05,0.0,nan,nan,nan
3003.797,1.545711e-05,0.0,nan,nan,nan
3003.881,1.545571e-05,0.0,nan,nan,nan
3003.975,1.54543e-05,0.0,nan,nan,nan
3004.059,1.545831e-05,0.0,nan,nan,nan
3004.142,1.545659e-05,0.0,nan,nan,nan
3004.226,1.545823e-05,0.0,nan,nan,nan
3004.321,1.545475e-05,0.0,nan,nan,nan
3004.405,1.545326e-05,0.0,nan,nan,nan
3004.488,1.545241e-05,0.0,nan,nan,nan
3004.583,1.545419e-05,0.0,nan,nan,nan
3004.667,1.545153e-05,0.0,nan,nan,nan
3004.751,1.545386e-05,0.0,nan,nan,nan
3004.835,1.545532e-05,0.0,nan,nan,nan
3004.922,1.545448e-05,0.0,nan,nan,nan
3005.011,1.54586e-05,0.0,nan,nan,nan
3005.095,1.545779e-05,0.0,nan,nan,nan
3005.178,1.54587e-05,0.0,nan,nan,nan
3005.262,1.545223e-05,0.0,nan,nan,nan
3005.346,1.545451e-05,0.0,nan,nan,nan
3005.43,1.545512e-05,0.0,nan,nan,nan
3005.514,1.54568e-05,0.0,nan,nan,nan
3005.6,1.54564e-05,0.0,nan,nan,nan
3005.684,1.545631e-05,0.0,nan,nan,nan
3005.768,1.545843e-05,0.0,nan,nan,nan
3005.851,1.545753e-05,0.0,nan,nan,nan
3005.939,1.545396e-05,0.0,nan,nan,nan
3006.023,1.545744e-05,0.0,nan,nan,nan
3006.107,1.545713e-05,0.0,nan,nan,nan
3006.193,1.545391e-05,0.0,nan,nan,nan
3006.277,1.545373e-05,0.0,nan,nan,nan
3006.384,1.545529e-05,0.0,nan,nan,nan
3006.468,1.545532e-05,0.0,nan,nan,nan
3006.555,1.545919e-05,0.0,nan,nan,nan
3006.641,1.545472e-05,0.0,nan,nan,nan
3006.724,1.545442e-05,0.0,nan,nan,nan
3006.825,1.545591e-05,0.0,nan,nan,nan
3006.909,1.545727e-05,0.0,nan,nan,nan
3006.992,1.54498e-05,0.0,nan,nan,nan
3007.076,1.545512e-05,0.0,nan,nan,nan
3007.16,1.545798e-05,0.0,nan,nan,nan
3007.248,1.54574e-05,0.0,nan,nan,nan
3007.332,1.545556e-05,0.0,nan,nan,nan
3007.415,1.545689e-05,0.0,nan,nan,nan
3007.499,1.54541e-05,0.0,nan,nan,nan
3007.583,1.545371e-05,0.0,nan,nan,nan
3007.667,1.545636e-05,0.0,nan,nan,nan
3007.751,1.545402e-05,0.0,nan,nan,nan
3007.843,1.545667e-05,0.0,nan,nan,nan
3007.927,1.545276e-05,0.0,nan,nan,nan
3008.012,1.545158e-05,0.0,nan,nan,nan
3008.096,1.545316e-05,0.0,nan,nan,nan
3008.179,1.545505e-05,0.0,nan,nan,nan
3008.27,1.54554e-05,0.0,nan,nan,nan
3008.354,1.54564e-05,0.0,nan,nan,nan
3008.47,1.545495e-05,0.0,nan,nan,nan
3008.554,1.545545e-05,0.0,nan,nan,nan
3008.638,1.545584e-05,0.0,nan,nan,nan
3008.721,1.545451e-05,0.0,nan,nan,nan
3008.805,1.545722e-05,0.0,nan,nan,nan
3008.889,1.545899e-05,0.0,nan,nan,nan
3008.973,1.545684e-05,0.0,nan,nan,nan
3009.06,1.545148e-05,0.0,nan,nan,nan
3009.144,1.545433e-05,0.0,nan,nan,nan
3009.227,1.545676e-05,0.0,nan,nan,nan
3009.311,1.545786e-05,0.0,nan,nan,nan
3009.395,1.545733e-05,0.0,nan,nan,nan
3009.479,1.5459e-05,0.0,nan,nan,nan
3009.563,1.545522e-05,0.0,nan,nan,nan
3009.648,1.545627e-05,0.0,nan,nan,nan
3009.732,1.54532e-05,0.0,nan,nan,nan
3009.817,1.54547e-05,0.0,nan,nan,nan
3009.901,1.54542e-05,0.0,nan,nan,nan
3009.984,1.545608e-05,0.0,nan,nan,nan
3010.08,1.545535e-05,0.0,nan,nan,nan
3010.163,1.545631e-05,0.0,nan,nan,nan
3010.248,1.545838e-05,0.0,nan,nan,nan
3010.331,1.546105e-05,0.0,nan,nan,nan
3010.415,1.545731e-05,0.0,nan,nan,nan
3010.501,1.545863e-05,0.0,nan,nan,nan
3010.584,1.546344e-05,0.0,nan,nan,nan
3010.668,1.546165e-05,0.0,nan,nan,nan
3010.751,1.545866e-05,0.0,nan,nan,nan
3010.835,1.546022e-05,0.0,nan,nan,nan
3010.922,1.545585e-05,0.0,nan,nan,nan
3011.006,1.54578e-05,0.0,nan,nan,nan
3011.102,1.545691e-05,0.0,nan,nan,nan
3011.185,1.546375e-05,0.0,nan,nan,nan
3011.27,1.546022e-05,0.0,nan,nan,nan
3011.353,1.54594e-05,0.0,nan,nan,nan
3011.438,1.546037e-05,0.0,nan,nan,nan
3011.535,1.545747e-05,0.0,nan,nan,nan
3011.619,1.545357e-05,0.0,nan,nan,nan
3011.702,1.545335e-05,0.0,nan,nan,nan
3011.786,1.545607e-05,0.0,nan,nan,nan
3011.87,1.545732e-05,0.0,nan,nan,nan
3011.954,1.545802e-05,0.0,nan,nan,nan
3012.038,1.545686e-05,0.0,nan,nan,nan
3012.13,1.5457e-05,0.0,nan,nan,nan
3012.213,1.545793e-05,0.0,nan,nan,nan
3012.297,1.545714e-05,0.0,nan,nan,nan
3012.38,1.545628e-05,0.0,nan,nan,nan
3012.464,1.546309e-05,0.0,nan,nan,nan
3012.548,1.545447e-05,0.0,nan,nan,nan
3012.632,1.545974e-05,0.0,nan,nan,nan
3012.715,1.545922e-05,0.0,nan,nan,nan
3012.799,1.546276e-05,0.0,nan,nan,nan
3012.882,1.54595e-05,0.0,nan,nan,nan
3012.966,1.546132e-05,0.0,nan,nan,nan
3013.05,1.545893e-05,0.0,nan,nan,nan
3013.15,1.545846e-05,0.0,nan,nan,nan
3013.234,1.546268e-05,0.0,nan,nan,nan
3013.318,1.546185e-05,0.0,nan,nan,nan
3013.402,1.545848e-05,0.0,nan,nan,nan
3013.485,1.546026e-05,0.0,nan,nan,nan
3013.569,1.545572e-05,0.0,nan,nan,nan
3013.653,1.545654e-05,0.0,nan,nan,nan
3013.736,1.545883e-05,0.0,nan,nan,nan
3013.82,1.545921e-05,0.0,nan,nan,nan
3013.904,1.545628e-05,0.0,nan,nan,nan
3013.991,1.545612e-05,0.0,nan,nan,nan
3014.074,1.545726e-05,0.0,nan,nan,nan
3014.182,1.545816e-05,0.0,nan,nan,nan
3014.265,1.545583e-05,0.0,nan,nan,nan
3014.349,1.545864e-05,0.0,nan,nan,nan
3014.433,1.545567e-05,0.0,nan,nan,nan
3014.518,1.545541e-05,0.0,nan,nan,nan
3014.604,1.545545e-05,0.0,nan,nan,nan
3014.688,1.545814e-05,0.0,nan,nan,nan
3014.781,1.545854e-05,0.0,nan,nan,nan
3014.865,1.545939e-05,0.0,nan,nan,nan
3014.949,1.545662e-05,0.0,nan,nan,nan
3015.032,1.545652e-05,0.0,nan,nan,nan
3015.116,1.545545e-05,0.0,nan,nan,nan
3015.209,1.54553e-05,0.0,nan,nan,nan
3015.293,1.545714e-05,0.0,nan,nan,nan
3015.401,1.545443e-05,0.0,nan,nan,nan
3015.484,1.545615e-05,0.0,nan,nan,nan
3015.568,1.545723e-05,0.0,nan,nan,nan
3015.652,1.545559e-05,0.0,nan,nan,nan
3015.735,1.545482e-05,0.0,nan,nan,nan
3015.819,1.545524e-05,0.0,nan,nan,nan
3015.903,1.545665e-05,0.0,nan,nan,nan
3016.013,1.545654e-05,0.0,nan,nan,nan
3016.097,1.545635e-05,0.0,nan,nan,nan
3016.181,1.545246e-05,0.0,nan,nan,nan
3016.265,1.545486e-05,0.0,nan,nan,nan
3016.348,1.545923e-05,0.0,nan,nan,nan
3016.434,1.545782e-05,0.0,nan,nan,nan
3016.517,1.545642e-05,0.0,nan,nan,nan
3016.601,1.545742e-05,0.0,nan,nan,nan
3016.709,1.545671e-05,0.0,nan,nan,nan
3016.795,1.545741e-05,0.0,nan,nan,nan
3016.879,1.545734e-05,0.0,nan,nan,nan
3016.962,1.546054e-05,0.0,nan,nan,nan
3017.046,1.545367e-05,0.0,nan,nan,nan
3017.129,1.54522e-05,0.0,nan,nan,nan
3017.213,1.545564e-05,0.0,nan,nan,nan
3017.296,1.545666e-05,0.0,nan,nan,nan
3017.38,1.545649e-05,0.0,nan,nan,nan
3017.464,1.545472e-05,0.0,nan,nan,nan
3017.548,1.545611e-05,0.0,nan,nan,nan
3017.644,1.545837e-05,0.0,nan,nan,nan
3017.728,1.545417e-05,0.0,nan,nan,nan
3017.812,1.545782e-05,0.0,nan,nan,nan
3017.895,1.545341e-05,0.0,nan,nan,nan
3017.979,1.545566e-05,0.0,nan,nan,nan
3018.063,1.545339e-05,0.0,nan,nan,nan
3018.147,1.545308e-05,0.0,nan,nan,nan
3018.232,1.545438e-05,0.0,nan,nan,nan
3018.315,1.545173e-05,0.0,nan,nan,nan
3018.399,1.545681e-05,0.0,nan,nan,nan
3018.483,1.54589e-05,0.0,nan,nan,nan
3018.566,1.545803e-05,0.0,nan,nan,nan
3018.652,1.545579e-05,0.0,nan,nan,nan
3018.736,1.545811e-05,0.0,nan,nan,nan
3018.819,1.545639e-05,0.0,nan,nan,nan
3018.905,1.545485e-05,0.0,nan,nan,nan
3018.989,1.545889e-05,0.0,nan,nan,nan
3019.088,1.545533e-05,0.0,nan,nan,nan
3019.171,1.545733e-05,0.0,nan,nan,nan
3019.255,1.545765e-05,0.0,nan,nan,nan
3019.339,1.545503e-05,0.0,nan,nan,nan
3019.422,1.545711e-05,0.0,nan,nan,nan
3019.512,1.545659e-05,0.0,nan,nan,nan
3019.595,1.545441e-05,0.0,nan,nan,nan
3019.679,1.545728e-05,0.0,nan,nan,nan
3019.763,1.545877e-05,0.0,nan,nan,nan
3019.846,1.545246e-05,0.0,nan,nan,nan
3019.93,1.545438e-05,0.0,nan,nan,nan
3020.013,1.545455e-05,0.0,nan,nan,nan
3020.116,1.545387e-05,0.0,nan,nan,nan
3020.2,1.545463e-05,0.0,nan,nan,nan
3020.283,1.545437e-05,0.0,nan,nan,nan
3020.367,1.545189e-05,0.0,nan,nan,nan
3020.451,1.545255e-05,0.0,nan,nan,nan
3020.534,1.545531e-05,0.0,nan,nan,nan
3020.618,1.545889e-05,0.0,nan,nan,nan
3020.701,1.545584e-05,0.0,nan,nan,nan
3020.785,1.545701e-05,0.0,nan,nan,nan
3020.917,1.545519e-05,0.0,nan,nan,nan
3021.024,1.545409e-05,0.0,nan,nan,nan
3021.108,1.545547e-05,0.0,nan,nan,nan
3021.199,1.545618e-05,0.0,nan,nan,nan
3021.284,1.545477e-05,0.0,nan,nan,nan
3021.377,1.545541e-05,0.0,nan,nan,nan
3021.46,1.545928e-05,0.0,nan,nan,nan
3021.55,1.545891e-05,0.0,nan,nan,nan
3021.634,1.545688e-05,0.0,nan,nan,nan
3021.717,1.545812e-05,0.0,nan,nan,nan
3021.801,1.54563e-05,0.0,nan,nan,nan
3021.885,1.545641e-05,0.0,nan,nan,nan
3021.968,1.545816e-05,0.0,nan,nan,nan
3022.052,1.545373e-05,0.0,nan,nan,nan
3022.146,1.545565e-05,0.0,nan,nan,nan
3022.23,1.545375e-05,0.0,nan,nan,nan
3022.314,1.545558e-05,0.0,nan,nan,nan
3022.398,1.545576e-05,0.0,nan,nan,nan
3022.481,1.545744e-05,0.0,nan,nan,nan
3022.566,1.545534e-05,0.0,nan,nan,nan
3022.65,1.54575e-05,0.0,nan,nan,nan
3022.734,1.545436e-05,0.0,nan,nan,nan
3022.818,1.545745e-05,0.0,nan,nan,nan
3022.904,1.545602e-05,0.0,nan,nan,nan
3022.987,1.545636e-05,0.0,nan,nan,nan
3023.076,1.54573e-05,0.0,nan,nan,nan
3023.16,1.545427e-05,0.0,nan,nan,nan
3023.255,1.545533e-05,0.0,nan,nan,nan
3023.338,1.54594e-05,0.0,nan,nan,nan
3023.428,1.545552e-05,0.0,nan,nan,nan
3023.511,1.545545e-05,0.0,nan,nan,nan
3023.595,1.545635e-05,0.0,nan,nan,nan
3023.679,1.545851e-05,0.0,nan,nan,nan
3023.762,1.545448e-05,0.0,nan,nan,nan
3023.846,1.545705e-05,0.0,nan,nan,nan
3023.929,1.545911e-05,0.0,nan,nan,nan
3024.015,1.545915e-05,0.0,nan,nan,nan
3024.098,1.545942e-05,0.0,nan,nan,nan
3024.196,1.545689e-05,0.0,nan,nan,nan
3024.28,1.545867e-05,0.0,nan,nan,nan
3024.363,1.545557e-05,0.0,nan,nan,nan
3024.447,1.546146e-05,0.0,nan,nan,nan
3024.531,1.546025e-05,0.0,nan,nan,nan
3024.615,1.545601e-05,0.0,nan,nan,nan
3024.698,1.546033e-05,0.0,nan,nan,nan
3024.794,1.546007e-05,0.0,nan,nan,nan
3024.877,1.546149e-05,0.0,nan,nan,nan
3024.961,1.546024e-05,0.0,nan,nan,nan
3025.046,1.545879e-05,0.0,nan,nan,nan
3025.129,1.545808e-05,0.0,nan,nan,nan
3025.228,1.545666e-05,0.0,nan,nan,nan
3025.312,1.545749e-05,0.0,nan,nan,nan
3025.397,1.545916e-05,0.0,nan,nan,nan
3025.48,1.54579e-05,0.0,nan,nan,nan
3025.564,1.546204e-05,0.0,nan,nan,nan
3025.648,1.545775e-05,0.0,nan,nan,nan
3025.732,1.545851e-05,0.0,nan,nan,nan
3025.835,1.546071e-05,0.0,nan,nan,nan
3025.919,1.545644e-05,0.0,nan,nan,nan
3026.005,1.545926e-05,0.0,nan,nan,nan
3026.088,1.545833e-05,0.0,nan,nan,nan
3026.172,1.545926e-05,0.0,nan,nan,nan
3026.256,1.546027e-05,0.0,nan,nan,nan
3026.34,1.545572e-05,0.0,nan,nan,nan
3026.426,1.546246e-05,0.0,nan,nan,nan
3026.51,1.545623e-05,0.0,nan,nan,nan
3026.593,1.545589e-05,0.0,nan,nan,nan
3026.677,1.545872e-05,0.0,nan,nan,nan
3026.761,1.545829e-05,0.0,nan,nan,nan
3026.849,1.545416e-05,0.0,nan,nan,nan
3026.933,1.545398e-05,0.0,nan,nan,nan
3027.019,1.545505e-05,0.0,nan,nan,nan
3027.125,1.545839e-05,0.0,nan,nan,nan
3027.211,1.545524e-05,0.0,nan,nan,nan
3027.294,1.545893e-05,0.0,nan,nan,nan
3027.378,1.546228e-05,0.0,nan,nan,nan
3027.471,1.54604e-05,0.0,nan,nan,nan
3027.555,1.545769e-05,0.0,nan,nan,nan
3027.638,1.54625e-05,0.0,nan,nan,nan
3027.722,1.546384e-05,0.0,nan,nan,nan
3027.805,1.546172e-05,0.0,nan,nan,nan
3027.889,1.546017e-05,0.0,nan,nan,nan
3027.973,1.545932e-05,0.0,nan,nan,nan
3028.063,1.545972e-05,0.0,nan,nan,nan
3028.146,1.545595e-05,0.0,nan,nan,nan
3028.23,1.545569e-05,0.0,nan,nan,nan
3028.316,1.545541e-05,0.0,nan,nan,nan
3028.399,1.546028e-05,0.0,nan,nan,nan
3028.483,1.546102e-05,0.0,nan,nan,nan
3028.566,1.546151e-05,0.0,nan,nan,nan
3028.65,1.545864e-05,0.0,nan,nan,nan
3028.734,1.545927e-05,0.0,nan,nan,nan
3028.818,1.545777e-05,0.0,nan,nan,nan
3028.901,1.545662e-05,0.0,nan,nan,nan
3028.985,1.545605e-05,0.0,nan,nan,nan
3029.085,1.545297e-05,0.0,nan,nan,nan
3029.184,1.545489e-05,0.0,nan,nan,nan
3029.274,1.545911e-05,0.0,nan,nan,nan
3029.358,1.545485e-05,0.0,nan,nan,nan
3029.442,1.545467e-05,0.0,nan,nan,nan
3029.525,1.545481e-05,0.0,nan,nan,nan
3029.609,1.545748e-05,0.0,nan,nan,nan
3029.692,1.54541e-05,0.0,nan,nan,nan
3029.776,1.545951e-05,0.0,nan,nan,nan
3029.86,1.546126e-05,0.0,nan,nan,nan
3029.943,1.545823e-05,0.0,nan,nan,nan
3030.027,1.545592e-05,0.0,nan,nan,nan
3030.114,1.545871e-05,0.0,nan,nan,nan
3030.198,1.54576e-05,0.0,nan,nan,nan
3030.296,1.545623e-05,0.0,nan,nan,nan
3030.38,1.545573e-05,0.0,nan,nan,nan
3030.463,1.545501e-05,0.0,nan,nan,nan
3030.547,1.545514e-05,0.0,nan,nan,nan
3030.631,1.54562e-05,0.0,nan,nan,nan
3030.734,1.545605e-05,0.0,nan,nan,nan
3030.818,1.545782e-05,0.0,nan,nan,nan
3030.902,1.545708e-05,0.0,nan,nan,nan
3030.986,1.545741e-05,0.0,nan,nan,nan
3031.07,1.545568e-05,0.0,nan,nan,nan
3031.153,1.54554e-05,0.0,nan,nan,nan
3031.267,1.545507e-05,0.0,nan,nan,nan
3031.353,1.545511e-05,0.0,nan,nan,nan
3031.436,1.545486e-05,0.0,nan,nan,nan
3031.54,1.545744e-05,0.0,nan,nan,nan
3031.624,1.545617e-05,0.0,nan,nan,nan
3031.708,1.545445e-05,0.0,nan,nan,nan
3031.792,1.545783e-05,0.0,nan,nan,nan
3031.875,1.545593e-05,0.0,nan,nan,nan
3031.965,1.545705e-05,0.0,nan,nan,nan
3032.048,1.545849e-05,0.0,nan,nan,nan
3032.141,1.545908e-05,0.0,nan,nan,nan
3032.225,1.545654e-05,0.0,nan,nan,nan
3032.311,1.545901e-05,0.0,nan,nan,nan
3032.394,1.545468e-05,0.0,nan,nan,nan
3032.478,1.545189e-05,0.0,nan,nan,nan
3032.561,1.545637e-05,0.0,nan,nan,nan
3032.645,1.545344e-05,0.0,nan,nan,nan
3032.728,1.545743e-05,0.0,nan,nan,nan
3032.812,1.545424e-05,0.0,nan,nan,nan
3032.896,1.545386e-05,0.0,nan,nan,nan
3032.979,1.545759e-05,0.0,nan,nan,nan
3033.063,1.545387e-05,0.0,nan,nan,nan
3033.146,1.544946e-05,0.0,nan,nan,nan
3033.23,1.545403e-05,0.0,nan,nan,nan
3033.319,1.545723e-05,0.0,nan,nan,nan
3033.403,1.545515e-05,0.0,nan,nan,nan
3033.486,1.545465e-05,0.0,nan,nan,nan
3033.57,1.546222e-05,0.0,nan,nan,nan
3033.654,1.54576e-05,0.0,nan,nan,nan
3033.737,1.545689e-05,0.0,nan,nan,nan
3033.821,1.545662e-05,0.0,nan,nan,nan
3033.904,1.54504e-05,0.0,nan,nan,nan
3033.988,1.545453e-05,0.0,nan,nan,nan
3034.071,1.545493e-05,0.0,nan,nan,nan
3034.155,1.545473e-05,0.0,nan,nan,nan
3034.238,1.545728e-05,0.0,nan,nan,nan
3034.322,1.545257e-05,0.0,nan,nan,nan
3034.405,1.545203e-05,0.0,nan,nan,nan
3034.489,1.545304e-05,0.0,nan,nan,nan
3034.587,1.545741e-05,0.0,nan,nan,nan
3034.671,1.546242e-05,0.0,nan,nan,nan
3034.754,1.545723e-05,0.0,nan,nan,nan
3034.838,1.54553e-05,0.0,nan,nan,nan
3034.922,1.545508e-05,0.0,nan,nan,nan
3035.005,1.545587e-05,0.0,nan,nan,nan
3035.089,1.545775e-05,0.0,nan,nan,nan
3035.172,1.545696e-05,0.0,nan,nan,nan
3035.256,1.546211e-05,0.0,nan,nan,nan
3035.382,1.54628e-05,0.0,nan,nan,nan
3035.468,1.545759e-05,0.0,nan,nan,nan
3035.551,1.545589e-05,0.0,nan,nan,nan
3035.635,1.545657e-05,0.0,nan,nan,nan
3035.719,1.545384e-05,0.0,nan,nan,nan
3035.802,1.545453e-05,0.0,nan,nan,nan
3035.886,1.545324e-05,0.0,nan,nan,nan
3035.969,1.545466e-05,0.0,nan,nan,nan
3036.052,1.545518e-05,0.0,nan,nan,nan
3036.136,1.545843e-05,0.0,nan,nan,nan
3036.233,1.545889e-05,0.0,nan,nan,nan
3036.316,1.545729e-05,0.0,nan,nan,nan
3036.4,1.545466e-05,0.0,nan,nan,nan
3036.483,1.545503e-05,0.0,nan,nan,nan
3036.567,1.545807e-05,0.0,nan,nan,nan
3036.65,1.546117e-05,0.0,nan,nan,nan
3036.734,1.545678e-05,0.0,nan,nan,nan
3036.821,1.545498e-05,0.0,nan,nan,nan
3036.904,1.545893e-05,0.0,nan,nan,nan
3036.989,1.545727e-05,0.0,nan,nan,nan
3037.072,1.545628e-05,0.0,nan,nan,nan
3037.157,1.545645e-05,0.0,nan,nan,nan
3037.24,1.545342e-05,0.0,nan,nan,nan
3037.324,1.545976e-05,0.0,nan,nan,nan
3037.419,1.545895e-05,0.0,nan,nan,nan
3037.502,1.545992e-05,0.0,nan,nan,nan
3037.586,1.545713e-05,0.0,nan,nan,nan
3037.683,1.545707e-05,0.0,nan,nan,nan
3037.767,1.545727e-05,0.0,nan,nan,nan
3037.85,1.545549e-05,0.0,nan,nan,nan
3037.934,1.545612e-05,0.0,nan,nan,nan
3038.017,1.545901e-05,0.0,nan,nan,nan
3038.101,1.545756e-05,0.0,nan,nan,nan
3038.184,1.545642e-05,0.0,nan,nan,nan
3038.28,1.545763e-05,0.0,nan,nan,nan
3038.363,1.545648e-05,0.0,nan,nan,nan
3038.447,1.545783e-05,0.0,nan,nan,nan
3038.531,1.546131e-05,0.0,nan,nan,nan
3038.614,1.54585e-05,0.0,nan,nan,nan
3038.698,1.545753e-05,0.0,nan,nan,nan
3038.782,1.545536e-05,0.0,nan,nan,nan
3038.866,1.545918e-05,0.0,nan,nan,nan
3038.95,1.545772e-05,0.0,nan,nan,nan
3039.035,1.545861e-05,0.0,nan,nan,nan
3039.118,1.545517e-05,0.0,nan,nan,nan
3039.202,1.545986e-05,0.0,nan,nan,nan
3039.31,1.545671e-05,0.0,nan,nan,nan
3039.394,1.545704e-05,0.0,nan,nan,nan
3039.477,1.54547e-05,0.0,nan,nan,nan
3039.562,1.546022e-05,0.0,nan,nan,nan
3039.645,1.546e-05,0.0,nan,nan,nan
3039.734,1.545748e-05,0.0,nan,nan,nan
3039.817,1.545861e-05,0.0,nan,nan,nan
3039.92,1.546109e-05,0.0,nan,nan,nan
3040.004,1.545897e-05,0.0,nan,nan,nan
3040.118,1.545964e-05,0.0,nan,nan,nan
3040.201,1.545742e-05,0.0,nan,nan,nan
3040.285,1.545732e-05,0.0,nan,nan,nan
3040.368,1.5454e-05,0.0,nan,nan,nan
3040.453,1.545533e-05,0.0,nan,nan,nan
3040.537,1.545665e-05,0.0,nan,nan,nan
3040.621,1.546085e-05,0.0,nan,nan,nan
3040.705,1.546134e-05,0.0,nan,nan,nan
3040.789,1.546119e-05,0.0,nan,nan,nan
3040.873,1.546225e-05,0.0,nan,nan,nan
3040.957,1.545851e-05,0.0,nan,nan,nan
3041.041,1.545671e-05,0.0,nan,nan,nan
3041.124,1.546007e-05,0.0,nan,nan,nan
3041.208,1.546132e-05,0.0,nan,nan,nan
3041.292,1.545621e-05,0.0,nan,nan,nan
3041.375,1.545672e-05,0.0,nan,nan,nan
3041.459,1.545863e-05,0.0,nan,nan,nan
3041.559,1.546142e-05,0.0,nan,nan,nan
3041.642,1.545983e-05,0.0,nan,nan,nan
3041.728,1.545581e-05,0.0,nan,nan,nan
3041.812,1.545472e-05,0.0,nan,nan,nan
3041.895,1.545817e-05,0.0,nan,nan,nan
3041.979,1.545654e-05,0.0,nan,nan,nan
3042.063,1.545921e-05,0.0,nan,nan,nan
3042.147,1.545762e-05,0.0,nan,nan,nan
3042.231,1.545837e-05,0.0,nan,nan,nan
3042.314,1.545744e-05,0.0,nan,nan,nan
3042.405,1.546032e-05,0.0,nan,nan,nan
3042.489,1.545925e-05,0.0,nan,nan,nan
3042.586,1.546196e-05,0.0,nan,nan,nan
3042.669,1.546139e-05,0.0,nan,nan,nan
3042.753,1.546123e-05,0.0,nan,nan,nan
3042.836,1.54596e-05,0.0,nan,nan,nan
3042.921,1.545936e-05,0.0,nan,nan,nan
3043.005,1.54579e-05,0.0,nan,nan,nan
3043.089,1.546001e-05,0.0,nan,nan,nan
3043.172,1.545783e-05,0.0,nan,nan,nan
3043.256,1.54588e-05,0.0,nan,nan,nan
3043.34,1.545668e-05,0.0,nan,nan,nan
3043.424,1.545901e-05,0.0,nan,nan,nan
3043.507,1.545587e-05,0.0,nan,nan,nan
3043.598,1.545495e-05,0.0,nan,nan,nan
3043.681,1.545788e-05,0.0,nan,nan,nan
3043.765,1.546238e-05,0.0,nan,nan,nan
3043.849,1.545686e-05,0.0,nan,nan,nan
3043.933,1.54563e-05,0.0,nan,nan,nan
3044.018,1.545889e-05,0.0,nan,nan,nan
3044.102,1.545628e-05,0.0,nan,nan,nan
3044.185,1.545854e-05,0.0,nan,nan,nan
3044.269,1.545093e-05,0.0,nan,nan,nan
3044.353,1.545555e-05,0.0,nan,nan,nan
3044.436,1.545635e-05,0.0,nan,nan,nan
3044.52,1.545742e-05,0.0,nan,nan,nan
3044.62,1.545786e-05,0.0,nan,nan,nan
3044.704,1.545582e-05,0.0,nan,nan,nan
3044.787,1.545749e-05,0.0,nan,nan,nan
3044.871,1.545724e-05,0.0,nan,nan,nan
3044.954,1.545384e-05,0.0,nan,nan,nan
3045.038,1.545863e-05,0.0,nan,nan,nan
3045.122,1.545662e-05,0.0,nan,nan,nan
3045.205,1.545522e-05,0.0,nan,nan,nan
3045.289,1.54532e-05,0.0,nan,nan,nan
3045.372,1.545743e-05,0.0,nan,nan,nan
3045.456,1.545867e-05,0.0,nan,nan,nan
3045.54,1.545288e-05,0.0,nan,nan,nan
3045.639,1.545564e-05,0.0,nan,nan,nan
3045.733,1.545478e-05,0.0,nan,nan,nan
3045.832,1.545448e-05,0.0,nan,nan,nan
3045.916,1.545617e-05,0.0,nan,nan,nan
3046.0,1.546089e-05,0.0,nan,nan,nan
3046.084,1.54603e-05,0.0,nan,nan,nan
3046.167,1.545717e-05,0.0,nan,nan,nan
3046.254,1.546005e-05,0.0,nan,nan,nan
3046.338,1.545909e-05,0.0,nan,nan,nan
3046.421,1.546441e-05,0.0,nan,nan,nan
3046.505,1.546098e-05,0.0,nan,nan,nan
3046.589,1.545898e-05,0.0,nan,nan,nan
3046.673,1.545588e-05,0.0,nan,nan,nan
3046.757,1.545842e-05,0.0,nan,nan,nan
3046.847,1.545858e-05,0.0,nan,nan,nan
3046.931,1.545906e-05,0.0,nan,nan,nan
3047.014,1.545638e-05,0.0,nan,nan,nan
3047.098,1.545808e-05,0.0,nan,nan,nan
3047.182,1.545573e-05,0.0,nan,nan,nan
3047.268,1.545894e-05,0.0,nan,nan,nan
3047.352,1.545731e-05,0.0,nan,nan,nan
3047.435,1.545717e-05,0.0,nan,nan,nan
3047.519,1.545464e-05,0.0,nan,nan,nan
3047.602,1.545228e-05,0.0,nan,nan,nan
3047.686,1.545779e-05,0.0,nan,nan,nan
3047.787,1.545534e-05,0.0,nan,nan,nan
3047.874,1.545316e-05,0.0,nan,nan,nan
3047.957,1.546166e-05,0.0,nan,nan,nan
3048.041,1.545521e-05,0.0,nan,nan,nan
3048.125,1.545531e-05,0.0,nan,nan,nan
3048.208,1.545624e-05,0.0,nan,nan,nan
3048.292,1.545864e-05,0.0,nan,nan,nan
3048.376,1.545566e-05,0.0,nan,nan,nan
3048.484,1.545331e-05,0.0,nan,nan,nan
3048.567,1.545576e-05,0.0,nan,nan,nan
3048.651,1.545625e-05,0.0,nan,nan,nan
3048.734,1.545271e-05,0.0,nan,nan,nan
3048.819,1.545738e-05,0.0,nan,nan,nan
3048.904,1.545557e-05,0.0,nan,nan,nan
3048.988,1.545706e-05,0.0,nan,nan,nan
3049.08,1.545759e-05,0.0,nan,nan,nan
3049.164,1.545791e-05,0.0,nan,nan,nan
3049.269,1.545609e-05,0.0,nan,nan,nan
3049.352,1.545569e-05,0.0,nan,nan,nan
3049.436,1.545577e-05,0.0,nan,nan,nan
3049.52,1.545512e-05,0.0,nan,nan,nan
3049.603,1.545518e-05,0.0,nan,nan,nan
3049.698,1.545622e-05,0.0,nan,nan,nan
3049.782,1.545847e-05,0.0,nan,nan,nan
3049.866,1.5455e-05,0.0,nan,nan,nan
3049.95,1.545457e-05,0.0,nan,nan,nan
3050.033,1.545597e-05,0.0,nan,nan,nan
3050.117,1.545618e-05,0.0,nan,nan,nan
3050.201,1.545717e-05,0.0,nan,nan,nan
3050.298,1.545478e-05,0.0,nan,nan,nan
3050.382,1.545814e-05,0.0,nan,nan,nan
3050.466,1.545597e-05,0.0,nan,nan,nan
3050.549,1.545533e-05,0.0,nan,nan,nan
3050.636,1.545566e-05,0.0,nan,nan,nan
3050.721,1.545751e-05,0.0,nan,nan,nan
3050.805,1.545649e-05,0.0,nan,nan,nan
3050.888,1.546057e-05,0.0,nan,nan,nan
3050.972,1.545738e-05,0.0,nan,nan,nan
3051.055,1.545295e-05,0.0,nan,nan,nan
3051.139,1.545472e-05,0.0,nan,nan,nan
3051.223,1.545897e-05,0.0,nan,nan,nan
3051.314,1.546351e-05,0.0,nan,nan,nan
3051.398,1.545901e-05,0.0,nan,nan,nan
3051.482,1.545832e-05,0.0,nan,nan,nan
3051.566,1.545973e-05,0.0,nan,nan,nan
3051.65,1.545791e-05,0.0,nan,nan,nan
3051.733,1.545599e-05,0.0,nan,nan,nan
3051.817,1.545829e-05,0.0,nan,nan,nan
3051.917,1.545563e-05,0.0,nan,nan,nan
3052.001,1.54567e-05,0.0,nan,nan,nan
3052.085,1.545552e-05,0.0,nan,nan,nan
3052.168,1.545466e-05,0.0,nan,nan,nan
3052.256,1.545276e-05,0.0,nan,nan,nan
3052.339,1.545067e-05,0.0,nan,nan,nan
3052.423,1.545409e-05,0.0,nan,nan,nan
3052.507,1.545573e-05,0.0,nan,nan,nan
3052.59,1.545976e-05,0.0,nan,nan,nan
3052.674,1.545686e-05,0.0,nan,nan,nan
3052.769,1.545547e-05,0.0,nan,nan,nan
3052.853,1.545242e-05,0.0,nan,nan,nan
3052.952,1.546104e-05,0.0,nan,nan,nan
3053.036,1.545753e-05,0.0,nan,nan,nan
3053.12,1.546239e-05,0.0,nan,nan,nan
3053.204,1.545703e-05,0.0,nan,nan,nan
3053.287,1.545455e-05,0.0,nan,nan,nan
3053.371,1.54522e-05,0.0,nan,nan,nan
3053.455,1.5457e-05,0.0,nan,nan,nan
3053.553,1.545778e-05,0.0,nan,nan,nan
3053.637,1.545785e-05,0.0,nan,nan,nan
3053.72,1.545728e-05,0.0,nan,nan,nan
3053.804,1.546072e-05,0.0,nan,nan,nan
3053.888,1.54576e-05,0.0,nan,nan,nan
3053.982,1.545385e-05,0.0,nan,nan,nan
3054.066,1.545805e-05,0.0,nan,nan,nan
3054.149,1.545569e-05,0.0,nan,nan,nan
3054.233,1.545959e-05,0.0,nan,nan,nan
3054.316,1.545697e-05,0.0,nan,nan,nan
3054.4,1.545987e-05,0.0,nan,nan,nan
3054.484,1.545638e-05,0.0,nan,nan,nan
3054.586,1.545621e-05,0.0,nan,nan,nan
3054.669,1.54615e-05,0.0,nan,nan,nan
3054.753,1.546129e-05,0.0,nan,nan,nan
3054.837,1.545912e-05,0.0,nan,nan,nan
3054.921,1.546189e-05,0.0,nan,nan,nan
3055.01,1.546105e-05,0.0,nan,nan,nan
3055.094,1.546083e-05,0.0,nan,nan,nan
3055.201,1.546077e-05,0.0,nan,nan,nan
3055.285,1.545935e-05,0.0,nan,nan,nan
3055.368,1.545864e-05,0.0,nan,nan,nan
3055.452,1.546261e-05,0.0,nan,nan,nan
3055.536,1.545864e-05,0.0,nan,nan,nan
3055.619,1.545979e-05,0.0,nan,nan,nan
3055.703,1.545777e-05,0.0,nan,nan,nan
3055.803,1.545829e-05,0.0,nan,nan,nan
3055.886,1.546228e-05,0.0,nan,nan,nan
3055.97,1.54595e-05,0.0,nan,nan,nan
3056.072,1.546236e-05,0.0,nan,nan,nan
3056.156,1.546114e-05,0.0,nan,nan,nan
3056.24,1.546124e-05,0.0,nan,nan,nan
3056.324,1.546332e-05,0.0,nan,nan,nan
3056.419,1.546234e-05,0.0,nan,nan,nan
3056.502,1.545921e-05,0.0,nan,nan,nan
3056.586,1.54598e-05,0.0,nan,nan,nan
3056.67,1.546324e-05,0.0,nan,nan,nan
3056.753,1.546394e-05,0.0,nan,nan,nan
3056.837,1.546558e-05,0.0,nan,nan,nan
3056.921,1.54662e-05,0.0,nan,nan,nan
3057.005,1.546463e-05,0.0,nan,nan,nan
3057.089,1.546417e-05,0.0,nan,nan,nan
3057.172,1.546359e-05,0.0,nan,nan,nan
3057.268,1.546604e-05,0.0,nan,nan,nan
3057.352,1.546477e-05,0.0,nan,nan,nan
3057.447,1.546432e-05,0.0,nan,nan,nan
3057.531,1.546832e-05,0.0,nan,nan,nan
3057.615,1.546238e-05,0.0,nan,nan,nan
3057.699,1.546005e-05,0.0,nan,nan,nan
3057.783,1.545857e-05,0.0,nan,nan,nan
3057.869,1.545824e-05,0.0,nan,nan,nan
3057.952,1.546186e-05,0.0,nan,nan,nan
3058.042,1.545953e-05,0.0,nan,nan,nan
3058.125,1.546552e-05,0.0,nan,nan,nan
3058.209,1.545792e-05,0.0,nan,nan,nan
3058.292,1.545935e-05,0.0,nan,nan,nan
3058.376,1.546039e-05,0.0,nan,nan,nan
3058.483,1.545886e-05,0.0,nan,nan,nan
3058.567,1.546133e-05,0.0,nan,nan,nan
3058.65,1.545718e-05,0.0,nan,nan,nan
3058.734,1.545815e-05,0.0,nan,nan,nan
3058.818,1.546316e-05,0.0,nan,nan,nan
3058.901,1.546308e-05,0.0,nan,nan,nan
3058.985,1.546357e-05,0.0,nan,nan,nan
3059.084,1.546314e-05,0.0,nan,nan,nan
3059.168,1.546398e-05,0.0,nan,nan,nan
3059.252,1.546492e-05,0.0,nan,nan,nan
3059.335,1.546859e-05,0.0,nan,nan,nan
3059.423,1.546313e-05,0.0,nan,nan,nan
3059.512,1.546304e-05,0.0,nan,nan,nan
3059.595,1.545735e-05,0.0,nan,nan,nan
3059.685,1.545968e-05,0.0,nan,nan,nan
3059.768,1.546441e-05,0.0,nan,nan,nan
3059.853,1.545893e-05,0.0,nan,nan,nan
3059.937,1.546153e-05,0.0,nan,nan,nan
3060.022,1.546567e-05,0.0,nan,nan,nan
3060.117,1.546505e-05,0.0,nan,nan,nan
3060.201,1.546039e-05,0.0,nan,nan,nan
3060.304,1.546295e-05,0.0,nan,nan,nan
3060.388,1.546246e-05,0.0,nan,nan,nan
3060.471,1.546091e-05,0.0,nan,nan,nan
3060.555,1.54591e-05,0.0,nan,nan,nan
3060.639,1.546159e-05,0.0,nan,nan,nan
3060.734,1.546209e-05,0.0,nan,nan,nan
3060.818,1.546271e-05,0.0,nan,nan,nan
3060.902,1.546114e-05,0.0,nan,nan,nan
3060.985,1.546025e-05,0.0,nan,nan,nan
3061.069,1.54576e-05,0.0,nan,nan,nan
3061.158,1.546015e-05,0.0,nan,nan,nan
3061.242,1.545926e-05,0.0,nan,nan,nan
3061.342,1.545785e-05,0.0,nan,nan,nan
3061.426,1.546195e-05,0.0,nan,nan,nan
3061.536,1.546205e-05,0.0,nan,nan,nan
3061.619,1.546006e-05,0.0,nan,nan,nan
3061.703,1.545932e-05,0.0,nan,nan,nan
3061.787,1.546258e-05,0.0,nan,nan,nan
3061.873,1.546155e-05,0.0,nan,nan,nan
3061.958,1.545897e-05,0.0,nan,nan,nan
3062.042,1.546179e-05,0.0,nan,nan,nan
3062.138,1.546255e-05,0.0,nan,nan,nan
3062.234,1.546164e-05,0.0,nan,nan,nan
3062.337,1.546416e-05,0.0,nan,nan,nan
3062.421,1.546404e-05,0.0,nan,nan,nan
3062.505,1.546467e-05,0.0,nan,nan,nan
3062.589,1.5461e-05,0.0,nan,nan,nan
3062.673,1.545863e-05,0.0,nan,nan,nan
3062.766,1.546263e-05,0.0,nan,nan,nan
3062.849,1.545982e-05,0.0,nan,nan,nan
3062.933,1.546099e-05,0.0,nan,nan,nan
3063.016,1.546678e-05,0.0,nan,nan,nan
3063.101,1.546598e-05,0.0,nan,nan,nan
3063.184,1.546263e-05,0.0,nan,nan,nan
3063.268,1.546351e-05,0.0,nan,nan,nan
3063.368,1.546221e-05,0.0,nan,nan,nan
3063.453,1.546132e-05,0.0,nan,nan,nan
3063.536,1.546383e-05,0.0,nan,nan,nan
3063.62,1.546092e-05,0.0,nan,nan,nan
3063.704,1.546227e-05,0.0,nan,nan,nan
3063.79,1.546145e-05,0.0,nan,nan,nan
3063.874,1.54611e-05,0.0,nan,nan,nan
3063.96,1.546275e-05,0.0,nan,nan,nan
3064.044,1.545991e-05,0.0,nan,nan,nan
3064.127,1.545861e-05,0.0,nan,nan,nan
3064.218,1.546155e-05,0.0,nan,nan,nan
3064.304,1.546471e-05,0.0,nan,nan,nan
3064.398,1.54639e-05,0.0,nan,nan,nan
3064.482,1.546335e-05,0.0,nan,nan,nan
3064.566,1.546046e-05,0.0,nan,nan,nan
3064.649,1.546447e-05,0.0,nan,nan,nan
3064.734,1.545929e-05,0.0,nan,nan,nan
3064.818,1.546375e-05,0.0,nan,nan,nan
3064.901,1.546177e-05,0.0,nan,nan,nan
3065.002,1.545915e-05,0.0,nan,nan,nan
3065.086,1.54588e-05,0.0,nan,nan,nan
3065.17,1.54609e-05,0.0,nan,nan,nan
3065.254,1.545907e-05,0.0,nan,nan,nan
3065.338,1.545971e-05,0.0,nan,nan,nan
3065.427,1.545964e-05,0.0,nan,nan,nan
3065.511,1.54555e-05,0.0,nan,nan,nan
3065.617,1.545449e-05,0.0,nan,nan,nan
3065.701,1.545692e-05,0.0,nan,nan,nan
3065.784,1.545817e-05,0.0,nan,nan,nan
3065.868,1.545644e-05,0.0,nan,nan,nan
3065.952,1.545716e-05,0.0,nan,nan,nan
3066.035,1.545952e-05,0.0,nan,nan,nan
3066.119,1.545837e-05,0.0,nan,nan,nan
3066.218,1.545803e-05,0.0,nan,nan,nan
3066.302,1.545965e-05,0.0,nan,nan,nan
3066.385,1.545762e-05,0.0,nan,nan,nan
3066.469,1.545851e-05,0.0,nan,nan,nan
3066.556,1.546319e-05,0.0,nan,nan,nan
3066.64,1.546042e-05,0.0,nan,nan,nan
3066.724,1.546334e-05,0.0,nan,nan,nan
3066.83,1.545987e-05,0.0,nan,nan,nan
3066.913,1.546349e-05,0.0,nan,nan,nan
3066.997,1.545965e-05,0.0,nan,nan,nan
3067.081,1.545823e-05,0.0,nan,nan,nan
3067.164,1.545969e-05,0.0,nan,nan,nan
3067.248,1.546048e-05,0.0,nan,nan,nan
3067.332,1.54602e-05,0.0,nan,nan,nan
3067.415,1.545902e-05,0.0,nan,nan,nan
3067.499,1.546374e-05,0.0,nan,nan,nan
3067.582,1.545921e-05,0.0,nan,nan,nan
3067.666,1.545521e-05,0.0,nan,nan,nan
3067.75,1.545758e-05,0.0,nan,nan,nan
3067.844,1.54568e-05,0.0,nan,nan,nan
3067.928,1.545508e-05,0.0,nan,nan,nan
3068.013,1.545563e-05,0.0,nan,nan,nan
3068.097,1.545224e-05,0.0,nan,nan,nan
3068.18,1.544855e-05,0.0,nan,nan,nan
3068.267,1.545382e-05,0.0,nan,nan,nan
3068.351,1.545297e-05,0.0,nan,nan,nan
3069.168,1.545831e-05,0.0,nan,nan,nan
3069.251,1.545352e-05,0.0,nan,nan,nan
3069.335,1.545521e-05,0.0,nan,nan,nan
3069.418,1.545381e-05,0.0,nan,nan,nan
3069.502,1.545399e-05,0.0,nan,nan,nan
3069.585,1.545818e-05,0.0,nan,nan,nan
3069.675,1.545566e-05,0.0,nan,nan,nan
3069.759,1.545375e-05,0.0,nan,nan,nan
3069.842,1.545585e-05,0.0,nan,nan,nan
3069.927,1.545579e-05,0.0,nan,nan,nan
3070.01,1.545736e-05,0.0,nan,nan,nan
3070.093,1.5457e-05,0.0,nan,nan,nan
3070.177,1.545809e-05,0.0,nan,nan,nan
3070.282,1.545628e-05,0.0,nan,nan,nan
3070.366,1.545341e-05,0.0,nan,nan,nan
3070.449,1.545376e-05,0.0,nan,nan,nan
3070.533,1.545079e-05,0.0,nan,nan,nan
3070.616,1.545473e-05,0.0,nan,nan,nan
3070.7,1.545586e-05,0.0,nan,nan,nan
3070.784,1.545427e-05,0.0,nan,nan,nan
3070.869,1.545866e-05,0.0,nan,nan,nan
3070.953,1.545461e-05,0.0,nan,nan,nan
3071.037,1.545443e-05,0.0,nan,nan,nan
3071.121,1.545542e-05,0.0,nan,nan,nan
3071.25,1.545633e-05,0.0,nan,nan,nan
3071.339,1.545474e-05,0.0,nan,nan,nan
3071.423,1.545612e-05,0.0,nan,nan,nan
3071.509,1.545916e-05,0.0,nan,nan,nan
3071.592,1.545867e-05,0.0,nan,nan,nan
3071.676,1.545466e-05,0.0,nan,nan,nan
3071.759,1.545736e-05,0.0,nan,nan,nan
3071.843,1.545752e-05,0.0,nan,nan,nan
3071.934,1.54566e-05,0.0,nan,nan,nan
3072.018,1.54605e-05,0.0,nan,nan,nan
3072.111,1.546005e-05,0.0,nan,nan,nan
3072.195,1.545564e-05,0.0,nan,nan,nan
3072.279,1.545718e-05,0.0,nan,nan,nan
3072.362,1.546032e-05,0.0,nan,nan,nan
3072.446,1.545533e-05,0.0,nan,nan,nan
3072.534,1.545651e-05,0.0,nan,nan,nan
3072.617,1.545723e-05,0.0,nan,nan,nan
3072.701,1.545515e-05,0.0,nan,nan,nan
3072.784,1.545991e-05,0.0,nan,nan,nan
3072.868,1.545627e-05,0.0,nan,nan,nan
3072.952,1.545794e-05,0.0,nan,nan,nan
3073.035,1.545879e-05,0.0,nan,nan,nan
3073.14,1.545778e-05,0.0,nan,nan,nan
3073.224,1.545489e-05,0.0,nan,nan,nan
3073.351,1.545494e-05,0.0,nan,nan,nan
3073.458,1.545506e-05,0.0,nan,nan,nan
3073.573,1.545249e-05,0.0,nan,nan,nan
3073.657,1.545092e-05,0.0,nan,nan,nan
3073.742,1.545442e-05,0.0,nan,nan,nan
3073.825,1.545746e-05,0.0,nan,nan,nan
3073.909,1.546151e-05,0.0,nan,nan,nan
3073.993,1.546088e-05,0.0,nan,nan,nan
3074.076,1.546521e-05,0.0,nan,nan,nan
3074.16,1.546171e-05,0.0,nan,nan,nan
3074.244,1.546188e-05,0.0,nan,nan,nan
3074.327,1.546065e-05,0.0,nan,nan,nan
3074.42,1.545872e-05,0.0,nan,nan,nan
3074.503,1.546032e-05,0.0,nan,nan,nan
3074.587,1.545967e-05,0.0,nan,nan,nan
3074.671,1.545835e-05,0.0,nan,nan,nan
3074.775,1.5461e-05,0.0,nan,nan,nan
3074.859,1.546029e-05,0.0,nan,nan,nan
3074.966,1.546085e-05,0.0,nan,nan,nan
3075.05,1.545975e-05,0.0,nan,nan,nan
3075.134,1.54627e-05,0.0,nan,nan,nan
3075.218,1.546063e-05,0.0,nan,nan,nan
3075.301,1.545947e-05,0.0,nan,nan,nan
3075.429,1.545766e-05,0.0,nan,nan,nan
3075.513,1.545743e-05,0.0,nan,nan,nan
3075.597,1.545818e-05,0.0,nan,nan,nan
3075.681,1.546005e-05,0.0,nan,nan,nan
3075.772,1.545973e-05,0.0,nan,nan,nan
3075.855,1.545972e-05,0.0,nan,nan,nan
3075.939,1.546133e-05,0.0,nan,nan,nan
3076.022,1.545955e-05,0.0,nan,nan,nan
3076.106,1.545756e-05,0.0,nan,nan,nan
3076.199,1.545853e-05,0.0,nan,nan,nan
3076.283,1.545895e-05,0.0,nan,nan,nan
3076.368,1.546567e-05,0.0,nan,nan,nan
3076.452,1.546534e-05,0.0,nan,nan,nan
3076.535,1.546417e-05,0.0,nan,nan,nan
3076.619,1.546117e-05,0.0,nan,nan,nan
3076.703,1.546165e-05,0.0,nan,nan,nan
3076.797,1.546428e-05,0.0,nan,nan,nan
3076.88,1.54601e-05,0.0,nan,nan,nan
3076.965,1.545949e-05,0.0,nan,nan,nan
3077.049,1.546132e-05,0.0,nan,nan,nan
3077.132,1.545786e-05,0.0,nan,nan,nan
3077.224,1.546241e-05,0.0,nan,nan,nan
3077.308,1.545967e-05,0.0,nan,nan,nan
3077.391,1.545635e-05,0.0,nan,nan,nan
3077.491,1.546015e-05,0.0,nan,nan,nan
3077.576,1.546224e-05,0.0,nan,nan,nan
3077.66,1.545891e-05,0.0,nan,nan,nan
3077.744,1.546078e-05,0.0,nan,nan,nan
3077.842,1.546235e-05,0.0,nan,nan,nan
3077.925,1.54593e-05,0.0,nan,nan,nan
3078.01,1.545985e-05,0.0,nan,nan,nan
3078.093,1.546051e-05,0.0,nan,nan,nan
3078.177,1.54623e-05,0.0,nan,nan,nan
3078.262,1.545998e-05,0.0,nan,nan,nan
3078.345,1.545889e-05,0.0,nan,nan,nan
3078.442,1.546027e-05,0.0,nan,nan,nan
3078.526,1.546075e-05,0.0,nan,nan,nan
3078.609,1.545807e-05,0.0,nan,nan,nan
3078.693,1.545983e-05,0.0,nan,nan,nan
3078.776,1.545849e-05,0.0,nan,nan,nan
3078.86,1.54603e-05,0.0,nan,nan,nan
3078.944,1.545485e-05,0.0,nan,nan,nan
3079.033,1.545807e-05,0.0,nan,nan,nan
3079.116,1.545989e-05,0.0,nan,nan,nan
3079.2,1.545755e-05,0.0,nan,nan,nan
3079.283,1.545778e-05,0.0,nan,nan,nan
3079.367,1.545997e-05,0.0,nan,nan,nan
3079.451,1.545796e-05,0.0,nan,nan,nan
3079.545,1.545521e-05,0.0,nan,nan,nan
3079.629,1.545757e-05,0.0,nan,nan,nan
3079.712,1.545735e-05,0.0,nan,nan,nan
3079.795,1.54584e-05,0.0,nan,nan,nan
3079.879,1.545938e-05,0.0,nan,nan,nan
3079.962,1.54586e-05,0.0,nan,nan,nan
3080.051,1.545994e-05,0.0,nan,nan,nan
3080.135,1.545995e-05,0.0,nan,nan,nan
3080.22,1.546121e-05,0.0,nan,nan,nan
3080.303,1.546402e-05,0.0,nan,nan,nan
3080.387,1.545701e-05,0.0,nan,nan,nan
3080.47,1.545254e-05,0.0,nan,nan,nan
3080.554,1.545711e-05,0.0,nan,nan,nan
3080.637,1.546026e-05,0.0,nan,nan,nan
3080.721,1.54586e-05,0.0,nan,nan,nan
3080.805,1.545692e-05,0.0,nan,nan,nan
3080.888,1.545828e-05,0.0,nan,nan,nan
3080.972,1.545718e-05,0.0,nan,nan,nan
3081.064,1.545766e-05,0.0,nan,nan,nan
3081.148,1.545606e-05,0.0,nan,nan,nan
3081.231,1.54565e-05,0.0,nan,nan,nan
3081.315,1.545616e-05,0.0,nan,nan,nan
3081.399,1.54558e-05,0.0,nan,nan,nan
3081.483,1.545834e-05,0.0,nan,nan,nan
3081.567,1.54573e-05,0.0,nan,nan,nan
3081.65,1.54538e-05,0.0,nan,nan,nan
3081.734,1.545971e-05,0.0,nan,nan,nan
3081.818,1.545838e-05,0.0,nan,nan,nan
3081.901,1.546047e-05,0.0,nan,nan,nan
3081.985,1.545914e-05,0.0,nan,nan,nan
3082.084,1.546027e-05,0.0,nan,nan,nan
3082.167,1.545941e-05,0.0,nan,nan,nan
3082.251,1.545894e-05,0.0,nan,nan,nan
3082.334,1.546149e-05,0.0,nan,nan,nan
3082.418,1.545567e-05,0.0,nan,nan,nan
3082.503,1.545702e-05,0.0,nan,nan,nan
3082.587,1.545828e-05,0.0,nan,nan,nan
3082.67,1.545849e-05,0.0,nan,nan,nan
3082.754,1.545843e-05,0.0,nan,nan,nan
3082.838,1.546187e-05,0.0,nan,nan,nan
3082.921,1.545697e-05,0.0,nan,nan,nan
3083.005,1.545677e-05,0.0,nan,nan,nan
3083.091,1.545969e-05,0.0,nan,nan,nan
3083.175,1.545834e-05,0.0,nan,nan,nan
3083.258,1.545893e-05,0.0,nan,nan,nan
3083.349,1.545931e-05,0.0,nan,nan,nan
3083.433,1.545812e-05,0.0,nan,nan,nan
3083.533,1.54581e-05,0.0,nan,nan,nan
3083.65,1.546004e-05,0.0,nan,nan,nan
3083.734,1.546285e-05,0.0,nan,nan,nan
3083.817,1.546075e-05,0.0,nan,nan,nan
3083.901,1.546116e-05,0.0,nan,nan,nan
3083.984,1.545969e-05,0.0,nan,nan,nan
3084.072,1.545914e-05,0.0,nan,nan,nan
3084.157,1.545818e-05,0.0,nan,nan,nan
3084.24,1.54579e-05,0.0,nan,nan,nan
3084.326,1.546289e-05,0.0,nan,nan,nan
3084.409,1.545812e-05,0.0,nan,nan,nan
3084.495,1.54555e-05,0.0,nan,nan,nan
3084.579,1.5454e-05,0.0,nan,nan,nan
3084.662,1.545682e-05,0.0,nan,nan,nan
3084.76,1.546016e-05,0.0,nan,nan,nan
3084.843,1.545834e-05,0.0,nan,nan,nan
3084.93,1.54569e-05,0.0,nan,nan,nan
3085.013,1.545833e-05,0.0,nan,nan,nan
3085.097,1.546062e-05,0.0,nan,nan,nan
3085.181,1.546005e-05,0.0,nan,nan,nan
3085.265,1.545423e-05,0.0,nan,nan,nan
3085.348,1.545612e-05,0.0,nan,nan,nan
3085.432,1.54567e-05,0.0,nan,nan,nan
3085.515,1.546093e-05,0.0,nan,nan,nan
3085.6,1.546025e-05,0.0,nan,nan,nan
3085.717,1.54515e-05,0.0,nan,nan,nan
3085.814,1.545767e-05,0.0,nan,nan,nan
3085.898,1.545914e-05,0.0,nan,nan,nan
3085.982,1.546108e-05,0.0,nan,nan,nan
3086.066,1.545979e-05,0.0,nan,nan,nan
3086.149,1.545969e-05,0.0,nan,nan,nan
3086.235,1.54575e-05,0.0,nan,nan,nan
3086.318,1.545995e-05,0.0,nan,nan,nan
3086.402,1.545623e-05,0.0,nan,nan,nan
3086.486,1.545734e-05,0.0,nan,nan,nan
3086.57,1.545873e-05,0.0,nan,nan,nan
3086.653,1.545849e-05,0.0,nan,nan,nan
3086.737,1.546379e-05,0.0,nan,nan,nan
3086.841,1.54574e-05,0.0,nan,nan,nan
3086.925,1.545816e-05,0.0,nan,nan,nan
3087.009,1.545841e-05,0.0,nan,nan,nan
3087.092,1.545849e-05,0.0,nan,nan,nan
3087.176,1.54544e-05,0.0,nan,nan,nan
3087.291,1.545851e-05,0.0,nan,nan,nan
3087.375,1.545859e-05,0.0,nan,nan,nan
3087.481,1.546075e-05,0.0,nan,nan,nan
3087.565,1.546002e-05,0.0,nan,nan,nan
3087.651,1.54571e-05,0.0,nan,nan,nan
3087.783,1.54605e-05,0.0,nan,nan,nan
3087.876,1.545378e-05,0.0,nan,nan,nan
3087.96,1.54541e-05,0.0,nan,nan,nan
3088.061,1.54579e-05,0.0,nan,nan,nan
3088.145,1.545655e-05,0.0,nan,nan,nan
3088.228,1.545589e-05,0.0,nan,nan,nan
3088.312,1.545713e-05,0.0,nan,nan,nan
3088.396,1.545824e-05,0.0,nan,nan,nan
3088.486,1.545701e-05,0.0,nan,nan,nan
3088.569,1.545426e-05,0.0,nan,nan,nan
3088.673,1.54572e-05,0.0,nan,nan,nan
3088.757,1.545237e-05,0.0,nan,nan,nan
3088.841,1.545536e-05,0.0,nan,nan,nan
3088.925,1.545194e-05,0.0,nan,nan,nan
3089.009,1.54562e-05,0.0,nan,nan,nan
3089.094,1.545816e-05,0.0,nan,nan,nan
3089.178,1.545481e-05,0.0,nan,nan,nan
3089.277,1.545798e-05,0.0,nan,nan,nan
3089.361,1.545579e-05,0.0,nan,nan,nan
3089.445,1.545686e-05,0.0,nan,nan,nan
3089.529,1.546016e-05,0.0,nan,nan,nan
3089.613,1.545917e-05,0.0,nan,nan,nan
3089.701,1.545957e-05,0.0,nan,nan,nan
3089.785,1.545617e-05,0.0,nan,nan,nan
3089.883,1.545726e-05,0.0,nan,nan,nan
3089.97,1.545611e-05,0.0,nan,nan,nan
3090.053,1.545892e-05,0.0,nan,nan,nan
3090.137,1.546089e-05,0.0,nan,nan,nan
3090.22,1.545965e-05,0.0,nan,nan,nan
3090.304,1.546037e-05,0.0,nan,nan,nan
3090.388,1.546027e-05,0.0,nan,nan,nan
3090.472,1.546115e-05,0.0,nan,nan,nan
3090.556,1.546171e-05,0.0,nan,nan,nan
3090.64,1.546081e-05,0.0,nan,nan,nan
3090.724,1.546119e-05,0.0,nan,nan,nan
3090.807,1.546192e-05,0.0,nan,nan,nan
3090.89,1.546135e-05,0.0,nan,nan,nan
3090.974,1.545718e-05,0.0,nan,nan,nan
3091.058,1.545999e-05,0.0,nan,nan,nan
3091.148,1.545614e-05,0.0,nan,nan,nan
3091.232,1.546048e-05,0.0,nan,nan,nan
3091.332,1.545998e-05,0.0,nan,nan,nan
3091.416,1.545987e-05,0.0,nan,nan,nan
3091.5,1.54566e-05,0.0,nan,nan,nan
3091.583,1.546145e-05,0.0,nan,nan,nan
3091.67,1.545933e-05,0.0,nan,nan,nan
3091.753,1.546042e-05,0.0,nan,nan,nan
3091.837,1.545929e-05,0.0,nan,nan,nan
3091.942,1.546085e-05,0.0,nan,nan,nan
3092.025,1.545837e-05,0.0,nan,nan,nan
3092.11,1.545849e-05,0.0,nan,nan,nan
3092.194,1.545487e-05,0.0,nan,nan,nan
3092.278,1.545525e-05,0.0,nan,nan,nan
3092.369,1.545669e-05,0.0,nan,nan,nan
3092.453,1.545794e-05,0.0,nan,nan,nan
3092.542,1.545784e-05,0.0,nan,nan,nan
3092.626,1.545825e-05,0.0,nan,nan,nan
3092.709,1.545725e-05,0.0,nan,nan,nan
3092.794,1.545734e-05,0.0,nan,nan,nan
3092.877,1.546124e-05,0.0,nan,nan,nan
3092.984,1.545609e-05,0.0,nan,nan,nan
3093.068,1.545736e-05,0.0,nan,nan,nan
3093.152,1.546098e-05,0.0,nan,nan,nan
3093.235,1.546229e-05,0.0,nan,nan,nan
3093.319,1.545755e-05,0.0,nan,nan,nan
3093.402,1.5455e-05,0.0,nan,nan,nan
3093.486,1.545823e-05,0.0,nan,nan,nan
3093.59,1.545587e-05,0.0,nan,nan,nan
3093.674,1.546129e-05,0.0,nan,nan,nan
3093.781,1.545658e-05,0.0,nan,nan,nan
3093.865,1.545653e-05,0.0,nan,nan,nan
3093.949,1.545634e-05,0.0,nan,nan,nan
3094.034,1.546063e-05,0.0,nan,nan,nan
3094.118,1.546132e-05,0.0,nan,nan,nan
3094.202,1.545308e-05,0.0,nan,nan,nan
3094.286,1.545617e-05,0.0,nan,nan,nan
3094.369,1.545558e-05,0.0,nan,nan,nan
3094.453,1.545634e-05,0.0,nan,nan,nan
3094.536,1.546006e-05,0.0,nan,nan,nan
3094.62,1.54586e-05,0.0,nan,nan,nan
3094.704,1.54569e-05,0.0,nan,nan,nan
3094.803,1.54575e-05,0.0,nan,nan,nan
3094.887,1.545566e-05,0.0,nan,nan,nan
3094.971,1.546146e-05,0.0,nan,nan,nan
3095.055,1.545691e-05,0.0,nan,nan,nan
3095.138,1.546103e-05,0.0,nan,nan,nan
3095.226,1.546399e-05,0.0,nan,nan,nan
3095.31,1.545695e-05,0.0,nan,nan,nan
3095.394,1.545677e-05,0.0,nan,nan,nan
3095.477,1.545332e-05,0.0,nan,nan,nan
3095.561,1.545657e-05,0.0,nan,nan,nan
3095.644,1.545968e-05,0.0,nan,nan,nan
3095.728,1.545841e-05,0.0,nan,nan,nan
3095.83,1.545719e-05,0.0,nan,nan,nan
3095.914,1.545527e-05,0.0,nan,nan,nan
3096.033,1.545755e-05,0.0,nan,nan,nan
3096.117,1.545656e-05,0.0,nan,nan,nan
3096.201,1.545495e-05,0.0,nan,nan,nan
3096.285,1.545588e-05,0.0,nan,nan,nan
3096.37,1.545847e-05,0.0,nan,nan,nan
3096.455,1.545912e-05,0.0,nan,nan,nan
3096.538,1.545869e-05,0.0,nan,nan,nan
3096.642,1.54584e-05,0.0,nan,nan,nan
3096.726,1.546233e-05,0.0,nan,nan,nan
3096.811,1.546023e-05,0.0,nan,nan,nan
3096.895,1.546158e-05,0.0,nan,nan,nan
3096.979,1.545429e-05,0.0,nan,nan,nan
3097.066,1.545877e-05,0.0,nan,nan,nan
3097.15,1.545435e-05,0.0,nan,nan,nan
3097.233,1.54582e-05,0.0,nan,nan,nan
3097.317,1.54573e-05,0.0,nan,nan,nan
3097.404,1.546019e-05,0.0,nan,nan,nan
3097.488,1.545742e-05,0.0,nan,nan,nan
3097.572,1.546225e-05,0.0,nan,nan,nan
3097.655,1.546107e-05,0.0,nan,nan,nan
3097.739,1.545409e-05,0.0,nan,nan,nan
3097.822,1.545765e-05,0.0,nan,nan,nan
3097.906,1.545687e-05,0.0,nan,nan,nan
3097.99,1.545638e-05,0.0,nan,nan,nan
3098.081,1.545491e-05,0.0,nan,nan,nan
3098.165,1.546343e-05,0.0,nan,nan,nan
3098.248,1.545975e-05,0.0,nan,nan,nan
3098.332,1.546203e-05,0.0,nan,nan,nan
3098.416,1.546022e-05,0.0,nan,nan,nan
3098.499,1.546094e-05,0.0,nan,nan,nan
3098.583,1.546302e-05,0.0,nan,nan,nan
3098.669,1.545924e-05,0.0,nan,nan,nan
3098.752,1.545948e-05,0.0,nan,nan,nan
3098.836,1.546078e-05,0.0,nan,nan,nan
3098.92,1.546291e-05,0.0,nan,nan,nan
3099.003,1.546058e-05,0.0,nan,nan,nan
3099.103,1.545741e-05,0.0,nan,nan,nan
3099.187,1.546357e-05,0.0,nan,nan,nan
3099.271,1.546029e-05,0.0,nan,nan,nan
3099.354,1.545926e-05,0.0,nan,nan,nan
3099.438,1.545541e-05,0.0,nan,nan,nan
3099.522,1.545713e-05,0.0,nan,nan,nan
3099.606,1.545662e-05,0.0,nan,nan,nan
3099.692,1.545358e-05,0.0,nan,nan,nan
3099.775,1.545806e-05,0.0,nan,nan,nan
3099.859,1.545482e-05,0.0,nan,nan,nan
3099.947,1.54535e-05,0.0,nan,nan,nan
3100.031,1.545951e-05,0.0,nan,nan,nan
3100.119,1.545533e-05,0.0,nan,nan,nan
3100.209,1.545176e-05,0.0,nan,nan,nan
3100.293,1.545379e-05,0.0,nan,nan,nan
3100.377,1.545781e-05,0.0,nan,nan,nan
3100.461,1.545753e-05,0.0,nan,nan,nan
3100.544,1.545724e-05,0.0,nan,nan,nan
3100.628,1.545604e-05,0.0,nan,nan,nan
3100.711,1.545906e-05,0.0,nan,nan,nan
3100.795,1.545098e-05,0.0,nan,nan,nan
3100.879,1.545173e-05,0.0,nan,nan,nan
3100.964,1.545369e-05,0.0,nan,nan,nan
3101.048,1.545023e-05,0.0,nan,nan,nan
3101.148,1.545247e-05,0.0,nan,nan,nan
3101.232,1.545428e-05,0.0,nan,nan,nan
3101.315,1.545612e-05,0.0,nan,nan,nan
3101.399,1.545398e-05,0.0,nan,nan,nan
3101.483,1.545288e-05,0.0,nan,nan,nan
3101.569,1.545253e-05,0.0,nan,nan,nan
3101.653,1.545546e-05,0.0,nan,nan,nan
3101.756,1.545585e-05,0.0,nan,nan,nan
3101.84,1.545531e-05,0.0,nan,nan,nan
3101.926,1.54565e-05,0.0,nan,nan,nan
3102.009,1.545388e-05,0.0,nan,nan,nan
3102.093,1.545242e-05,0.0,nan,nan,nan
3102.179,1.54534e-05,0.0,nan,nan,nan
3102.278,1.545366e-05,0.0,nan,nan,nan
3102.382,1.545343e-05,0.0,nan,nan,nan
3102.466,1.54564e-05,0.0,nan,nan,nan
3102.55,1.545672e-05,0.0,nan,nan,nan
3102.634,1.54542e-05,0.0,nan,nan,nan
3102.718,1.545742e-05,0.0,nan,nan,nan
3102.802,1.545782e-05,0.0,nan,nan,nan
3102.885,1.545714e-05,0.0,nan,nan,nan
3102.993,1.545772e-05,0.0,nan,nan,nan
3103.076,1.545696e-05,0.0,nan,nan,nan
3103.163,1.545929e-05,0.0,nan,nan,nan
3103.247,1.545673e-05,0.0,nan,nan,nan
3103.33,1.545351e-05,0.0,nan,nan,nan
3103.414,1.545722e-05,0.0,nan,nan,nan
3103.497,1.54554e-05,0.0,nan,nan,nan
3103.599,1.545515e-05,0.0,nan,nan,nan
3103.683,1.545962e-05,0.0,nan,nan,nan
3103.766,1.545627e-05,0.0,nan,nan,nan
3103.85,1.545306e-05,0.0,nan,nan,nan
3103.937,1.545521e-05,0.0,nan,nan,nan
3104.021,1.545776e-05,0.0,nan,nan,nan
3104.105,1.545578e-05,0.0,nan,nan,nan
3104.188,1.545746e-05,0.0,nan,nan,nan
3104.272,1.545654e-05,0.0,nan,nan,nan
3104.356,1.545908e-05,0.0,nan,nan,nan
3104.44,1.545682e-05,0.0,nan,nan,nan
3104.523,1.546135e-05,0.0,nan,nan,nan
3104.633,1.546156e-05,0.0,nan,nan,nan
3104.717,1.545874e-05,0.0,nan,nan,nan
3104.817,1.546078e-05,0.0,nan,nan,nan
3104.901,1.545577e-05,0.0,nan,nan,nan
3104.984,1.545862e-05,0.0,nan,nan,nan
3105.068,1.546271e-05,0.0,nan,nan,nan
3105.152,1.546239e-05,0.0,nan,nan,nan
3105.268,1.545951e-05,0.0,nan,nan,nan
3105.351,1.545609e-05,0.0,nan,nan,nan
3105.453,1.546003e-05,0.0,nan,nan,nan
3105.537,1.545709e-05,0.0,nan,nan,nan
3105.62,1.545517e-05,0.0,nan,nan,nan
3105.704,1.545525e-05,0.0,nan,nan,nan
3105.788,1.545758e-05,0.0,nan,nan,nan
3105.871,1.545999e-05,0.0,nan,nan,nan
3105.955,1.546097e-05,0.0,nan,nan,nan
3106.041,1.546122e-05,0.0,nan,nan,nan
3106.125,1.546087e-05,0.0,nan,nan,nan
3106.208,1.546287e-05,0.0,nan,nan,nan
3106.292,1.546058e-05,0.0,nan,nan,nan
3106.386,1.545872e-05,0.0,nan,nan,nan
3106.495,1.545896e-05,0.0,nan,nan,nan
3106.579,1.546412e-05,0.0,nan,nan,nan
3106.666,1.545834e-05,0.0,nan,nan,nan
3106.75,1.545777e-05,0.0,nan,nan,nan
3106.834,1.545902e-05,0.0,nan,nan,nan
3106.917,1.545585e-05,0.0,nan,nan,nan
3107.002,1.545782e-05,0.0,nan,nan,nan
3107.085,1.546086e-05,0.0,nan,nan,nan
3107.169,1.545914e-05,0.0,nan,nan,nan
3107.269,1.546032e-05,0.0,nan,nan,nan
3107.352,1.545681e-05,0.0,nan,nan,nan
3107.438,1.545648e-05,0.0,nan,nan,nan
3107.521,1.545836e-05,0.0,nan,nan,nan
3107.605,1.545906e-05,0.0,nan,nan,nan
3107.698,1.545846e-05,0.0,nan,nan,nan
3107.782,1.545879e-05,0.0,nan,nan,nan
3107.879,1.545546e-05,0.0,nan,nan,nan
3107.963,1.545489e-05,0.0,nan,nan,nan
3108.046,1.545565e-05,0.0,nan,nan,nan
3108.13,1.545744e-05,0.0,nan,nan,nan
3108.214,1.545834e-05,0.0,nan,nan,nan
3108.297,1.546275e-05,0.0,nan,nan,nan
3108.381,1.546085e-05,0.0,nan,nan,nan
3108.47,1.545723e-05,0.0,nan,nan,nan
3108.553,1.545907e-05,0.0,nan,nan,nan
3108.637,1.545806e-05,0.0,nan,nan,nan
3108.725,1.545785e-05,0.0,nan,nan,nan
3108.809,1.545667e-05,0.0,nan,nan,nan
3108.92,1.545418e-05,0.0,nan,nan,nan
3109.004,1.545603e-05,0.0,nan,nan,nan
3109.108,1.545262e-05,0.0,nan,nan,nan
3109.192,1.545561e-05,0.0,nan,nan,nan
3109.275,1.545337e-05,0.0,nan,nan,nan
3109.359,1.545717e-05,0.0,nan,nan,nan
3109.443,1.545213e-05,0.0,nan,nan,nan
3109.529,1.545536e-05,0.0,nan,nan,nan
3109.612,1.54581e-05,0.0,nan,nan,nan
3109.696,1.545874e-05,0.0,nan,nan,nan
3109.78,1.545794e-05,0.0,nan,nan,nan
3109.866,1.545705e-05,0.0,nan,nan,nan
3109.952,1.545643e-05,0.0,nan,nan,nan
3110.036,1.545659e-05,0.0,nan,nan,nan
3110.128,1.545511e-05,0.0,nan,nan,nan
3110.212,1.545731e-05,0.0,nan,nan,nan
3110.295,1.545661e-05,0.0,nan,nan,nan
3110.379,1.545404e-05,0.0,nan,nan,nan
3110.463,1.545624e-05,0.0,nan,nan,nan
3110.546,1.545712e-05,0.0,nan,nan,nan
3110.63,1.546276e-05,0.0,nan,nan,nan
3110.717,1.545644e-05,0.0,nan,nan,nan
3110.801,1.545629e-05,0.0,nan,nan,nan
3110.884,1.545828e-05,0.0,nan,nan,nan
3110.968,1.545514e-05,0.0,nan,nan,nan
3111.051,1.545847e-05,0.0,nan,nan,nan
3111.149,1.54558e-05,0.0,nan,nan,nan
3111.233,1.545485e-05,0.0,nan,nan,nan
3111.317,1.545445e-05,0.0,nan,nan,nan
3111.4,1.545849e-05,0.0,nan,nan,nan
3111.484,1.54582e-05,0.0,nan,nan,nan
3111.568,1.545645e-05,0.0,nan,nan,nan
3111.651,1.545593e-05,0.0,nan,nan,nan
3111.735,1.545323e-05,0.0,nan,nan,nan
3111.819,1.545562e-05,0.0,nan,nan,nan
3111.904,1.545469e-05,0.0,nan,nan,nan
3112.008,1.54553e-05,0.0,nan,nan,nan
3112.092,1.545598e-05,0.0,nan,nan,nan
3112.18,1.545931e-05,0.0,nan,nan,nan
3112.264,1.54565e-05,0.0,nan,nan,nan
3112.347,1.545718e-05,0.0,nan,nan,nan
3112.431,1.545788e-05,0.0,nan,nan,nan
3112.514,1.545651e-05,0.0,nan,nan,nan
3112.598,1.545849e-05,0.0,nan,nan,nan
3112.682,1.545487e-05,0.0,nan,nan,nan
3112.766,1.545539e-05,0.0,nan,nan,nan
3112.849,1.545463e-05,0.0,nan,nan,nan
3112.933,1.545761e-05,0.0,nan,nan,nan
3113.017,1.545569e-05,0.0,nan,nan,nan
3113.1,1.545769e-05,0.0,nan,nan,nan
3113.208,1.545725e-05,0.0,nan,nan,nan
3113.293,1.54547e-05,0.0,nan,nan,nan
3113.377,1.545578e-05,0.0,nan,nan,nan
3113.46,1.545559e-05,0.0,nan,nan,nan
3113.544,1.545576e-05,0.0,nan,nan,nan
3113.628,1.545558e-05,0.0,nan,nan,nan
3113.711,1.545385e-05,0.0,nan,nan,nan
3113.804,1.545353e-05,0.0,nan,nan,nan
3113.888,1.545249e-05,0.0,nan,nan,nan
3113.972,1.545698e-05,0.0,nan,nan,nan
3114.056,1.546023e-05,0.0,nan,nan,nan
3114.14,1.545552e-05,0.0,nan,nan,nan
3114.225,1.545223e-05,0.0,nan,nan,nan
3114.309,1.545616e-05,0.0,nan,nan,nan
3114.421,1.54517e-05,0.0,nan,nan,nan
3114.505,1.545168e-05,0.0,nan,nan,nan
3114.625,1.545707e-05,0.0,nan,nan,nan
3114.708,1.545589e-05,0.0,nan,nan,nan
3114.792,1.54511e-05,0.0,nan,nan,nan
3114.876,1.545405e-05,0.0,nan,nan,nan
3114.959,1.545411e-05,0.0,nan,nan,nan
3115.043,1.545459e-05,0.0,nan,nan,nan
3115.127,1.545566e-05,0.0,nan,nan,nan
3115.229,1.545364e-05,0.0,nan,nan,nan
3115.312,1.545507e-05,0.0,nan,nan,nan
3115.396,1.545328e-05,0.0,nan,nan,nan
3115.48,1.545612e-05,0.0,nan,nan,nan
3115.564,1.545721e-05,0.0,nan,nan,nan
3115.648,1.545997e-05,0.0,nan,nan,nan
3115.731,1.545783e-05,0.0,nan,nan,nan
3115.824,1.54528e-05,0.0,nan,nan,nan
3115.907,1.545803e-05,0.0,nan,nan,nan
3115.992,1.545529e-05,0.0,nan,nan,nan
3116.076,1.545429e-05,0.0,nan,nan,nan
3116.159,1.545907e-05,0.0,nan,nan,nan
3116.25,1.545823e-05,0.0,nan,nan,nan
3116.334,1.545655e-05,0.0,nan,nan,nan
3116.434,1.545562e-05,0.0,nan,nan,nan
3116.517,1.545557e-05,0.0,nan,nan,nan
3116.601,1.545216e-05,0.0,nan,nan,nan
3116.733,1.545545e-05,0.0,nan,nan,nan
3116.817,1.545344e-05,0.0,nan,nan,nan
3116.901,1.545514e-05,0.0,nan,nan,nan
3116.984,1.545543e-05,0.0,nan,nan,nan
3117.068,1.54566e-05,0.0,nan,nan,nan
3117.152,1.545192e-05,0.0,nan,nan,nan
3117.236,1.54571e-05,0.0,nan,nan,nan
3117.319,1.545714e-05,0.0,nan,nan,nan
3117.406,1.545516e-05,0.0,nan,nan,nan
3117.493,1.545899e-05,0.0,nan,nan,nan
3117.576,1.545982e-05,0.0,nan,nan,nan
3117.66,1.545772e-05,0.0,nan,nan,nan
3117.743,1.545795e-05,0.0,nan,nan,nan
3117.827,1.545776e-05,0.0,nan,nan,nan
3117.911,1.546089e-05,0.0,nan,nan,nan
3117.995,1.545232e-05,0.0,nan,nan,nan
3118.084,1.545818e-05,0.0,nan,nan,nan
3118.168,1.54582e-05,0.0,nan,nan,nan
3118.252,1.545939e-05,0.0,nan,nan,nan
3118.336,1.545913e-05,0.0,nan,nan,nan
3118.421,1.545533e-05,0.0,nan,nan,nan
3118.504,1.545435e-05,0.0,nan,nan,nan
3118.588,1.545719e-05,0.0,nan,nan,nan
3118.672,1.545634e-05,0.0,nan,nan,nan
3118.755,1.545386e-05,0.0,nan,nan,nan
3118.839,1.545607e-05,0.0,nan,nan,nan
3118.934,1.545495e-05,0.0,nan,nan,nan
3119.022,1.545402e-05,0.0,nan,nan,nan
3119.115,1.545667e-05,0.0,nan,nan,nan
3119.199,1.545444e-05,0.0,nan,nan,nan
3119.296,1.546028e-05,0.0,nan,nan,nan
3119.38,1.545465e-05,0.0,nan,nan,nan
3119.463,1.545718e-05,0.0,nan,nan,nan
3119.547,1.545824e-05,0.0,nan,nan,nan
3119.631,1.545278e-05,0.0,nan,nan,nan
3119.714,1.545691e-05,0.0,nan,nan,nan
3119.798,1.545592e-05,0.0,nan,nan,nan
3119.884,1.545422e-05,0.0,nan,nan,nan
3119.967,1.545093e-05,0.0,nan,nan,nan
3120.051,1.545038e-05,0.0,nan,nan,nan
3120.134,1.545299e-05,0.0,nan,nan,nan
3120.218,1.54562e-05,0.0,nan,nan,nan
3120.317,1.545202e-05,0.0,nan,nan,nan
3120.401,1.545353e-05,0.0,nan,nan,nan
3120.484,1.545335e-05,0.0,nan,nan,nan
3120.568,1.545041e-05,0.0,nan,nan,nan
3120.653,1.545233e-05,0.0,nan,nan,nan
3120.738,1.545699e-05,0.0,nan,nan,nan
3120.822,1.545264e-05,0.0,nan,nan,nan
3120.906,1.545284e-05,0.0,nan,nan,nan
3120.99,1.545101e-05,0.0,nan,nan,nan
3121.073,1.545393e-05,0.0,nan,nan,nan
3121.157,1.545221e-05,0.0,nan,nan,nan
3121.241,1.545491e-05,0.0,nan,nan,nan
3121.337,1.545361e-05,0.0,nan,nan,nan
3121.421,1.545748e-05,0.0,nan,nan,nan
3121.505,1.545728e-05,0.0,nan,nan,nan
3121.588,1.545537e-05,0.0,nan,nan,nan
3121.672,1.545988e-05,0.0,nan,nan,nan
3121.76,1.545682e-05,0.0,nan,nan,nan
3121.844,1.545498e-05,0.0,nan,nan,nan
3121.939,1.545236e-05,0.0,nan,nan,nan
3122.023,1.544908e-05,0.0,nan,nan,nan
3122.107,1.545292e-05,0.0,nan,nan,nan
3122.19,1.545208e-05,0.0,nan,nan,nan
3122.274,1.545486e-05,0.0,nan,nan,nan
3122.358,1.545265e-05,0.0,nan,nan,nan
3122.442,1.545359e-05,0.0,nan,nan,nan
3122.544,1.545596e-05,0.0,nan,nan,nan
3122.628,1.54566e-05,0.0,nan,nan,nan
3122.711,1.545848e-05,0.0,nan,nan,nan
3122.795,1.545567e-05,0.0,nan,nan,nan
3122.878,1.545665e-05,0.0,nan,nan,nan
3122.973,1.545702e-05,0.0,nan,nan,nan
3123.056,1.54555e-05,0.0,nan,nan,nan
3123.169,1.545816e-05,0.0,nan,nan,nan
3123.253,1.545623e-05,0.0,nan,nan,nan
3123.337,1.545428e-05,0.0,nan,nan,nan
3123.42,1.545466e-05,0.0,nan,nan,nan
3123.504,1.545748e-05,0.0,nan,nan,nan
3123.591,1.545177e-05,0.0,nan,nan,nan
3123.675,1.545348e-05,0.0,nan,nan,nan
3123.782,1.545708e-05,0.0,nan,nan,nan
3123.865,1.545571e-05,0.0,nan,nan,nan
3123.949,1.545481e-05,0.0,nan,nan,nan
3124.033,1.545239e-05,0.0,nan,nan,nan
3124.116,1.545269e-05,0.0,nan,nan,nan
3124.2,1.545173e-05,0.0,nan,nan,nan
3124.283,1.545179e-05,0.0,nan,nan,nan
3124.367,1.545276e-05,0.0,nan,nan,nan
3124.451,1.545523e-05,0.0,nan,nan,nan
3124.535,1.545809e-05,0.0,nan,nan,nan
3124.618,1.545412e-05,0.0,nan,nan,nan
3124.702,1.54517e-05,0.0,nan,nan,nan
3124.802,1.545409e-05,0.0,nan,nan,nan
3124.886,1.545452e-05,0.0,nan,nan,nan
3124.969,1.545556e-05,0.0,nan,nan,nan
3125.069,1.5455e-05,0.0,nan,nan,nan
3125.155,1.545424e-05,0.0,nan,nan,nan
3125.246,1.54573e-05,0.0,nan,nan,nan
3125.33,1.545598e-05,0.0,nan,nan,nan
3125.427,1.545774e-05,0.0,nan,nan,nan
3125.511,1.545392e-05,0.0,nan,nan,nan
3125.596,1.545633e-05,0.0,nan,nan,nan
3125.68,1.545629e-05,0.0,nan,nan,nan
3125.765,1.545555e-05,0.0,nan,nan,nan
3125.849,1.545574e-05,0.0,nan,nan,nan
3125.932,1.545727e-05,0.0,nan,nan,nan
3126.032,1.545721e-05,0.0,nan,nan,nan
3126.116,1.545782e-05,0.0,nan,nan,nan
3126.199,1.54618e-05,0.0,nan,nan,nan
3126.283,1.54614e-05,0.0,nan,nan,nan
3126.367,1.54582e-05,0.0,nan,nan,nan
3126.451,1.545382e-05,0.0,nan,nan,nan
3126.534,1.545798e-05,0.0,nan,nan,nan
3126.619,1.545628e-05,0.0,nan,nan,nan
3126.702,1.545845e-05,0.0,nan,nan,nan
3126.786,1.545778e-05,0.0,nan,nan,nan
3126.869,1.545533e-05,0.0,nan,nan,nan
3126.953,1.545382e-05,0.0,nan,nan,nan
3127.048,1.545443e-05,0.0,nan,nan,nan
3127.131,1.545463e-05,0.0,nan,nan,nan
3127.215,1.54583e-05,0.0,nan,nan,nan
3127.299,1.54544e-05,0.0,nan,nan,nan
3127.383,1.545826e-05,0.0,nan,nan,nan
3127.467,1.545911e-05,0.0,nan,nan,nan
3127.55,1.546149e-05,0.0,nan,nan,nan
3127.635,1.546169e-05,0.0,nan,nan,nan
3127.718,1.545984e-05,0.0,nan,nan,nan
3127.802,1.546198e-05,0.0,nan,nan,nan
3127.886,1.546079e-05,0.0,nan,nan,nan
3127.969,1.546148e-05,0.0,nan,nan,nan
3128.063,1.545981e-05,0.0,nan,nan,nan
3128.147,1.546183e-05,0.0,nan,nan,nan
3128.231,1.546347e-05,0.0,nan,nan,nan
3128.315,1.546644e-05,0.0,nan,nan,nan
3128.398,1.546142e-05,0.0,nan,nan,nan
3128.482,1.545644e-05,0.0,nan,nan,nan
3128.566,1.545606e-05,0.0,nan,nan,nan
3128.649,1.546097e-05,0.0,nan,nan,nan
3128.733,1.545999e-05,0.0,nan,nan,nan
3128.818,1.545796e-05,0.0,nan,nan,nan
3128.901,1.545792e-05,0.0,nan,nan,nan
3128.985,1.545528e-05,0.0,nan,nan,nan
3129.08,1.545917e-05,0.0,nan,nan,nan
3129.174,1.546043e-05,0.0,nan,nan,nan
3129.275,1.546172e-05,0.0,nan,nan,nan
3129.359,1.545413e-05,0.0,nan,nan,nan
3129.443,1.545965e-05,0.0,nan,nan,nan
3129.526,1.546004e-05,0.0,nan,nan,nan
3129.61,1.545698e-05,0.0,nan,nan,nan
3129.699,1.54588e-05,0.0,nan,nan,nan
3129.783,1.545449e-05,0.0,nan,nan,nan
3129.866,1.545791e-05,0.0,nan,nan,nan
3129.95,1.545306e-05,0.0,nan,nan,nan
3130.035,1.545292e-05,0.0,nan,nan,nan
3130.119,1.545223e-05,0.0,nan,nan,nan
3130.203,1.54569e-05,0.0,nan,nan,nan
3130.306,1.545509e-05,0.0,nan,nan,nan
3130.39,1.545663e-05,0.0,nan,nan,nan
3130.474,1.54583e-05,0.0,nan,nan,nan
3130.557,1.545621e-05,0.0,nan,nan,nan
3130.641,1.545464e-05,0.0,nan,nan,nan
3130.727,1.545524e-05,0.0,nan,nan,nan
3130.811,1.545773e-05,0.0,nan,nan,nan
3130.895,1.54562e-05,0.0,nan,nan,nan
3130.979,1.545617e-05,0.0,nan,nan,nan
3131.062,1.545587e-05,0.0,nan,nan,nan
3131.148,1.545668e-05,0.0,nan,nan,nan
3131.259,1.545849e-05,0.0,nan,nan,nan
3131.342,1.545221e-05,0.0,nan,nan,nan
3131.426,1.545953e-05,0.0,nan,nan,nan
3131.51,1.545632e-05,0.0,nan,nan,nan
3131.593,1.545749e-05,0.0,nan,nan,nan
3131.677,1.545864e-05,0.0,nan,nan,nan
3131.76,1.545736e-05,0.0,nan,nan,nan
3131.844,1.545209e-05,0.0,nan,nan,nan
3131.945,1.545109e-05,0.0,nan,nan,nan
3132.029,1.545114e-05,0.0,nan,nan,nan
3132.112,1.545508e-05,0.0,nan,nan,nan
3132.196,1.545646e-05,0.0,nan,nan,nan
3132.28,1.545638e-05,0.0,nan,nan,nan
3132.366,1.544954e-05,0.0,nan,nan,nan
3132.45,1.545775e-05,0.0,nan,nan,nan
3132.547,1.545321e-05,0.0,nan,nan,nan
3132.631,1.545274e-05,0.0,nan,nan,nan
3132.715,1.545407e-05,0.0,nan,nan,nan
3132.798,1.545608e-05,0.0,nan,nan,nan
3132.882,1.545639e-05,0.0,nan,nan,nan
3132.983,1.545755e-05,0.0,nan,nan,nan
3133.067,1.54538e-05,0.0,nan,nan,nan
3133.151,1.545653e-05,0.0,nan,nan,nan
3133.234,1.545346e-05,0.0,nan,nan,nan
3133.327,1.545336e-05,0.0,nan,nan,nan
3133.411,1.545162e-05,0.0,nan,nan,nan
3133.494,1.545136e-05,0.0,nan,nan,nan
3133.578,1.545631e-05,0.0,nan,nan,nan
3133.662,1.545514e-05,0.0,nan,nan,nan
3133.746,1.545677e-05,0.0,nan,nan,nan
3133.829,1.545312e-05,0.0,nan,nan,nan
3133.913,1.545667e-05,0.0,nan,nan,nan
3134.004,1.545565e-05,0.0,nan,nan,nan
3134.088,1.545723e-05,0.0,nan,nan,nan
3134.193,1.545113e-05,0.0,nan,nan,nan
3134.276,1.545304e-05,0.0,nan,nan,nan
3134.36,1.545247e-05,0.0,nan,nan,nan
3134.444,1.545623e-05,0.0,nan,nan,nan
3134.528,1.545803e-05,0.0,nan,nan,nan
3134.616,1.545896e-05,0.0,nan,nan,nan
3134.7,1.54596e-05,0.0,nan,nan,nan
3134.802,1.545699e-05,0.0,nan,nan,nan
3134.886,1.545232e-05,0.0,nan,nan,nan
3134.969,1.545255e-05,0.0,nan,nan,nan
3135.053,1.545459e-05,0.0,nan,nan,nan
3135.137,1.545499e-05,0.0,nan,nan,nan
3135.23,1.545139e-05,0.0,nan,nan,nan
3135.314,1.544991e-05,0.0,nan,nan,nan
3135.397,1.545152e-05,0.0,nan,nan,nan
3135.481,1.545198e-05,0.0,nan,nan,nan
3135.565,1.545442e-05,0.0,nan,nan,nan
3135.652,1.545532e-05,0.0,nan,nan,nan
3135.736,1.545386e-05,0.0,nan,nan,nan
3135.819,1.54535e-05,0.0,nan,nan,nan
3135.903,1.545467e-05,0.0,nan,nan,nan
3135.987,1.545485e-05,0.0,nan,nan,nan
3136.07,1.54555e-05,0.0,nan,nan,nan
3136.154,1.545332e-05,0.0,nan,nan,nan
3136.238,1.545567e-05,0.0,nan,nan,nan
3136.322,1.545315e-05,0.0,nan,nan,nan
3136.406,1.545348e-05,0.0,nan,nan,nan
3136.501,1.544983e-05,0.0,nan,nan,nan
3136.584,1.545119e-05,0.0,nan,nan,nan
3136.679,1.545552e-05,0.0,nan,nan,nan
3136.763,1.54537e-05,0.0,nan,nan,nan
3136.846,1.545109e-05,0.0,nan,nan,nan
3136.93,1.545146e-05,0.0,nan,nan,nan
3137.014,1.544935e-05,0.0,nan,nan,nan
3137.097,1.545158e-05,0.0,nan,nan,nan
3137.181,1.545339e-05,0.0,nan,nan,nan
3137.268,1.545532e-05,0.0,nan,nan,nan
3137.351,1.545678e-05,0.0,nan,nan,nan
3137.454,1.54568e-05,0.0,nan,nan,nan
3137.552,1.545349e-05,0.0,nan,nan,nan
3137.636,1.545475e-05,0.0,nan,nan,nan
3137.719,1.545426e-05,0.0,nan,nan,nan
3137.803,1.545362e-05,0.0,nan,nan,nan
3137.899,1.545385e-05,0.0,nan,nan,nan
3137.983,1.545663e-05,0.0,nan,nan,nan
3138.067,1.545376e-05,0.0,nan,nan,nan
3138.15,1.54545e-05,0.0,nan,nan,nan
3138.234,1.545273e-05,0.0,nan,nan,nan
3138.319,1.545646e-05,0.0,nan,nan,nan
3138.403,1.545249e-05,0.0,nan,nan,nan
3138.487,1.545236e-05,0.0,nan,nan,nan
3138.571,1.545211e-05,0.0,nan,nan,nan
3138.655,1.545093e-05,0.0,nan,nan,nan
3138.744,1.545572e-05,0.0,nan,nan,nan
3138.828,1.545905e-05,0.0,nan,nan,nan
3138.931,1.54539e-05,0.0,nan,nan,nan
3139.015,1.545244e-05,0.0,nan,nan,nan
3139.1,1.54557e-05,0.0,nan,nan,nan
3139.184,1.545697e-05,0.0,nan,nan,nan
3139.269,1.545718e-05,0.0,nan,nan,nan
3139.353,1.545467e-05,0.0,nan,nan,nan
3139.437,1.545278e-05,0.0,nan,nan,nan
3139.522,1.545253e-05,0.0,nan,nan,nan
3139.606,1.545968e-05,0.0,nan,nan,nan
3139.69,1.545953e-05,0.0,nan,nan,nan
3139.774,1.545763e-05,0.0,nan,nan,nan
3139.858,1.545803e-05,0.0,nan,nan,nan
3139.953,1.546131e-05,0.0,nan,nan,nan
3140.037,1.545577e-05,0.0,nan,nan,nan
3140.121,1.54581e-05,0.0,nan,nan,nan
3140.204,1.546105e-05,0.0,nan,nan,nan
3140.288,1.54632e-05,0.0,nan,nan,nan
3140.371,1.545702e-05,0.0,nan,nan,nan
3140.455,1.545629e-05,0.0,nan,nan,nan
3140.549,1.545559e-05,0.0,nan,nan,nan
3140.633,1.545716e-05,0.0,nan,nan,nan
3140.717,1.545205e-05,0.0,nan,nan,nan
3140.801,1.545731e-05,0.0,nan,nan,nan
3140.884,1.545435e-05,0.0,nan,nan,nan
3140.968,1.545646e-05,0.0,nan,nan,nan
3141.052,1.545534e-05,0.0,nan,nan,nan
3141.136,1.545938e-05,0.0,nan,nan,nan
3141.22,1.545562e-05,0.0,nan,nan,nan
3141.305,1.545919e-05,0.0,nan,nan,nan
3141.39,1.54621e-05,0.0,nan,nan,nan
3141.474,1.546034e-05,0.0,nan,nan,nan
3141.562,1.545826e-05,0.0,nan,nan,nan
3141.649,1.545746e-05,0.0,nan,nan,nan
3141.733,1.545562e-05,0.0,nan,nan,nan
3141.817,1.545775e-05,0.0,nan,nan,nan
3141.901,1.545846e-05,0.0,nan,nan,nan
3141.994,1.545587e-05,0.0,nan,nan,nan
3142.078,1.545742e-05,0.0,nan,nan,nan
3142.162,1.545828e-05,0.0,nan,nan,nan
3142.246,1.546024e-05,0.0,nan,nan,nan
3142.329,1.54554e-05,0.0,nan,nan,nan
3142.413,1.545651e-05,0.0,nan,nan,nan
3142.497,1.545464e-05,0.0,nan,nan,nan
3142.587,1.545151e-05,0.0,nan,nan,nan
3142.671,1.545631e-05,0.0,nan,nan,nan
3142.755,1.545242e-05,0.0,nan,nan,nan
3142.838,1.545209e-05,0.0,nan,nan,nan
3142.922,1.545968e-05,0.0,nan,nan,nan
3143.008,1.54575e-05,0.0,nan,nan,nan
3143.092,1.545635e-05,0.0,nan,nan,nan
3143.176,1.545754e-05,0.0,nan,nan,nan
3143.26,1.545547e-05,0.0,nan,nan,nan
3143.343,1.545552e-05,0.0,nan,nan,nan
3143.427,1.545872e-05,0.0,nan,nan,nan
3143.511,1.545533e-05,0.0,nan,nan,nan
3143.634,1.545363e-05,0.0,nan,nan,nan
3143.717,1.545262e-05,0.0,nan,nan,nan
3143.812,1.545404e-05,0.0,nan,nan,nan
3143.896,1.545388e-05,0.0,nan,nan,nan
3143.979,1.545378e-05,0.0,nan,nan,nan
3144.063,1.545871e-05,0.0,nan,nan,nan
3144.147,1.545899e-05,0.0,nan,nan,nan
3144.231,1.545774e-05,0.0,nan,nan,nan
3144.315,1.545762e-05,0.0,nan,nan,nan
3144.399,1.545529e-05,0.0,nan,nan,nan
3144.482,1.545812e-05,0.0,nan,nan,nan
3144.567,1.545651e-05,0.0,nan,nan,nan
3144.651,1.545366e-05,0.0,nan,nan,nan
3144.734,1.5457e-05,0.0,nan,nan,nan
3144.836,1.545633e-05,0.0,nan,nan,nan
3144.92,1.545688e-05,0.0,nan,nan,nan
3145.028,1.545604e-05,0.0,nan,nan,nan
3145.111,1.545601e-05,0.0,nan,nan,nan
3145.195,1.545909e-05,0.0,nan,nan,nan
3145.278,1.545789e-05,0.0,nan,nan,nan
3145.362,1.545887e-05,0.0,nan,nan,nan
3145.451,1.545744e-05,0.0,nan,nan,nan
3145.535,1.545686e-05,0.0,nan,nan,nan
3145.62,1.546212e-05,0.0,nan,nan,nan
3145.733,1.545814e-05,0.0,nan,nan,nan
3145.817,1.545872e-05,0.0,nan,nan,nan
3145.9,1.546048e-05,0.0,nan,nan,nan
3145.984,1.54569e-05,0.0,nan,nan,nan
3146.067,1.54573e-05,0.0,nan,nan,nan
3146.151,1.545419e-05,0.0,nan,nan,nan
3146.235,1.545647e-05,0.0,nan,nan,nan
3146.319,1.545595e-05,0.0,nan,nan,nan
3146.402,1.545225e-05,0.0,nan,nan,nan
3146.486,1.545239e-05,0.0,nan,nan,nan
3146.57,1.545596e-05,0.0,nan,nan,nan
3146.654,1.545794e-05,0.0,nan,nan,nan
3146.738,1.545343e-05,0.0,nan,nan,nan
3146.821,1.545822e-05,0.0,nan,nan,nan
3146.905,1.545927e-05,0.0,nan,nan,nan
3146.989,1.545643e-05,0.0,nan,nan,nan
3147.072,1.5457e-05,0.0,nan,nan,nan
3147.156,1.545367e-05,0.0,nan,nan,nan
3147.24,1.545887e-05,0.0,nan,nan,nan
3147.324,1.54575e-05,0.0,nan,nan,nan
3147.407,1.545444e-05,0.0,nan,nan,nan
3147.516,1.545387e-05,0.0,nan,nan,nan
3147.599,1.54565e-05,0.0,nan,nan,nan
3147.684,1.545542e-05,0.0,nan,nan,nan
3147.816,1.54545e-05,0.0,nan,nan,nan
3147.9,1.54547e-05,0.0,nan,nan,nan
3147.983,1.545766e-05,0.0,nan,nan,nan
3148.097,1.545399e-05,0.0,nan,nan,nan
3148.181,1.54593e-05,0.0,nan,nan,nan
3148.276,1.545657e-05,0.0,nan,nan,nan
3148.36,1.545765e-05,0.0,nan,nan,nan
3148.445,1.545206e-05,0.0,nan,nan,nan
3148.529,1.545734e-05,0.0,nan,nan,nan
3148.613,1.546029e-05,0.0,nan,nan,nan
3148.7,1.54595e-05,0.0,nan,nan,nan
3148.783,1.545979e-05,0.0,nan,nan,nan
3148.867,1.545358e-05,0.0,nan,nan,nan
3148.95,1.545373e-05,0.0,nan,nan,nan
3149.034,1.545447e-05,0.0,nan,nan,nan
3149.118,1.545828e-05,0.0,nan,nan,nan
3149.201,1.545183e-05,0.0,nan,nan,nan
3149.299,1.545329e-05,0.0,nan,nan,nan
3149.383,1.545818e-05,0.0,nan,nan,nan
3149.467,1.545666e-05,0.0,nan,nan,nan
3149.55,1.545513e-05,0.0,nan,nan,nan
3149.634,1.545705e-05,0.0,nan,nan,nan
3149.726,1.54577e-05,0.0,nan,nan,nan
3149.809,1.545626e-05,0.0,nan,nan,nan
3149.895,1.545806e-05,0.0,nan,nan,nan
3149.981,1.545352e-05,0.0,nan,nan,nan
3150.066,1.545331e-05,0.0,nan,nan,nan
3150.149,1.545256e-05,0.0,nan,nan,nan
3150.233,1.545621e-05,0.0,nan,nan,nan
3150.337,1.545754e-05,0.0,nan,nan,nan
3150.421,1.545431e-05,0.0,nan,nan,nan
3150.506,1.545581e-05,0.0,nan,nan,nan
3150.59,1.545356e-05,0.0,nan,nan,nan
3150.673,1.545342e-05,0.0,nan,nan,nan
3150.758,1.545121e-05,0.0,nan,nan,nan
3150.842,1.545416e-05,0.0,nan,nan,nan
3150.926,1.54568e-05,0.0,nan,nan,nan
3151.01,1.545274e-05,0.0,nan,nan,nan
3151.093,1.545004e-05,0.0,nan,nan,nan
3151.178,1.545654e-05,0.0,nan,nan,nan
3151.261,1.545473e-05,0.0,nan,nan,nan
3151.345,1.545431e-05,0.0,nan,nan,nan
3151.429,1.545349e-05,0.0,nan,nan,nan
3151.515,1.545544e-05,0.0,nan,nan,nan
3151.598,1.545144e-05,0.0,nan,nan,nan
3151.682,1.545785e-05,0.0,nan,nan,nan
3151.766,1.545522e-05,0.0,nan,nan,nan
3151.85,1.545906e-05,0.0,nan,nan,nan
3151.952,1.545274e-05,0.0,nan,nan,nan
3152.036,1.545356e-05,0.0,nan,nan,nan
3152.121,1.545476e-05,0.0,nan,nan,nan
3152.206,1.545227e-05,0.0,nan,nan,nan
3152.289,1.545111e-05,0.0,nan,nan,nan
3152.393,1.545835e-05,0.0,nan,nan,nan
3152.477,1.545292e-05,0.0,nan,nan,nan
3152.561,1.545353e-05,0.0,nan,nan,nan
3152.644,1.545084e-05,0.0,nan,nan,nan
3152.728,1.54554e-05,0.0,nan,nan,nan
3152.818,1.545785e-05,0.0,nan,nan,nan
3152.902,1.545742e-05,0.0,nan,nan,nan
3152.985,1.545447e-05,0.0,nan,nan,nan
3153.069,1.545309e-05,0.0,nan,nan,nan
3153.154,1.545713e-05,0.0,nan,nan,nan
3153.238,1.545717e-05,0.0,nan,nan,nan
3153.321,1.545548e-05,0.0,nan,nan,nan
3153.407,1.545916e-05,0.0,nan,nan,nan
3153.491,1.545653e-05,0.0,nan,nan,nan
3153.576,1.545532e-05,0.0,nan,nan,nan
3153.66,1.545497e-05,0.0,nan,nan,nan
3153.744,1.545231e-05,0.0,nan,nan,nan
3153.831,1.545628e-05,0.0,nan,nan,nan
3153.915,1.545988e-05,0.0,nan,nan,nan
3154.0,1.545618e-05,0.0,nan,nan,nan
3154.095,1.545473e-05,0.0,nan,nan,nan
3154.179,1.54566e-05,0.0,nan,nan,nan
3154.263,1.545103e-05,0.0,nan,nan,nan
3154.346,1.54533e-05,0.0,nan,nan,nan
3154.446,1.545336e-05,0.0,nan,nan,nan
3154.529,1.545596e-05,0.0,nan,nan,nan
3154.613,1.545556e-05,0.0,nan,nan,nan
3154.697,1.545426e-05,0.0,nan,nan,nan
3154.781,1.545729e-05,0.0,nan,nan,nan
3154.864,1.545709e-05,0.0,nan,nan,nan
3154.948,1.545539e-05,0.0,nan,nan,nan
3155.053,1.545356e-05,0.0,nan,nan,nan
3155.137,1.545221e-05,0.0,nan,nan,nan
3155.221,1.545205e-05,0.0,nan,nan,nan
3155.305,1.545169e-05,0.0,nan,nan,nan
3155.388,1.545311e-05,0.0,nan,nan,nan
3155.475,1.545011e-05,0.0,nan,nan,nan
3155.559,1.545078e-05,0.0,nan,nan,nan
3155.644,1.545717e-05,0.0,nan,nan,nan
3155.727,1.545609e-05,0.0,nan,nan,nan
3155.811,1.545766e-05,0.0,nan,nan,nan
3155.894,1.545691e-05,0.0,nan,nan,nan
3155.978,1.545696e-05,0.0,nan,nan,nan
3156.1,1.545262e-05,0.0,nan,nan,nan
3156.184,1.545357e-05,0.0,nan,nan,nan
3156.279,1.545201e-05,0.0,nan,nan,nan
3156.363,1.545622e-05,0.0,nan,nan,nan
3156.447,1.545692e-05,0.0,nan,nan,nan
3156.53,1.545377e-05,0.0,nan,nan,nan
3156.614,1.545505e-05,0.0,nan,nan,nan
3156.698,1.545613e-05,0.0,nan,nan,nan
3156.782,1.545373e-05,0.0,nan,nan,nan
3156.865,1.545029e-05,0.0,nan,nan,nan
3156.949,1.54527e-05,0.0,nan,nan,nan
3157.035,1.545202e-05,0.0,nan,nan,nan
3157.118,1.545298e-05,0.0,nan,nan,nan
3157.202,1.545363e-05,0.0,nan,nan,nan
3157.288,1.545347e-05,0.0,nan,nan,nan
3157.372,1.545415e-05,0.0,nan,nan,nan
3157.456,1.54564e-05,0.0,nan,nan,nan
3157.54,1.545835e-05,0.0,nan,nan,nan
3157.624,1.545691e-05,0.0,nan,nan,nan
3157.729,1.545626e-05,0.0,nan,nan,nan
3157.812,1.545658e-05,0.0,nan,nan,nan
3157.896,1.545765e-05,0.0,nan,nan,nan
3157.979,1.545243e-05,0.0,nan,nan,nan
3158.063,1.545294e-05,0.0,nan,nan,nan
3158.176,1.545539e-05,0.0,nan,nan,nan
3158.259,1.545355e-05,0.0,nan,nan,nan
3158.35,1.545587e-05,0.0,nan,nan,nan
3158.433,1.545739e-05,0.0,nan,nan,nan
3158.534,1.545409e-05,0.0,nan,nan,nan
3158.618,1.545495e-05,0.0,nan,nan,nan
3158.702,1.545295e-05,0.0,nan,nan,nan
3158.786,1.545282e-05,0.0,nan,nan,nan
3158.873,1.544935e-05,0.0,nan,nan,nan
3158.957,1.545498e-05,0.0,nan,nan,nan
3159.04,1.545507e-05,0.0,nan,nan,nan
3159.126,1.545064e-05,0.0,nan,nan,nan
3159.209,1.545267e-05,0.0,nan,nan,nan
3159.295,1.545462e-05,0.0,nan,nan,nan
3159.378,1.545166e-05,0.0,nan,nan,nan
3159.462,1.545096e-05,0.0,nan,nan,nan
3159.569,1.544915e-05,0.0,nan,nan,nan
3159.654,1.545044e-05,0.0,nan,nan,nan
3159.737,1.545022e-05,0.0,nan,nan,nan
3159.821,1.544843e-05,0.0,nan,nan,nan
3159.905,1.545219e-05,0.0,nan,nan,nan
3159.99,1.544978e-05,0.0,nan,nan,nan
3160.074,1.5454e-05,0.0,nan,nan,nan
3160.16,1.545368e-05,0.0,nan,nan,nan
3160.25,1.545184e-05,0.0,nan,nan,nan
3160.334,1.545187e-05,0.0,nan,nan,nan
3160.417,1.544994e-05,0.0,nan,nan,nan
3160.501,1.545206e-05,0.0,nan,nan,nan
3160.591,1.545251e-05,0.0,nan,nan,nan
3160.675,1.54526e-05,0.0,nan,nan,nan
3160.759,1.545505e-05,0.0,nan,nan,nan
3160.843,1.545377e-05,0.0,nan,nan,nan
3160.926,1.545489e-05,0.0,nan,nan,nan
3161.013,1.54519e-05,0.0,nan,nan,nan
3161.097,1.545434e-05,0.0,nan,nan,nan
3161.181,1.545379e-05,0.0,nan,nan,nan
3161.265,1.545674e-05,0.0,nan,nan,nan
3161.348,1.545332e-05,0.0,nan,nan,nan
3161.436,1.545242e-05,0.0,nan,nan,nan
3161.52,1.545226e-05,0.0,nan,nan,nan
3161.607,1.545294e-05,0.0,nan,nan,nan
3161.69,1.545483e-05,0.0,nan,nan,nan
3161.775,1.54519e-05,0.0,nan,nan,nan
3161.858,1.545535e-05,0.0,nan,nan,nan
3161.942,1.54552e-05,0.0,nan,nan,nan
3162.025,1.545351e-05,0.0,nan,nan,nan
3162.109,1.545546e-05,0.0,nan,nan,nan
3162.194,1.545461e-05,0.0,nan,nan,nan
3162.301,1.545873e-05,0.0,nan,nan,nan
3162.384,1.545386e-05,0.0,nan,nan,nan
3162.468,1.545539e-05,0.0,nan,nan,nan
3162.553,1.545329e-05,0.0,nan,nan,nan
3162.64,1.5456e-05,0.0,nan,nan,nan
3162.724,1.545613e-05,0.0,nan,nan,nan
3162.808,1.545471e-05,0.0,nan,nan,nan
3162.892,1.545633e-05,0.0,nan,nan,nan
3162.976,1.545098e-05,0.0,nan,nan,nan
3163.059,1.545343e-05,0.0,nan,nan,nan
3163.143,1.545822e-05,0.0,nan,nan,nan
3163.246,1.545097e-05,0.0,nan,nan,nan
3163.33,1.545143e-05,0.0,nan,nan,nan
3163.414,1.545443e-05,0.0,nan,nan,nan
3163.497,1.545544e-05,0.0,nan,nan,nan
3163.581,1.544992e-05,0.0,nan,nan,nan
3163.665,1.545603e-05,0.0,nan,nan,nan
3163.749,1.545242e-05,0.0,nan,nan,nan
3163.847,1.545554e-05,0.0,nan,nan,nan
3163.931,1.54575e-05,0.0,nan,nan,nan
3164.015,1.545584e-05,0.0,nan,nan,nan
3164.099,1.545783e-05,0.0,nan,nan,nan
3164.187,1.545363e-05,0.0,nan,nan,nan
3164.27,1.5455e-05,0.0,nan,nan,nan
3164.359,1.545361e-05,0.0,nan,nan,nan
3164.446,1.545776e-05,0.0,nan,nan,nan
3164.53,1.545567e-05,0.0,nan,nan,nan
3164.613,1.545509e-05,0.0,nan,nan,nan
3164.698,1.545687e-05,0.0,nan,nan,nan
3164.782,1.545589e-05,0.0,nan,nan,nan
3164.879,1.545595e-05,0.0,nan,nan,nan
3164.963,1.545205e-05,0.0,nan,nan,nan
3165.049,1.545348e-05,0.0,nan,nan,nan
3165.133,1.545431e-05,0.0,nan,nan,nan
3165.218,1.545679e-05,0.0,nan,nan,nan
3165.302,1.545047e-05,0.0,nan,nan,nan
3165.386,1.545296e-05,0.0,nan,nan,nan
3165.469,1.54539e-05,0.0,nan,nan,nan
3165.553,1.545298e-05,0.0,nan,nan,nan
3165.637,1.545219e-05,0.0,nan,nan,nan
3165.721,1.545255e-05,0.0,nan,nan,nan
3165.805,1.545361e-05,0.0,nan,nan,nan
3165.899,1.545436e-05,0.0,nan,nan,nan
3165.983,1.545322e-05,0.0,nan,nan,nan
3166.066,1.545216e-05,0.0,nan,nan,nan
3166.15,1.545515e-05,0.0,nan,nan,nan
3166.234,1.54554e-05,0.0,nan,nan,nan
3166.321,1.545842e-05,0.0,nan,nan,nan
3166.425,1.545385e-05,0.0,nan,nan,nan
3166.509,1.545565e-05,0.0,nan,nan,nan
3166.592,1.545144e-05,0.0,nan,nan,nan
3166.678,1.545427e-05,0.0,nan,nan,nan
3166.761,1.545308e-05,0.0,nan,nan,nan
3166.845,1.545673e-05,0.0,nan,nan,nan
3166.929,1.545432e-05,0.0,nan,nan,nan
3167.013,1.545416e-05,0.0,nan,nan,nan
3167.107,1.545448e-05,0.0,nan,nan,nan
3167.19,1.545082e-05,0.0,nan,nan,nan
3167.275,1.545366e-05,0.0,nan,nan,nan
3167.359,1.545284e-05,0.0,nan,nan,nan
3167.443,1.54547e-05,0.0,nan,nan,nan
3167.526,1.545326e-05,0.0,nan,nan,nan
3167.61,1.545496e-05,0.0,nan,nan,nan
3167.693,1.545077e-05,0.0,nan,nan,nan
3167.777,1.545204e-05,0.0,nan,nan,nan
3167.861,1.545101e-05,0.0,nan,nan,nan
3167.944,1.545469e-05,0.0,nan,nan,nan
3168.028,1.545427e-05,0.0,nan,nan,nan
3168.112,1.545296e-05,0.0,nan,nan,nan
3168.195,1.545121e-05,0.0,nan,nan,nan
3168.281,1.545253e-05,0.0,nan,nan,nan
3168.366,1.545243e-05,0.0,nan,nan,nan
3168.45,1.545011e-05,0.0,nan,nan,nan
3168.561,1.545351e-05,0.0,nan,nan,nan
3168.645,1.545237e-05,0.0,nan,nan,nan
3168.754,1.545328e-05,0.0,nan,nan,nan
3168.837,1.545414e-05,0.0,nan,nan,nan
3168.921,1.54562e-05,0.0,nan,nan,nan
3169.004,1.545462e-05,0.0,nan,nan,nan
3169.088,1.545581e-05,0.0,nan,nan,nan
3169.172,1.545666e-05,0.0,nan,nan,nan
3169.255,1.545505e-05,0.0,nan,nan,nan
3169.354,1.545479e-05,0.0,nan,nan,nan
3169.438,1.545202e-05,0.0,nan,nan,nan
3169.521,1.545028e-05,0.0,nan,nan,nan
3169.605,1.545531e-05,0.0,nan,nan,nan
3169.691,1.54517e-05,0.0,nan,nan,nan
3169.774,1.545417e-05,0.0,nan,nan,nan
3169.858,1.544866e-05,0.0,nan,nan,nan
3169.942,1.54552e-05,0.0,nan,nan,nan
3170.026,1.544622e-05,0.0,nan,nan,nan
3170.11,1.545295e-05,0.0,nan,nan,nan
3170.193,1.54533e-05,0.0,nan,nan,nan
3170.277,1.544967e-05,0.0,nan,nan,nan
3170.378,1.545256e-05,0.0,nan,nan,nan
3170.461,1.545245e-05,0.0,nan,nan,nan
3170.558,1.545049e-05,0.0,nan,nan,nan
3170.642,1.545379e-05,0.0,nan,nan,nan
3170.725,1.545165e-05,0.0,nan,nan,nan
3170.809,1.544814e-05,0.0,nan,nan,nan
3170.892,1.544976e-05,0.0,nan,nan,nan
3170.984,1.544387e-05,0.0,nan,nan,nan
3171.068,1.544771e-05,0.0,nan,nan,nan
3171.151,1.544871e-05,0.0,nan,nan,nan
3171.235,1.545003e-05,0.0,nan,nan,nan
3171.318,1.545216e-05,0.0,nan,nan,nan
3171.402,1.545432e-05,0.0,nan,nan,nan
3171.486,1.545272e-05,0.0,nan,nan,nan
3171.599,1.545455e-05,0.0,nan,nan,nan
3171.682,1.545387e-05,0.0,nan,nan,nan
3171.784,1.545644e-05,0.0,nan,nan,nan
3171.868,1.545722e-05,0.0,nan,nan,nan
3171.952,1.545595e-05,0.0,nan,nan,nan
3172.035,1.545765e-05,0.0,nan,nan,nan
3172.121,1.545625e-05,0.0,nan,nan,nan
3172.205,1.545664e-05,0.0,nan,nan,nan
3172.289,1.545986e-05,0.0,nan,nan,nan
3172.373,1.545608e-05,0.0,nan,nan,nan
3172.456,1.545774e-05,0.0,nan,nan,nan
3172.54,1.54531e-05,0.0,nan,nan,nan
3172.626,1.545318e-05,0.0,nan,nan,nan
3172.709,1.544975e-05,0.0,nan,nan,nan
3172.801,1.545506e-05,0.0,nan,nan,nan
3172.885,1.54515e-05,0.0,nan,nan,nan
3172.969,1.545613e-05,0.0,nan,nan,nan
3173.052,1.545317e-05,0.0,nan,nan,nan
3173.138,1.545519e-05,0.0,nan,nan,nan
3173.233,1.545407e-05,0.0,nan,nan,nan
3173.317,1.545823e-05,0.0,nan,nan,nan
3173.415,1.54535e-05,0.0,nan,nan,nan
3173.499,1.54544e-05,0.0,nan,nan,nan
3173.583,1.545544e-05,0.0,nan,nan,nan
3173.667,1.545718e-05,0.0,nan,nan,nan
3173.751,1.545177e-05,0.0,nan,nan,nan
3173.835,1.545135e-05,0.0,nan,nan,nan
3173.919,1.545522e-05,0.0,nan,nan,nan
3174.018,1.545548e-05,0.0,nan,nan,nan
3174.102,1.545869e-05,0.0,nan,nan,nan
3174.187,1.545555e-05,0.0,nan,nan,nan
3174.271,1.545307e-05,0.0,nan,nan,nan
3174.354,1.545734e-05,0.0,nan,nan,nan
3174.456,1.545589e-05,0.0,nan,nan,nan
3174.54,1.545587e-05,0.0,nan,nan,nan
3174.683,1.545851e-05,0.0,nan,nan,nan
3174.767,1.545527e-05,0.0,nan,nan,nan
3174.85,1.545452e-05,0.0,nan,nan,nan
3174.934,1.54583e-05,0.0,nan,nan,nan
3175.028,1.545752e-05,0.0,nan,nan,nan
3175.111,1.545651e-05,0.0,nan,nan,nan
3175.196,1.545222e-05,0.0,nan,nan,nan
3175.279,1.544952e-05,0.0,nan,nan,nan
3175.363,1.545369e-05,0.0,nan,nan,nan
3175.459,1.545163e-05,0.0,nan,nan,nan
3175.542,1.544897e-05,0.0,nan,nan,nan
3175.626,1.544937e-05,0.0,nan,nan,nan
3175.71,1.545158e-05,0.0,nan,nan,nan
3175.793,1.545287e-05,0.0,nan,nan,nan
3175.877,1.545137e-05,0.0,nan,nan,nan
3175.96,1.545181e-05,0.0,nan,nan,nan
3176.062,1.545575e-05,0.0,nan,nan,nan
3176.146,1.545403e-05,0.0,nan,nan,nan
3176.23,1.545105e-05,0.0,nan,nan,nan
3176.314,1.545569e-05,0.0,nan,nan,nan
3176.398,1.545479e-05,0.0,nan,nan,nan
3176.482,1.545646e-05,0.0,nan,nan,nan
3176.566,1.545447e-05,0.0,nan,nan,nan
3176.649,1.545627e-05,0.0,nan,nan,nan
3176.766,1.545651e-05,0.0,nan,nan,nan
3176.851,1.545381e-05,0.0,nan,nan,nan
3176.935,1.545424e-05,0.0,nan,nan,nan
3177.019,1.54579e-05,0.0,nan,nan,nan
3177.102,1.545561e-05,0.0,nan,nan,nan
3177.186,1.545312e-05,0.0,nan,nan,nan
3177.281,1.545349e-05,0.0,nan,nan,nan
3177.365,1.5454e-05,0.0,nan,nan,nan
3177.449,1.545605e-05,0.0,nan,nan,nan
3177.533,1.545221e-05,0.0,nan,nan,nan
3177.617,1.545306e-05,0.0,nan,nan,nan
3177.712,1.545268e-05,0.0,nan,nan,nan
3177.796,1.545286e-05,0.0,nan,nan,nan
3177.879,1.545288e-05,0.0,nan,nan,nan
3177.963,1.545384e-05,0.0,nan,nan,nan
3178.046,1.544865e-05,0.0,nan,nan,nan
3178.13,1.54491e-05,0.0,nan,nan,nan
3178.214,1.545382e-05,0.0,nan,nan,nan
3178.304,1.544741e-05,0.0,nan,nan,nan
3178.387,1.545195e-05,0.0,nan,nan,nan
3178.473,1.545051e-05,0.0,nan,nan,nan
3178.557,1.545177e-05,0.0,nan,nan,nan
3178.64,1.545362e-05,0.0,nan,nan,nan
3178.734,1.545233e-05,0.0,nan,nan,nan
3178.852,1.54509e-05,0.0,nan,nan,nan
3178.935,1.545141e-05,0.0,nan,nan,nan
3179.019,1.545775e-05,0.0,nan,nan,nan
3179.103,1.545253e-05,0.0,nan,nan,nan
3179.186,1.545316e-05,0.0,nan,nan,nan
3179.27,1.545307e-05,0.0,nan,nan,nan
3179.354,1.545051e-05,0.0,nan,nan,nan
3179.438,1.545501e-05,0.0,nan,nan,nan
3179.535,1.545284e-05,0.0,nan,nan,nan
3179.618,1.544982e-05,0.0,nan,nan,nan
3179.702,1.545463e-05,0.0,nan,nan,nan
3179.786,1.545449e-05,0.0,nan,nan,nan
3179.87,1.545248e-05,0.0,nan,nan,nan
3179.953,1.544957e-05,0.0,nan,nan,nan
3180.037,1.545241e-05,0.0,nan,nan,nan
3180.121,1.545111e-05,0.0,nan,nan,nan
3180.205,1.545268e-05,0.0,nan,nan,nan
3180.288,1.545254e-05,0.0,nan,nan,nan
3180.394,1.54534e-05,0.0,nan,nan,nan
3180.478,1.545449e-05,0.0,nan,nan,nan
3180.573,1.545194e-05,0.0,nan,nan,nan
3180.657,1.545388e-05,0.0,nan,nan,nan
3180.74,1.54561e-05,0.0,nan,nan,nan
3180.824,1.545479e-05,0.0,nan,nan,nan
3180.917,1.545531e-05,0.0,nan,nan,nan
3181.003,1.54566e-05,0.0,nan,nan,nan
3181.086,1.545291e-05,0.0,nan,nan,nan
3181.17,1.54547e-05,0.0,nan,nan,nan
3181.253,1.544964e-05,0.0,nan,nan,nan
3181.337,1.54488e-05,0.0,nan,nan,nan
3181.42,1.545264e-05,0.0,nan,nan,nan
3181.504,1.545166e-05,0.0,nan,nan,nan
3181.59,1.545025e-05,0.0,nan,nan,nan
3181.674,1.545022e-05,0.0,nan,nan,nan
3181.757,1.545519e-05,0.0,nan,nan,nan
3181.841,1.544985e-05,0.0,nan,nan,nan
3181.925,1.545046e-05,0.0,nan,nan,nan
3182.016,1.544926e-05,0.0,nan,nan,nan
3182.099,1.544969e-05,0.0,nan,nan,nan
3182.201,1.545288e-05,0.0,nan,nan,nan
3182.284,1.544957e-05,0.0,nan,nan,nan
3182.368,1.544914e-05,0.0,nan,nan,nan
3182.452,1.545188e-05,0.0,nan,nan,nan
3182.535,1.545009e-05,0.0,nan,nan,nan
3182.619,1.545012e-05,0.0,nan,nan,nan
3182.702,1.544931e-05,0.0,nan,nan,nan
3182.801,1.544631e-05,0.0,nan,nan,nan
3182.885,1.544916e-05,0.0,nan,nan,nan
3182.984,1.545117e-05,0.0,nan,nan,nan
3183.069,1.544664e-05,0.0,nan,nan,nan
3183.153,1.545192e-05,0.0,nan,nan,nan
3183.237,1.545187e-05,0.0,nan,nan,nan
3183.32,1.545369e-05,0.0,nan,nan,nan
3183.416,1.545238e-05,0.0,nan,nan,nan
3183.5,1.544886e-05,0.0,nan,nan,nan
3183.583,1.545083e-05,0.0,nan,nan,nan
3183.667,1.545239e-05,0.0,nan,nan,nan
3183.751,1.545466e-05,0.0,nan,nan,nan
3183.834,1.545398e-05,0.0,nan,nan,nan
3183.918,1.545404e-05,0.0,nan,nan,nan
3184.02,1.54514e-05,0.0,nan,nan,nan
3184.103,1.545613e-05,0.0,nan,nan,nan
3184.187,1.545364e-05,0.0,nan,nan,nan
3184.29,1.545379e-05,0.0,nan,nan,nan
3184.375,1.545476e-05,0.0,nan,nan,nan
3184.461,1.545481e-05,0.0,nan,nan,nan
3184.545,1.545535e-05,0.0,nan,nan,nan
3184.629,1.545389e-05,0.0,nan,nan,nan
3184.713,1.54559e-05,0.0,nan,nan,nan
3184.796,1.545705e-05,0.0,nan,nan,nan
3184.88,1.545424e-05,0.0,nan,nan,nan
3184.963,1.545467e-05,0.0,nan,nan,nan
3185.058,1.545705e-05,0.0,nan,nan,nan
3185.141,1.545431e-05,0.0,nan,nan,nan
3185.226,1.545315e-05,0.0,nan,nan,nan
3185.31,1.545737e-05,0.0,nan,nan,nan
3185.393,1.545767e-05,0.0,nan,nan,nan
3185.477,1.545424e-05,0.0,nan,nan,nan
3185.56,1.545353e-05,0.0,nan,nan,nan
3185.651,1.545805e-05,0.0,nan,nan,nan
3185.735,1.545643e-05,0.0,nan,nan,nan
3185.819,1.545813e-05,0.0,nan,nan,nan
3185.902,1.544966e-05,0.0,nan,nan,nan
3185.986,1.545416e-05,0.0,nan,nan,nan
3186.069,1.545493e-05,0.0,nan,nan,nan
3186.153,1.545741e-05,0.0,nan,nan,nan
3186.236,1.545533e-05,0.0,nan,nan,nan
3186.32,1.545215e-05,0.0,nan,nan,nan
3186.404,1.545043e-05,0.0,nan,nan,nan
3186.487,1.544829e-05,0.0,nan,nan,nan
3186.571,1.545148e-05,0.0,nan,nan,nan
3186.681,1.545218e-05,0.0,nan,nan,nan
3186.765,1.545058e-05,0.0,nan,nan,nan
3186.86,1.545113e-05,0.0,nan,nan,nan
3186.944,1.545307e-05,0.0,nan,nan,nan
3187.027,1.545007e-05,0.0,nan,nan,nan
3187.12,1.545268e-05,0.0,nan,nan,nan
3187.204,1.545318e-05,0.0,nan,nan,nan
3187.288,1.545267e-05,0.0,nan,nan,nan
3187.372,1.545105e-05,0.0,nan,nan,nan
3187.479,1.545434e-05,0.0,nan,nan,nan
3187.563,1.546203e-05,0.0,nan,nan,nan
3187.646,1.545792e-05,0.0,nan,nan,nan
3187.73,1.545879e-05,0.0,nan,nan,nan
3187.814,1.545738e-05,0.0,nan,nan,nan
3187.898,1.545827e-05,0.0,nan,nan,nan
3187.981,1.545611e-05,0.0,nan,nan,nan
3188.083,1.545933e-05,0.0,nan,nan,nan
3188.166,1.545481e-05,0.0,nan,nan,nan
3188.25,1.545783e-05,0.0,nan,nan,nan
3188.333,1.545866e-05,0.0,nan,nan,nan
3188.42,1.54581e-05,0.0,nan,nan,nan
3188.535,1.545761e-05,0.0,nan,nan,nan
3188.62,1.545626e-05,0.0,nan,nan,nan
3188.714,1.545704e-05,0.0,nan,nan,nan
3188.798,1.545682e-05,0.0,nan,nan,nan
3188.891,1.545813e-05,0.0,nan,nan,nan
3188.975,1.545516e-05,0.0,nan,nan,nan
3189.06,1.545549e-05,0.0,nan,nan,nan
3189.183,1.54577e-05,0.0,nan,nan,nan
3189.267,1.545786e-05,0.0,nan,nan,nan
3189.35,1.545685e-05,0.0,nan,nan,nan
3189.437,1.546027e-05,0.0,nan,nan,nan
3189.521,1.545436e-05,0.0,nan,nan,nan
3189.605,1.545564e-05,0.0,nan,nan,nan
3189.689,1.545796e-05,0.0,nan,nan,nan
3189.773,1.545708e-05,0.0,nan,nan,nan
3189.857,1.545734e-05,0.0,nan,nan,nan
3189.941,1.545926e-05,0.0,nan,nan,nan
3190.024,1.54574e-05,0.0,nan,nan,nan
3190.108,1.545973e-05,0.0,nan,nan,nan
3190.192,1.546025e-05,0.0,nan,nan,nan
3190.276,1.54568e-05,0.0,nan,nan,nan
3190.36,1.545773e-05,0.0,nan,nan,nan
3190.443,1.54542e-05,0.0,nan,nan,nan
3190.527,1.545536e-05,0.0,nan,nan,nan
3190.611,1.545868e-05,0.0,nan,nan,nan
3190.694,1.54583e-05,0.0,nan,nan,nan
3190.778,1.545485e-05,0.0,nan,nan,nan
3190.862,1.545751e-05,0.0,nan,nan,nan
3190.946,1.545639e-05,0.0,nan,nan,nan
3191.029,1.546085e-05,0.0,nan,nan,nan
3191.114,1.546227e-05,0.0,nan,nan,nan
3191.197,1.545944e-05,0.0,nan,nan,nan
3191.288,1.545809e-05,0.0,nan,nan,nan
3191.372,1.545433e-05,0.0,nan,nan,nan
3191.456,1.545322e-05,0.0,nan,nan,nan
3191.549,1.545368e-05,0.0,nan,nan,nan
3191.632,1.545438e-05,0.0,nan,nan,nan
3191.717,1.545165e-05,0.0,nan,nan,nan
3191.8,1.545052e-05,0.0,nan,nan,nan
3191.884,1.545758e-05,0.0,nan,nan,nan
3191.983,1.545521e-05,0.0,nan,nan,nan
3192.067,1.545695e-05,0.0,nan,nan,nan
3192.15,1.545798e-05,0.0,nan,nan,nan
3192.234,1.544992e-05,0.0,nan,nan,nan
3192.318,1.545701e-05,0.0,nan,nan,nan
3192.401,1.545623e-05,0.0,nan,nan,nan
3192.484,1.545441e-05,0.0,nan,nan,nan
3192.575,1.545693e-05,0.0,nan,nan,nan
3192.659,1.545448e-05,0.0,nan,nan,nan
3192.742,1.544921e-05,0.0,nan,nan,nan
3192.826,1.545358e-05,0.0,nan,nan,nan
3192.91,1.545738e-05,0.0,nan,nan,nan
3192.995,1.545573e-05,0.0,nan,nan,nan
3193.079,1.545213e-05,0.0,nan,nan,nan
3193.163,1.544861e-05,0.0,nan,nan,nan
3193.247,1.545046e-05,0.0,nan,nan,nan
3193.349,1.544909e-05,0.0,nan,nan,nan
3193.433,1.545118e-05,0.0,nan,nan,nan
3193.517,1.545315e-05,0.0,nan,nan,nan
3193.601,1.545127e-05,0.0,nan,nan,nan
3193.684,1.545483e-05,0.0,nan,nan,nan
3193.768,1.545054e-05,0.0,nan,nan,nan
3193.851,1.545009e-05,0.0,nan,nan,nan
3193.934,1.545194e-05,0.0,nan,nan,nan
3194.02,1.545393e-05,0.0,nan,nan,nan
3194.104,1.545278e-05,0.0,nan,nan,nan
3194.188,1.545235e-05,0.0,nan,nan,nan
3194.272,1.544843e-05,0.0,nan,nan,nan
3194.355,1.545098e-05,0.0,nan,nan,nan
3194.439,1.545546e-05,0.0,nan,nan,nan
3194.523,1.545331e-05,0.0,nan,nan,nan
3194.612,1.545133e-05,0.0,nan,nan,nan
3194.695,1.544997e-05,0.0,nan,nan,nan
3194.779,1.545362e-05,0.0,nan,nan,nan
3194.862,1.545342e-05,0.0,nan,nan,nan
3194.946,1.545187e-05,0.0,nan,nan,nan
3195.035,1.545268e-05,0.0,nan,nan,nan
3195.119,1.545313e-05,0.0,nan,nan,nan
3195.204,1.545491e-05,0.0,nan,nan,nan
3195.288,1.545373e-05,0.0,nan,nan,nan
3195.416,1.545245e-05,0.0,nan,nan,nan
3195.504,1.545129e-05,0.0,nan,nan,nan
3195.587,1.545471e-05,0.0,nan,nan,nan
3195.671,1.545334e-05,0.0,nan,nan,nan
3195.755,1.545256e-05,0.0,nan,nan,nan
3195.84,1.545227e-05,0.0,nan,nan,nan
3195.924,1.545381e-05,0.0,nan,nan,nan
3196.025,1.544964e-05,0.0,nan,nan,nan
3196.109,1.54554e-05,0.0,nan,nan,nan
3196.193,1.545522e-05,0.0,nan,nan,nan
3196.277,1.5454e-05,0.0,nan,nan,nan
3196.36,1.545483e-05,0.0,nan,nan,nan
3196.445,1.545355e-05,0.0,nan,nan,nan
3196.529,1.545227e-05,0.0,nan,nan,nan
3196.614,1.544712e-05,0.0,nan,nan,nan
3196.698,1.545192e-05,0.0,nan,nan,nan
3196.784,1.544813e-05,0.0,nan,nan,nan
3196.868,1.545358e-05,0.0,nan,nan,nan
3196.952,1.545398e-05,0.0,nan,nan,nan
3197.052,1.545272e-05,0.0,nan,nan,nan
3197.136,1.545574e-05,0.0,nan,nan,nan
3197.22,1.545304e-05,0.0,nan,nan,nan
3197.304,1.545129e-05,0.0,nan,nan,nan
3197.387,1.545134e-05,0.0,nan,nan,nan
3197.484,1.544934e-05,0.0,nan,nan,nan
3197.568,1.545613e-05,0.0,nan,nan,nan
3197.652,1.545676e-05,0.0,nan,nan,nan
3197.736,1.545684e-05,0.0,nan,nan,nan
3197.819,1.545741e-05,0.0,nan,nan,nan
3197.903,1.54562e-05,0.0,nan,nan,nan
3197.987,1.54547e-05,0.0,nan,nan,nan
3198.078,1.545712e-05,0.0,nan,nan,nan
3198.161,1.545377e-05,0.0,nan,nan,nan
3198.245,1.545503e-05,0.0,nan,nan,nan
3198.329,1.545366e-05,0.0,nan,nan,nan
3198.412,1.545683e-05,0.0,nan,nan,nan
3198.496,1.545365e-05,0.0,nan,nan,nan
3198.58,1.545649e-05,0.0,nan,nan,nan
3198.663,1.545513e-05,0.0,nan,nan,nan
3198.747,1.545323e-05,0.0,nan,nan,nan
3198.833,1.545636e-05,0.0,nan,nan,nan
3198.918,1.545312e-05,0.0,nan,nan,nan
3199.002,1.54565e-05,0.0,nan,nan,nan
3199.103,1.545672e-05,0.0,nan,nan,nan
3199.187,1.545535e-05,0.0,nan,nan,nan
3199.27,1.545411e-05,0.0,nan,nan,nan
3199.354,1.54568e-05,0.0,nan,nan,nan
3199.438,1.545926e-05,0.0,nan,nan,nan
3199.565,1.545768e-05,0.0,nan,nan,nan
3199.649,1.545364e-05,0.0,nan,nan,nan
3199.734,1.545622e-05,0.0,nan,nan,nan
3199.818,1.545364e-05,0.0,nan,nan,nan
3199.921,1.545589e-05,0.0,nan,nan,nan
3200.005,1.545005e-05,0.0,nan,nan,nan
3200.089,1.545352e-05,0.0,nan,nan,nan
3200.172,1.545101e-05,0.0,nan,nan,nan
3200.256,1.544988e-05,0.0,nan,nan,nan
3200.342,1.545386e-05,0.0,nan,nan,nan
3200.425,1.545532e-05,0.0,nan,nan,nan
3200.535,1.545423e-05,0.0,nan,nan,nan
3200.619,1.545559e-05,0.0,nan,nan,nan
3200.703,1.545968e-05,0.0,nan,nan,nan
3200.786,1.545785e-05,0.0,nan,nan,nan
3200.87,1.546026e-05,0.0,nan,nan,nan
3200.954,1.545782e-05,0.0,nan,nan,nan
3201.038,1.545596e-05,0.0,nan,nan,nan
3201.146,1.545671e-05,0.0,nan,nan,nan
3201.23,1.546051e-05,0.0,nan,nan,nan
3201.315,1.545784e-05,0.0,nan,nan,nan
3201.398,1.545629e-05,0.0,nan,nan,nan
3201.482,1.545691e-05,0.0,nan,nan,nan
3201.566,1.545779e-05,0.0,nan,nan,nan
3201.649,1.545573e-05,0.0,nan,nan,nan
3201.74,1.54573e-05,0.0,nan,nan,nan
3201.824,1.545699e-05,0.0,nan,nan,nan
3201.909,1.545876e-05,0.0,nan,nan,nan
3201.992,1.545498e-05,0.0,nan,nan,nan
3202.076,1.545488e-05,0.0,nan,nan,nan
3202.163,1.545917e-05,0.0,nan,nan,nan
3202.247,1.545733e-05,0.0,nan,nan,nan
3202.331,1.545635e-05,0.0,nan,nan,nan
3202.414,1.545445e-05,0.0,nan,nan,nan
3202.5,1.545119e-05,0.0,nan,nan,nan
3202.584,1.545915e-05,0.0,nan,nan,nan
3202.668,1.545804e-05,0.0,nan,nan,nan
3202.768,1.545655e-05,0.0,nan,nan,nan
3202.852,1.546059e-05,0.0,nan,nan,nan
3202.935,1.54601e-05,0.0,nan,nan,nan
3203.019,1.545517e-05,0.0,nan,nan,nan
3203.106,1.545633e-05,0.0,nan,nan,nan
3203.19,1.545553e-05,0.0,nan,nan,nan
3203.273,1.545262e-05,0.0,nan,nan,nan
3203.377,1.545262e-05,0.0,nan,nan,nan
3203.461,1.545238e-05,0.0,nan,nan,nan
3203.545,1.54548e-05,0.0,nan,nan,nan
3203.629,1.545523e-05,0.0,nan,nan,nan
3203.713,1.545511e-05,0.0,nan,nan,nan
3203.796,1.545254e-05,0.0,nan,nan,nan
3203.88,1.545464e-05,0.0,nan,nan,nan
3203.983,1.545653e-05,0.0,nan,nan,nan
3204.067,1.545823e-05,0.0,nan,nan,nan
3204.15,1.545971e-05,0.0,nan,nan,nan
3204.234,1.545894e-05,0.0,nan,nan,nan
3204.321,1.545489e-05,0.0,nan,nan,nan
3204.407,1.545678e-05,0.0,nan,nan,nan
3204.491,1.545847e-05,0.0,nan,nan,nan
3204.597,1.545272e-05,0.0,nan,nan,nan
3204.68,1.545088e-05,0.0,nan,nan,nan
3204.764,1.545385e-05,0.0,nan,nan,nan
3204.847,1.545795e-05,0.0,nan,nan,nan
3204.931,1.545987e-05,0.0,nan,nan,nan
3205.015,1.54592e-05,0.0,nan,nan,nan
3205.098,1.545426e-05,0.0,nan,nan,nan
3205.204,1.545406e-05,0.0,nan,nan,nan
3205.287,1.545756e-05,0.0,nan,nan,nan
3205.371,1.545133e-05,0.0,nan,nan,nan
3205.455,1.5453e-05,0.0,nan,nan,nan
3205.539,1.545054e-05,0.0,nan,nan,nan
3205.629,1.545328e-05,0.0,nan,nan,nan
3205.749,1.545175e-05,0.0,nan,nan,nan
3205.856,1.545354e-05,0.0,nan,nan,nan
3205.94,1.545475e-05,0.0,nan,nan,nan
3206.024,1.545499e-05,0.0,nan,nan,nan
3206.107,1.545368e-05,0.0,nan,nan,nan
3206.192,1.545376e-05,0.0,nan,nan,nan
3206.275,1.545368e-05,0.0,nan,nan,nan
3206.359,1.545518e-05,0.0,nan,nan,nan
3206.443,1.545273e-05,0.0,nan,nan,nan
3206.527,1.545386e-05,0.0,nan,nan,nan
3206.627,1.545316e-05,0.0,nan,nan,nan
3206.71,1.545171e-05,0.0,nan,nan,nan
3206.796,1.545805e-05,0.0,nan,nan,nan
3206.88,1.545572e-05,0.0,nan,nan,nan
3206.963,1.545096e-05,0.0,nan,nan,nan
3207.051,1.545453e-05,0.0,nan,nan,nan
3207.135,1.544979e-05,0.0,nan,nan,nan
3207.219,1.545388e-05,0.0,nan,nan,nan
3207.302,1.5449e-05,0.0,nan,nan,nan
3207.387,1.545116e-05,0.0,nan,nan,nan
3207.471,1.545336e-05,0.0,nan,nan,nan
3207.554,1.545106e-05,0.0,nan,nan,nan
3207.648,1.545231e-05,0.0,nan,nan,nan
3207.732,1.545271e-05,0.0,nan,nan,nan
3207.833,1.545468e-05,0.0,nan,nan,nan
3207.919,1.54539e-05,0.0,nan,nan,nan
3208.004,1.545043e-05,0.0,nan,nan,nan
3208.088,1.545686e-05,0.0,nan,nan,nan
3208.172,1.545626e-05,0.0,nan,nan,nan
3208.271,1.545099e-05,0.0,nan,nan,nan
3208.355,1.54528e-05,0.0,nan,nan,nan
3208.439,1.545091e-05,0.0,nan,nan,nan
3208.523,1.545243e-05,0.0,nan,nan,nan
3208.607,1.545787e-05,0.0,nan,nan,nan
3208.692,1.545823e-05,0.0,nan,nan,nan
3208.775,1.545705e-05,0.0,nan,nan,nan
3208.859,1.545491e-05,0.0,nan,nan,nan
3208.943,1.545712e-05,0.0,nan,nan,nan
3209.026,1.545758e-05,0.0,nan,nan,nan
3209.11,1.545517e-05,0.0,nan,nan,nan
3209.194,1.545326e-05,0.0,nan,nan,nan
3209.278,1.545512e-05,0.0,nan,nan,nan
3209.362,1.545411e-05,0.0,nan,nan,nan
3209.447,1.545592e-05,0.0,nan,nan,nan
3209.53,1.545807e-05,0.0,nan,nan,nan
3209.614,1.545382e-05,0.0,nan,nan,nan
3209.7,1.545997e-05,0.0,nan,nan,nan
3209.784,1.545545e-05,0.0,nan,nan,nan
3209.916,1.545416e-05,0.0,nan,nan,nan
3210.0,1.545827e-05,0.0,nan,nan,nan
3210.083,1.545055e-05,0.0,nan,nan,nan
3210.167,1.545235e-05,0.0,nan,nan,nan
3210.251,1.545508e-05,0.0,nan,nan,nan
3210.334,1.545526e-05,0.0,nan,nan,nan
3210.42,1.54524e-05,0.0,nan,nan,nan
3210.503,1.545191e-05,0.0,nan,nan,nan
3210.587,1.545184e-05,0.0,nan,nan,nan
3210.671,1.54568e-05,0.0,nan,nan,nan
3210.754,1.545465e-05,0.0,nan,nan,nan
3210.838,1.545381e-05,0.0,nan,nan,nan
3210.921,1.545371e-05,0.0,nan,nan,nan
3211.005,1.544989e-05,0.0,nan,nan,nan
3211.089,1.545755e-05,0.0,nan,nan,nan
3211.173,1.545544e-05,0.0,nan,nan,nan
3211.256,1.545458e-05,0.0,nan,nan,nan
3211.343,1.545368e-05,0.0,nan,nan,nan
3211.426,1.545406e-05,0.0,nan,nan,nan
3211.536,1.54537e-05,0.0,nan,nan,nan
3211.62,1.545262e-05,0.0,nan,nan,nan
3211.704,1.545489e-05,0.0,nan,nan,nan
3211.788,1.545764e-05,0.0,nan,nan,nan
3211.871,1.545423e-05,0.0,nan,nan,nan
3211.977,1.545567e-05,0.0,nan,nan,nan
3212.06,1.545854e-05,0.0,nan,nan,nan
3212.147,1.545488e-05,0.0,nan,nan,nan
3212.231,1.545679e-05,0.0,nan,nan,nan
3212.314,1.545735e-05,0.0,nan,nan,nan
3212.398,1.545566e-05,0.0,nan,nan,nan
3212.482,1.545676e-05,0.0,nan,nan,nan
3212.565,1.545909e-05,0.0,nan,nan,nan
3212.649,1.545784e-05,0.0,nan,nan,nan
3212.747,1.545721e-05,0.0,nan,nan,nan
3212.831,1.545528e-05,0.0,nan,nan,nan
3212.915,1.5457e-05,0.0,nan,nan,nan
3212.999,1.545451e-05,0.0,nan,nan,nan
3213.083,1.545574e-05,0.0,nan,nan,nan
3213.171,1.545426e-05,0.0,nan,nan,nan
3213.254,1.545768e-05,0.0,nan,nan,nan
3213.339,1.545414e-05,0.0,nan,nan,nan
3213.423,1.545742e-05,0.0,nan,nan,nan
3213.506,1.545498e-05,0.0,nan,nan,nan
3213.591,1.545793e-05,0.0,nan,nan,nan
3213.675,1.54574e-05,0.0,nan,nan,nan
3213.77,1.545478e-05,0.0,nan,nan,nan
3213.854,1.545764e-05,0.0,nan,nan,nan
3213.938,1.545516e-05,0.0,nan,nan,nan
3214.042,1.545619e-05,0.0,nan,nan,nan
3214.13,1.545736e-05,0.0,nan,nan,nan
3214.213,1.546046e-05,0.0,nan,nan,nan
3214.297,1.545799e-05,0.0,nan,nan,nan
3214.38,1.545605e-05,0.0,nan,nan,nan
3214.464,1.545435e-05,0.0,nan,nan,nan
3214.548,1.54558e-05,0.0,nan,nan,nan
3214.632,1.545357e-05,0.0,nan,nan,nan
3214.717,1.545252e-05,0.0,nan,nan,nan
3214.8,1.545477e-05,0.0,nan,nan,nan
3214.884,1.54531e-05,0.0,nan,nan,nan
3214.967,1.545188e-05,0.0,nan,nan,nan
3215.051,1.545646e-05,0.0,nan,nan,nan
3215.135,1.545869e-05,0.0,nan,nan,nan
3215.218,1.545972e-05,0.0,nan,nan,nan
3215.302,1.545836e-05,0.0,nan,nan,nan
3215.392,1.545388e-05,0.0,nan,nan,nan
3215.476,1.54541e-05,0.0,nan,nan,nan
3215.559,1.545632e-05,0.0,nan,nan,nan
3215.643,1.545477e-05,0.0,nan,nan,nan
3215.727,1.545558e-05,0.0,nan,nan,nan
3215.818,1.545351e-05,0.0,nan,nan,nan
3215.902,1.54573e-05,0.0,nan,nan,nan
3215.986,1.545383e-05,0.0,nan,nan,nan
3216.1,1.545533e-05,0.0,nan,nan,nan
3216.185,1.545648e-05,0.0,nan,nan,nan
3216.269,1.545994e-05,0.0,nan,nan,nan
3216.352,1.545879e-05,0.0,nan,nan,nan
3216.436,1.546005e-05,0.0,nan,nan,nan
3216.519,1.545754e-05,0.0,nan,nan,nan
3216.616,1.545866e-05,0.0,nan,nan,nan
3216.7,1.546071e-05,0.0,nan,nan,nan
3216.783,1.545838e-05,0.0,nan,nan,nan
3216.867,1.546073e-05,0.0,nan,nan,nan
3216.951,1.545841e-05,0.0,nan,nan,nan
3217.035,1.5458e-05,0.0,nan,nan,nan
3217.119,1.54565e-05,0.0,nan,nan,nan
3217.202,1.546037e-05,0.0,nan,nan,nan
3217.286,1.546267e-05,0.0,nan,nan,nan
3217.37,1.546272e-05,0.0,nan,nan,nan
3217.453,1.545989e-05,0.0,nan,nan,nan
3217.537,1.545916e-05,0.0,nan,nan,nan
3217.645,1.545529e-05,0.0,nan,nan,nan
3217.728,1.545654e-05,0.0,nan,nan,nan
3217.812,1.545946e-05,0.0,nan,nan,nan
3217.896,1.545876e-05,0.0,nan,nan,nan
3217.979,1.545599e-05,0.0,nan,nan,nan
3218.063,1.545983e-05,0.0,nan,nan,nan
3218.166,1.545676e-05,0.0,nan,nan,nan
3218.268,1.545652e-05,0.0,nan,nan,nan
3218.352,1.545633e-05,0.0,nan,nan,nan
3218.448,1.54532e-05,0.0,nan,nan,nan
3218.532,1.545427e-05,0.0,nan,nan,nan
3218.617,1.545326e-05,0.0,nan,nan,nan
3218.701,1.545647e-05,0.0,nan,nan,nan
3218.785,1.54551e-05,0.0,nan,nan,nan
3218.868,1.545436e-05,0.0,nan,nan,nan
3218.952,1.545653e-05,0.0,nan,nan,nan
3219.042,1.545384e-05,0.0,nan,nan,nan
3219.126,1.545254e-05,0.0,nan,nan,nan
3219.209,1.545563e-05,0.0,nan,nan,nan
3219.293,1.54525e-05,0.0,nan,nan,nan
3219.376,1.545142e-05,0.0,nan,nan,nan
3219.476,1.545476e-05,0.0,nan,nan,nan
3219.56,1.545368e-05,0.0,nan,nan,nan
3219.645,1.545511e-05,0.0,nan,nan,nan
3219.729,1.545256e-05,0.0,nan,nan,nan
3219.812,1.545101e-05,0.0,nan,nan,nan
3219.897,1.545523e-05,0.0,nan,nan,nan
3219.981,1.545979e-05,0.0,nan,nan,nan
3220.083,1.545917e-05,0.0,nan,nan,nan
3220.166,1.545517e-05,0.0,nan,nan,nan
3220.275,1.545643e-05,0.0,nan,nan,nan
3220.358,1.54576e-05,0.0,nan,nan,nan
3220.442,1.545844e-05,0.0,nan,nan,nan
3220.525,1.545644e-05,0.0,nan,nan,nan
3220.609,1.545815e-05,0.0,nan,nan,nan
3220.692,1.545389e-05,0.0,nan,nan,nan
3220.776,1.545931e-05,0.0,nan,nan,nan
3220.861,1.545934e-05,0.0,nan,nan,nan
3220.945,1.54588e-05,0.0,nan,nan,nan
3221.028,1.545892e-05,0.0,nan,nan,nan
3221.118,1.545641e-05,0.0,nan,nan,nan
3221.202,1.545753e-05,0.0,nan,nan,nan
3221.298,1.545789e-05,0.0,nan,nan,nan
3221.382,1.545771e-05,0.0,nan,nan,nan
3221.466,1.545762e-05,0.0,nan,nan,nan
3221.549,1.545747e-05,0.0,nan,nan,nan
3221.633,1.546156e-05,0.0,nan,nan,nan
3221.728,1.545793e-05,0.0,nan,nan,nan
3221.812,1.545857e-05,0.0,nan,nan,nan
3221.896,1.545744e-05,0.0,nan,nan,nan
3221.98,1.545955e-05,0.0,nan,nan,nan
3222.064,1.545847e-05,0.0,nan,nan,nan
3222.147,1.545686e-05,0.0,nan,nan,nan
3222.231,1.54562e-05,0.0,nan,nan,nan
3222.333,1.545976e-05,0.0,nan,nan,nan
3222.417,1.545975e-05,0.0,nan,nan,nan
3222.5,1.546021e-05,0.0,nan,nan,nan
3222.584,1.545671e-05,0.0,nan,nan,nan
3222.672,1.545976e-05,0.0,nan,nan,nan
3222.769,1.545905e-05,0.0,nan,nan,nan
3222.853,1.546231e-05,0.0,nan,nan,nan
3222.954,1.545858e-05,0.0,nan,nan,nan
3223.037,1.545701e-05,0.0,nan,nan,nan
3223.122,1.545547e-05,0.0,nan,nan,nan
3223.206,1.545529e-05,0.0,nan,nan,nan
3223.289,1.545756e-05,0.0,nan,nan,nan
3223.373,1.545619e-05,0.0,nan,nan,nan
3223.457,1.546013e-05,0.0,nan,nan,nan
3223.557,1.546158e-05,0.0,nan,nan,nan
3223.64,1.546027e-05,0.0,nan,nan,nan
3223.724,1.546009e-05,0.0,nan,nan,nan
3223.808,1.545762e-05,0.0,nan,nan,nan
3223.892,1.545954e-05,0.0,nan,nan,nan
3223.984,1.546074e-05,0.0,nan,nan,nan
3224.068,1.546254e-05,0.0,nan,nan,nan
3224.158,1.546022e-05,0.0,nan,nan,nan
3224.242,1.546092e-05,0.0,nan,nan,nan
3224.326,1.546289e-05,0.0,nan,nan,nan
3224.425,1.546308e-05,0.0,nan,nan,nan
3224.508,1.545671e-05,0.0,nan,nan,nan
3224.592,1.546146e-05,0.0,nan,nan,nan
3224.675,1.546166e-05,0.0,nan,nan,nan
3224.759,1.546401e-05,0.0,nan,nan,nan
3224.843,1.54635e-05,0.0,nan,nan,nan
3224.926,1.546332e-05,0.0,nan,nan,nan
3225.01,1.546391e-05,0.0,nan,nan,nan
3225.094,1.54658e-05,0.0,nan,nan,nan
3225.179,1.546313e-05,0.0,nan,nan,nan
3225.262,1.546096e-05,0.0,nan,nan,nan
3225.346,1.545906e-05,0.0,nan,nan,nan
3225.43,1.546027e-05,0.0,nan,nan,nan
3225.513,1.545975e-05,0.0,nan,nan,nan
3225.605,1.545996e-05,0.0,nan,nan,nan
3225.689,1.546342e-05,0.0,nan,nan,nan
3225.78,1.545994e-05,0.0,nan,nan,nan
3225.864,1.545951e-05,0.0,nan,nan,nan
3225.949,1.54581e-05,0.0,nan,nan,nan
3226.033,1.546159e-05,0.0,nan,nan,nan
3226.122,1.545604e-05,0.0,nan,nan,nan
3226.206,1.545979e-05,0.0,nan,nan,nan
3226.289,1.54614e-05,0.0,nan,nan,nan
3226.375,1.546265e-05,0.0,nan,nan,nan
3226.483,1.545992e-05,0.0,nan,nan,nan
3226.566,1.545871e-05,0.0,nan,nan,nan
3226.65,1.545957e-05,0.0,nan,nan,nan
3226.734,1.545885e-05,0.0,nan,nan,nan
3226.817,1.54519e-05,0.0,nan,nan,nan
3226.901,1.545794e-05,0.0,nan,nan,nan
3226.984,1.546171e-05,0.0,nan,nan,nan
3227.068,1.545857e-05,0.0,nan,nan,nan
3227.151,1.545587e-05,0.0,nan,nan,nan
3227.235,1.545717e-05,0.0,nan,nan,nan
3227.319,1.546012e-05,0.0,nan,nan,nan
3227.412,1.546038e-05,0.0,nan,nan,nan
3227.496,1.545829e-05,0.0,nan,nan,nan
3227.579,1.546102e-05,0.0,nan,nan,nan
3227.663,1.54638e-05,0.0,nan,nan,nan
3227.747,1.545979e-05,0.0,nan,nan,nan
3227.831,1.546107e-05,0.0,nan,nan,nan
3227.915,1.546138e-05,0.0,nan,nan,nan
3228.016,1.546225e-05,0.0,nan,nan,nan
3228.1,1.546328e-05,0.0,nan,nan,nan
3228.184,1.54558e-05,0.0,nan,nan,nan
3228.268,1.546106e-05,0.0,nan,nan,nan
3228.351,1.545623e-05,0.0,nan,nan,nan
3228.436,1.545858e-05,0.0,nan,nan,nan
3228.552,1.545901e-05,0.0,nan,nan,nan
3228.646,1.545664e-05,0.0,nan,nan,nan
3228.73,1.545534e-05,0.0,nan,nan,nan
3228.813,1.546106e-05,0.0,nan,nan,nan
3228.897,1.546179e-05,0.0,nan,nan,nan
3228.98,1.545855e-05,0.0,nan,nan,nan
3229.064,1.545828e-05,0.0,nan,nan,nan
3229.148,1.545681e-05,0.0,nan,nan,nan
3229.235,1.545767e-05,0.0,nan,nan,nan
3229.318,1.546279e-05,0.0,nan,nan,nan
3229.402,1.546306e-05,0.0,nan,nan,nan
3229.486,1.546133e-05,0.0,nan,nan,nan
3229.571,1.546151e-05,0.0,nan,nan,nan
3229.668,1.546049e-05,0.0,nan,nan,nan
3229.752,1.546325e-05,0.0,nan,nan,nan
3229.843,1.545998e-05,0.0,nan,nan,nan
3229.926,1.545634e-05,0.0,nan,nan,nan
3230.01,1.54582e-05,0.0,nan,nan,nan
3230.093,1.545882e-05,0.0,nan,nan,nan
3230.177,1.545968e-05,0.0,nan,nan,nan
3230.269,1.546224e-05,0.0,nan,nan,nan
3230.353,1.546198e-05,0.0,nan,nan,nan
3230.437,1.545974e-05,0.0,nan,nan,nan
3230.52,1.546463e-05,0.0,nan,nan,nan
3230.646,1.545893e-05,0.0,nan,nan,nan
3230.73,1.545859e-05,0.0,nan,nan,nan
3230.814,1.546072e-05,0.0,nan,nan,nan
3230.898,1.54617e-05,0.0,nan,nan,nan
3230.982,1.545798e-05,0.0,nan,nan,nan
3231.069,1.546209e-05,0.0,nan,nan,nan
3231.152,1.546274e-05,0.0,nan,nan,nan
3231.237,1.545861e-05,0.0,nan,nan,nan
3231.321,1.546066e-05,0.0,nan,nan,nan
3231.405,1.54565e-05,0.0,nan,nan,nan
3231.491,1.54579e-05,0.0,nan,nan,nan
3231.575,1.54566e-05,0.0,nan,nan,nan
3231.658,1.546082e-05,0.0,nan,nan,nan
3231.742,1.546347e-05,0.0,nan,nan,nan
3231.825,1.545974e-05,0.0,nan,nan,nan
3231.909,1.546154e-05,0.0,nan,nan,nan
3231.993,1.546278e-05,0.0,nan,nan,nan
3232.084,1.545955e-05,0.0,nan,nan,nan
3232.168,1.545996e-05,0.0,nan,nan,nan
3232.252,1.545969e-05,0.0,nan,nan,nan
3232.335,1.54611e-05,0.0,nan,nan,nan
3232.42,1.54644e-05,0.0,nan,nan,nan
3232.504,1.546078e-05,0.0,nan,nan,nan
3232.587,1.545931e-05,0.0,nan,nan,nan
3232.702,1.545544e-05,0.0,nan,nan,nan
3232.786,1.546214e-05,0.0,nan,nan,nan
3232.87,1.546414e-05,0.0,nan,nan,nan
3232.954,1.54586e-05,0.0,nan,nan,nan
3233.038,1.54608e-05,0.0,nan,nan,nan
3233.121,1.546101e-05,0.0,nan,nan,nan
3233.205,1.545961e-05,0.0,nan,nan,nan
3233.289,1.546141e-05,0.0,nan,nan,nan
3233.373,1.545826e-05,0.0,nan,nan,nan
3233.457,1.54596e-05,0.0,nan,nan,nan
3233.541,1.54574e-05,0.0,nan,nan,nan
3233.624,1.545953e-05,0.0,nan,nan,nan
3233.709,1.546043e-05,0.0,nan,nan,nan
3233.793,1.546082e-05,0.0,nan,nan,nan
3233.876,1.545782e-05,0.0,nan,nan,nan
3233.96,1.546069e-05,0.0,nan,nan,nan
3234.044,1.54606e-05,0.0,nan,nan,nan
3234.143,1.54607e-05,0.0,nan,nan,nan
3234.227,1.545944e-05,0.0,nan,nan,nan
3234.331,1.546013e-05,0.0,nan,nan,nan
3234.415,1.546417e-05,0.0,nan,nan,nan
3234.498,1.545827e-05,0.0,nan,nan,nan
3234.582,1.546064e-05,0.0,nan,nan,nan
3234.666,1.54625e-05,0.0,nan,nan,nan
3234.75,1.546261e-05,0.0,nan,nan,nan
3234.833,1.54609e-05,0.0,nan,nan,nan
3234.917,1.546092e-05,0.0,nan,nan,nan
3235.001,1.54626e-05,0.0,nan,nan,nan
3235.085,1.546399e-05,0.0,nan,nan,nan
3235.173,1.546019e-05,0.0,nan,nan,nan
3235.256,1.546022e-05,0.0,nan,nan,nan
3235.353,1.546105e-05,0.0,nan,nan,nan
3235.436,1.546015e-05,0.0,nan,nan,nan
3235.52,1.546147e-05,0.0,nan,nan,nan
3235.604,1.546158e-05,0.0,nan,nan,nan
3235.687,1.545979e-05,0.0,nan,nan,nan
3235.783,1.546153e-05,0.0,nan,nan,nan
3235.866,1.545814e-05,0.0,nan,nan,nan
3235.951,1.545754e-05,0.0,nan,nan,nan
3236.035,1.545778e-05,0.0,nan,nan,nan
3236.118,1.545851e-05,0.0,nan,nan,nan
3236.202,1.546148e-05,0.0,nan,nan,nan
3236.286,1.54594e-05,0.0,nan,nan,nan
3236.375,1.545862e-05,0.0,nan,nan,nan
3236.459,1.54588e-05,0.0,nan,nan,nan
3236.543,1.545973e-05,0.0,nan,nan,nan
3236.626,1.545848e-05,0.0,nan,nan,nan
3236.71,1.545988e-05,0.0,nan,nan,nan
3236.833,1.546119e-05,0.0,nan,nan,nan
3236.917,1.546325e-05,0.0,nan,nan,nan
3237.014,1.546285e-05,0.0,nan,nan,nan
3237.098,1.546453e-05,0.0,nan,nan,nan
3237.191,1.546463e-05,0.0,nan,nan,nan
3237.275,1.545852e-05,0.0,nan,nan,nan
3237.359,1.546237e-05,0.0,nan,nan,nan
3237.442,1.546595e-05,0.0,nan,nan,nan
3237.526,1.546395e-05,0.0,nan,nan,nan
3237.618,1.546552e-05,0.0,nan,nan,nan
3237.702,1.546732e-05,0.0,nan,nan,nan
3237.786,1.546463e-05,0.0,nan,nan,nan
3237.87,1.546015e-05,0.0,nan,nan,nan
3237.954,1.545853e-05,0.0,nan,nan,nan
3238.039,1.545818e-05,0.0,nan,nan,nan
3238.123,1.54575e-05,0.0,nan,nan,nan
3238.22,1.546079e-05,0.0,nan,nan,nan
3238.304,1.545873e-05,0.0,nan,nan,nan
3238.389,1.545651e-05,0.0,nan,nan,nan
3238.472,1.545584e-05,0.0,nan,nan,nan
3238.556,1.545293e-05,0.0,nan,nan,nan
3238.643,1.545799e-05,0.0,nan,nan,nan
3238.727,1.5457e-05,0.0,nan,nan,nan
3238.811,1.546013e-05,0.0,nan,nan,nan
3238.92,1.545823e-05,0.0,nan,nan,nan
3239.005,1.546162e-05,0.0,nan,nan,nan
3239.089,1.546041e-05,0.0,nan,nan,nan
3239.172,1.545918e-05,0.0,nan,nan,nan
3239.257,1.546077e-05,0.0,nan,nan,nan
3239.341,1.545703e-05,0.0,nan,nan,nan
3239.427,1.545852e-05,0.0,nan,nan,nan
3239.511,1.545693e-05,0.0,nan,nan,nan
3239.594,1.546076e-05,0.0,nan,nan,nan
3239.678,1.545984e-05,0.0,nan,nan,nan
3239.761,1.545914e-05,0.0,nan,nan,nan
3239.846,1.545893e-05,0.0,nan,nan,nan
3239.93,1.545426e-05,0.0,nan,nan,nan
3240.015,1.545705e-05,0.0,nan,nan,nan
3240.098,1.545657e-05,0.0,nan,nan,nan
3240.182,1.54563e-05,0.0,nan,nan,nan
3240.284,1.545976e-05,0.0,nan,nan,nan
3240.368,1.546216e-05,0.0,nan,nan,nan
3240.452,1.546105e-05,0.0,nan,nan,nan
3240.535,1.54616e-05,0.0,nan,nan,nan
3240.619,1.545748e-05,0.0,nan,nan,nan
3240.713,1.545564e-05,0.0,nan,nan,nan
3240.797,1.54569e-05,0.0,nan,nan,nan
3240.898,1.545915e-05,0.0,nan,nan,nan
3240.981,1.54605e-05,0.0,nan,nan,nan
3241.065,1.545747e-05,0.0,nan,nan,nan
3241.149,1.546026e-05,0.0,nan,nan,nan
3241.232,1.545834e-05,0.0,nan,nan,nan
3241.319,1.545874e-05,0.0,nan,nan,nan
3241.402,1.545982e-05,0.0,nan,nan,nan
3241.486,1.546188e-05,0.0,nan,nan,nan
3241.57,1.545834e-05,0.0,nan,nan,nan
3241.653,1.545877e-05,0.0,nan,nan,nan
3241.741,1.545573e-05,0.0,nan,nan,nan
3241.825,1.545759e-05,0.0,nan,nan,nan
3241.917,1.545854e-05,0.0,nan,nan,nan
3242.001,1.545793e-05,0.0,nan,nan,nan
3242.084,1.546093e-05,0.0,nan,nan,nan
3242.168,1.546264e-05,0.0,nan,nan,nan
3242.251,1.546218e-05,0.0,nan,nan,nan
3242.335,1.54597e-05,0.0,nan,nan,nan
3242.418,1.54634e-05,0.0,nan,nan,nan
3242.505,1.545913e-05,0.0,nan,nan,nan
3242.589,1.546364e-05,0.0,nan,nan,nan
3242.673,1.546124e-05,0.0,nan,nan,nan
3242.775,1.546197e-05,0.0,nan,nan,nan
3242.858,1.546176e-05,0.0,nan,nan,nan
3242.943,1.546236e-05,0.0,nan,nan,nan
3243.054,1.545862e-05,0.0,nan,nan,nan
3243.157,1.54567e-05,0.0,nan,nan,nan
3243.24,1.545949e-05,0.0,nan,nan,nan
3243.324,1.546028e-05,0.0,nan,nan,nan
3243.407,1.546282e-05,0.0,nan,nan,nan
3243.491,1.546175e-05,0.0,nan,nan,nan
3243.59,1.546342e-05,0.0,nan,nan,nan
3243.674,1.546347e-05,0.0,nan,nan,nan
3243.787,1.545914e-05,0.0,nan,nan,nan
3243.871,1.545634e-05,0.0,nan,nan,nan
3243.983,1.545868e-05,0.0,nan,nan,nan
3244.067,1.545712e-05,0.0,nan,nan,nan
3244.176,1.545493e-05,0.0,nan,nan,nan
3244.26,1.545903e-05,0.0,nan,nan,nan
3244.343,1.546045e-05,0.0,nan,nan,nan
3244.427,1.545941e-05,0.0,nan,nan,nan
3244.51,1.545982e-05,0.0,nan,nan,nan
3244.594,1.546159e-05,0.0,nan,nan,nan
3244.678,1.546261e-05,0.0,nan,nan,nan
3244.763,1.546017e-05,0.0,nan,nan,nan
3244.847,1.545905e-05,0.0,nan,nan,nan
3244.931,1.545826e-05,0.0,nan,nan,nan
3245.016,1.545647e-05,0.0,nan,nan,nan
3245.128,1.545862e-05,0.0,nan,nan,nan
3245.212,1.54581e-05,0.0,nan,nan,nan
3245.295,1.545697e-05,0.0,nan,nan,nan
3245.399,1.545349e-05,0.0,nan,nan,nan
3245.483,1.545243e-05,0.0,nan,nan,nan
3245.566,1.545713e-05,0.0,nan,nan,nan
3245.65,1.545889e-05,0.0,nan,nan,nan
3245.734,1.54587e-05,0.0,nan,nan,nan
3245.82,1.545762e-05,0.0,nan,nan,nan
3245.904,1.545808e-05,0.0,nan,nan,nan
3245.987,1.545542e-05,0.0,nan,nan,nan
3246.071,1.545589e-05,0.0,nan,nan,nan
3246.155,1.54565e-05,0.0,nan,nan,nan
3246.238,1.545518e-05,0.0,nan,nan,nan
3246.322,1.545977e-05,0.0,nan,nan,nan
3246.411,1.545452e-05,0.0,nan,nan,nan
3246.495,1.545639e-05,0.0,nan,nan,nan
3246.579,1.545755e-05,0.0,nan,nan,nan
3246.662,1.545963e-05,0.0,nan,nan,nan
3246.746,1.54544e-05,0.0,nan,nan,nan
3246.832,1.545702e-05,0.0,nan,nan,nan
3246.916,1.545931e-05,0.0,nan,nan,nan
3247.009,1.546269e-05,0.0,nan,nan,nan
3247.093,1.545628e-05,0.0,nan,nan,nan
3247.202,1.545549e-05,0.0,nan,nan,nan
3247.286,1.54612e-05,0.0,nan,nan,nan
3247.369,1.545996e-05,0.0,nan,nan,nan
3247.455,1.546177e-05,0.0,nan,nan,nan
3247.539,1.546388e-05,0.0,nan,nan,nan
3247.635,1.546037e-05,0.0,nan,nan,nan
3247.719,1.546232e-05,0.0,nan,nan,nan
3247.802,1.545663e-05,0.0,nan,nan,nan
3247.886,1.545778e-05,0.0,nan,nan,nan
3247.969,1.545976e-05,0.0,nan,nan,nan
3248.055,1.545994e-05,0.0,nan,nan,nan
3248.139,1.545878e-05,0.0,nan,nan,nan
3248.246,1.545812e-05,0.0,nan,nan,nan
3248.329,1.545724e-05,0.0,nan,nan,nan
3248.414,1.545414e-05,0.0,nan,nan,nan
3248.497,1.545516e-05,0.0,nan,nan,nan
3248.581,1.546128e-05,0.0,nan,nan,nan
3248.666,1.546134e-05,0.0,nan,nan,nan
3248.75,1.546271e-05,0.0,nan,nan,nan
3248.855,1.546161e-05,0.0,nan,nan,nan
3248.939,1.545971e-05,0.0,nan,nan,nan
3249.047,1.545833e-05,0.0,nan,nan,nan
3249.131,1.545844e-05,0.0,nan,nan,nan
3249.215,1.545969e-05,0.0,nan,nan,nan
3249.298,1.545883e-05,0.0,nan,nan,nan
3249.382,1.545694e-05,0.0,nan,nan,nan
3249.477,1.546154e-05,0.0,nan,nan,nan
3249.561,1.545871e-05,0.0,nan,nan,nan
3249.668,1.545751e-05,0.0,nan,nan,nan
3249.751,1.546279e-05,0.0,nan,nan,nan
3249.838,1.546208e-05,0.0,nan,nan,nan
3249.921,1.545868e-05,0.0,nan,nan,nan
3250.005,1.545879e-05,0.0,nan,nan,nan
3250.089,1.54592e-05,0.0,nan,nan,nan
3250.173,1.545889e-05,0.0,nan,nan,nan
3250.265,1.546057e-05,0.0,nan,nan,nan
3250.349,1.545406e-05,0.0,nan,nan,nan
3250.434,1.545787e-05,0.0,nan,nan,nan
3250.518,1.545849e-05,0.0,nan,nan,nan
3250.604,1.545599e-05,0.0,nan,nan,nan
3250.695,1.545351e-05,0.0,nan,nan,nan
3250.779,1.545376e-05,0.0,nan,nan,nan
3250.884,1.545383e-05,0.0,nan,nan,nan
3250.968,1.545202e-05,0.0,nan,nan,nan
3251.051,1.545926e-05,0.0,nan,nan,nan
3251.135,1.545765e-05,0.0,nan,nan,nan
3251.218,1.545478e-05,0.0,nan,nan,nan
3251.318,1.545204e-05,0.0,nan,nan,nan
3251.402,1.545576e-05,0.0,nan,nan,nan
3251.505,1.5458e-05,0.0,nan,nan,nan
3251.589,1.54554e-05,0.0,nan,nan,nan
3251.676,1.545742e-05,0.0,nan,nan,nan
3251.759,1.545469e-05,0.0,nan,nan,nan
3251.843,1.545376e-05,0.0,nan,nan,nan
3251.931,1.546007e-05,0.0,nan,nan,nan
3252.014,1.545502e-05,0.0,nan,nan,nan
3252.098,1.545822e-05,0.0,nan,nan,nan
3252.182,1.546e-05,0.0,nan,nan,nan
3252.266,1.545807e-05,0.0,nan,nan,nan
3252.349,1.545731e-05,0.0,nan,nan,nan
3252.433,1.545648e-05,0.0,nan,nan,nan
3252.535,1.545812e-05,0.0,nan,nan,nan
3252.619,1.545426e-05,0.0,nan,nan,nan
3252.702,1.545897e-05,0.0,nan,nan,nan
3252.786,1.54565e-05,0.0,nan,nan,nan
3252.869,1.545489e-05,0.0,nan,nan,nan
3252.954,1.545411e-05,0.0,nan,nan,nan
3253.038,1.545658e-05,0.0,nan,nan,nan
3253.142,1.545832e-05,0.0,nan,nan,nan
3253.226,1.54571e-05,0.0,nan,nan,nan
3253.318,1.545651e-05,0.0,nan,nan,nan
3253.408,1.54591e-05,0.0,nan,nan,nan
3253.493,1.545558e-05,0.0,nan,nan,nan
3253.577,1.545697e-05,0.0,nan,nan,nan
3253.66,1.545636e-05,0.0,nan,nan,nan
3253.746,1.545321e-05,0.0,nan,nan,nan
3253.83,1.545875e-05,0.0,nan,nan,nan
3253.915,1.545763e-05,0.0,nan,nan,nan
3253.999,1.545972e-05,0.0,nan,nan,nan
3254.083,1.54599e-05,0.0,nan,nan,nan
3254.167,1.545724e-05,0.0,nan,nan,nan
3254.25,1.545845e-05,0.0,nan,nan,nan
3254.347,1.545909e-05,0.0,nan,nan,nan
3254.43,1.545713e-05,0.0,nan,nan,nan
3254.514,1.546052e-05,0.0,nan,nan,nan
3254.598,1.545937e-05,0.0,nan,nan,nan
3254.681,1.545826e-05,0.0,nan,nan,nan
3254.767,1.545836e-05,0.0,nan,nan,nan
3254.85,1.545646e-05,0.0,nan,nan,nan
3254.935,1.545579e-05,0.0,nan,nan,nan
3255.018,1.545967e-05,0.0,nan,nan,nan
3255.106,1.545277e-05,0.0,nan,nan,nan
3255.19,1.545284e-05,0.0,nan,nan,nan
3255.273,1.545623e-05,0.0,nan,nan,nan
3255.365,1.545404e-05,0.0,nan,nan,nan
3255.466,1.545618e-05,0.0,nan,nan,nan
3255.55,1.545778e-05,0.0,nan,nan,nan
3255.633,1.545807e-05,0.0,nan,nan,nan
3255.719,1.545591e-05,0.0,nan,nan,nan
3255.803,1.545778e-05,0.0,nan,nan,nan
3255.886,1.545757e-05,0.0,nan,nan,nan
3255.977,1.545399e-05,0.0,nan,nan,nan
3256.061,1.545426e-05,0.0,nan,nan,nan
3256.148,1.545274e-05,0.0,nan,nan,nan
3256.231,1.544977e-05,0.0,nan,nan,nan
3256.315,1.545268e-05,0.0,nan,nan,nan
3256.401,1.545328e-05,0.0,nan,nan,nan
3256.484,1.545614e-05,0.0,nan,nan,nan
3256.585,1.545711e-05,0.0,nan,nan,nan
3256.669,1.545559e-05,0.0,nan,nan,nan
3256.752,1.545501e-05,0.0,nan,nan,nan
3256.836,1.546125e-05,0.0,nan,nan,nan
3256.921,1.54587e-05,0.0,nan,nan,nan
3257.019,1.545509e-05,0.0,nan,nan,nan
3257.103,1.545468e-05,0.0,nan,nan,nan
3257.187,1.54596e-05,0.0,nan,nan,nan
3257.271,1.545809e-05,0.0,nan,nan,nan
3257.358,1.545417e-05,0.0,nan,nan,nan
3257.442,1.545729e-05,0.0,nan,nan,nan
3257.575,1.545328e-05,0.0,nan,nan,nan
3257.659,1.545554e-05,0.0,nan,nan,nan
3257.742,1.545672e-05,0.0,nan,nan,nan
3257.826,1.545917e-05,0.0,nan,nan,nan
3257.91,1.545375e-05,0.0,nan,nan,nan
3258.021,1.545475e-05,0.0,nan,nan,nan
3258.105,1.545273e-05,0.0,nan,nan,nan
3258.189,1.545824e-05,0.0,nan,nan,nan
3258.273,1.545723e-05,0.0,nan,nan,nan
3258.357,1.545748e-05,0.0,nan,nan,nan
3258.449,1.545301e-05,0.0,nan,nan,nan
3258.532,1.545662e-05,0.0,nan,nan,nan
3258.631,1.545775e-05,0.0,nan,nan,nan
3258.715,1.545749e-05,0.0,nan,nan,nan
3258.799,1.545751e-05,0.0,nan,nan,nan
3258.883,1.546008e-05,0.0,nan,nan,nan
3258.967,1.546102e-05,0.0,nan,nan,nan
3259.052,1.545673e-05,0.0,nan,nan,nan
3259.136,1.545859e-05,0.0,nan,nan,nan
3259.22,1.545708e-05,0.0,nan,nan,nan
3259.303,1.546024e-05,0.0,nan,nan,nan
3259.387,1.545549e-05,0.0,nan,nan,nan
3259.471,1.54578e-05,0.0,nan,nan,nan
3259.554,1.545485e-05,0.0,nan,nan,nan
3259.648,1.545386e-05,0.0,nan,nan,nan
3259.732,1.545488e-05,0.0,nan,nan,nan
3259.815,1.545576e-05,0.0,nan,nan,nan
3259.899,1.545716e-05,0.0,nan,nan,nan
3259.983,1.545808e-05,0.0,nan,nan,nan
3260.066,1.545344e-05,0.0,nan,nan,nan
3260.15,1.545395e-05,0.0,nan,nan,nan
3260.234,1.545421e-05,0.0,nan,nan,nan
3260.317,1.545406e-05,0.0,nan,nan,nan
3260.404,1.545568e-05,0.0,nan,nan,nan
3260.487,1.545612e-05,0.0,nan,nan,nan
3260.571,1.545772e-05,0.0,nan,nan,nan
3260.654,1.545951e-05,0.0,nan,nan,nan
3260.738,1.545994e-05,0.0,nan,nan,nan
3260.821,1.545691e-05,0.0,nan,nan,nan
3260.905,1.545951e-05,0.0,nan,nan,nan
3260.989,1.545899e-05,0.0,nan,nan,nan
3261.076,1.54565e-05,0.0,nan,nan,nan
3261.16,1.54545e-05,0.0,nan,nan,nan
3261.244,1.545754e-05,0.0,nan,nan,nan
3261.327,1.54608e-05,0.0,nan,nan,nan
3261.411,1.54564e-05,0.0,nan,nan,nan
3261.502,1.545709e-05,0.0,nan,nan,nan
3261.585,1.545656e-05,0.0,nan,nan,nan
3261.699,1.545731e-05,0.0,nan,nan,nan
3261.783,1.545531e-05,0.0,nan,nan,nan
3261.866,1.545664e-05,0.0,nan,nan,nan
3261.95,1.545804e-05,0.0,nan,nan,nan
3262.033,1.545881e-05,0.0,nan,nan,nan
3262.117,1.545723e-05,0.0,nan,nan,nan
3262.201,1.546171e-05,0.0,nan,nan,nan
3262.302,1.546346e-05,0.0,nan,nan,nan
3262.386,1.546111e-05,0.0,nan,nan,nan
3262.47,1.545724e-05,0.0,nan,nan,nan
3262.554,1.546286e-05,0.0,nan,nan,nan
3262.638,1.545822e-05,0.0,nan,nan,nan
3262.735,1.546121e-05,0.0,nan,nan,nan
3262.819,1.54598e-05,0.0,nan,nan,nan
3262.902,1.546023e-05,0.0,nan,nan,nan
3262.986,1.545831e-05,0.0,nan,nan,nan
3263.069,1.545641e-05,0.0,nan,nan,nan
3263.154,1.545685e-05,0.0,nan,nan,nan
3263.238,1.545588e-05,0.0,nan,nan,nan
3263.335,1.545836e-05,0.0,nan,nan,nan
3263.419,1.54565e-05,0.0,nan,nan,nan
3263.503,1.54578e-05,0.0,nan,nan,nan
3263.586,1.545916e-05,0.0,nan,nan,nan
3263.671,1.545825e-05,0.0,nan,nan,nan
3263.763,1.546077e-05,0.0,nan,nan,nan
3263.847,1.546122e-05,0.0,nan,nan,nan
3263.934,1.546315e-05,0.0,nan,nan,nan
3264.018,1.545796e-05,0.0,nan,nan,nan
3264.101,1.546066e-05,0.0,nan,nan,nan
3264.185,1.546062e-05,0.0,nan,nan,nan
3264.27,1.546027e-05,0.0,nan,nan,nan
3264.366,1.545555e-05,0.0,nan,nan,nan
3264.45,1.545481e-05,0.0,nan,nan,nan
3264.548,1.545561e-05,0.0,nan,nan,nan
3264.632,1.545539e-05,0.0,nan,nan,nan
3264.715,1.545228e-05,0.0,nan,nan,nan
3264.799,1.545255e-05,0.0,nan,nan,nan
3264.883,1.545698e-05,0.0,nan,nan,nan
3264.984,1.545569e-05,0.0,nan,nan,nan
3265.068,1.545609e-05,0.0,nan,nan,nan
3265.152,1.545273e-05,0.0,nan,nan,nan
3265.236,1.545515e-05,0.0,nan,nan,nan
3265.319,1.545836e-05,0.0,nan,nan,nan
3265.403,1.545755e-05,0.0,nan,nan,nan
3265.487,1.545644e-05,0.0,nan,nan,nan
3265.581,1.545731e-05,0.0,nan,nan,nan
3265.664,1.545631e-05,0.0,nan,nan,nan
3265.748,1.545768e-05,0.0,nan,nan,nan
3265.835,1.545883e-05,0.0,nan,nan,nan
3265.923,1.545677e-05,0.0,nan,nan,nan
3266.007,1.54586e-05,0.0,nan,nan,nan
3266.09,1.545708e-05,0.0,nan,nan,nan
3266.175,1.545819e-05,0.0,nan,nan,nan
3266.259,1.54601e-05,0.0,nan,nan,nan
3266.342,1.545653e-05,0.0,nan,nan,nan
3266.426,1.545935e-05,0.0,nan,nan,nan
3266.509,1.545964e-05,0.0,nan,nan,nan
3266.593,1.546125e-05,0.0,nan,nan,nan
3266.677,1.545897e-05,0.0,nan,nan,nan
3266.76,1.545929e-05,0.0,nan,nan,nan
3266.844,1.545844e-05,0.0,nan,nan,nan
3266.928,1.546217e-05,0.0,nan,nan,nan
3267.015,1.545875e-05,0.0,nan,nan,nan
3267.099,1.545963e-05,0.0,nan,nan,nan
3267.183,1.546143e-05,0.0,nan,nan,nan
3267.267,1.546026e-05,0.0,nan,nan,nan
3267.352,1.545798e-05,0.0,nan,nan,nan
3267.435,1.54576e-05,0.0,nan,nan,nan
3267.519,1.546309e-05,0.0,nan,nan,nan
3267.624,1.546436e-05,0.0,nan,nan,nan
3267.708,1.546155e-05,0.0,nan,nan,nan
3267.792,1.545883e-05,0.0,nan,nan,nan
3267.884,1.546542e-05,0.0,nan,nan,nan
3267.968,1.546321e-05,0.0,nan,nan,nan
3268.052,1.545786e-05,0.0,nan,nan,nan
3268.135,1.545917e-05,0.0,nan,nan,nan
3268.23,1.545681e-05,0.0,nan,nan,nan
3268.314,1.546326e-05,0.0,nan,nan,nan
3268.4,1.546234e-05,0.0,nan,nan,nan
3268.484,1.545988e-05,0.0,nan,nan,nan
3268.568,1.545893e-05,0.0,nan,nan,nan
3268.658,1.545964e-05,0.0,nan,nan,nan
3268.742,1.54621e-05,0.0,nan,nan,nan
3268.829,1.545913e-05,0.0,nan,nan,nan
3268.913,1.54616e-05,0.0,nan,nan,nan
3268.996,1.545692e-05,0.0,nan,nan,nan
3269.08,1.545748e-05,0.0,nan,nan,nan
3269.164,1.54575e-05,0.0,nan,nan,nan
3269.264,1.546035e-05,0.0,nan,nan,nan
3269.347,1.545971e-05,0.0,nan,nan,nan
3269.431,1.54609e-05,0.0,nan,nan,nan
3269.515,1.545816e-05,0.0,nan,nan,nan
3269.598,1.546238e-05,0.0,nan,nan,nan
3269.682,1.54631e-05,0.0,nan,nan,nan
3269.766,1.545947e-05,0.0,nan,nan,nan
3269.85,1.546243e-05,0.0,nan,nan,nan
3269.966,1.546281e-05,0.0,nan,nan,nan
3270.062,1.54605e-05,0.0,nan,nan,nan
3270.146,1.546184e-05,0.0,nan,nan,nan
3270.23,1.545788e-05,0.0,nan,nan,nan
3270.314,1.545826e-05,0.0,nan,nan,nan
3270.397,1.545828e-05,0.0,nan,nan,nan
3270.488,1.5462e-05,0.0,nan,nan,nan
3270.572,1.546492e-05,0.0,nan,nan,nan
3270.656,1.546209e-05,0.0,nan,nan,nan
3270.74,1.545917e-05,0.0,nan,nan,nan
3270.823,1.545672e-05,0.0,nan,nan,nan
3270.907,1.545995e-05,0.0,nan,nan,nan
3270.991,1.546228e-05,0.0,nan,nan,nan
3271.085,1.545909e-05,0.0,nan,nan,nan
3271.169,1.546122e-05,0.0,nan,nan,nan
3271.253,1.545594e-05,0.0,nan,nan,nan
3271.336,1.546054e-05,0.0,nan,nan,nan
3271.42,1.546089e-05,0.0,nan,nan,nan
3271.503,1.545672e-05,0.0,nan,nan,nan
3271.587,1.54611e-05,0.0,nan,nan,nan
3271.672,1.545643e-05,0.0,nan,nan,nan
3271.756,1.546007e-05,0.0,nan,nan,nan
3271.839,1.546169e-05,0.0,nan,nan,nan
3271.923,1.546156e-05,0.0,nan,nan,nan
3272.044,1.545974e-05,0.0,nan,nan,nan
3272.128,1.545883e-05,0.0,nan,nan,nan
3272.212,1.545718e-05,0.0,nan,nan,nan
3272.297,1.546089e-05,0.0,nan,nan,nan
3272.381,1.545695e-05,0.0,nan,nan,nan
3272.465,1.546259e-05,0.0,nan,nan,nan
3272.548,1.546204e-05,0.0,nan,nan,nan
3272.632,1.54607e-05,0.0,nan,nan,nan
3272.735,1.546176e-05,0.0,nan,nan,nan
3272.819,1.545911e-05,0.0,nan,nan,nan
3272.904,1.546088e-05,0.0,nan,nan,nan
3272.987,1.545937e-05,0.0,nan,nan,nan
3273.071,1.545788e-05,0.0,nan,nan,nan
3273.155,1.545744e-05,0.0,nan,nan,nan
3273.238,1.545889e-05,0.0,nan,nan,nan
3273.343,1.54609e-05,0.0,nan,nan,nan
3273.427,1.546018e-05,0.0,nan,nan,nan
3273.536,1.545948e-05,0.0,nan,nan,nan
3273.619,1.546125e-05,0.0,nan,nan,nan
3273.703,1.545422e-05,0.0,nan,nan,nan
3273.787,1.545733e-05,0.0,nan,nan,nan
3273.871,1.545831e-05,0.0,nan,nan,nan
3273.955,1.545798e-05,0.0,nan,nan,nan
3274.039,1.54538e-05,0.0,nan,nan,nan
3274.133,1.545975e-05,0.0,nan,nan,nan
3274.223,1.546244e-05,0.0,nan,nan,nan
3274.307,1.546156e-05,0.0,nan,nan,nan
3274.39,1.545821e-05,0.0,nan,nan,nan
3274.474,1.545649e-05,0.0,nan,nan,nan
3274.56,1.546016e-05,0.0,nan,nan,nan
3274.643,1.546078e-05,0.0,nan,nan,nan
3274.73,1.546047e-05,0.0,nan,nan,nan
3274.813,1.545791e-05,0.0,nan,nan,nan
3274.897,1.546042e-05,0.0,nan,nan,nan
3274.984,1.545662e-05,0.0,nan,nan,nan
3275.068,1.546528e-05,0.0,nan,nan,nan
3275.164,1.546203e-05,0.0,nan,nan,nan
3275.248,1.545973e-05,0.0,nan,nan,nan
3275.331,1.545906e-05,0.0,nan,nan,nan
3275.415,1.54609e-05,0.0,nan,nan,nan
3275.501,1.54623e-05,0.0,nan,nan,nan
3275.585,1.545838e-05,0.0,nan,nan,nan
3275.668,1.545554e-05,0.0,nan,nan,nan
3275.764,1.545659e-05,0.0,nan,nan,nan
3275.847,1.545525e-05,0.0,nan,nan,nan
3275.931,1.54564e-05,0.0,nan,nan,nan
3276.014,1.545554e-05,0.0,nan,nan,nan
3276.098,1.545768e-05,0.0,nan,nan,nan
3276.185,1.545524e-05,0.0,nan,nan,nan
3276.268,1.545831e-05,0.0,nan,nan,nan
3276.352,1.54573e-05,0.0,nan,nan,nan
3276.436,1.54524e-05,0.0,nan,nan,nan
3276.52,1.54541e-05,0.0,nan,nan,nan
3276.604,1.545517e-05,0.0,nan,nan,nan
3276.687,1.545983e-05,0.0,nan,nan,nan
3276.801,1.545388e-05,0.0,nan,nan,nan
3276.885,1.545455e-05,0.0,nan,nan,nan
3276.969,1.54567e-05,0.0,nan,nan,nan
3277.052,1.545464e-05,0.0,nan,nan,nan
3277.136,1.545249e-05,0.0,nan,nan,nan
3277.219,1.545341e-05,0.0,nan,nan,nan
3277.303,1.545566e-05,0.0,nan,nan,nan
3277.397,1.545936e-05,0.0,nan,nan,nan
3277.481,1.545761e-05,0.0,nan,nan,nan
3277.565,1.545579e-05,0.0,nan,nan,nan
3277.648,1.545643e-05,0.0,nan,nan,nan
3277.732,1.546001e-05,0.0,nan,nan,nan
3277.821,1.5456e-05,0.0,nan,nan,nan
3277.904,1.545473e-05,0.0,nan,nan,nan
3278.016,1.545577e-05,0.0,nan,nan,nan
3278.1,1.545791e-05,0.0,nan,nan,nan
3278.185,1.545631e-05,0.0,nan,nan,nan
3278.285,1.545635e-05,0.0,nan,nan,nan
3278.369,1.545684e-05,0.0,nan,nan,nan
3278.452,1.545817e-05,0.0,nan,nan,nan
3278.536,1.545826e-05,0.0,nan,nan,nan
3278.62,1.545627e-05,0.0,nan,nan,nan
3278.704,1.54569e-05,0.0,nan,nan,nan
3278.787,1.546048e-05,0.0,nan,nan,nan
3278.871,1.545889e-05,0.0,nan,nan,nan
3278.955,1.545483e-05,0.0,nan,nan,nan
3279.039,1.545715e-05,0.0,nan,nan,nan
3279.122,1.545859e-05,0.0,nan,nan,nan
3279.209,1.545897e-05,0.0,nan,nan,nan
3279.293,1.545709e-05,0.0,nan,nan,nan
3279.376,1.545386e-05,0.0,nan,nan,nan
3279.46,1.545457e-05,0.0,nan,nan,nan
3279.543,1.54561e-05,0.0,nan,nan,nan
3279.628,1.54571e-05,0.0,nan,nan,nan
3279.711,1.545268e-05,0.0,nan,nan,nan
3279.795,1.545679e-05,0.0,nan,nan,nan
3279.879,1.545549e-05,0.0,nan,nan,nan
3279.962,1.545717e-05,0.0,nan,nan,nan
3280.049,1.545762e-05,0.0,nan,nan,nan
3280.133,1.54569e-05,0.0,nan,nan,nan
3280.217,1.545388e-05,0.0,nan,nan,nan
3280.35,1.54576e-05,0.0,nan,nan,nan
3280.435,1.545575e-05,0.0,nan,nan,nan
3280.519,1.545184e-05,0.0,nan,nan,nan
3280.606,1.545364e-05,0.0,nan,nan,nan
3280.69,1.545183e-05,0.0,nan,nan,nan
3280.774,1.545874e-05,0.0,nan,nan,nan
3280.863,1.545877e-05,0.0,nan,nan,nan
3280.947,1.545898e-05,0.0,nan,nan,nan
3281.052,1.545681e-05,0.0,nan,nan,nan
3281.136,1.545876e-05,0.0,nan,nan,nan
3281.22,1.545718e-05,0.0,nan,nan,nan
3281.303,1.545715e-05,0.0,nan,nan,nan
3281.387,1.545476e-05,0.0,nan,nan,nan
3281.487,1.545595e-05,0.0,nan,nan,nan
3281.571,1.545311e-05,0.0,nan,nan,nan
3281.655,1.545306e-05,0.0,nan,nan,nan
3281.738,1.54584e-05,0.0,nan,nan,nan
3281.822,1.545763e-05,0.0,nan,nan,nan
3281.919,1.545824e-05,0.0,nan,nan,nan
3282.006,1.545898e-05,0.0,nan,nan,nan
3282.094,1.545757e-05,0.0,nan,nan,nan
3282.178,1.545642e-05,0.0,nan,nan,nan
3282.275,1.545483e-05,0.0,nan,nan,nan
3282.359,1.545279e-05,0.0,nan,nan,nan
3282.444,1.545458e-05,0.0,nan,nan,nan
3282.528,1.545528e-05,0.0,nan,nan,nan
3282.612,1.545316e-05,0.0,nan,nan,nan
3282.707,1.545731e-05,0.0,nan,nan,nan
3282.791,1.545301e-05,0.0,nan,nan,nan
3282.893,1.545491e-05,0.0,nan,nan,nan
3282.977,1.545467e-05,0.0,nan,nan,nan
3283.061,1.545829e-05,0.0,nan,nan,nan
3283.145,1.54551e-05,0.0,nan,nan,nan
3283.228,1.54578e-05,0.0,nan,nan,nan
3283.312,1.545532e-05,0.0,nan,nan,nan
3283.396,1.545181e-05,0.0,nan,nan,nan
3283.479,1.545453e-05,0.0,nan,nan,nan
3283.563,1.545585e-05,0.0,nan,nan,nan
3283.647,1.545736e-05,0.0,nan,nan,nan
3283.744,1.545702e-05,0.0,nan,nan,nan
3283.828,1.545759e-05,0.0,nan,nan,nan
3283.936,1.545117e-05,0.0,nan,nan,nan
3284.019,1.546012e-05,0.0,nan,nan,nan
3284.103,1.545711e-05,0.0,nan,nan,nan
3284.186,1.545814e-05,0.0,nan,nan,nan
3284.27,1.545494e-05,0.0,nan,nan,nan
3284.354,1.545643e-05,0.0,nan,nan,nan
3284.469,1.545458e-05,0.0,nan,nan,nan
3284.577,1.545171e-05,0.0,nan,nan,nan
3284.661,1.544927e-05,0.0,nan,nan,nan
3284.748,1.545416e-05,0.0,nan,nan,nan
3284.832,1.545348e-05,0.0,nan,nan,nan
3284.916,1.545403e-05,0.0,nan,nan,nan
3284.999,1.545431e-05,0.0,nan,nan,nan
3285.083,1.545826e-05,0.0,nan,nan,nan
3285.189,1.545497e-05,0.0,nan,nan,nan
3285.273,1.545229e-05,0.0,nan,nan,nan
3285.366,1.54551e-05,0.0,nan,nan,nan
3285.45,1.545414e-05,0.0,nan,nan,nan
3285.551,1.545127e-05,0.0,nan,nan,nan
3285.635,1.54465e-05,0.0,nan,nan,nan
3285.718,1.544805e-05,0.0,nan,nan,nan
3285.802,1.545249e-05,0.0,nan,nan,nan
3285.886,1.545546e-05,0.0,nan,nan,nan
3285.981,1.545576e-05,0.0,nan,nan,nan
3286.064,1.545619e-05,0.0,nan,nan,nan
3286.168,1.54547e-05,0.0,nan,nan,nan
3286.251,1.545508e-05,0.0,nan,nan,nan
3286.335,1.545443e-05,0.0,nan,nan,nan
3286.418,1.545538e-05,0.0,nan,nan,nan
3286.549,1.545283e-05,0.0,nan,nan,nan
3286.635,1.545469e-05,0.0,nan,nan,nan
3286.718,1.545765e-05,0.0,nan,nan,nan
3286.801,1.5456e-05,0.0,nan,nan,nan
3286.885,1.544975e-05,0.0,nan,nan,nan
3286.969,1.545797e-05,0.0,nan,nan,nan
3287.053,1.545441e-05,0.0,nan,nan,nan
3287.137,1.545086e-05,0.0,nan,nan,nan
3287.226,1.545499e-05,0.0,nan,nan,nan
3287.31,1.545902e-05,0.0,nan,nan,nan
3287.395,1.545416e-05,0.0,nan,nan,nan
3287.479,1.545416e-05,0.0,nan,nan,nan
3287.565,1.545557e-05,0.0,nan,nan,nan
3287.648,1.545765e-05,0.0,nan,nan,nan
3287.733,1.54556e-05,0.0,nan,nan,nan
3287.817,1.545491e-05,0.0,nan,nan,nan
3287.9,1.545728e-05,0.0,nan,nan,nan
3287.994,1.545652e-05,0.0,nan,nan,nan
3288.078,1.545915e-05,0.0,nan,nan,nan
3288.163,1.545598e-05,0.0,nan,nan,nan
3288.246,1.545741e-05,0.0,nan,nan,nan
3288.33,1.545643e-05,0.0,nan,nan,nan
3288.418,1.545454e-05,0.0,nan,nan,nan
3288.502,1.545589e-05,0.0,nan,nan,nan
3288.616,1.545778e-05,0.0,nan,nan,nan
3288.7,1.546425e-05,0.0,nan,nan,nan
3288.805,1.546404e-05,0.0,nan,nan,nan
3288.888,1.546241e-05,0.0,nan,nan,nan
3288.972,1.546098e-05,0.0,nan,nan,nan
3289.056,1.546017e-05,0.0,nan,nan,nan
3289.139,1.545863e-05,0.0,nan,nan,nan
3289.231,1.545993e-05,0.0,nan,nan,nan
3289.315,1.546199e-05,0.0,nan,nan,nan
3289.398,1.54573e-05,0.0,nan,nan,nan
3289.482,1.545867e-05,0.0,nan,nan,nan
3289.566,1.545638e-05,0.0,nan,nan,nan
3289.653,1.545639e-05,0.0,nan,nan,nan
3289.737,1.545662e-05,0.0,nan,nan,nan
3289.831,1.545934e-05,0.0,nan,nan,nan
3289.915,1.545886e-05,0.0,nan,nan,nan
3289.999,1.545752e-05,0.0,nan,nan,nan
3290.083,1.545921e-05,0.0,nan,nan,nan
3290.167,1.545345e-05,0.0,nan,nan,nan
3290.257,1.545752e-05,0.0,nan,nan,nan
3290.341,1.545597e-05,0.0,nan,nan,nan
3290.428,1.54586e-05,0.0,nan,nan,nan
3290.512,1.54585e-05,0.0,nan,nan,nan
3290.595,1.545746e-05,0.0,nan,nan,nan
3290.691,1.545244e-05,0.0,nan,nan,nan
3290.775,1.545628e-05,0.0,nan,nan,nan
3290.868,1.54587e-05,0.0,nan,nan,nan
3290.952,1.545207e-05,0.0,nan,nan,nan
3291.046,1.545703e-05,0.0,nan,nan,nan
3291.129,1.545826e-05,0.0,nan,nan,nan
3291.213,1.545727e-05,0.0,nan,nan,nan
3291.297,1.545895e-05,0.0,nan,nan,nan
3291.381,1.545918e-05,0.0,nan,nan,nan
3291.466,1.545545e-05,0.0,nan,nan,nan
3291.55,1.54531e-05,0.0,nan,nan,nan
3291.634,1.545271e-05,0.0,nan,nan,nan
3291.718,1.545936e-05,0.0,nan,nan,nan
3291.804,1.546109e-05,0.0,nan,nan,nan
3291.89,1.546154e-05,0.0,nan,nan,nan
3291.974,1.545681e-05,0.0,nan,nan,nan
3292.059,1.545968e-05,0.0,nan,nan,nan
3292.143,1.545994e-05,0.0,nan,nan,nan
3292.227,1.545954e-05,0.0,nan,nan,nan
3292.315,1.546043e-05,0.0,nan,nan,nan
3292.398,1.545505e-05,0.0,nan,nan,nan
3292.5,1.546027e-05,0.0,nan,nan,nan
3292.584,1.545739e-05,0.0,nan,nan,nan
3292.683,1.545914e-05,0.0,nan,nan,nan
3292.767,1.545786e-05,0.0,nan,nan,nan
3292.85,1.545021e-05,0.0,nan,nan,nan
3292.934,1.54567e-05,0.0,nan,nan,nan
3293.018,1.545899e-05,0.0,nan,nan,nan
3293.103,1.545885e-05,0.0,nan,nan,nan
3293.187,1.545804e-05,0.0,nan,nan,nan
3293.27,1.545554e-05,0.0,nan,nan,nan
3293.354,1.54594e-05,0.0,nan,nan,nan
3293.438,1.545959e-05,0.0,nan,nan,nan
3293.524,1.545966e-05,0.0,nan,nan,nan
3293.607,1.545573e-05,0.0,nan,nan,nan
3293.692,1.545806e-05,0.0,nan,nan,nan
3293.776,1.545493e-05,0.0,nan,nan,nan
3293.859,1.545968e-05,0.0,nan,nan,nan
3293.946,1.545496e-05,0.0,nan,nan,nan
3294.03,1.545394e-05,0.0,nan,nan,nan
3294.135,1.545385e-05,0.0,nan,nan,nan
3294.218,1.545264e-05,0.0,nan,nan,nan
3294.302,1.545727e-05,0.0,nan,nan,nan
3294.386,1.545558e-05,0.0,nan,nan,nan
3294.469,1.545364e-05,0.0,nan,nan,nan
3294.553,1.545393e-05,0.0,nan,nan,nan
3294.637,1.545477e-05,0.0,nan,nan,nan
3294.746,1.545423e-05,0.0,nan,nan,nan
3294.83,1.545684e-05,0.0,nan,nan,nan
3294.914,1.54577e-05,0.0,nan,nan,nan
3294.998,1.545399e-05,0.0,nan,nan,nan
3295.082,1.545324e-05,0.0,nan,nan,nan
3295.165,1.545065e-05,0.0,nan,nan,nan
3295.25,1.545137e-05,0.0,nan,nan,nan
3295.35,1.545294e-05,0.0,nan,nan,nan
3295.434,1.545234e-05,0.0,nan,nan,nan
3295.517,1.545395e-05,0.0,nan,nan,nan
3295.601,1.545973e-05,0.0,nan,nan,nan
3295.686,1.545647e-05,0.0,nan,nan,nan
3295.797,1.545686e-05,0.0,nan,nan,nan
3295.88,1.545406e-05,0.0,nan,nan,nan
3295.997,1.546061e-05,0.0,nan,nan,nan
3296.08,1.545398e-05,0.0,nan,nan,nan
3296.183,1.545716e-05,0.0,nan,nan,nan
3296.267,1.545813e-05,0.0,nan,nan,nan
3296.356,1.545114e-05,0.0,nan,nan,nan
3296.44,1.545529e-05,0.0,nan,nan,nan
3296.524,1.545514e-05,0.0,nan,nan,nan
3296.607,1.545431e-05,0.0,nan,nan,nan
3296.691,1.545191e-05,0.0,nan,nan,nan
3296.774,1.545648e-05,0.0,nan,nan,nan
3296.862,1.545494e-05,0.0,nan,nan,nan
3296.946,1.54548e-05,0.0,nan,nan,nan
3297.029,1.545477e-05,0.0,nan,nan,nan
3297.113,1.545686e-05,0.0,nan,nan,nan
3297.197,1.54549e-05,0.0,nan,nan,nan
3297.28,1.545355e-05,0.0,nan,nan,nan
3297.364,1.545324e-05,0.0,nan,nan,nan
3297.447,1.545093e-05,0.0,nan,nan,nan
3297.531,1.545132e-05,0.0,nan,nan,nan
3297.614,1.545649e-05,0.0,nan,nan,nan
3297.698,1.545313e-05,0.0,nan,nan,nan
3297.789,1.545432e-05,0.0,nan,nan,nan
3297.873,1.545083e-05,0.0,nan,nan,nan
3297.957,1.545217e-05,0.0,nan,nan,nan
3298.041,1.545776e-05,0.0,nan,nan,nan
3298.124,1.545521e-05,0.0,nan,nan,nan
3298.208,1.545136e-05,0.0,nan,nan,nan
3298.291,1.545309e-05,0.0,nan,nan,nan
3298.375,1.545289e-05,0.0,nan,nan,nan
3298.458,1.545463e-05,0.0,nan,nan,nan
3298.542,1.545095e-05,0.0,nan,nan,nan
3298.626,1.545063e-05,0.0,nan,nan,nan
3298.709,1.545188e-05,0.0,nan,nan,nan
3298.803,1.545249e-05,0.0,nan,nan,nan
3298.907,1.545685e-05,0.0,nan,nan,nan
3299.002,1.545582e-05,0.0,nan,nan,nan
3299.085,1.545979e-05,0.0,nan,nan,nan
3299.169,1.545616e-05,0.0,nan,nan,nan
3299.253,1.545709e-05,0.0,nan,nan,nan
3299.337,1.545242e-05,0.0,nan,nan,nan
3299.425,1.5459e-05,0.0,nan,nan,nan
3299.509,1.545549e-05,0.0,nan,nan,nan
3299.592,1.545822e-05,0.0,nan,nan,nan
3299.676,1.545422e-05,0.0,nan,nan,nan
3299.759,1.545485e-05,0.0,nan,nan,nan
3299.843,1.545602e-05,0.0,nan,nan,nan
3299.926,1.54538e-05,0.0,nan,nan,nan
3300.02,1.545665e-05,0.0,nan,nan,nan
3300.103,1.545396e-05,0.0,nan,nan,nan
3300.188,1.545716e-05,0.0,nan,nan,nan
3300.271,1.545544e-05,0.0,nan,nan,nan
3300.355,1.545587e-05,0.0,nan,nan,nan
3300.439,1.545588e-05,0.0,nan,nan,nan
3300.523,1.545446e-05,0.0,nan,nan,nan
3300.606,1.545548e-05,0.0,nan,nan,nan
3300.69,1.54526e-05,0.0,nan,nan,nan
3300.773,1.545828e-05,0.0,nan,nan,nan
3300.857,1.545585e-05,0.0,nan,nan,nan
3300.957,1.545601e-05,0.0,nan,nan,nan
3301.041,1.545116e-05,0.0,nan,nan,nan
3301.124,1.545378e-05,0.0,nan,nan,nan
3301.208,1.545668e-05,0.0,nan,nan,nan
3301.292,1.545601e-05,0.0,nan,nan,nan
3301.375,1.545736e-05,0.0,nan,nan,nan
3301.468,1.545561e-05,0.0,nan,nan,nan
3301.552,1.545941e-05,0.0,nan,nan,nan
3301.636,1.545633e-05,0.0,nan,nan,nan
3301.72,1.54566e-05,0.0,nan,nan,nan
3301.803,1.545804e-05,0.0,nan,nan,nan
3301.887,1.545942e-05,0.0,nan,nan,nan
3301.971,1.546007e-05,0.0,nan,nan,nan
3302.064,1.545973e-05,0.0,nan,nan,nan
3302.147,1.545438e-05,0.0,nan,nan,nan
3302.231,1.545734e-05,0.0,nan,nan,nan
3302.315,1.546099e-05,0.0,nan,nan,nan
3302.398,1.545517e-05,0.0,nan,nan,nan
3302.486,1.545505e-05,0.0,nan,nan,nan
3302.569,1.54545e-05,0.0,nan,nan,nan
3302.653,1.545436e-05,0.0,nan,nan,nan
3302.736,1.545802e-05,0.0,nan,nan,nan
3302.82,1.545558e-05,0.0,nan,nan,nan
3302.909,1.545417e-05,0.0,nan,nan,nan
3303.021,1.545438e-05,0.0,nan,nan,nan
3303.105,1.545607e-05,0.0,nan,nan,nan
3303.189,1.54541e-05,0.0,nan,nan,nan
3303.29,1.545633e-05,0.0,nan,nan,nan
3303.373,1.545533e-05,0.0,nan,nan,nan
3303.457,1.545611e-05,0.0,nan,nan,nan
3303.541,1.545369e-05,0.0,nan,nan,nan
3303.625,1.545259e-05,0.0,nan,nan,nan
3303.72,1.546254e-05,0.0,nan,nan,nan
3303.803,1.545856e-05,0.0,nan,nan,nan
3303.914,1.546123e-05,0.0,nan,nan,nan
3303.998,1.545825e-05,0.0,nan,nan,nan
3304.082,1.54548e-05,0.0,nan,nan,nan
3304.166,1.545416e-05,0.0,nan,nan,nan
3304.249,1.545777e-05,0.0,nan,nan,nan
3304.337,1.545697e-05,0.0,nan,nan,nan
3304.42,1.545546e-05,0.0,nan,nan,nan
3304.52,1.545778e-05,0.0,nan,nan,nan
3304.604,1.545736e-05,0.0,nan,nan,nan
3304.688,1.545521e-05,0.0,nan,nan,nan
3304.771,1.545292e-05,0.0,nan,nan,nan
3304.855,1.546107e-05,0.0,nan,nan,nan
3304.948,1.545771e-05,0.0,nan,nan,nan
3305.032,1.545577e-05,0.0,nan,nan,nan
3305.116,1.54546e-05,0.0,nan,nan,nan
3305.201,1.545965e-05,0.0,nan,nan,nan
3305.285,1.545728e-05,0.0,nan,nan,nan
3305.368,1.545928e-05,0.0,nan,nan,nan
3305.455,1.546054e-05,0.0,nan,nan,nan
3305.551,1.545563e-05,0.0,nan,nan,nan
3305.635,1.545385e-05,0.0,nan,nan,nan
3305.72,1.545503e-05,0.0,nan,nan,nan
3305.804,1.5458e-05,0.0,nan,nan,nan
3305.888,1.545381e-05,0.0,nan,nan,nan
3305.971,1.545244e-05,0.0,nan,nan,nan
3306.055,1.545788e-05,0.0,nan,nan,nan
3306.151,1.54546e-05,0.0,nan,nan,nan
3306.235,1.545432e-05,0.0,nan,nan,nan
3306.319,1.545114e-05,0.0,nan,nan,nan
3306.403,1.545285e-05,0.0,nan,nan,nan
3306.487,1.545315e-05,0.0,nan,nan,nan
3306.57,1.545478e-05,0.0,nan,nan,nan
3306.654,1.545486e-05,0.0,nan,nan,nan
3306.737,1.545633e-05,0.0,nan,nan,nan
3306.821,1.545566e-05,0.0,nan,nan,nan
3306.904,1.545455e-05,0.0,nan,nan,nan
3306.988,1.545818e-05,0.0,nan,nan,nan
3307.072,1.545628e-05,0.0,nan,nan,nan
3307.155,1.545723e-05,0.0,nan,nan,nan
3307.239,1.545677e-05,0.0,nan,nan,nan
3307.327,1.545146e-05,0.0,nan,nan,nan
3307.41,1.545443e-05,0.0,nan,nan,nan
3307.493,1.545277e-05,0.0,nan,nan,nan
3307.578,1.545267e-05,0.0,nan,nan,nan
3307.662,1.545461e-05,0.0,nan,nan,nan
3307.745,1.54577e-05,0.0,nan,nan,nan
3307.829,1.545926e-05,0.0,nan,nan,nan
3307.913,1.546043e-05,0.0,nan,nan,nan
3307.999,1.545634e-05,0.0,nan,nan,nan
3308.083,1.545865e-05,0.0,nan,nan,nan
3308.174,1.545734e-05,0.0,nan,nan,nan
3308.258,1.545397e-05,0.0,nan,nan,nan
3308.342,1.545208e-05,0.0,nan,nan,nan
3308.425,1.545684e-05,0.0,nan,nan,nan
3308.509,1.545711e-05,0.0,nan,nan,nan
3308.596,1.54579e-05,0.0,nan,nan,nan
3308.68,1.545975e-05,0.0,nan,nan,nan
3308.764,1.545748e-05,0.0,nan,nan,nan
3308.848,1.54586e-05,0.0,nan,nan,nan
3308.932,1.546105e-05,0.0,nan,nan,nan
3309.015,1.545747e-05,0.0,nan,nan,nan
3309.099,1.546026e-05,0.0,nan,nan,nan
3309.2,1.545998e-05,0.0,nan,nan,nan
3309.295,1.546049e-05,0.0,nan,nan,nan
3309.378,1.546044e-05,0.0,nan,nan,nan
3309.462,1.545989e-05,0.0,nan,nan,nan
3309.546,1.545837e-05,0.0,nan,nan,nan
3309.629,1.545248e-05,0.0,nan,nan,nan
3309.713,1.545539e-05,0.0,nan,nan,nan
3309.815,1.545718e-05,0.0,nan,nan,nan
3309.899,1.545681e-05,0.0,nan,nan,nan
3309.983,1.546047e-05,0.0,nan,nan,nan
3310.067,1.545494e-05,0.0,nan,nan,nan
3310.156,1.545578e-05,0.0,nan,nan,nan
3310.242,1.545723e-05,0.0,nan,nan,nan
3310.326,1.545534e-05,0.0,nan,nan,nan
3310.41,1.545581e-05,0.0,nan,nan,nan
3310.494,1.545667e-05,0.0,nan,nan,nan
3310.578,1.545578e-05,0.0,nan,nan,nan
3310.662,1.545849e-05,0.0,nan,nan,nan
3310.745,1.545195e-05,0.0,nan,nan,nan
3310.831,1.545483e-05,0.0,nan,nan,nan
3310.914,1.545217e-05,0.0,nan,nan,nan
3310.998,1.54535e-05,0.0,nan,nan,nan
3311.082,1.54524e-05,0.0,nan,nan,nan
3311.166,1.545507e-05,0.0,nan,nan,nan
3311.283,1.545358e-05,0.0,nan,nan,nan
3311.366,1.545791e-05,0.0,nan,nan,nan
3311.45,1.545532e-05,0.0,nan,nan,nan
3311.533,1.545819e-05,0.0,nan,nan,nan
3311.617,1.546139e-05,0.0,nan,nan,nan
3311.7,1.545328e-05,0.0,nan,nan,nan
3311.784,1.545872e-05,0.0,nan,nan,nan
3311.867,1.545652e-05,0.0,nan,nan,nan
3311.954,1.545622e-05,0.0,nan,nan,nan
3312.058,1.545593e-05,0.0,nan,nan,nan
3312.142,1.54566e-05,0.0,nan,nan,nan
3312.227,1.545792e-05,0.0,nan,nan,nan
3312.311,1.545267e-05,0.0,nan,nan,nan
3312.395,1.545548e-05,0.0,nan,nan,nan
3312.487,1.545938e-05,0.0,nan,nan,nan
3312.571,1.545389e-05,0.0,nan,nan,nan
3312.67,1.54566e-05,0.0,nan,nan,nan
3312.754,1.545125e-05,0.0,nan,nan,nan
3312.838,1.545447e-05,0.0,nan,nan,nan
3312.921,1.545585e-05,0.0,nan,nan,nan
3313.005,1.545694e-05,0.0,nan,nan,nan
3313.088,1.545975e-05,0.0,nan,nan,nan
3313.172,1.545604e-05,0.0,nan,nan,nan
3313.256,1.545629e-05,0.0,nan,nan,nan
3313.35,1.545591e-05,0.0,nan,nan,nan
3313.433,1.545367e-05,0.0,nan,nan,nan
3313.517,1.545452e-05,0.0,nan,nan,nan
3313.607,1.545406e-05,0.0,nan,nan,nan
3313.692,1.545396e-05,0.0,nan,nan,nan
3313.776,1.545646e-05,0.0,nan,nan,nan
3313.86,1.545631e-05,0.0,nan,nan,nan
3313.944,1.545341e-05,0.0,nan,nan,nan
3314.028,1.545566e-05,0.0,nan,nan,nan
3314.111,1.545119e-05,0.0,nan,nan,nan
3314.195,1.545493e-05,0.0,nan,nan,nan
3314.278,1.546133e-05,0.0,nan,nan,nan
3314.362,1.545527e-05,0.0,nan,nan,nan
3314.446,1.545894e-05,0.0,nan,nan,nan
3314.529,1.545422e-05,0.0,nan,nan,nan
3314.613,1.545569e-05,0.0,nan,nan,nan
3314.697,1.545293e-05,0.0,nan,nan,nan
3314.781,1.545415e-05,0.0,nan,nan,nan
3314.864,1.545254e-05,0.0,nan,nan,nan
3314.959,1.545986e-05,0.0,nan,nan,nan
3315.043,1.546457e-05,0.0,nan,nan,nan
3315.145,1.545727e-05,0.0,nan,nan,nan
3315.228,1.546119e-05,0.0,nan,nan,nan
3315.331,1.545684e-05,0.0,nan,nan,nan
3315.417,1.545794e-05,0.0,nan,nan,nan
3315.501,1.545876e-05,0.0,nan,nan,nan
3315.585,1.545836e-05,0.0,nan,nan,nan
3315.669,1.54527e-05,0.0,nan,nan,nan
3315.753,1.545437e-05,0.0,nan,nan,nan
3315.836,1.545622e-05,0.0,nan,nan,nan
3315.921,1.545495e-05,0.0,nan,nan,nan
3316.005,1.546057e-05,0.0,nan,nan,nan
3316.088,1.545941e-05,0.0,nan,nan,nan
3316.172,1.546044e-05,0.0,nan,nan,nan
3316.256,1.546003e-05,0.0,nan,nan,nan
3316.36,1.546193e-05,0.0,nan,nan,nan
3316.444,1.546247e-05,0.0,nan,nan,nan
3316.551,1.546313e-05,0.0,nan,nan,nan
3316.634,1.546358e-05,0.0,nan,nan,nan
3316.718,1.546282e-05,0.0,nan,nan,nan
3316.801,1.546012e-05,0.0,nan,nan,nan
3316.885,1.54591e-05,0.0,nan,nan,nan
3316.975,1.546004e-05,0.0,nan,nan,nan
3317.059,1.545721e-05,0.0,nan,nan,nan
3317.144,1.545808e-05,0.0,nan,nan,nan
3317.228,1.546167e-05,0.0,nan,nan,nan
3317.311,1.546178e-05,0.0,nan,nan,nan
3317.395,1.545889e-05,0.0,nan,nan,nan
3317.494,1.546186e-05,0.0,nan,nan,nan
3317.591,1.545861e-05,0.0,nan,nan,nan
3317.675,1.545834e-05,0.0,nan,nan,nan
3317.76,1.546194e-05,0.0,nan,nan,nan
3317.844,1.546305e-05,0.0,nan,nan,nan
3317.927,1.546282e-05,0.0,nan,nan,nan
3318.012,1.546274e-05,0.0,nan,nan,nan
3318.096,1.546078e-05,0.0,nan,nan,nan
3318.179,1.545975e-05,0.0,nan,nan,nan
3318.263,1.546212e-05,0.0,nan,nan,nan
3318.347,1.545917e-05,0.0,nan,nan,nan
3318.431,1.546111e-05,0.0,nan,nan,nan
3318.515,1.545971e-05,0.0,nan,nan,nan
3318.598,1.545974e-05,0.0,nan,nan,nan
3318.682,1.546258e-05,0.0,nan,nan,nan
3318.766,1.545595e-05,0.0,nan,nan,nan
3318.85,1.545972e-05,0.0,nan,nan,nan
3318.934,1.545444e-05,0.0,nan,nan,nan
3319.018,1.545927e-05,0.0,nan,nan,nan
3319.101,1.545766e-05,0.0,nan,nan,nan
3319.185,1.546053e-05,0.0,nan,nan,nan
3319.268,1.545767e-05,0.0,nan,nan,nan
3319.352,1.546188e-05,0.0,nan,nan,nan
3319.441,1.545826e-05,0.0,nan,nan,nan
3319.566,1.545988e-05,0.0,nan,nan,nan
3319.65,1.545999e-05,0.0,nan,nan,nan
3319.738,1.546087e-05,0.0,nan,nan,nan
3319.822,1.546119e-05,0.0,nan,nan,nan
3319.905,1.545979e-05,0.0,nan,nan,nan
3319.991,1.546544e-05,0.0,nan,nan,nan
3320.075,1.546157e-05,0.0,nan,nan,nan
3320.159,1.545766e-05,0.0,nan,nan,nan
3320.255,1.545926e-05,0.0,nan,nan,nan
3320.339,1.546018e-05,0.0,nan,nan,nan
3320.424,1.546066e-05,0.0,nan,nan,nan
3320.508,1.546111e-05,0.0,nan,nan,nan
3320.591,1.545686e-05,0.0,nan,nan,nan
3320.675,1.545974e-05,0.0,nan,nan,nan
3320.758,1.546156e-05,0.0,nan,nan,nan
3320.847,1.546243e-05,0.0,nan,nan,nan
3320.93,1.545967e-05,0.0,nan,nan,nan
3321.014,1.545775e-05,0.0,nan,nan,nan
3321.098,1.545462e-05,0.0,nan,nan,nan
3321.183,1.546057e-05,0.0,nan,nan,nan
3321.266,1.546126e-05,0.0,nan,nan,nan
3321.35,1.545725e-05,0.0,nan,nan,nan
3321.433,1.545727e-05,0.0,nan,nan,nan
3321.517,1.545899e-05,0.0,nan,nan,nan
3321.606,1.5457e-05,0.0,nan,nan,nan
3321.709,1.545945e-05,0.0,nan,nan,nan
3321.792,1.545461e-05,0.0,nan,nan,nan
3321.894,1.545762e-05,0.0,nan,nan,nan
3321.978,1.545732e-05,0.0,nan,nan,nan
3322.083,1.545968e-05,0.0,nan,nan,nan
3322.166,1.545303e-05,0.0,nan,nan,nan
3322.269,1.545754e-05,0.0,nan,nan,nan
3322.353,1.545439e-05,0.0,nan,nan,nan
3322.437,1.545754e-05,0.0,nan,nan,nan
3322.521,1.545308e-05,0.0,nan,nan,nan
3322.604,1.545648e-05,0.0,nan,nan,nan
3322.695,1.545539e-05,0.0,nan,nan,nan
3322.779,1.545795e-05,0.0,nan,nan,nan
3322.883,1.545793e-05,0.0,nan,nan,nan
3322.967,1.545598e-05,0.0,nan,nan,nan
3323.05,1.545853e-05,0.0,nan,nan,nan
3323.134,1.546016e-05,0.0,nan,nan,nan
3323.217,1.545624e-05,0.0,nan,nan,nan
3323.301,1.545658e-05,0.0,nan,nan,nan
3323.385,1.545805e-05,0.0,nan,nan,nan
3323.47,1.545706e-05,0.0,nan,nan,nan
3323.553,1.546082e-05,0.0,nan,nan,nan
3323.637,1.545558e-05,0.0,nan,nan,nan
3323.721,1.545635e-05,0.0,nan,nan,nan
3323.805,1.545826e-05,0.0,nan,nan,nan
3323.91,1.545858e-05,0.0,nan,nan,nan
3323.994,1.5457e-05,0.0,nan,nan,nan
3324.092,1.545519e-05,0.0,nan,nan,nan
3324.176,1.545848e-05,0.0,nan,nan,nan
3324.259,1.545981e-05,0.0,nan,nan,nan
3324.343,1.546037e-05,0.0,nan,nan,nan
3324.427,1.545392e-05,0.0,nan,nan,nan
3324.519,1.545642e-05,0.0,nan,nan,nan
3324.602,1.545506e-05,0.0,nan,nan,nan
3324.687,1.545557e-05,0.0,nan,nan,nan
3324.77,1.545644e-05,0.0,nan,nan,nan
3324.854,1.545789e-05,0.0,nan,nan,nan
3324.939,1.545682e-05,0.0,nan,nan,nan
3325.023,1.545671e-05,0.0,nan,nan,nan
3325.114,1.545865e-05,0.0,nan,nan,nan
3325.198,1.545627e-05,0.0,nan,nan,nan
3325.282,1.545341e-05,0.0,nan,nan,nan
3325.366,1.545487e-05,0.0,nan,nan,nan
3325.451,1.545584e-05,0.0,nan,nan,nan
3325.545,1.545647e-05,0.0,nan,nan,nan
3325.629,1.545357e-05,0.0,nan,nan,nan
3325.783,1.545369e-05,0.0,nan,nan,nan
3325.867,1.545559e-05,0.0,nan,nan,nan
3325.951,1.545309e-05,0.0,nan,nan,nan
3326.035,1.545949e-05,0.0,nan,nan,nan
3326.135,1.545768e-05,0.0,nan,nan,nan
3326.219,1.545607e-05,0.0,nan,nan,nan
3326.303,1.545841e-05,0.0,nan,nan,nan
3326.387,1.545486e-05,0.0,nan,nan,nan
3326.47,1.545305e-05,0.0,nan,nan,nan
3326.554,1.545482e-05,0.0,nan,nan,nan
3326.638,1.545784e-05,0.0,nan,nan,nan
3326.721,1.545677e-05,0.0,nan,nan,nan
3326.805,1.545625e-05,0.0,nan,nan,nan
3326.89,1.54572e-05,0.0,nan,nan,nan
3326.989,1.545397e-05,0.0,nan,nan,nan
3327.072,1.545669e-05,0.0,nan,nan,nan
3327.167,1.546016e-05,0.0,nan,nan,nan
3327.251,1.546151e-05,0.0,nan,nan,nan
3327.334,1.545848e-05,0.0,nan,nan,nan
3327.418,1.545862e-05,0.0,nan,nan,nan
3327.503,1.545987e-05,0.0,nan,nan,nan
3327.587,1.545943e-05,0.0,nan,nan,nan
3327.671,1.545837e-05,0.0,nan,nan,nan
3327.766,1.545872e-05,0.0,nan,nan,nan
3327.865,1.545754e-05,0.0,nan,nan,nan
3327.95,1.546083e-05,0.0,nan,nan,nan
3328.033,1.546014e-05,0.0,nan,nan,nan
3328.117,1.545962e-05,0.0,nan,nan,nan
3328.2,1.545873e-05,0.0,nan,nan,nan
3328.284,1.545843e-05,0.0,nan,nan,nan
3328.387,1.545596e-05,0.0,nan,nan,nan
3328.471,1.545537e-05,0.0,nan,nan,nan
3328.577,1.545734e-05,0.0,nan,nan,nan
3328.66,1.545759e-05,0.0,nan,nan,nan
3328.744,1.546154e-05,0.0,nan,nan,nan
3328.828,1.545659e-05,0.0,nan,nan,nan
3328.912,1.545774e-05,0.0,nan,nan,nan
3329.008,1.545962e-05,0.0,nan,nan,nan
3329.092,1.54601e-05,0.0,nan,nan,nan
3329.207,1.54575e-05,0.0,nan,nan,nan
3329.29,1.545257e-05,0.0,nan,nan,nan
3329.375,1.545938e-05,0.0,nan,nan,nan
3329.458,1.545287e-05,0.0,nan,nan,nan
3329.542,1.545269e-05,0.0,nan,nan,nan
3329.626,1.545561e-05,0.0,nan,nan,nan
3329.709,1.545291e-05,0.0,nan,nan,nan
3329.812,1.545619e-05,0.0,nan,nan,nan
3329.933,1.545522e-05,0.0,nan,nan,nan
3330.048,1.545506e-05,0.0,nan,nan,nan
3330.132,1.54514e-05,0.0,nan,nan,nan
3330.216,1.545501e-05,0.0,nan,nan,nan
3330.3,1.545438e-05,0.0,nan,nan,nan
3330.383,1.544751e-05,0.0,nan,nan,nan
3330.467,1.545737e-05,0.0,nan,nan,nan
3330.55,1.545091e-05,0.0,nan,nan,nan
3330.634,1.545522e-05,0.0,nan,nan,nan
3330.717,1.545513e-05,0.0,nan,nan,nan
3330.801,1.545679e-05,0.0,nan,nan,nan
3330.885,1.545702e-05,0.0,nan,nan,nan
3330.969,1.545563e-05,0.0,nan,nan,nan
3331.052,1.545133e-05,0.0,nan,nan,nan
3331.136,1.545714e-05,0.0,nan,nan,nan
3331.221,1.545374e-05,0.0,nan,nan,nan
3331.305,1.545195e-05,0.0,nan,nan,nan
3331.389,1.54556e-05,0.0,nan,nan,nan
3331.473,1.545466e-05,0.0,nan,nan,nan
3331.557,1.545413e-05,0.0,nan,nan,nan
3331.657,1.545235e-05,0.0,nan,nan,nan
3331.741,1.545259e-05,0.0,nan,nan,nan
3331.825,1.545103e-05,0.0,nan,nan,nan
3331.909,1.545105e-05,0.0,nan,nan,nan
3332.02,1.545154e-05,0.0,nan,nan,nan
3332.104,1.545569e-05,0.0,nan,nan,nan
3332.188,1.545345e-05,0.0,nan,nan,nan
3332.287,1.544945e-05,0.0,nan,nan,nan
3332.37,1.545325e-05,0.0,nan,nan,nan
3332.471,1.544756e-05,0.0,nan,nan,nan
3332.554,1.545162e-05,0.0,nan,nan,nan
3332.638,1.545261e-05,0.0,nan,nan,nan
3332.722,1.545352e-05,0.0,nan,nan,nan
3332.805,1.545613e-05,0.0,nan,nan,nan
3332.889,1.545559e-05,0.0,nan,nan,nan
3332.973,1.545455e-05,0.0,nan,nan,nan
3333.064,1.545796e-05,0.0,nan,nan,nan
3333.148,1.545702e-05,0.0,nan,nan,nan
3333.232,1.54535e-05,0.0,nan,nan,nan
3333.316,1.546329e-05,0.0,nan,nan,nan
3333.4,1.545691e-05,0.0,nan,nan,nan
3333.483,1.545665e-05,0.0,nan,nan,nan
3333.567,1.545879e-05,0.0,nan,nan,nan
3333.651,1.545982e-05,0.0,nan,nan,nan
3333.735,1.545234e-05,0.0,nan,nan,nan
3333.819,1.545344e-05,0.0,nan,nan,nan
3333.902,1.545887e-05,0.0,nan,nan,nan
3333.986,1.545652e-05,0.0,nan,nan,nan
3334.091,1.545682e-05,0.0,nan,nan,nan
3334.174,1.545906e-05,0.0,nan,nan,nan
3334.258,1.545679e-05,0.0,nan,nan,nan
3334.342,1.545391e-05,0.0,nan,nan,nan
3334.425,1.545203e-05,0.0,nan,nan,nan
3334.517,1.545656e-05,0.0,nan,nan,nan
3334.6,1.545798e-05,0.0,nan,nan,nan
3334.695,1.545701e-05,0.0,nan,nan,nan
3334.779,1.545532e-05,0.0,nan,nan,nan
3334.863,1.545823e-05,0.0,nan,nan,nan
3334.947,1.545672e-05,0.0,nan,nan,nan
3335.031,1.545464e-05,0.0,nan,nan,nan
3335.116,1.545512e-05,0.0,nan,nan,nan
3335.2,1.545494e-05,0.0,nan,nan,nan
3335.297,1.545141e-05,0.0,nan,nan,nan
3335.381,1.54525e-05,0.0,nan,nan,nan
3335.464,1.545629e-05,0.0,nan,nan,nan
3335.548,1.545427e-05,0.0,nan,nan,nan
3335.632,1.545887e-05,0.0,nan,nan,nan
3335.741,1.545485e-05,0.0,nan,nan,nan
3335.824,1.545714e-05,0.0,nan,nan,nan
3335.908,1.545693e-05,0.0,nan,nan,nan
3335.992,1.54553e-05,0.0,nan,nan,nan
3336.076,1.545406e-05,0.0,nan,nan,nan
3336.159,1.544929e-05,0.0,nan,nan,nan
3336.243,1.54521e-05,0.0,nan,nan,nan
3336.335,1.545116e-05,0.0,nan,nan,nan
3336.419,1.545334e-05,0.0,nan,nan,nan
3336.503,1.545125e-05,0.0,nan,nan,nan
3336.586,1.545657e-05,0.0,nan,nan,nan
3336.671,1.545582e-05,0.0,nan,nan,nan
3336.755,1.545581e-05,0.0,nan,nan,nan
3336.839,1.545595e-05,0.0,nan,nan,nan
3336.922,1.545658e-05,0.0,nan,nan,nan
3337.006,1.545591e-05,0.0,nan,nan,nan
3337.09,1.54542e-05,0.0,nan,nan,nan
3337.174,1.54535e-05,0.0,nan,nan,nan
3337.257,1.545299e-05,0.0,nan,nan,nan
3337.353,1.545026e-05,0.0,nan,nan,nan
3337.437,1.545471e-05,0.0,nan,nan,nan
3337.521,1.545414e-05,0.0,nan,nan,nan
3337.604,1.545319e-05,0.0,nan,nan,nan
3337.688,1.545372e-05,0.0,nan,nan,nan
3337.775,1.545205e-05,0.0,nan,nan,nan
3337.859,1.545276e-05,0.0,nan,nan,nan
3337.942,1.545239e-05,0.0,nan,nan,nan
3338.026,1.545219e-05,0.0,nan,nan,nan
3338.11,1.545541e-05,0.0,nan,nan,nan
3338.25,1.545317e-05,0.0,nan,nan,nan
3338.335,1.545288e-05,0.0,nan,nan,nan
3338.418,1.545135e-05,0.0,nan,nan,nan
3338.505,1.545663e-05,0.0,nan,nan,nan
3338.598,1.545152e-05,0.0,nan,nan,nan
3338.682,1.545307e-05,0.0,nan,nan,nan
3338.765,1.545297e-05,0.0,nan,nan,nan
3338.849,1.545612e-05,0.0,nan,nan,nan
3338.937,1.545442e-05,0.0,nan,nan,nan
3339.021,1.54565e-05,0.0,nan,nan,nan
3339.105,1.54588e-05,0.0,nan,nan,nan
3339.19,1.546016e-05,0.0,nan,nan,nan
3339.273,1.546077e-05,0.0,nan,nan,nan
3339.357,1.54596e-05,0.0,nan,nan,nan
3339.44,1.546036e-05,0.0,nan,nan,nan
3339.524,1.545803e-05,0.0,nan,nan,nan
3339.634,1.545757e-05,0.0,nan,nan,nan
3339.718,1.546193e-05,0.0,nan,nan,nan
3339.802,1.545767e-05,0.0,nan,nan,nan
3339.886,1.546249e-05,0.0,nan,nan,nan
3339.973,1.546099e-05,0.0,nan,nan,nan
3340.056,1.545956e-05,0.0,nan,nan,nan
3340.14,1.546034e-05,0.0,nan,nan,nan
3340.225,1.545672e-05,0.0,nan,nan,nan
3340.335,1.545571e-05,0.0,nan,nan,nan
3340.418,1.545969e-05,0.0,nan,nan,nan
3340.504,1.545708e-05,0.0,nan,nan,nan
3340.588,1.545662e-05,0.0,nan,nan,nan
3340.687,1.545559e-05,0.0,nan,nan,nan
3340.771,1.545723e-05,0.0,nan,nan,nan
3340.855,1.545601e-05,0.0,nan,nan,nan
3340.939,1.545743e-05,0.0,nan,nan,nan
3341.022,1.54564e-05,0.0,nan,nan,nan
3341.106,1.546009e-05,0.0,nan,nan,nan
3341.19,1.5459e-05,0.0,nan,nan,nan
3341.296,1.545525e-05,0.0,nan,nan,nan
3341.38,1.546175e-05,0.0,nan,nan,nan
3341.466,1.545897e-05,0.0,nan,nan,nan
3341.55,1.545727e-05,0.0,nan,nan,nan
3341.633,1.545916e-05,0.0,nan,nan,nan
3341.717,1.545885e-05,0.0,nan,nan,nan
3341.801,1.545765e-05,0.0,nan,nan,nan
3341.885,1.545839e-05,0.0,nan,nan,nan
3341.969,1.545659e-05,0.0,nan,nan,nan
3342.056,1.545151e-05,0.0,nan,nan,nan
3342.14,1.545891e-05,0.0,nan,nan,nan
3342.223,1.54555e-05,0.0,nan,nan,nan
3342.31,1.546003e-05,0.0,nan,nan,nan
3342.4,1.545819e-05,0.0,nan,nan,nan
3342.483,1.545421e-05,0.0,nan,nan,nan
3342.567,1.545784e-05,0.0,nan,nan,nan
3342.651,1.545603e-05,0.0,nan,nan,nan
3342.735,1.54592e-05,0.0,nan,nan,nan
3342.819,1.54568e-05,0.0,nan,nan,nan
3342.924,1.54573e-05,0.0,nan,nan,nan
3343.008,1.545844e-05,0.0,nan,nan,nan
3343.091,1.545649e-05,0.0,nan,nan,nan
3343.175,1.54582e-05,0.0,nan,nan,nan
3343.259,1.545679e-05,0.0,nan,nan,nan
3343.342,1.545004e-05,0.0,nan,nan,nan
3343.426,1.545546e-05,0.0,nan,nan,nan
3343.51,1.545086e-05,0.0,nan,nan,nan
3343.594,1.545402e-05,0.0,nan,nan,nan
3343.678,1.54527e-05,0.0,nan,nan,nan
3343.765,1.54518e-05,0.0,nan,nan,nan
3343.849,1.54558e-05,0.0,nan,nan,nan
3343.934,1.545542e-05,0.0,nan,nan,nan
3344.018,1.54556e-05,0.0,nan,nan,nan
3344.101,1.545911e-05,0.0,nan,nan,nan
3344.185,1.545346e-05,0.0,nan,nan,nan
3344.272,1.545508e-05,0.0,nan,nan,nan
3344.371,1.54562e-05,0.0,nan,nan,nan
3344.499,1.546091e-05,0.0,nan,nan,nan
3344.587,1.545562e-05,0.0,nan,nan,nan
3344.671,1.545396e-05,0.0,nan,nan,nan
3344.754,1.545567e-05,0.0,nan,nan,nan
3344.838,1.545817e-05,0.0,nan,nan,nan
3344.921,1.545669e-05,0.0,nan,nan,nan
3345.005,1.545607e-05,0.0,nan,nan,nan
3345.089,1.546018e-05,0.0,nan,nan,nan
3345.174,1.545858e-05,0.0,nan,nan,nan
3345.258,1.546179e-05,0.0,nan,nan,nan
3345.342,1.54581e-05,0.0,nan,nan,nan
3345.426,1.545615e-05,0.0,nan,nan,nan
3345.509,1.54569e-05,0.0,nan,nan,nan
3345.593,1.546033e-05,0.0,nan,nan,nan
3345.676,1.545973e-05,0.0,nan,nan,nan
3345.768,1.545692e-05,0.0,nan,nan,nan
3345.851,1.545962e-05,0.0,nan,nan,nan
3345.935,1.54573e-05,0.0,nan,nan,nan
3346.018,1.54596e-05,0.0,nan,nan,nan
3346.103,1.54601e-05,0.0,nan,nan,nan
3346.187,1.546035e-05,0.0,nan,nan,nan
3346.27,1.54595e-05,0.0,nan,nan,nan
3346.355,1.545889e-05,0.0,nan,nan,nan
3346.439,1.545351e-05,0.0,nan,nan,nan
3346.549,1.545483e-05,0.0,nan,nan,nan
3346.652,1.545464e-05,0.0,nan,nan,nan
3346.738,1.545637e-05,0.0,nan,nan,nan
3346.821,1.546132e-05,0.0,nan,nan,nan
3346.905,1.545664e-05,0.0,nan,nan,nan
3346.989,1.545706e-05,0.0,nan,nan,nan
3347.073,1.546174e-05,0.0,nan,nan,nan
3347.157,1.545806e-05,0.0,nan,nan,nan
3347.24,1.546101e-05,0.0,nan,nan,nan
3347.324,1.545665e-05,0.0,nan,nan,nan
3347.41,1.545505e-05,0.0,nan,nan,nan
3347.493,1.54561e-05,0.0,nan,nan,nan
3347.591,1.545519e-05,0.0,nan,nan,nan
3347.674,1.545275e-05,0.0,nan,nan,nan
3347.758,1.545486e-05,0.0,nan,nan,nan
3347.842,1.545237e-05,0.0,nan,nan,nan
3347.925,1.545366e-05,0.0,nan,nan,nan
3348.009,1.545598e-05,0.0,nan,nan,nan
3348.093,1.545721e-05,0.0,nan,nan,nan
3348.176,1.546112e-05,0.0,nan,nan,nan
3348.26,1.545572e-05,0.0,nan,nan,nan
3348.343,1.545886e-05,0.0,nan,nan,nan
3348.431,1.545395e-05,0.0,nan,nan,nan
3348.515,1.545253e-05,0.0,nan,nan,nan
3348.617,1.545695e-05,0.0,nan,nan,nan
3348.7,1.54542e-05,0.0,nan,nan,nan
3348.784,1.545566e-05,0.0,nan,nan,nan
3348.867,1.545309e-05,0.0,nan,nan,nan
3348.954,1.545793e-05,0.0,nan,nan,nan
3349.038,1.545451e-05,0.0,nan,nan,nan
3349.122,1.545334e-05,0.0,nan,nan,nan
3349.207,1.545526e-05,0.0,nan,nan,nan
3349.29,1.545274e-05,0.0,nan,nan,nan
3349.374,1.545419e-05,0.0,nan,nan,nan
3349.458,1.545688e-05,0.0,nan,nan,nan
3349.542,1.545933e-05,0.0,nan,nan,nan
3349.644,1.545943e-05,0.0,nan,nan,nan
3349.728,1.545449e-05,0.0,nan,nan,nan
3349.833,1.545865e-05,0.0,nan,nan,nan
3349.917,1.545834e-05,0.0,nan,nan,nan
3350.001,1.545806e-05,0.0,nan,nan,nan
3350.085,1.545615e-05,0.0,nan,nan,nan
3350.172,1.545821e-05,0.0,nan,nan,nan
3350.269,1.54535e-05,0.0,nan,nan,nan
3350.352,1.545387e-05,0.0,nan,nan,nan
3350.436,1.54568e-05,0.0,nan,nan,nan
3350.519,1.545799e-05,0.0,nan,nan,nan
3350.603,1.545623e-05,0.0,nan,nan,nan
3350.694,1.545502e-05,0.0,nan,nan,nan
3350.777,1.545797e-05,0.0,nan,nan,nan
3350.874,1.545587e-05,0.0,nan,nan,nan
3350.958,1.54614e-05,0.0,nan,nan,nan
3351.067,1.545532e-05,0.0,nan,nan,nan
3351.151,1.545404e-05,0.0,nan,nan,nan
3351.234,1.545718e-05,0.0,nan,nan,nan
3351.318,1.545546e-05,0.0,nan,nan,nan
3351.402,1.545639e-05,0.0,nan,nan,nan
3351.501,1.545333e-05,0.0,nan,nan,nan
3351.585,1.545051e-05,0.0,nan,nan,nan
3351.669,1.54509e-05,0.0,nan,nan,nan
3351.752,1.544946e-05,0.0,nan,nan,nan
3351.836,1.54504e-05,0.0,nan,nan,nan
3351.92,1.544998e-05,0.0,nan,nan,nan
3352.003,1.5454e-05,0.0,nan,nan,nan
3352.099,1.545093e-05,0.0,nan,nan,nan
3352.183,1.545499e-05,0.0,nan,nan,nan
3352.27,1.545299e-05,0.0,nan,nan,nan
3352.354,1.545666e-05,0.0,nan,nan,nan
3352.439,1.545171e-05,0.0,nan,nan,nan
3352.523,1.545425e-05,0.0,nan,nan,nan
3352.607,1.545569e-05,0.0,nan,nan,nan
3352.691,1.545145e-05,0.0,nan,nan,nan
3352.798,1.545627e-05,0.0,nan,nan,nan
3352.882,1.545846e-05,0.0,nan,nan,nan
3352.966,1.545733e-05,0.0,nan,nan,nan
3353.054,1.545613e-05,0.0,nan,nan,nan
3353.141,1.54535e-05,0.0,nan,nan,nan
3353.225,1.54557e-05,0.0,nan,nan,nan
3353.308,1.545447e-05,0.0,nan,nan,nan
3353.392,1.545797e-05,0.0,nan,nan,nan
3353.476,1.545367e-05,0.0,nan,nan,nan
3353.56,1.545459e-05,0.0,nan,nan,nan
3353.643,1.545467e-05,0.0,nan,nan,nan
3353.745,1.545274e-05,0.0,nan,nan,nan
3353.828,1.545455e-05,0.0,nan,nan,nan
3353.913,1.545651e-05,0.0,nan,nan,nan
3353.997,1.545507e-05,0.0,nan,nan,nan
3354.082,1.545772e-05,0.0,nan,nan,nan
3354.167,1.545322e-05,0.0,nan,nan,nan
3354.25,1.54562e-05,0.0,nan,nan,nan
3354.353,1.545221e-05,0.0,nan,nan,nan
3354.437,1.5455e-05,0.0,nan,nan,nan
3354.521,1.54526e-05,0.0,nan,nan,nan
3354.605,1.54547e-05,0.0,nan,nan,nan
3354.69,1.545472e-05,0.0,nan,nan,nan
3354.786,1.5457e-05,0.0,nan,nan,nan
3354.87,1.545236e-05,0.0,nan,nan,nan
3354.953,1.545891e-05,0.0,nan,nan,nan
3355.037,1.545831e-05,0.0,nan,nan,nan
3355.121,1.545133e-05,0.0,nan,nan,nan
3355.204,1.545592e-05,0.0,nan,nan,nan
3355.288,1.545126e-05,0.0,nan,nan,nan
3355.384,1.545765e-05,0.0,nan,nan,nan
3355.467,1.545678e-05,0.0,nan,nan,nan
3355.552,1.545196e-05,0.0,nan,nan,nan
3355.636,1.545447e-05,0.0,nan,nan,nan
3355.719,1.5458e-05,0.0,nan,nan,nan
3355.803,1.545926e-05,0.0,nan,nan,nan
3355.887,1.545886e-05,0.0,nan,nan,nan
3355.97,1.545816e-05,0.0,nan,nan,nan
3356.054,1.545688e-05,0.0,nan,nan,nan
3356.137,1.545185e-05,0.0,nan,nan,nan
3356.221,1.545513e-05,0.0,nan,nan,nan
3356.305,1.545859e-05,0.0,nan,nan,nan
3356.403,1.545247e-05,0.0,nan,nan,nan
3356.487,1.545793e-05,0.0,nan,nan,nan
3356.57,1.545428e-05,0.0,nan,nan,nan
3356.654,1.545638e-05,0.0,nan,nan,nan
3356.738,1.545625e-05,0.0,nan,nan,nan
3356.822,1.545508e-05,0.0,nan,nan,nan
3356.906,1.545702e-05,0.0,nan,nan,nan
3356.989,1.545555e-05,0.0,nan,nan,nan
3357.073,1.545678e-05,0.0,nan,nan,nan
3357.157,1.545417e-05,0.0,nan,nan,nan
3357.247,1.545959e-05,0.0,nan,nan,nan
3357.331,1.545402e-05,0.0,nan,nan,nan
3357.417,1.545581e-05,0.0,nan,nan,nan
3357.501,1.545406e-05,0.0,nan,nan,nan
3357.584,1.545421e-05,0.0,nan,nan,nan
3357.668,1.545145e-05,0.0,nan,nan,nan
3357.753,1.545237e-05,0.0,nan,nan,nan
3357.844,1.545527e-05,0.0,nan,nan,nan
3357.928,1.545829e-05,0.0,nan,nan,nan
3358.034,1.54517e-05,0.0,nan,nan,nan
3358.117,1.545128e-05,0.0,nan,nan,nan
3358.201,1.545269e-05,0.0,nan,nan,nan
3358.285,1.545532e-05,0.0,nan,nan,nan
3358.37,1.54541e-05,0.0,nan,nan,nan
3358.472,1.545802e-05,0.0,nan,nan,nan
3358.556,1.545201e-05,0.0,nan,nan,nan
3358.651,1.545225e-05,0.0,nan,nan,nan
3358.735,1.545451e-05,0.0,nan,nan,nan
3358.819,1.545468e-05,0.0,nan,nan,nan
3358.916,1.545176e-05,0.0,nan,nan,nan
3358.999,1.545398e-05,0.0,nan,nan,nan
3359.083,1.545557e-05,0.0,nan,nan,nan
3359.167,1.545631e-05,0.0,nan,nan,nan
3359.273,1.545384e-05,0.0,nan,nan,nan
3359.356,1.545189e-05,0.0,nan,nan,nan
3359.44,1.545194e-05,0.0,nan,nan,nan
3359.524,1.545582e-05,0.0,nan,nan,nan
3359.607,1.545449e-05,0.0,nan,nan,nan
3359.691,1.545608e-05,0.0,nan,nan,nan
3359.775,1.545714e-05,0.0,nan,nan,nan
3359.859,1.545459e-05,0.0,nan,nan,nan
3359.942,1.545121e-05,0.0,nan,nan,nan
3360.026,1.545084e-05,0.0,nan,nan,nan
3360.11,1.544958e-05,0.0,nan,nan,nan
3360.193,1.544952e-05,0.0,nan,nan,nan
3360.277,1.544966e-05,0.0,nan,nan,nan
3360.36,1.545283e-05,0.0,nan,nan,nan
3360.444,1.545198e-05,0.0,nan,nan,nan
3360.546,1.544874e-05,0.0,nan,nan,nan
3360.63,1.545527e-05,0.0,nan,nan,nan
3360.715,1.545335e-05,0.0,nan,nan,nan
3360.798,1.54562e-05,0.0,nan,nan,nan
3360.882,1.545326e-05,0.0,nan,nan,nan
3360.966,1.545503e-05,0.0,nan,nan,nan
3361.051,1.545029e-05,0.0,nan,nan,nan
3361.136,1.545445e-05,0.0,nan,nan,nan
3361.219,1.5454e-05,0.0,nan,nan,nan
3361.303,1.545669e-05,0.0,nan,nan,nan
3361.387,1.545719e-05,0.0,nan,nan,nan
3361.471,1.545389e-05,0.0,nan,nan,nan
3361.563,1.545488e-05,0.0,nan,nan,nan
3361.647,1.545548e-05,0.0,nan,nan,nan
3361.75,1.545091e-05,0.0,nan,nan,nan
3361.834,1.545358e-05,0.0,nan,nan,nan
3361.917,1.545298e-05,0.0,nan,nan,nan
3362.001,1.545689e-05,0.0,nan,nan,nan
3362.085,1.545672e-05,0.0,nan,nan,nan
3362.168,1.545403e-05,0.0,nan,nan,nan
3362.252,1.545378e-05,0.0,nan,nan,nan
3362.353,1.54558e-05,0.0,nan,nan,nan
3362.437,1.545219e-05,0.0,nan,nan,nan
3362.52,1.545942e-05,0.0,nan,nan,nan
3362.604,1.545163e-05,0.0,nan,nan,nan
3362.687,1.545238e-05,0.0,nan,nan,nan
3362.771,1.545319e-05,0.0,nan,nan,nan
3362.855,1.545421e-05,0.0,nan,nan,nan
3362.941,1.545386e-05,0.0,nan,nan,nan
3363.024,1.545949e-05,0.0,nan,nan,nan
3363.111,1.545724e-05,0.0,nan,nan,nan
3363.195,1.545865e-05,0.0,nan,nan,nan
3363.279,1.545578e-05,0.0,nan,nan,nan
3363.372,1.545449e-05,0.0,nan,nan,nan
3363.456,1.545704e-05,0.0,nan,nan,nan
3363.539,1.546057e-05,0.0,nan,nan,nan
3363.623,1.54573e-05,0.0,nan,nan,nan
3363.707,1.545605e-05,0.0,nan,nan,nan
3363.805,1.546183e-05,0.0,nan,nan,nan
3363.889,1.545942e-05,0.0,nan,nan,nan
3363.975,1.546006e-05,0.0,nan,nan,nan
3364.058,1.54544e-05,0.0,nan,nan,nan
3364.143,1.545981e-05,0.0,nan,nan,nan
3364.227,1.546095e-05,0.0,nan,nan,nan
3364.31,1.546214e-05,0.0,nan,nan,nan
3364.395,1.545737e-05,0.0,nan,nan,nan
3364.479,1.545765e-05,0.0,nan,nan,nan
3364.563,1.546093e-05,0.0,nan,nan,nan
3364.647,1.545859e-05,0.0,nan,nan,nan
3364.73,1.545732e-05,0.0,nan,nan,nan
3364.815,1.545742e-05,0.0,nan,nan,nan
3364.898,1.545568e-05,0.0,nan,nan,nan
3364.994,1.545476e-05,0.0,nan,nan,nan
3365.078,1.545373e-05,0.0,nan,nan,nan
3365.173,1.545571e-05,0.0,nan,nan,nan
3365.257,1.546301e-05,0.0,nan,nan,nan
3365.34,1.5462e-05,0.0,nan,nan,nan
3365.426,1.545569e-05,0.0,nan,nan,nan
3365.509,1.545846e-05,0.0,nan,nan,nan
3365.593,1.545703e-05,0.0,nan,nan,nan
3365.677,1.546103e-05,0.0,nan,nan,nan
3365.762,1.545928e-05,0.0,nan,nan,nan
3365.846,1.546188e-05,0.0,nan,nan,nan
3365.929,1.545566e-05,0.0,nan,nan,nan
3366.035,1.545931e-05,0.0,nan,nan,nan
3366.119,1.54586e-05,0.0,nan,nan,nan
3366.203,1.546224e-05,0.0,nan,nan,nan
3366.287,1.545837e-05,0.0,nan,nan,nan
3366.37,1.545534e-05,0.0,nan,nan,nan
3366.458,1.545608e-05,0.0,nan,nan,nan
3366.541,1.545785e-05,0.0,nan,nan,nan
3366.625,1.545762e-05,0.0,nan,nan,nan
3366.709,1.545988e-05,0.0,nan,nan,nan
3366.794,1.546119e-05,0.0,nan,nan,nan
3366.877,1.545994e-05,0.0,nan,nan,nan
3366.961,1.545729e-05,0.0,nan,nan,nan
3367.058,1.545885e-05,0.0,nan,nan,nan
3367.142,1.545785e-05,0.0,nan,nan,nan
3367.235,1.545888e-05,0.0,nan,nan,nan
3367.329,1.546275e-05,0.0,nan,nan,nan
3367.413,1.546474e-05,0.0,nan,nan,nan
3367.496,1.54623e-05,0.0,nan,nan,nan
3367.58,1.545517e-05,0.0,nan,nan,nan
3367.68,1.545854e-05,0.0,nan,nan,nan
3367.763,1.546032e-05,0.0,nan,nan,nan
3367.848,1.545853e-05,0.0,nan,nan,nan
3367.932,1.545483e-05,0.0,nan,nan,nan
3368.016,1.54595e-05,0.0,nan,nan,nan
3368.108,1.546341e-05,0.0,nan,nan,nan
3368.192,1.545358e-05,0.0,nan,nan,nan
3368.276,1.546153e-05,0.0,nan,nan,nan
3368.36,1.545446e-05,0.0,nan,nan,nan
3368.444,1.545849e-05,0.0,nan,nan,nan
3368.535,1.545815e-05,0.0,nan,nan,nan
3368.619,1.545504e-05,0.0,nan,nan,nan
3368.721,1.544978e-05,0.0,nan,nan,nan
3368.805,1.545654e-05,0.0,nan,nan,nan
3368.892,1.545873e-05,0.0,nan,nan,nan
3368.976,1.545589e-05,0.0,nan,nan,nan
3369.061,1.54566e-05,0.0,nan,nan,nan
3369.145,1.545268e-05,0.0,nan,nan,nan
3369.228,1.546084e-05,0.0,nan,nan,nan
3369.327,1.545828e-05,0.0,nan,nan,nan
3369.411,1.546009e-05,0.0,nan,nan,nan
3369.51,1.545833e-05,0.0,nan,nan,nan
3369.594,1.546061e-05,0.0,nan,nan,nan
3369.679,1.546344e-05,0.0,nan,nan,nan
3369.762,1.546425e-05,0.0,nan,nan,nan
3369.846,1.546494e-05,0.0,nan,nan,nan
3369.936,1.545959e-05,0.0,nan,nan,nan
3370.02,1.545749e-05,0.0,nan,nan,nan
3370.103,1.546049e-05,0.0,nan,nan,nan
3370.187,1.545715e-05,0.0,nan,nan,nan
3370.27,1.546077e-05,0.0,nan,nan,nan
3370.355,1.546007e-05,0.0,nan,nan,nan
3370.438,1.545834e-05,0.0,nan,nan,nan
3370.536,1.545974e-05,0.0,nan,nan,nan
3370.62,1.545822e-05,0.0,nan,nan,nan
3370.705,1.546312e-05,0.0,nan,nan,nan
3370.789,1.546216e-05,0.0,nan,nan,nan
3370.873,1.546154e-05,0.0,nan,nan,nan
3370.959,1.546576e-05,0.0,nan,nan,nan
3371.042,1.546371e-05,0.0,nan,nan,nan
3371.126,1.546269e-05,0.0,nan,nan,nan
3371.21,1.546723e-05,0.0,nan,nan,nan
3371.294,1.546099e-05,0.0,nan,nan,nan
3371.38,1.546436e-05,0.0,nan,nan,nan
3371.463,1.546176e-05,0.0,nan,nan,nan
3371.57,1.546337e-05,0.0,nan,nan,nan
3371.654,1.546009e-05,0.0,nan,nan,nan
3371.738,1.546039e-05,0.0,nan,nan,nan
3371.822,1.545875e-05,0.0,nan,nan,nan
3371.906,1.545952e-05,0.0,nan,nan,nan
3371.996,1.546389e-05,0.0,nan,nan,nan
3372.08,1.545717e-05,0.0,nan,nan,nan
3372.164,1.546021e-05,0.0,nan,nan,nan
3372.247,1.545729e-05,0.0,nan,nan,nan
3372.331,1.546472e-05,0.0,nan,nan,nan
3372.415,1.545929e-05,0.0,nan,nan,nan
3372.499,1.546296e-05,0.0,nan,nan,nan
3372.6,1.545918e-05,0.0,nan,nan,nan
3372.683,1.545899e-05,0.0,nan,nan,nan
3372.767,1.54597e-05,0.0,nan,nan,nan
3372.85,1.545879e-05,0.0,nan,nan,nan
3372.938,1.546011e-05,0.0,nan,nan,nan
3373.03,1.546119e-05,0.0,nan,nan,nan
3373.114,1.546104e-05,0.0,nan,nan,nan
3373.198,1.546228e-05,0.0,nan,nan,nan
3373.282,1.545768e-05,0.0,nan,nan,nan
3373.365,1.54631e-05,0.0,nan,nan,nan
3373.449,1.545635e-05,0.0,nan,nan,nan
3373.532,1.545651e-05,0.0,nan,nan,nan
3373.618,1.54603e-05,0.0,nan,nan,nan
3373.701,1.546187e-05,0.0,nan,nan,nan
3373.785,1.546122e-05,0.0,nan,nan,nan
3373.868,1.545817e-05,0.0,nan,nan,nan
3373.956,1.545655e-05,0.0,nan,nan,nan
3374.063,1.546192e-05,0.0,nan,nan,nan
3374.147,1.546078e-05,0.0,nan,nan,nan
3374.253,1.546344e-05,0.0,nan,nan,nan
3374.336,1.545767e-05,0.0,nan,nan,nan
3374.42,1.545806e-05,0.0,nan,nan,nan
3374.504,1.546051e-05,0.0,nan,nan,nan
3374.587,1.546134e-05,0.0,nan,nan,nan
3374.671,1.545805e-05,0.0,nan,nan,nan
3374.755,1.545674e-05,0.0,nan,nan,nan
3374.838,1.545862e-05,0.0,nan,nan,nan
3374.922,1.545452e-05,0.0,nan,nan,nan
3375.006,1.545809e-05,0.0,nan,nan,nan
3375.09,1.546276e-05,0.0,nan,nan,nan
3375.174,1.546459e-05,0.0,nan,nan,nan
3375.258,1.546021e-05,0.0,nan,nan,nan
3375.342,1.545977e-05,0.0,nan,nan,nan
3375.426,1.545763e-05,0.0,nan,nan,nan
3375.509,1.546151e-05,0.0,nan,nan,nan
3375.593,1.54615e-05,0.0,nan,nan,nan
3375.68,1.546261e-05,0.0,nan,nan,nan
3375.764,1.546061e-05,0.0,nan,nan,nan
3375.866,1.545769e-05,0.0,nan,nan,nan
3375.95,1.546136e-05,0.0,nan,nan,nan
3376.037,1.545612e-05,0.0,nan,nan,nan
3376.12,1.545323e-05,0.0,nan,nan,nan
3376.204,1.545961e-05,0.0,nan,nan,nan
3376.288,1.545784e-05,0.0,nan,nan,nan
3376.371,1.545716e-05,0.0,nan,nan,nan
3376.455,1.545846e-05,0.0,nan,nan,nan
3376.539,1.545896e-05,0.0,nan,nan,nan
3376.623,1.546275e-05,0.0,nan,nan,nan
3376.707,1.545958e-05,0.0,nan,nan,nan
3376.79,1.545832e-05,0.0,nan,nan,nan
3376.879,1.545897e-05,0.0,nan,nan,nan
3376.963,1.546299e-05,0.0,nan,nan,nan
3377.046,1.546353e-05,0.0,nan,nan,nan
3377.13,1.546177e-05,0.0,nan,nan,nan
3377.214,1.546136e-05,0.0,nan,nan,nan
3377.303,1.545907e-05,0.0,nan,nan,nan
3377.386,1.546033e-05,0.0,nan,nan,nan
3377.47,1.54594e-05,0.0,nan,nan,nan
3377.582,1.545555e-05,0.0,nan,nan,nan
3377.665,1.54557e-05,0.0,nan,nan,nan
3377.749,1.545908e-05,0.0,nan,nan,nan
3377.836,1.545985e-05,0.0,nan,nan,nan
3377.919,1.546106e-05,0.0,nan,nan,nan
3378.003,1.545861e-05,0.0,nan,nan,nan
3378.1,1.546119e-05,0.0,nan,nan,nan
3378.184,1.545795e-05,0.0,nan,nan,nan
3378.269,1.546128e-05,0.0,nan,nan,nan
3378.353,1.545963e-05,0.0,nan,nan,nan
3378.436,1.545561e-05,0.0,nan,nan,nan
3378.532,1.545696e-05,0.0,nan,nan,nan
3378.616,1.546007e-05,0.0,nan,nan,nan
3378.717,1.545837e-05,0.0,nan,nan,nan
3378.801,1.546189e-05,0.0,nan,nan,nan
3378.884,1.546371e-05,0.0,nan,nan,nan
3378.968,1.546324e-05,0.0,nan,nan,nan
3379.053,1.545995e-05,0.0,nan,nan,nan
3379.136,1.546039e-05,0.0,nan,nan,nan
3379.22,1.545927e-05,0.0,nan,nan,nan
3379.314,1.54572e-05,0.0,nan,nan,nan
3379.397,1.546153e-05,0.0,nan,nan,nan
3379.481,1.54621e-05,0.0,nan,nan,nan
3379.564,1.546427e-05,0.0,nan,nan,nan
3379.648,1.546258e-05,0.0,nan,nan,nan
3379.736,1.546378e-05,0.0,nan,nan,nan
3379.82,1.546104e-05,0.0,nan,nan,nan
3379.904,1.54591e-05,0.0,nan,nan,nan
3379.987,1.546329e-05,0.0,nan,nan,nan
3380.073,1.545955e-05,0.0,nan,nan,nan
3380.174,1.546155e-05,0.0,nan,nan,nan
3380.258,1.545902e-05,0.0,nan,nan,nan
3380.353,1.545993e-05,0.0,nan,nan,nan
3380.436,1.546389e-05,0.0,nan,nan,nan
3380.53,1.546438e-05,0.0,nan,nan,nan
3380.614,1.546136e-05,0.0,nan,nan,nan
3380.698,1.546176e-05,0.0,nan,nan,nan
3380.781,1.546146e-05,0.0,nan,nan,nan
3380.865,1.546251e-05,0.0,nan,nan,nan
3380.955,1.546467e-05,0.0,nan,nan,nan
3381.038,1.546388e-05,0.0,nan,nan,nan
3381.124,1.546188e-05,0.0,nan,nan,nan
3381.208,1.546639e-05,0.0,nan,nan,nan
3381.292,1.545955e-05,0.0,nan,nan,nan
3381.376,1.545955e-05,0.0,nan,nan,nan
3381.459,1.545999e-05,0.0,nan,nan,nan
3381.549,1.545791e-05,0.0,nan,nan,nan
3381.632,1.545837e-05,0.0,nan,nan,nan
3381.716,1.546163e-05,0.0,nan,nan,nan
3381.8,1.546022e-05,0.0,nan,nan,nan
3381.888,1.546265e-05,0.0,nan,nan,nan
3381.971,1.545938e-05,0.0,nan,nan,nan
3382.055,1.545991e-05,0.0,nan,nan,nan
3382.138,1.546309e-05,0.0,nan,nan,nan
3382.222,1.545689e-05,0.0,nan,nan,nan
3382.306,1.546104e-05,0.0,nan,nan,nan
3382.39,1.545731e-05,0.0,nan,nan,nan
3382.473,1.545919e-05,0.0,nan,nan,nan
3382.57,1.546197e-05,0.0,nan,nan,nan
3382.654,1.546063e-05,0.0,nan,nan,nan
3382.737,1.546028e-05,0.0,nan,nan,nan
3382.821,1.545824e-05,0.0,nan,nan,nan
3382.905,1.545982e-05,0.0,nan,nan,nan
3382.996,1.545649e-05,0.0,nan,nan,nan
3383.08,1.545592e-05,0.0,nan,nan,nan
3383.165,1.54585e-05,0.0,nan,nan,nan
3383.249,1.54625e-05,0.0,nan,nan,nan
3383.333,1.546072e-05,0.0,nan,nan,nan
3383.424,1.545857e-05,0.0,nan,nan,nan
3383.508,1.546247e-05,0.0,nan,nan,nan
3383.608,1.546185e-05,0.0,nan,nan,nan
3383.692,1.546019e-05,0.0,nan,nan,nan
3383.776,1.546176e-05,0.0,nan,nan,nan
3383.859,1.546054e-05,0.0,nan,nan,nan
3383.943,1.546187e-05,0.0,nan,nan,nan
3384.036,1.546437e-05,0.0,nan,nan,nan
3384.12,1.546626e-05,0.0,nan,nan,nan
3384.206,1.546099e-05,0.0,nan,nan,nan
3384.29,1.546591e-05,0.0,nan,nan,nan
3384.374,1.546162e-05,0.0,nan,nan,nan
3384.457,1.546069e-05,0.0,nan,nan,nan
3384.541,1.545975e-05,0.0,nan,nan,nan
3384.635,1.546299e-05,0.0,nan,nan,nan
3384.718,1.546152e-05,0.0,nan,nan,nan
3384.803,1.546044e-05,0.0,nan,nan,nan
3384.886,1.54581e-05,0.0,nan,nan,nan
3384.97,1.545987e-05,0.0,nan,nan,nan
3385.054,1.545863e-05,0.0,nan,nan,nan
3385.137,1.54592e-05,0.0,nan,nan,nan
3385.221,1.54556e-05,0.0,nan,nan,nan
3385.305,1.545646e-05,0.0,nan,nan,nan
3385.388,1.545716e-05,0.0,nan,nan,nan
3385.472,1.545438e-05,0.0,nan,nan,nan
3385.556,1.545515e-05,0.0,nan,nan,nan
3385.646,1.546082e-05,0.0,nan,nan,nan
3385.73,1.545923e-05,0.0,nan,nan,nan
3385.849,1.546179e-05,0.0,nan,nan,nan
3385.933,1.545765e-05,0.0,nan,nan,nan
3386.016,1.54558e-05,0.0,nan,nan,nan
3386.1,1.545905e-05,0.0,nan,nan,nan
3386.185,1.545906e-05,0.0,nan,nan,nan
3386.269,1.545686e-05,0.0,nan,nan,nan
3386.352,1.545195e-05,0.0,nan,nan,nan
3386.436,1.545357e-05,0.0,nan,nan,nan
3386.519,1.545362e-05,0.0,nan,nan,nan
3386.603,1.545632e-05,0.0,nan,nan,nan
3386.687,1.545172e-05,0.0,nan,nan,nan
3386.771,1.545467e-05,0.0,nan,nan,nan
3386.881,1.545436e-05,0.0,nan,nan,nan
3386.964,1.545307e-05,0.0,nan,nan,nan
3387.066,1.545317e-05,0.0,nan,nan,nan
3387.15,1.54552e-05,0.0,nan,nan,nan
3387.235,1.545173e-05,0.0,nan,nan,nan
3387.319,1.545387e-05,0.0,nan,nan,nan
3387.403,1.545607e-05,0.0,nan,nan,nan
3387.509,1.545467e-05,0.0,nan,nan,nan
3387.593,1.545612e-05,0.0,nan,nan,nan
3387.676,1.545747e-05,0.0,nan,nan,nan
3387.76,1.545272e-05,0.0,nan,nan,nan
3387.843,1.54532e-05,0.0,nan,nan,nan
3387.927,1.545511e-05,0.0,nan,nan,nan
3388.01,1.545641e-05,0.0,nan,nan,nan
3388.1,1.545551e-05,0.0,nan,nan,nan
3388.183,1.545631e-05,0.0,nan,nan,nan
3388.267,1.545251e-05,0.0,nan,nan,nan
3388.351,1.545426e-05,0.0,nan,nan,nan
3388.435,1.54552e-05,0.0,nan,nan,nan
3388.519,1.545927e-05,0.0,nan,nan,nan
3388.603,1.545818e-05,0.0,nan,nan,nan
3388.686,1.545699e-05,0.0,nan,nan,nan
3388.77,1.545694e-05,0.0,nan,nan,nan
3388.854,1.545858e-05,0.0,nan,nan,nan
3388.937,1.5463e-05,0.0,nan,nan,nan
3389.021,1.546144e-05,0.0,nan,nan,nan
3389.116,1.546156e-05,0.0,nan,nan,nan
3389.2,1.545923e-05,0.0,nan,nan,nan
3389.283,1.546613e-05,0.0,nan,nan,nan
3389.367,1.54622e-05,0.0,nan,nan,nan
3389.45,1.546317e-05,0.0,nan,nan,nan
3389.535,1.545881e-05,0.0,nan,nan,nan
3389.619,1.546122e-05,0.0,nan,nan,nan
3389.703,1.546122e-05,0.0,nan,nan,nan
3389.786,1.546189e-05,0.0,nan,nan,nan
3389.87,1.545681e-05,0.0,nan,nan,nan
3389.966,1.545988e-05,0.0,nan,nan,nan
3390.052,1.546092e-05,0.0,nan,nan,nan
3390.136,1.546025e-05,0.0,nan,nan,nan
3390.22,1.545929e-05,0.0,nan,nan,nan
3390.303,1.545874e-05,0.0,nan,nan,nan
3390.399,1.545923e-05,0.0,nan,nan,nan
3390.482,1.545529e-05,0.0,nan,nan,nan
3390.588,1.545945e-05,0.0,nan,nan,nan
3390.672,1.546385e-05,0.0,nan,nan,nan
3390.766,1.546227e-05,0.0,nan,nan,nan
3390.849,1.545746e-05,0.0,nan,nan,nan
3390.944,1.545895e-05,0.0,nan,nan,nan
3391.028,1.54575e-05,0.0,nan,nan,nan
3391.111,1.545496e-05,0.0,nan,nan,nan
3391.195,1.545676e-05,0.0,nan,nan,nan
3391.279,1.54624e-05,0.0,nan,nan,nan
3391.37,1.545796e-05,0.0,nan,nan,nan
3391.453,1.546021e-05,0.0,nan,nan,nan
3391.552,1.545854e-05,0.0,nan,nan,nan
3391.636,1.545811e-05,0.0,nan,nan,nan
3391.719,1.546037e-05,0.0,nan,nan,nan
3391.803,1.54581e-05,0.0,nan,nan,nan
3391.887,1.545845e-05,0.0,nan,nan,nan
3391.982,1.546036e-05,0.0,nan,nan,nan
3392.082,1.545911e-05,0.0,nan,nan,nan
3392.166,1.54602e-05,0.0,nan,nan,nan
3392.25,1.546041e-05,0.0,nan,nan,nan
3392.333,1.545727e-05,0.0,nan,nan,nan
3392.416,1.546276e-05,0.0,nan,nan,nan
3392.502,1.545883e-05,0.0,nan,nan,nan
3392.608,1.545835e-05,0.0,nan,nan,nan
3392.692,1.545813e-05,0.0,nan,nan,nan
3392.791,1.545774e-05,0.0,nan,nan,nan
3392.874,1.545824e-05,0.0,nan,nan,nan
3392.958,1.545705e-05,0.0,nan,nan,nan
3393.041,1.5459e-05,0.0,nan,nan,nan
3393.125,1.545822e-05,0.0,nan,nan,nan
3393.21,1.545702e-05,0.0,nan,nan,nan
3393.294,1.545807e-05,0.0,nan,nan,nan
3393.378,1.54567e-05,0.0,nan,nan,nan
3393.461,1.5461e-05,0.0,nan,nan,nan
3393.545,1.545866e-05,0.0,nan,nan,nan
3393.628,1.546029e-05,0.0,nan,nan,nan
3393.712,1.546198e-05,0.0,nan,nan,nan
3393.801,1.54606e-05,0.0,nan,nan,nan
3393.885,1.545705e-05,0.0,nan,nan,nan
3393.969,1.545837e-05,0.0,nan,nan,nan
3394.053,1.545749e-05,0.0,nan,nan,nan
3394.154,1.546295e-05,0.0,nan,nan,nan
3394.256,1.545785e-05,0.0,nan,nan,nan
3394.339,1.545793e-05,0.0,nan,nan,nan
3394.447,1.546112e-05,0.0,nan,nan,nan
3394.531,1.545881e-05,0.0,nan,nan,nan
3394.631,1.546192e-05,0.0,nan,nan,nan
3394.715,1.546138e-05,0.0,nan,nan,nan
3394.798,1.545657e-05,0.0,nan,nan,nan
3394.882,1.5458e-05,0.0,nan,nan,nan
3394.966,1.546175e-05,0.0,nan,nan,nan
3395.049,1.546021e-05,0.0,nan,nan,nan
3395.133,1.545731e-05,0.0,nan,nan,nan
3395.217,1.546143e-05,0.0,nan,nan,nan
3395.3,1.546082e-05,0.0,nan,nan,nan
3395.384,1.54583e-05,0.0,nan,nan,nan
3395.469,1.545733e-05,0.0,nan,nan,nan
3395.553,1.545676e-05,0.0,nan,nan,nan
3395.657,1.545595e-05,0.0,nan,nan,nan
3395.741,1.54568e-05,0.0,nan,nan,nan
3395.825,1.545424e-05,0.0,nan,nan,nan
3395.908,1.545959e-05,0.0,nan,nan,nan
3395.992,1.545935e-05,0.0,nan,nan,nan
3396.076,1.546063e-05,0.0,nan,nan,nan
3396.159,1.545922e-05,0.0,nan,nan,nan
3396.254,1.545856e-05,0.0,nan,nan,nan
3396.339,1.546016e-05,0.0,nan,nan,nan
3396.422,1.546059e-05,0.0,nan,nan,nan
3396.506,1.546113e-05,0.0,nan,nan,nan
3396.59,1.545753e-05,0.0,nan,nan,nan
3396.675,1.545684e-05,0.0,nan,nan,nan
3396.759,1.546021e-05,0.0,nan,nan,nan
3396.845,1.545992e-05,0.0,nan,nan,nan
3396.929,1.54572e-05,0.0,nan,nan,nan
3397.012,1.545789e-05,0.0,nan,nan,nan
3397.108,1.546236e-05,0.0,nan,nan,nan
3397.192,1.546002e-05,0.0,nan,nan,nan
3397.302,1.545971e-05,0.0,nan,nan,nan
3397.385,1.545565e-05,0.0,nan,nan,nan
3397.469,1.54613e-05,0.0,nan,nan,nan
3397.565,1.545937e-05,0.0,nan,nan,nan
3397.648,1.546132e-05,0.0,nan,nan,nan
3397.738,1.545971e-05,0.0,nan,nan,nan
3397.821,1.545617e-05,0.0,nan,nan,nan
3397.905,1.546007e-05,0.0,nan,nan,nan
3397.989,1.545756e-05,0.0,nan,nan,nan
3398.073,1.545736e-05,0.0,nan,nan,nan
3398.156,1.545658e-05,0.0,nan,nan,nan
3398.24,1.545932e-05,0.0,nan,nan,nan
3398.332,1.545821e-05,0.0,nan,nan,nan
3398.434,1.545404e-05,0.0,nan,nan,nan
3398.519,1.545248e-05,0.0,nan,nan,nan
3398.603,1.545343e-05,0.0,nan,nan,nan
3398.686,1.546237e-05,0.0,nan,nan,nan
3398.77,1.545776e-05,0.0,nan,nan,nan
3398.853,1.545725e-05,0.0,nan,nan,nan
3398.953,1.545993e-05,0.0,nan,nan,nan
3399.037,1.545971e-05,0.0,nan,nan,nan
3399.12,1.546178e-05,0.0,nan,nan,nan
3399.204,1.546294e-05,0.0,nan,nan,nan
3399.287,1.54603e-05,0.0,nan,nan,nan
3399.371,1.546007e-05,0.0,nan,nan,nan
3399.455,1.546339e-05,0.0,nan,nan,nan
3399.554,1.546023e-05,0.0,nan,nan,nan
3399.638,1.546443e-05,0.0,nan,nan,nan
3399.722,1.545449e-05,0.0,nan,nan,nan
3399.805,1.545764e-05,0.0,nan,nan,nan
3399.889,1.545715e-05,0.0,nan,nan,nan
3399.985,1.545469e-05,0.0,nan,nan,nan
3400.069,1.545586e-05,0.0,nan,nan,nan
3400.162,1.545927e-05,0.0,nan,nan,nan
3400.246,1.545757e-05,0.0,nan,nan,nan
3400.329,1.545981e-05,0.0,nan,nan,nan
3400.428,1.545552e-05,0.0,nan,nan,nan
3400.512,1.545706e-05,0.0,nan,nan,nan
3400.596,1.545709e-05,0.0,nan,nan,nan
3400.68,1.545555e-05,0.0,nan,nan,nan
3400.785,1.545718e-05,0.0,nan,nan,nan
3400.869,1.545799e-05,0.0,nan,nan,nan
3400.952,1.545912e-05,0.0,nan,nan,nan
3401.037,1.545928e-05,0.0,nan,nan,nan
3401.123,1.545651e-05,0.0,nan,nan,nan
3401.21,1.546061e-05,0.0,nan,nan,nan
3401.294,1.54591e-05,0.0,nan,nan,nan
3401.394,1.545816e-05,0.0,nan,nan,nan
3401.477,1.546176e-05,0.0,nan,nan,nan
3401.561,1.546208e-05,0.0,nan,nan,nan
3401.645,1.545961e-05,0.0,nan,nan,nan
3401.729,1.545893e-05,0.0,nan,nan,nan
3401.819,1.545653e-05,0.0,nan,nan,nan
3401.902,1.545854e-05,0.0,nan,nan,nan
3401.986,1.545494e-05,0.0,nan,nan,nan
3402.069,1.545714e-05,0.0,nan,nan,nan
3402.156,1.546081e-05,0.0,nan,nan,nan
3402.248,1.546142e-05,0.0,nan,nan,nan
3402.332,1.546226e-05,0.0,nan,nan,nan
3402.466,1.545769e-05,0.0,nan,nan,nan
3402.55,1.545964e-05,0.0,nan,nan,nan
3402.646,1.545973e-05,0.0,nan,nan,nan
3402.73,1.546099e-05,0.0,nan,nan,nan
3402.813,1.545923e-05,0.0,nan,nan,nan
3402.897,1.546201e-05,0.0,nan,nan,nan
3402.981,1.54568e-05,0.0,nan,nan,nan
3403.064,1.546092e-05,0.0,nan,nan,nan
3403.148,1.546112e-05,0.0,nan,nan,nan
3403.245,1.545718e-05,0.0,nan,nan,nan
3403.329,1.545971e-05,0.0,nan,nan,nan
3403.413,1.546065e-05,0.0,nan,nan,nan
3403.496,1.545707e-05,0.0,nan,nan,nan
3403.582,1.545817e-05,0.0,nan,nan,nan
3403.666,1.546026e-05,0.0,nan,nan,nan
3403.75,1.545757e-05,0.0,nan,nan,nan
3403.849,1.545619e-05,0.0,nan,nan,nan
3403.933,1.545876e-05,0.0,nan,nan,nan
3404.016,1.545722e-05,0.0,nan,nan,nan
3404.1,1.546013e-05,0.0,nan,nan,nan
3404.188,1.545904e-05,0.0,nan,nan,nan
3404.284,1.545818e-05,0.0,nan,nan,nan
3404.367,1.545603e-05,0.0,nan,nan,nan
3404.453,1.545573e-05,0.0,nan,nan,nan
3404.562,1.545494e-05,0.0,nan,nan,nan
3404.648,1.545397e-05,0.0,nan,nan,nan
3404.732,1.545601e-05,0.0,nan,nan,nan
3404.817,1.545836e-05,0.0,nan,nan,nan
3404.904,1.54582e-05,0.0,nan,nan,nan
3404.987,1.545814e-05,0.0,nan,nan,nan
3405.085,1.545827e-05,0.0,nan,nan,nan
3405.169,1.545508e-05,0.0,nan,nan,nan
3405.253,1.545642e-05,0.0,nan,nan,nan
3405.336,1.545859e-05,0.0,nan,nan,nan
3405.42,1.545979e-05,0.0,nan,nan,nan
3405.504,1.545897e-05,0.0,nan,nan,nan
3405.588,1.546143e-05,0.0,nan,nan,nan
3405.671,1.546208e-05,0.0,nan,nan,nan
3405.755,1.546306e-05,0.0,nan,nan,nan
3405.838,1.545727e-05,0.0,nan,nan,nan
3405.924,1.545794e-05,0.0,nan,nan,nan
3406.008,1.545679e-05,0.0,nan,nan,nan
3406.091,1.545978e-05,0.0,nan,nan,nan
3406.175,1.545862e-05,0.0,nan,nan,nan
3406.258,1.54576e-05,0.0,nan,nan,nan
3406.342,1.546037e-05,0.0,nan,nan,nan
3406.426,1.54634e-05,0.0,nan,nan,nan
3406.512,1.546023e-05,0.0,nan,nan,nan
3406.616,1.545797e-05,0.0,nan,nan,nan
3406.721,1.54553e-05,0.0,nan,nan,nan
3406.805,1.545844e-05,0.0,nan,nan,nan
3406.891,1.545851e-05,0.0,nan,nan,nan
3406.975,1.546015e-05,0.0,nan,nan,nan
3407.059,1.545899e-05,0.0,nan,nan,nan
3407.142,1.545512e-05,0.0,nan,nan,nan
3407.226,1.546036e-05,0.0,nan,nan,nan
3407.319,1.54603e-05,0.0,nan,nan,nan
3407.403,1.545565e-05,0.0,nan,nan,nan
3407.487,1.545847e-05,0.0,nan,nan,nan
3407.57,1.545709e-05,0.0,nan,nan,nan
3407.654,1.545912e-05,0.0,nan,nan,nan
3407.752,1.546068e-05,0.0,nan,nan,nan
3407.835,1.545771e-05,0.0,nan,nan,nan
3407.919,1.545593e-05,0.0,nan,nan,nan
3408.002,1.54565e-05,0.0,nan,nan,nan
3408.086,1.546251e-05,0.0,nan,nan,nan
3408.17,1.546002e-05,0.0,nan,nan,nan
3408.253,1.545676e-05,0.0,nan,nan,nan
3408.359,1.546206e-05,0.0,nan,nan,nan
3408.443,1.546159e-05,0.0,nan,nan,nan
3408.545,1.546194e-05,0.0,nan,nan,nan
3408.629,1.545863e-05,0.0,nan,nan,nan
3408.718,1.545843e-05,0.0,nan,nan,nan
3408.802,1.545761e-05,0.0,nan,nan,nan
3408.89,1.545696e-05,0.0,nan,nan,nan
3408.978,1.54577e-05,0.0,nan,nan,nan
3409.063,1.546069e-05,0.0,nan,nan,nan
3409.147,1.545704e-05,0.0,nan,nan,nan
3409.23,1.545853e-05,0.0,nan,nan,nan
3409.315,1.545664e-05,0.0,nan,nan,nan
3409.399,1.545819e-05,0.0,nan,nan,nan
3409.49,1.545767e-05,0.0,nan,nan,nan
3409.576,1.54594e-05,0.0,nan,nan,nan
3409.659,1.545935e-05,0.0,nan,nan,nan
3409.743,1.54565e-05,0.0,nan,nan,nan
3409.827,1.545563e-05,0.0,nan,nan,nan
3409.911,1.54595e-05,0.0,nan,nan,nan
3409.994,1.54606e-05,0.0,nan,nan,nan
3410.078,1.545663e-05,0.0,nan,nan,nan
3410.161,1.546056e-05,0.0,nan,nan,nan
3410.245,1.546065e-05,0.0,nan,nan,nan
3410.329,1.545941e-05,0.0,nan,nan,nan
3410.435,1.546069e-05,0.0,nan,nan,nan
3410.52,1.545622e-05,0.0,nan,nan,nan
3410.619,1.545595e-05,0.0,nan,nan,nan
3410.702,1.545945e-05,0.0,nan,nan,nan
3410.786,1.545445e-05,0.0,nan,nan,nan
3410.87,1.545814e-05,0.0,nan,nan,nan
3410.953,1.546047e-05,0.0,nan,nan,nan
3411.037,1.546175e-05,0.0,nan,nan,nan
3411.121,1.546068e-05,0.0,nan,nan,nan
3411.204,1.545612e-05,0.0,nan,nan,nan
3411.288,1.545797e-05,0.0,nan,nan,nan
3411.371,1.545697e-05,0.0,nan,nan,nan
3411.463,1.545536e-05,0.0,nan,nan,nan
3411.547,1.545751e-05,0.0,nan,nan,nan
3411.634,1.545574e-05,0.0,nan,nan,nan
3411.717,1.545866e-05,0.0,nan,nan,nan
3411.801,1.546024e-05,0.0,nan,nan,nan
3411.884,1.545894e-05,0.0,nan,nan,nan
3411.972,1.54625e-05,0.0,nan,nan,nan
3412.062,1.546224e-05,0.0,nan,nan,nan
3412.146,1.545711e-05,0.0,nan,nan,nan
3412.23,1.546105e-05,0.0,nan,nan,nan
3412.313,1.545815e-05,0.0,nan,nan,nan
3412.397,1.545774e-05,0.0,nan,nan,nan
3412.483,1.546105e-05,0.0,nan,nan,nan
3412.566,1.545991e-05,0.0,nan,nan,nan
3412.65,1.545539e-05,0.0,nan,nan,nan
3412.734,1.546308e-05,0.0,nan,nan,nan
3412.85,1.545964e-05,0.0,nan,nan,nan
3412.933,1.545708e-05,0.0,nan,nan,nan
3413.019,1.546096e-05,0.0,nan,nan,nan
3413.103,1.545648e-05,0.0,nan,nan,nan
3413.187,1.545895e-05,0.0,nan,nan,nan
3413.28,1.545571e-05,0.0,nan,nan,nan
3413.363,1.545845e-05,0.0,nan,nan,nan
3413.447,1.54542e-05,0.0,nan,nan,nan
3413.531,1.545349e-05,0.0,nan,nan,nan
3413.614,1.545203e-05,0.0,nan,nan,nan
3413.698,1.545748e-05,0.0,nan,nan,nan
3413.782,1.545552e-05,0.0,nan,nan,nan
3413.865,1.54577e-05,0.0,nan,nan,nan
3413.949,1.545796e-05,0.0,nan,nan,nan
3414.034,1.545512e-05,0.0,nan,nan,nan
3414.119,1.545772e-05,0.0,nan,nan,nan
3414.203,1.545411e-05,0.0,nan,nan,nan
3414.299,1.546101e-05,0.0,nan,nan,nan
3414.383,1.546045e-05,0.0,nan,nan,nan
3414.466,1.54607e-05,0.0,nan,nan,nan
3414.55,1.546338e-05,0.0,nan,nan,nan
3414.633,1.545857e-05,0.0,nan,nan,nan
3414.733,1.545961e-05,0.0,nan,nan,nan
3414.817,1.546078e-05,0.0,nan,nan,nan
3414.921,1.545432e-05,0.0,nan,nan,nan
3415.006,1.545813e-05,0.0,nan,nan,nan
3415.09,1.545622e-05,0.0,nan,nan,nan
3415.174,1.545864e-05,0.0,nan,nan,nan
3415.258,1.545626e-05,0.0,nan,nan,nan
3415.342,1.545836e-05,0.0,nan,nan,nan
3415.426,1.545624e-05,0.0,nan,nan,nan
3415.51,1.545684e-05,0.0,nan,nan,nan
3415.593,1.545551e-05,0.0,nan,nan,nan
3415.677,1.54522e-05,0.0,nan,nan,nan
3415.761,1.545186e-05,0.0,nan,nan,nan
3415.845,1.545566e-05,0.0,nan,nan,nan
3415.928,1.545786e-05,0.0,nan,nan,nan
3416.012,1.545336e-05,0.0,nan,nan,nan
3416.095,1.545535e-05,0.0,nan,nan,nan
3416.18,1.545473e-05,0.0,nan,nan,nan
3416.264,1.545729e-05,0.0,nan,nan,nan
3416.361,1.545454e-05,0.0,nan,nan,nan
3416.444,1.545216e-05,0.0,nan,nan,nan
3416.528,1.545405e-05,0.0,nan,nan,nan
3416.612,1.545212e-05,0.0,nan,nan,nan
3416.695,1.545385e-05,0.0,nan,nan,nan
3416.798,1.545159e-05,0.0,nan,nan,nan
3416.882,1.544926e-05,0.0,nan,nan,nan
3416.989,1.545192e-05,0.0,nan,nan,nan
3417.073,1.54563e-05,0.0,nan,nan,nan
3417.183,1.545834e-05,0.0,nan,nan,nan
3417.267,1.545601e-05,0.0,nan,nan,nan
3417.35,1.54538e-05,0.0,nan,nan,nan
3417.434,1.545277e-05,0.0,nan,nan,nan
3417.518,1.545544e-05,0.0,nan,nan,nan
3417.601,1.545583e-05,0.0,nan,nan,nan
3417.685,1.54566e-05,0.0,nan,nan,nan
3417.787,1.545931e-05,0.0,nan,nan,nan
3417.871,1.545554e-05,0.0,nan,nan,nan
3417.954,1.545731e-05,0.0,nan,nan,nan
3418.038,1.545651e-05,0.0,nan,nan,nan
3418.121,1.545601e-05,0.0,nan,nan,nan
3418.206,1.545462e-05,0.0,nan,nan,nan
3418.29,1.545603e-05,0.0,nan,nan,nan
3418.373,1.546014e-05,0.0,nan,nan,nan
3418.457,1.545906e-05,0.0,nan,nan,nan
3418.541,1.545568e-05,0.0,nan,nan,nan
3418.624,1.545979e-05,0.0,nan,nan,nan
3418.708,1.545568e-05,0.0,nan,nan,nan
3418.802,1.54593e-05,0.0,nan,nan,nan
3418.886,1.545761e-05,0.0,nan,nan,nan
3418.969,1.545552e-05,0.0,nan,nan,nan
3419.075,1.545369e-05,0.0,nan,nan,nan
3419.159,1.545513e-05,0.0,nan,nan,nan
3419.251,1.546178e-05,0.0,nan,nan,nan
3419.335,1.546154e-05,0.0,nan,nan,nan
3419.436,1.545451e-05,0.0,nan,nan,nan
3419.52,1.545823e-05,0.0,nan,nan,nan
3419.603,1.545943e-05,0.0,nan,nan,nan
3419.687,1.545865e-05,0.0,nan,nan,nan
3419.77,1.546094e-05,0.0,nan,nan,nan
3419.854,1.54618e-05,0.0,nan,nan,nan
3419.938,1.546059e-05,0.0,nan,nan,nan
3420.035,1.546226e-05,0.0,nan,nan,nan
3420.119,1.545559e-05,0.0,nan,nan,nan
3420.202,1.545703e-05,0.0,nan,nan,nan
3420.285,1.545282e-05,0.0,nan,nan,nan
3420.369,1.545615e-05,0.0,nan,nan,nan
3420.461,1.545658e-05,0.0,nan,nan,nan
3420.545,1.545805e-05,0.0,nan,nan,nan
3420.652,1.545621e-05,0.0,nan,nan,nan
3420.736,1.54523e-05,0.0,nan,nan,nan
3420.82,1.545339e-05,0.0,nan,nan,nan
3420.903,1.545799e-05,0.0,nan,nan,nan
3420.987,1.545293e-05,0.0,nan,nan,nan
3421.07,1.545703e-05,0.0,nan,nan,nan
3421.154,1.545362e-05,0.0,nan,nan,nan
3421.237,1.545366e-05,0.0,nan,nan,nan
3421.321,1.545593e-05,0.0,nan,nan,nan
3421.404,1.545517e-05,0.0,nan,nan,nan
3421.49,1.545421e-05,0.0,nan,nan,nan
3421.574,1.545846e-05,0.0,nan,nan,nan
3421.659,1.545823e-05,0.0,nan,nan,nan
3421.743,1.545696e-05,0.0,nan,nan,nan
3421.827,1.545534e-05,0.0,nan,nan,nan
3421.91,1.545539e-05,0.0,nan,nan,nan
3421.994,1.545786e-05,0.0,nan,nan,nan
3422.082,1.545917e-05,0.0,nan,nan,nan
3422.165,1.545897e-05,0.0,nan,nan,nan
3422.249,1.545614e-05,0.0,nan,nan,nan
3422.333,1.545566e-05,0.0,nan,nan,nan
3422.418,1.545659e-05,0.0,nan,nan,nan
3422.504,1.545921e-05,0.0,nan,nan,nan
3422.588,1.545791e-05,0.0,nan,nan,nan
3422.672,1.545566e-05,0.0,nan,nan,nan
3422.756,1.545761e-05,0.0,nan,nan,nan
3422.839,1.546095e-05,0.0,nan,nan,nan
3422.924,1.545607e-05,0.0,nan,nan,nan
3423.008,1.546041e-05,0.0,nan,nan,nan
3423.1,1.546208e-05,0.0,nan,nan,nan
3423.199,1.545784e-05,0.0,nan,nan,nan
3423.3,1.545532e-05,0.0,nan,nan,nan
3423.384,1.545617e-05,0.0,nan,nan,nan
3423.47,1.545895e-05,0.0,nan,nan,nan
3423.554,1.545795e-05,0.0,nan,nan,nan
3423.64,1.545686e-05,0.0,nan,nan,nan
3423.74,1.54527e-05,0.0,nan,nan,nan
3423.823,1.545523e-05,0.0,nan,nan,nan
3423.907,1.545865e-05,0.0,nan,nan,nan
3423.991,1.545906e-05,0.0,nan,nan,nan
3424.075,1.546059e-05,0.0,nan,nan,nan
3424.158,1.54566e-05,0.0,nan,nan,nan
3424.242,1.545782e-05,0.0,nan,nan,nan
3424.328,1.545915e-05,0.0,nan,nan,nan
3424.412,1.545878e-05,0.0,nan,nan,nan
3424.496,1.545457e-05,0.0,nan,nan,nan
3424.579,1.545629e-05,0.0,nan,nan,nan
3424.663,1.545551e-05,0.0,nan,nan,nan
3424.764,1.545292e-05,0.0,nan,nan,nan
3424.848,1.545445e-05,0.0,nan,nan,nan
3424.952,1.545487e-05,0.0,nan,nan,nan
3425.036,1.545502e-05,0.0,nan,nan,nan
3425.12,1.545779e-05,0.0,nan,nan,nan
3425.232,1.546269e-05,0.0,nan,nan,nan
3425.316,1.546186e-05,0.0,nan,nan,nan
3425.4,1.545936e-05,0.0,nan,nan,nan
3425.483,1.545812e-05,0.0,nan,nan,nan
3425.569,1.546061e-05,0.0,nan,nan,nan
3425.652,1.545937e-05,0.0,nan,nan,nan
3425.753,1.546049e-05,0.0,nan,nan,nan
3425.836,1.545935e-05,0.0,nan,nan,nan
3425.92,1.545825e-05,0.0,nan,nan,nan
3426.004,1.545789e-05,0.0,nan,nan,nan
3426.088,1.545854e-05,0.0,nan,nan,nan
3426.172,1.545937e-05,0.0,nan,nan,nan
3426.255,1.546372e-05,0.0,nan,nan,nan
3426.34,1.546124e-05,0.0,nan,nan,nan
3426.423,1.545589e-05,0.0,nan,nan,nan
3426.509,1.545894e-05,0.0,nan,nan,nan
3426.593,1.545828e-05,0.0,nan,nan,nan
3426.676,1.546125e-05,0.0,nan,nan,nan
3426.761,1.546063e-05,0.0,nan,nan,nan
3426.844,1.546357e-05,0.0,nan,nan,nan
3426.929,1.545578e-05,0.0,nan,nan,nan
3427.012,1.546005e-05,0.0,nan,nan,nan
3427.096,1.545822e-05,0.0,nan,nan,nan
3427.187,1.54629e-05,0.0,nan,nan,nan
3427.27,1.546168e-05,0.0,nan,nan,nan
3427.354,1.546104e-05,0.0,nan,nan,nan
3427.444,1.54567e-05,0.0,nan,nan,nan
3427.528,1.54615e-05,0.0,nan,nan,nan
3427.619,1.545805e-05,0.0,nan,nan,nan
3427.706,1.545584e-05,0.0,nan,nan,nan
3427.79,1.545398e-05,0.0,nan,nan,nan
3427.874,1.545817e-05,0.0,nan,nan,nan
3427.958,1.545465e-05,0.0,nan,nan,nan
3428.041,1.545308e-05,0.0,nan,nan,nan
3428.125,1.545581e-05,0.0,nan,nan,nan
3428.218,1.545507e-05,0.0,nan,nan,nan
3428.302,1.545859e-05,0.0,nan,nan,nan
3428.401,1.54561e-05,0.0,nan,nan,nan
3428.484,1.545684e-05,0.0,nan,nan,nan
3428.568,1.545932e-05,0.0,nan,nan,nan
3428.652,1.545794e-05,0.0,nan,nan,nan
3428.735,1.545804e-05,0.0,nan,nan,nan
3428.82,1.545308e-05,0.0,nan,nan,nan
3428.903,1.545538e-05,0.0,nan,nan,nan
3428.987,1.545581e-05,0.0,nan,nan,nan
3429.07,1.545645e-05,0.0,nan,nan,nan
3429.154,1.545057e-05,0.0,nan,nan,nan
3429.248,1.545356e-05,0.0,nan,nan,nan
3429.332,1.545422e-05,0.0,nan,nan,nan
3429.421,1.545236e-05,0.0,nan,nan,nan
3429.509,1.545385e-05,0.0,nan,nan,nan
3429.594,1.545938e-05,0.0,nan,nan,nan
3429.678,1.545874e-05,0.0,nan,nan,nan
3429.761,1.545816e-05,0.0,nan,nan,nan
3429.846,1.545875e-05,0.0,nan,nan,nan
3429.93,1.545855e-05,0.0,nan,nan,nan
3430.035,1.546008e-05,0.0,nan,nan,nan
3430.118,1.545883e-05,0.0,nan,nan,nan
3430.202,1.545917e-05,0.0,nan,nan,nan
3430.285,1.546037e-05,0.0,nan,nan,nan
3430.369,1.54598e-05,0.0,nan,nan,nan
3430.466,1.546037e-05,0.0,nan,nan,nan
3430.55,1.545645e-05,0.0,nan,nan,nan
3430.634,1.545675e-05,0.0,nan,nan,nan
3430.717,1.545533e-05,0.0,nan,nan,nan
3430.801,1.545595e-05,0.0,nan,nan,nan
3430.885,1.545676e-05,0.0,nan,nan,nan
3430.969,1.545735e-05,0.0,nan,nan,nan
3431.075,1.545735e-05,0.0,nan,nan,nan
3431.159,1.545909e-05,0.0,nan,nan,nan
3431.243,1.546203e-05,0.0,nan,nan,nan
3431.326,1.546014e-05,0.0,nan,nan,nan
3431.41,1.546029e-05,0.0,nan,nan,nan
3431.493,1.546112e-05,0.0,nan,nan,nan
3431.585,1.545987e-05,0.0,nan,nan,nan
3431.669,1.545929e-05,0.0,nan,nan,nan
3431.752,1.545666e-05,0.0,nan,nan,nan
3431.836,1.54636e-05,0.0,nan,nan,nan
3431.919,1.545952e-05,0.0,nan,nan,nan
3432.003,1.545674e-05,0.0,nan,nan,nan
3432.095,1.545642e-05,0.0,nan,nan,nan
3432.179,1.545704e-05,0.0,nan,nan,nan
3432.262,1.545633e-05,0.0,nan,nan,nan
3432.346,1.54531e-05,0.0,nan,nan,nan
3432.429,1.545782e-05,0.0,nan,nan,nan
3432.515,1.545482e-05,0.0,nan,nan,nan
3432.599,1.545352e-05,0.0,nan,nan,nan
3432.683,1.545833e-05,0.0,nan,nan,nan
3432.767,1.545961e-05,0.0,nan,nan,nan
3432.85,1.54527e-05,0.0,nan,nan,nan
3432.934,1.545512e-05,0.0,nan,nan,nan
3433.018,1.54517e-05,0.0,nan,nan,nan
3433.114,1.545834e-05,0.0,nan,nan,nan
3433.198,1.545738e-05,0.0,nan,nan,nan
3433.282,1.545399e-05,0.0,nan,nan,nan
3433.366,1.545734e-05,0.0,nan,nan,nan
3433.45,1.545556e-05,0.0,nan,nan,nan
3433.564,1.545634e-05,0.0,nan,nan,nan
3433.648,1.545497e-05,0.0,nan,nan,nan
3433.74,1.545879e-05,0.0,nan,nan,nan
3433.824,1.54563e-05,0.0,nan,nan,nan
3433.908,1.545966e-05,0.0,nan,nan,nan
3433.991,1.545845e-05,0.0,nan,nan,nan
3434.075,1.545688e-05,0.0,nan,nan,nan
3434.158,1.545766e-05,0.0,nan,nan,nan
3434.242,1.545358e-05,0.0,nan,nan,nan
3434.334,1.545482e-05,0.0,nan,nan,nan
3434.418,1.545717e-05,0.0,nan,nan,nan
3434.502,1.545461e-05,0.0,nan,nan,nan
3434.586,1.545644e-05,0.0,nan,nan,nan
3434.671,1.545439e-05,0.0,nan,nan,nan
3434.764,1.545645e-05,0.0,nan,nan,nan
3434.848,1.545558e-05,0.0,nan,nan,nan
3434.943,1.54558e-05,0.0,nan,nan,nan
3435.027,1.545408e-05,0.0,nan,nan,nan
3435.112,1.545422e-05,0.0,nan,nan,nan
3435.195,1.545481e-05,0.0,nan,nan,nan
3435.279,1.545812e-05,0.0,nan,nan,nan
3435.364,1.545518e-05,0.0,nan,nan,nan
3435.448,1.545531e-05,0.0,nan,nan,nan
3435.552,1.545416e-05,0.0,nan,nan,nan
3435.636,1.545773e-05,0.0,nan,nan,nan
3435.72,1.545849e-05,0.0,nan,nan,nan
3435.803,1.545807e-05,0.0,nan,nan,nan
3435.887,1.545433e-05,0.0,nan,nan,nan
3436.003,1.545164e-05,0.0,nan,nan,nan
3436.087,1.545268e-05,0.0,nan,nan,nan
3436.206,1.545663e-05,0.0,nan,nan,nan
3436.289,1.545647e-05,0.0,nan,nan,nan
3436.394,1.545631e-05,0.0,nan,nan,nan
3436.478,1.545544e-05,0.0,nan,nan,nan
3436.564,1.545623e-05,0.0,nan,nan,nan
3436.647,1.545129e-05,0.0,nan,nan,nan
3436.733,1.54548e-05,0.0,nan,nan,nan
3436.816,1.54569e-05,0.0,nan,nan,nan
3436.9,1.545872e-05,0.0,nan,nan,nan
3437.0,1.545222e-05,0.0,nan,nan,nan
3437.083,1.54554e-05,0.0,nan,nan,nan
3437.167,1.545558e-05,0.0,nan,nan,nan
3437.25,1.545681e-05,0.0,nan,nan,nan
3437.335,1.545583e-05,0.0,nan,nan,nan
3437.419,1.545376e-05,0.0,nan,nan,nan
3437.503,1.545811e-05,0.0,nan,nan,nan
3437.613,1.545948e-05,0.0,nan,nan,nan
3437.696,1.546249e-05,0.0,nan,nan,nan
3437.782,1.545583e-05,0.0,nan,nan,nan
3437.866,1.545822e-05,0.0,nan,nan,nan
3437.949,1.545933e-05,0.0,nan,nan,nan
3438.033,1.546018e-05,0.0,nan,nan,nan
3438.117,1.545962e-05,0.0,nan,nan,nan
3438.218,1.545787e-05,0.0,nan,nan,nan
3438.301,1.54581e-05,0.0,nan,nan,nan
3438.385,1.545581e-05,0.0,nan,nan,nan
3438.469,1.545804e-05,0.0,nan,nan,nan
3438.552,1.54581e-05,0.0,nan,nan,nan
3438.636,1.545998e-05,0.0,nan,nan,nan
3438.72,1.545808e-05,0.0,nan,nan,nan
3438.803,1.545895e-05,0.0,nan,nan,nan
3438.887,1.546011e-05,0.0,nan,nan,nan
3438.97,1.545951e-05,0.0,nan,nan,nan
3439.054,1.545832e-05,0.0,nan,nan,nan
3439.138,1.545932e-05,0.0,nan,nan,nan
3439.234,1.545947e-05,0.0,nan,nan,nan
3439.318,1.546376e-05,0.0,nan,nan,nan
3439.401,1.545687e-05,0.0,nan,nan,nan
3439.485,1.545831e-05,0.0,nan,nan,nan
3439.569,1.546144e-05,0.0,nan,nan,nan
3439.657,1.545927e-05,0.0,nan,nan,nan
3439.741,1.546015e-05,0.0,nan,nan,nan
3439.835,1.546031e-05,0.0,nan,nan,nan
3439.919,1.546039e-05,0.0,nan,nan,nan
3440.003,1.545807e-05,0.0,nan,nan,nan
3440.087,1.545996e-05,0.0,nan,nan,nan
3440.171,1.545701e-05,0.0,nan,nan,nan
3440.255,1.546189e-05,0.0,nan,nan,nan
3440.339,1.545906e-05,0.0,nan,nan,nan
3440.456,1.546194e-05,0.0,nan,nan,nan
3440.54,1.546396e-05,0.0,nan,nan,nan
3440.626,1.546567e-05,0.0,nan,nan,nan
3440.709,1.546582e-05,0.0,nan,nan,nan
3440.793,1.546429e-05,0.0,nan,nan,nan
3440.877,1.545961e-05,0.0,nan,nan,nan
3440.96,1.545948e-05,0.0,nan,nan,nan
3441.046,1.545872e-05,0.0,nan,nan,nan
3441.129,1.545951e-05,0.0,nan,nan,nan
3441.214,1.545886e-05,0.0,nan,nan,nan
3441.298,1.546183e-05,0.0,nan,nan,nan
3441.381,1.545941e-05,0.0,nan,nan,nan
3441.471,1.546039e-05,0.0,nan,nan,nan
3441.555,1.545322e-05,0.0,nan,nan,nan
3441.639,1.546076e-05,0.0,nan,nan,nan
3441.722,1.545774e-05,0.0,nan,nan,nan
3441.806,1.546042e-05,0.0,nan,nan,nan
3441.891,1.545716e-05,0.0,nan,nan,nan
3441.974,1.545838e-05,0.0,nan,nan,nan
3442.079,1.546276e-05,0.0,nan,nan,nan
3442.162,1.545916e-05,0.0,nan,nan,nan
3442.267,1.545741e-05,0.0,nan,nan,nan
3442.351,1.545677e-05,0.0,nan,nan,nan
3442.435,1.545821e-05,0.0,nan,nan,nan
3442.518,1.546171e-05,0.0,nan,nan,nan
3442.604,1.54588e-05,0.0,nan,nan,nan
3442.698,1.545722e-05,0.0,nan,nan,nan
3442.782,1.545729e-05,0.0,nan,nan,nan
3442.891,1.545931e-05,0.0,nan,nan,nan
3442.975,1.545919e-05,0.0,nan,nan,nan
3443.059,1.545813e-05,0.0,nan,nan,nan
3443.142,1.545727e-05,0.0,nan,nan,nan
3443.226,1.545788e-05,0.0,nan,nan,nan
3443.31,1.546027e-05,0.0,nan,nan,nan
3443.393,1.546099e-05,0.0,nan,nan,nan
3443.478,1.545726e-05,0.0,nan,nan,nan
3443.562,1.545939e-05,0.0,nan,nan,nan
3443.646,1.545848e-05,0.0,nan,nan,nan
3443.729,1.545601e-05,0.0,nan,nan,nan
3443.813,1.54619e-05,0.0,nan,nan,nan
3443.897,1.545587e-05,0.0,nan,nan,nan
3443.98,1.545759e-05,0.0,nan,nan,nan
3444.065,1.545682e-05,0.0,nan,nan,nan
3444.149,1.545718e-05,0.0,nan,nan,nan
3444.233,1.545328e-05,0.0,nan,nan,nan
3444.317,1.545474e-05,0.0,nan,nan,nan
3444.4,1.54568e-05,0.0,nan,nan,nan
3444.484,1.545546e-05,0.0,nan,nan,nan
3444.567,1.545663e-05,0.0,nan,nan,nan
3444.651,1.545428e-05,0.0,nan,nan,nan
3444.734,1.545164e-05,0.0,nan,nan,nan
3444.817,1.545153e-05,0.0,nan,nan,nan
3444.92,1.545086e-05,0.0,nan,nan,nan
3445.003,1.545413e-05,0.0,nan,nan,nan
3445.087,1.5455e-05,0.0,nan,nan,nan
3445.171,1.54572e-05,0.0,nan,nan,nan
3445.254,1.545882e-05,0.0,nan,nan,nan
3445.338,1.545904e-05,0.0,nan,nan,nan
3445.422,1.545766e-05,0.0,nan,nan,nan
3445.522,1.545809e-05,0.0,nan,nan,nan
3445.606,1.545942e-05,0.0,nan,nan,nan
3445.69,1.545202e-05,0.0,nan,nan,nan
3445.773,1.545457e-05,0.0,nan,nan,nan
3445.857,1.54595e-05,0.0,nan,nan,nan
3445.96,1.546201e-05,0.0,nan,nan,nan
3446.044,1.545557e-05,0.0,nan,nan,nan
3446.128,1.54561e-05,0.0,nan,nan,nan
3446.211,1.546025e-05,0.0,nan,nan,nan
3446.295,1.545925e-05,0.0,nan,nan,nan
3446.379,1.546175e-05,0.0,nan,nan,nan
3446.463,1.546022e-05,0.0,nan,nan,nan
3446.546,1.546476e-05,0.0,nan,nan,nan
3446.63,1.546165e-05,0.0,nan,nan,nan
3446.714,1.545847e-05,0.0,nan,nan,nan
3446.798,1.54609e-05,0.0,nan,nan,nan
3446.883,1.546006e-05,0.0,nan,nan,nan
3446.967,1.54621e-05,0.0,nan,nan,nan
3447.051,1.5462e-05,0.0,nan,nan,nan
3447.167,1.545643e-05,0.0,nan,nan,nan
3447.25,1.54595e-05,0.0,nan,nan,nan
3447.348,1.545919e-05,0.0,nan,nan,nan
3447.432,1.545683e-05,0.0,nan,nan,nan
3447.515,1.545791e-05,0.0,nan,nan,nan
3447.599,1.545796e-05,0.0,nan,nan,nan
3447.683,1.545633e-05,0.0,nan,nan,nan
3447.771,1.54603e-05,0.0,nan,nan,nan
3447.855,1.545414e-05,0.0,nan,nan,nan
3447.94,1.546319e-05,0.0,nan,nan,nan
3448.024,1.545368e-05,0.0,nan,nan,nan
3448.107,1.545493e-05,0.0,nan,nan,nan
3448.191,1.545236e-05,0.0,nan,nan,nan
3448.274,1.545378e-05,0.0,nan,nan,nan
3448.358,1.545274e-05,0.0,nan,nan,nan
3448.442,1.545612e-05,0.0,nan,nan,nan
3448.525,1.545476e-05,0.0,nan,nan,nan
3448.609,1.545515e-05,0.0,nan,nan,nan
3448.693,1.54582e-05,0.0,nan,nan,nan
3448.796,1.546118e-05,0.0,nan,nan,nan
3448.88,1.545733e-05,0.0,nan,nan,nan
3448.963,1.546145e-05,0.0,nan,nan,nan
3449.047,1.545823e-05,0.0,nan,nan,nan
3449.131,1.545845e-05,0.0,nan,nan,nan
3449.215,1.54544e-05,0.0,nan,nan,nan
3449.299,1.545572e-05,0.0,nan,nan,nan
3449.399,1.545593e-05,0.0,nan,nan,nan
3449.483,1.545463e-05,0.0,nan,nan,nan
3449.566,1.545896e-05,0.0,nan,nan,nan
3449.65,1.545879e-05,0.0,nan,nan,nan
3449.734,1.545776e-05,0.0,nan,nan,nan
3449.819,1.546347e-05,0.0,nan,nan,nan
3449.903,1.545695e-05,0.0,nan,nan,nan
3449.987,1.546109e-05,0.0,nan,nan,nan
3450.079,1.545968e-05,0.0,nan,nan,nan
3450.162,1.545712e-05,0.0,nan,nan,nan
3450.246,1.546078e-05,0.0,nan,nan,nan
3450.33,1.545734e-05,0.0,nan,nan,nan
3450.436,1.545437e-05,0.0,nan,nan,nan
3450.52,1.545346e-05,0.0,nan,nan,nan
3450.604,1.545511e-05,0.0,nan,nan,nan
3450.688,1.545313e-05,0.0,nan,nan,nan
3450.772,1.545342e-05,0.0,nan,nan,nan
3450.856,1.545213e-05,0.0,nan,nan,nan
3450.94,1.545501e-05,0.0,nan,nan,nan
3451.036,1.545438e-05,0.0,nan,nan,nan
3451.12,1.545314e-05,0.0,nan,nan,nan
3451.204,1.545435e-05,0.0,nan,nan,nan
3451.287,1.545412e-05,0.0,nan,nan,nan
3451.371,1.54582e-05,0.0,nan,nan,nan
3451.469,1.545528e-05,0.0,nan,nan,nan
3451.553,1.545619e-05,0.0,nan,nan,nan
3451.648,1.545821e-05,0.0,nan,nan,nan
3451.731,1.545633e-05,0.0,nan,nan,nan
3451.816,1.545579e-05,0.0,nan,nan,nan
3451.899,1.545439e-05,0.0,nan,nan,nan
3451.984,1.545657e-05,0.0,nan,nan,nan
3452.07,1.545813e-05,0.0,nan,nan,nan
3452.153,1.545458e-05,0.0,nan,nan,nan
3452.237,1.545209e-05,0.0,nan,nan,nan
3452.321,1.545263e-05,0.0,nan,nan,nan
3452.405,1.545719e-05,0.0,nan,nan,nan
3452.49,1.545565e-05,0.0,nan,nan,nan
3452.574,1.545802e-05,0.0,nan,nan,nan
3452.667,1.545597e-05,0.0,nan,nan,nan
3452.75,1.545768e-05,0.0,nan,nan,nan
3452.834,1.545741e-05,0.0,nan,nan,nan
3452.917,1.545922e-05,0.0,nan,nan,nan
3453.001,1.545772e-05,0.0,nan,nan,nan
3453.085,1.545908e-05,0.0,nan,nan,nan
3453.168,1.545824e-05,0.0,nan,nan,nan
3453.255,1.546076e-05,0.0,nan,nan,nan
3453.339,1.545718e-05,0.0,nan,nan,nan
3453.422,1.545276e-05,0.0,nan,nan,nan
3453.506,1.546246e-05,0.0,nan,nan,nan
3453.59,1.545762e-05,0.0,nan,nan,nan
3453.692,1.545812e-05,0.0,nan,nan,nan
3453.776,1.545562e-05,0.0,nan,nan,nan
3453.86,1.545825e-05,0.0,nan,nan,nan
3453.944,1.545688e-05,0.0,nan,nan,nan
3454.028,1.54599e-05,0.0,nan,nan,nan
3454.112,1.545979e-05,0.0,nan,nan,nan
3454.212,1.545978e-05,0.0,nan,nan,nan
3454.296,1.546097e-05,0.0,nan,nan,nan
3454.38,1.545894e-05,0.0,nan,nan,nan
3454.467,1.54581e-05,0.0,nan,nan,nan
3454.55,1.545931e-05,0.0,nan,nan,nan
3454.637,1.546016e-05,0.0,nan,nan,nan
3454.72,1.545977e-05,0.0,nan,nan,nan
3454.803,1.545846e-05,0.0,nan,nan,nan
3454.903,1.546322e-05,0.0,nan,nan,nan
3454.987,1.545908e-05,0.0,nan,nan,nan
3455.07,1.546033e-05,0.0,nan,nan,nan
3455.154,1.546121e-05,0.0,nan,nan,nan
3455.238,1.546022e-05,0.0,nan,nan,nan
3455.322,1.545851e-05,0.0,nan,nan,nan
3455.406,1.545814e-05,0.0,nan,nan,nan
3455.502,1.545872e-05,0.0,nan,nan,nan
3455.585,1.546028e-05,0.0,nan,nan,nan
3455.669,1.545817e-05,0.0,nan,nan,nan
3455.752,1.545943e-05,0.0,nan,nan,nan
3455.836,1.545614e-05,0.0,nan,nan,nan
3455.93,1.54609e-05,0.0,nan,nan,nan
3456.013,1.546126e-05,0.0,nan,nan,nan
3456.097,1.546616e-05,0.0,nan,nan,nan
3456.181,1.546246e-05,0.0,nan,nan,nan
3456.269,1.545824e-05,0.0,nan,nan,nan
3456.352,1.546048e-05,0.0,nan,nan,nan
3456.435,1.546262e-05,0.0,nan,nan,nan
3456.527,1.546263e-05,0.0,nan,nan,nan
3456.611,1.54638e-05,0.0,nan,nan,nan
3456.695,1.546461e-05,0.0,nan,nan,nan
3456.779,1.546047e-05,0.0,nan,nan,nan
3456.862,1.54607e-05,0.0,nan,nan,nan
3456.946,1.54619e-05,0.0,nan,nan,nan
3457.029,1.545739e-05,0.0,nan,nan,nan
3457.113,1.545771e-05,0.0,nan,nan,nan
3457.196,1.545856e-05,0.0,nan,nan,nan
3457.28,1.545905e-05,0.0,nan,nan,nan
3457.364,1.545751e-05,0.0,nan,nan,nan
3457.448,1.546118e-05,0.0,nan,nan,nan
3457.534,1.545814e-05,0.0,nan,nan,nan
3457.618,1.545975e-05,0.0,nan,nan,nan
3457.701,1.545889e-05,0.0,nan,nan,nan
3457.785,1.54582e-05,0.0,nan,nan,nan
3457.869,1.545414e-05,0.0,nan,nan,nan
3457.967,1.545916e-05,0.0,nan,nan,nan
3458.05,1.54542e-05,0.0,nan,nan,nan
3458.135,1.545431e-05,0.0,nan,nan,nan
3458.218,1.545528e-05,0.0,nan,nan,nan
3458.31,1.54582e-05,0.0,nan,nan,nan
3458.399,1.545627e-05,0.0,nan,nan,nan
3458.483,1.546096e-05,0.0,nan,nan,nan
3458.569,1.545762e-05,0.0,nan,nan,nan
3458.652,1.545891e-05,0.0,nan,nan,nan
3458.736,1.54617e-05,0.0,nan,nan,nan
3458.82,1.545893e-05,0.0,nan,nan,nan
3458.903,1.546333e-05,0.0,nan,nan,nan
3458.989,1.546028e-05,0.0,nan,nan,nan
3459.072,1.545994e-05,0.0,nan,nan,nan
3459.157,1.545855e-05,0.0,nan,nan,nan
3459.241,1.545751e-05,0.0,nan,nan,nan
3459.325,1.545893e-05,0.0,nan,nan,nan
3459.408,1.545562e-05,0.0,nan,nan,nan
3459.492,1.545675e-05,0.0,nan,nan,nan
3459.588,1.545764e-05,0.0,nan,nan,nan
3459.671,1.545539e-05,0.0,nan,nan,nan
3459.755,1.545405e-05,0.0,nan,nan,nan
3459.839,1.545663e-05,0.0,nan,nan,nan
3459.922,1.545756e-05,0.0,nan,nan,nan
3460.014,1.54584e-05,0.0,nan,nan,nan
3460.098,1.545874e-05,0.0,nan,nan,nan
3460.184,1.545483e-05,0.0,nan,nan,nan
3460.267,1.545788e-05,0.0,nan,nan,nan
3460.366,1.545848e-05,0.0,nan,nan,nan
3460.449,1.545955e-05,0.0,nan,nan,nan
3460.536,1.545889e-05,0.0,nan,nan,nan
3460.619,1.54553e-05,0.0,nan,nan,nan
3460.703,1.545718e-05,0.0,nan,nan,nan
3460.787,1.545722e-05,0.0,nan,nan,nan
3460.87,1.546104e-05,0.0,nan,nan,nan
3460.954,1.545783e-05,0.0,nan,nan,nan
3461.038,1.54536e-05,0.0,nan,nan,nan
3461.122,1.54547e-05,0.0,nan,nan,nan
3461.208,1.545771e-05,0.0,nan,nan,nan
3461.291,1.54542e-05,0.0,nan,nan,nan
3461.374,1.545943e-05,0.0,nan,nan,nan
3461.458,1.545589e-05,0.0,nan,nan,nan
3461.541,1.545503e-05,0.0,nan,nan,nan
3461.65,1.545716e-05,0.0,nan,nan,nan
3461.734,1.545595e-05,0.0,nan,nan,nan
3461.834,1.54562e-05,0.0,nan,nan,nan
3461.918,1.545513e-05,0.0,nan,nan,nan
3462.002,1.545664e-05,0.0,nan,nan,nan
3462.086,1.545678e-05,0.0,nan,nan,nan
3462.173,1.545562e-05,0.0,nan,nan,nan
3462.261,1.545535e-05,0.0,nan,nan,nan
3462.345,1.545642e-05,0.0,nan,nan,nan
3462.45,1.545663e-05,0.0,nan,nan,nan
3462.534,1.545786e-05,0.0,nan,nan,nan
3462.62,1.545504e-05,0.0,nan,nan,nan
3462.704,1.545912e-05,0.0,nan,nan,nan
3462.787,1.54593e-05,0.0,nan,nan,nan
3462.871,1.545641e-05,0.0,nan,nan,nan
3462.955,1.546032e-05,0.0,nan,nan,nan
3463.062,1.545893e-05,0.0,nan,nan,nan
3463.145,1.545817e-05,0.0,nan,nan,nan
3463.229,1.545501e-05,0.0,nan,nan,nan
3463.313,1.545902e-05,0.0,nan,nan,nan
3463.396,1.545488e-05,0.0,nan,nan,nan
3463.48,1.54556e-05,0.0,nan,nan,nan
3463.564,1.545502e-05,0.0,nan,nan,nan
3463.647,1.545231e-05,0.0,nan,nan,nan
3463.731,1.545258e-05,0.0,nan,nan,nan
3463.815,1.545665e-05,0.0,nan,nan,nan
3463.899,1.545248e-05,0.0,nan,nan,nan
3463.983,1.545472e-05,0.0,nan,nan,nan
3464.076,1.54571e-05,0.0,nan,nan,nan
3464.16,1.545647e-05,0.0,nan,nan,nan
3464.245,1.545496e-05,0.0,nan,nan,nan
3464.328,1.545643e-05,0.0,nan,nan,nan
3464.412,1.545673e-05,0.0,nan,nan,nan
3464.516,1.545457e-05,0.0,nan,nan,nan
3464.6,1.545545e-05,0.0,nan,nan,nan
3464.693,1.545722e-05,0.0,nan,nan,nan
3464.777,1.545642e-05,0.0,nan,nan,nan
3464.862,1.545602e-05,0.0,nan,nan,nan
3464.945,1.545606e-05,0.0,nan,nan,nan
3465.03,1.545869e-05,0.0,nan,nan,nan
3465.114,1.545876e-05,0.0,nan,nan,nan
3465.198,1.545915e-05,0.0,nan,nan,nan
3465.299,1.546072e-05,0.0,nan,nan,nan
3465.382,1.545529e-05,0.0,nan,nan,nan
3465.466,1.545951e-05,0.0,nan,nan,nan
3465.55,1.545804e-05,0.0,nan,nan,nan
3465.633,1.546043e-05,0.0,nan,nan,nan
3465.741,1.545909e-05,0.0,nan,nan,nan
3465.824,1.54604e-05,0.0,nan,nan,nan
3465.908,1.546064e-05,0.0,nan,nan,nan
3465.992,1.545961e-05,0.0,nan,nan,nan
3466.075,1.545876e-05,0.0,nan,nan,nan
3466.159,1.546014e-05,0.0,nan,nan,nan
3466.243,1.545838e-05,0.0,nan,nan,nan
3466.337,1.545913e-05,0.0,nan,nan,nan
3466.421,1.545651e-05,0.0,nan,nan,nan
3466.504,1.545754e-05,0.0,nan,nan,nan
3466.605,1.545777e-05,0.0,nan,nan,nan
3466.689,1.545919e-05,0.0,nan,nan,nan
3466.772,1.545639e-05,0.0,nan,nan,nan
3466.856,1.545613e-05,0.0,nan,nan,nan
3466.943,1.545715e-05,0.0,nan,nan,nan
3467.026,1.545842e-05,0.0,nan,nan,nan
3467.11,1.54547e-05,0.0,nan,nan,nan
3467.193,1.545586e-05,0.0,nan,nan,nan
3467.277,1.545988e-05,0.0,nan,nan,nan
3467.361,1.545738e-05,0.0,nan,nan,nan
3467.444,1.545572e-05,0.0,nan,nan,nan
3467.546,1.545921e-05,0.0,nan,nan,nan
3467.63,1.545795e-05,0.0,nan,nan,nan
3467.714,1.545855e-05,0.0,nan,nan,nan
3467.797,1.545703e-05,0.0,nan,nan,nan
3467.881,1.545736e-05,0.0,nan,nan,nan
3467.965,1.545644e-05,0.0,nan,nan,nan
3468.049,1.54606e-05,0.0,nan,nan,nan
3468.132,1.545731e-05,0.0,nan,nan,nan
3468.217,1.546072e-05,0.0,nan,nan,nan
3468.3,1.545538e-05,0.0,nan,nan,nan
3468.384,1.545575e-05,0.0,nan,nan,nan
3468.468,1.545636e-05,0.0,nan,nan,nan
3468.551,1.545899e-05,0.0,nan,nan,nan
3468.65,1.546218e-05,0.0,nan,nan,nan
3468.733,1.545939e-05,0.0,nan,nan,nan
3468.817,1.545808e-05,0.0,nan,nan,nan
3468.901,1.545629e-05,0.0,nan,nan,nan
3469.001,1.545985e-05,0.0,nan,nan,nan
3469.085,1.545285e-05,0.0,nan,nan,nan
3469.168,1.545326e-05,0.0,nan,nan,nan
3469.252,1.545476e-05,0.0,nan,nan,nan
3469.335,1.545518e-05,0.0,nan,nan,nan
3469.419,1.545355e-05,0.0,nan,nan,nan
3469.502,1.54581e-05,0.0,nan,nan,nan
3469.588,1.545584e-05,0.0,nan,nan,nan
3469.672,1.545655e-05,0.0,nan,nan,nan
3469.756,1.54559e-05,0.0,nan,nan,nan
3469.84,1.545652e-05,0.0,nan,nan,nan
3469.923,1.545574e-05,0.0,nan,nan,nan
3470.011,1.54555e-05,0.0,nan,nan,nan
3470.095,1.545569e-05,0.0,nan,nan,nan
3470.178,1.545367e-05,0.0,nan,nan,nan
3470.264,1.545482e-05,0.0,nan,nan,nan
3470.35,1.544953e-05,0.0,nan,nan,nan
3470.433,1.545189e-05,0.0,nan,nan,nan
3470.517,1.545544e-05,0.0,nan,nan,nan
3470.602,1.545679e-05,0.0,nan,nan,nan
3470.701,1.545478e-05,0.0,nan,nan,nan
3470.807,1.545917e-05,0.0,nan,nan,nan
3470.921,1.545726e-05,0.0,nan,nan,nan
3471.004,1.545708e-05,0.0,nan,nan,nan
3471.088,1.545459e-05,0.0,nan,nan,nan
3471.173,1.545483e-05,0.0,nan,nan,nan
3471.26,1.54535e-05,0.0,nan,nan,nan
3471.344,1.545587e-05,0.0,nan,nan,nan
3471.428,1.545908e-05,0.0,nan,nan,nan
3471.511,1.545605e-05,0.0,nan,nan,nan
3471.595,1.545719e-05,0.0,nan,nan,nan
3471.678,1.545649e-05,0.0,nan,nan,nan
3471.762,1.545502e-05,0.0,nan,nan,nan
3471.846,1.5455e-05,0.0,nan,nan,nan
3471.929,1.545776e-05,0.0,nan,nan,nan
3472.031,1.545613e-05,0.0,nan,nan,nan
3472.114,1.545668e-05,0.0,nan,nan,nan
3472.2,1.545093e-05,0.0,nan,nan,nan
3472.284,1.545168e-05,0.0,nan,nan,nan
3472.368,1.545557e-05,0.0,nan,nan,nan
3472.467,1.545398e-05,0.0,nan,nan,nan
3472.551,1.545414e-05,0.0,nan,nan,nan
3472.658,1.545792e-05,0.0,nan,nan,nan
3472.742,1.545738e-05,0.0,nan,nan,nan
3472.826,1.54521e-05,0.0,nan,nan,nan
3472.91,1.54554e-05,0.0,nan,nan,nan
3472.994,1.545097e-05,0.0,nan,nan,nan
3473.077,1.545616e-05,0.0,nan,nan,nan
3473.161,1.545434e-05,0.0,nan,nan,nan
3473.265,1.546119e-05,0.0,nan,nan,nan
3473.349,1.545807e-05,0.0,nan,nan,nan
3473.432,1.545428e-05,0.0,nan,nan,nan
3473.516,1.545637e-05,0.0,nan,nan,nan
3473.603,1.545761e-05,0.0,nan,nan,nan
3473.691,1.545739e-05,0.0,nan,nan,nan
3473.774,1.545688e-05,0.0,nan,nan,nan
3473.858,1.545395e-05,0.0,nan,nan,nan
3473.941,1.545593e-05,0.0,nan,nan,nan
3474.026,1.545656e-05,0.0,nan,nan,nan
3474.109,1.546179e-05,0.0,nan,nan,nan
3474.193,1.546114e-05,0.0,nan,nan,nan
3474.277,1.546413e-05,0.0,nan,nan,nan
3474.361,1.54593e-05,0.0,nan,nan,nan
3474.444,1.546093e-05,0.0,nan,nan,nan
3474.535,1.545873e-05,0.0,nan,nan,nan
3474.619,1.545975e-05,0.0,nan,nan,nan
3474.702,1.546346e-05,0.0,nan,nan,nan
3474.786,1.546217e-05,0.0,nan,nan,nan
3474.87,1.546539e-05,0.0,nan,nan,nan
3474.968,1.546422e-05,0.0,nan,nan,nan
3475.052,1.545881e-05,0.0,nan,nan,nan
3475.139,1.545707e-05,0.0,nan,nan,nan
3475.223,1.545696e-05,0.0,nan,nan,nan
3475.308,1.545806e-05,0.0,nan,nan,nan
3475.392,1.545602e-05,0.0,nan,nan,nan
3475.476,1.545538e-05,0.0,nan,nan,nan
3475.559,1.545685e-05,0.0,nan,nan,nan
3475.643,1.545561e-05,0.0,nan,nan,nan
3475.726,1.545714e-05,0.0,nan,nan,nan
3475.81,1.545392e-05,0.0,nan,nan,nan
3475.896,1.546015e-05,0.0,nan,nan,nan
3476.004,1.545828e-05,0.0,nan,nan,nan
3476.087,1.545529e-05,0.0,nan,nan,nan
3476.171,1.545599e-05,0.0,nan,nan,nan
3476.255,1.545672e-05,0.0,nan,nan,nan
3476.355,1.545549e-05,0.0,nan,nan,nan
3476.439,1.545706e-05,0.0,nan,nan,nan
3476.546,1.546147e-05,0.0,nan,nan,nan
3476.629,1.54606e-05,0.0,nan,nan,nan
3476.713,1.545775e-05,0.0,nan,nan,nan
3476.797,1.546196e-05,0.0,nan,nan,nan
3476.88,1.546038e-05,0.0,nan,nan,nan
3476.999,1.546049e-05,0.0,nan,nan,nan
3477.082,1.545945e-05,0.0,nan,nan,nan
3477.168,1.545677e-05,0.0,nan,nan,nan
3477.252,1.545525e-05,0.0,nan,nan,nan
3477.335,1.545493e-05,0.0,nan,nan,nan
3477.419,1.545638e-05,0.0,nan,nan,nan
3477.503,1.545778e-05,0.0,nan,nan,nan
3477.591,1.545578e-05,0.0,nan,nan,nan
3477.675,1.545573e-05,0.0,nan,nan,nan
3477.78,1.545517e-05,0.0,nan,nan,nan
3477.864,1.54553e-05,0.0,nan,nan,nan
3477.947,1.545739e-05,0.0,nan,nan,nan
3478.031,1.546049e-05,0.0,nan,nan,nan
3478.115,1.546007e-05,0.0,nan,nan,nan
3478.206,1.545774e-05,0.0,nan,nan,nan
3478.29,1.545183e-05,0.0,nan,nan,nan
3478.374,1.545403e-05,0.0,nan,nan,nan
3478.458,1.545186e-05,0.0,nan,nan,nan
3478.542,1.545623e-05,0.0,nan,nan,nan
3478.626,1.546123e-05,0.0,nan,nan,nan
3478.709,1.545474e-05,0.0,nan,nan,nan
3478.793,1.545601e-05,0.0,nan,nan,nan
3478.877,1.545135e-05,0.0,nan,nan,nan
3478.96,1.54507e-05,0.0,nan,nan,nan
3479.047,1.54547e-05,0.0,nan,nan,nan
3479.13,1.544733e-05,0.0,nan,nan,nan
3479.226,1.544933e-05,0.0,nan,nan,nan
3479.31,1.545762e-05,0.0,nan,nan,nan
3479.394,1.545888e-05,0.0,nan,nan,nan
3479.477,1.545186e-05,0.0,nan,nan,nan
3479.561,1.54547e-05,0.0,nan,nan,nan
3479.646,1.545499e-05,0.0,nan,nan,nan
3479.729,1.545288e-05,0.0,nan,nan,nan
3479.834,1.54536e-05,0.0,nan,nan,nan
3479.917,1.54545e-05,0.0,nan,nan,nan
3480.001,1.545587e-05,0.0,nan,nan,nan
3480.084,1.546108e-05,0.0,nan,nan,nan
3480.172,1.545743e-05,0.0,nan,nan,nan
3480.26,1.545622e-05,0.0,nan,nan,nan
3480.344,1.545441e-05,0.0,nan,nan,nan
3480.449,1.545839e-05,0.0,nan,nan,nan
3480.533,1.545603e-05,0.0,nan,nan,nan
3480.616,1.545676e-05,0.0,nan,nan,nan
3480.7,1.545595e-05,0.0,nan,nan,nan
3480.783,1.545393e-05,0.0,nan,nan,nan
3480.867,1.545246e-05,0.0,nan,nan,nan
3480.951,1.545844e-05,0.0,nan,nan,nan
3481.043,1.545047e-05,0.0,nan,nan,nan
3481.149,1.545665e-05,0.0,nan,nan,nan
3481.234,1.545543e-05,0.0,nan,nan,nan
3481.317,1.545475e-05,0.0,nan,nan,nan
3481.404,1.545708e-05,0.0,nan,nan,nan
3481.489,1.545396e-05,0.0,nan,nan,nan
3481.573,1.545424e-05,0.0,nan,nan,nan
3481.657,1.54535e-05,0.0,nan,nan,nan
3481.741,1.5455e-05,0.0,nan,nan,nan
3481.825,1.545997e-05,0.0,nan,nan,nan
3481.909,1.546119e-05,0.0,nan,nan,nan
3481.992,1.54601e-05,0.0,nan,nan,nan
3482.082,1.545899e-05,0.0,nan,nan,nan
3482.165,1.545629e-05,0.0,nan,nan,nan
3482.249,1.545718e-05,0.0,nan,nan,nan
3482.333,1.546097e-05,0.0,nan,nan,nan
3482.422,1.546159e-05,0.0,nan,nan,nan
3482.509,1.54593e-05,0.0,nan,nan,nan
3482.592,1.545942e-05,0.0,nan,nan,nan
3482.676,1.545574e-05,0.0,nan,nan,nan
3482.759,1.545931e-05,0.0,nan,nan,nan
3482.844,1.545599e-05,0.0,nan,nan,nan
3482.927,1.54594e-05,0.0,nan,nan,nan
3483.011,1.545825e-05,0.0,nan,nan,nan
3483.105,1.545668e-05,0.0,nan,nan,nan
3483.189,1.545393e-05,0.0,nan,nan,nan
3483.275,1.545885e-05,0.0,nan,nan,nan
3483.359,1.545866e-05,0.0,nan,nan,nan
3483.445,1.545869e-05,0.0,nan,nan,nan
3483.533,1.545742e-05,0.0,nan,nan,nan
3483.617,1.545931e-05,0.0,nan,nan,nan
3483.714,1.545732e-05,0.0,nan,nan,nan
3483.798,1.54581e-05,0.0,nan,nan,nan
3483.883,1.545848e-05,0.0,nan,nan,nan
3483.967,1.545894e-05,0.0,nan,nan,nan
3484.051,1.545951e-05,0.0,nan,nan,nan
3484.134,1.5458e-05,0.0,nan,nan,nan
3484.218,1.545252e-05,0.0,nan,nan,nan
3484.307,1.545786e-05,0.0,nan,nan,nan
3484.391,1.545748e-05,0.0,nan,nan,nan
3484.474,1.545744e-05,0.0,nan,nan,nan
3484.558,1.545921e-05,0.0,nan,nan,nan
3484.642,1.545563e-05,0.0,nan,nan,nan
3484.737,1.545787e-05,0.0,nan,nan,nan
3484.82,1.545961e-05,0.0,nan,nan,nan
3484.904,1.546055e-05,0.0,nan,nan,nan
3484.988,1.545867e-05,0.0,nan,nan,nan
3485.071,1.545742e-05,0.0,nan,nan,nan
3485.156,1.545979e-05,0.0,nan,nan,nan
3485.239,1.546179e-05,0.0,nan,nan,nan
3485.325,1.546134e-05,0.0,nan,nan,nan
3485.409,1.545811e-05,0.0,nan,nan,nan
3485.493,1.545818e-05,0.0,nan,nan,nan
3485.577,1.546047e-05,0.0,nan,nan,nan
3485.66,1.545528e-05,0.0,nan,nan,nan
3485.745,1.545677e-05,0.0,nan,nan,nan
3485.829,1.545787e-05,0.0,nan,nan,nan
3485.913,1.545714e-05,0.0,nan,nan,nan
3485.997,1.545913e-05,0.0,nan,nan,nan
3486.083,1.546187e-05,0.0,nan,nan,nan
3486.167,1.545945e-05,0.0,nan,nan,nan
3486.25,1.546191e-05,0.0,nan,nan,nan
3486.369,1.546165e-05,0.0,nan,nan,nan
3486.452,1.545933e-05,0.0,nan,nan,nan
3486.555,1.546349e-05,0.0,nan,nan,nan
3486.639,1.546542e-05,0.0,nan,nan,nan
3486.722,1.545975e-05,0.0,nan,nan,nan
3486.806,1.546046e-05,0.0,nan,nan,nan
3486.89,1.545676e-05,0.0,nan,nan,nan
3486.976,1.545944e-05,0.0,nan,nan,nan
3487.06,1.546446e-05,0.0,nan,nan,nan
3487.143,1.545925e-05,0.0,nan,nan,nan
3487.227,1.545923e-05,0.0,nan,nan,nan
3487.311,1.545994e-05,0.0,nan,nan,nan
3487.396,1.545922e-05,0.0,nan,nan,nan
3487.479,1.545627e-05,0.0,nan,nan,nan
3487.565,1.546244e-05,0.0,nan,nan,nan
3487.649,1.545935e-05,0.0,nan,nan,nan
3487.732,1.545984e-05,0.0,nan,nan,nan
3487.816,1.54555e-05,0.0,nan,nan,nan
3487.904,1.545983e-05,0.0,nan,nan,nan
3487.994,1.545844e-05,0.0,nan,nan,nan
3488.077,1.546142e-05,0.0,nan,nan,nan
3488.161,1.546127e-05,0.0,nan,nan,nan
3488.245,1.545717e-05,0.0,nan,nan,nan
3488.329,1.545819e-05,0.0,nan,nan,nan
3488.413,1.546008e-05,0.0,nan,nan,nan
3488.497,1.545879e-05,0.0,nan,nan,nan
3488.584,1.545872e-05,0.0,nan,nan,nan
3488.667,1.545625e-05,0.0,nan,nan,nan
3488.751,1.545893e-05,0.0,nan,nan,nan
3488.835,1.545768e-05,0.0,nan,nan,nan
3488.92,1.545566e-05,0.0,nan,nan,nan
3489.003,1.546149e-05,0.0,nan,nan,nan
3489.087,1.546206e-05,0.0,nan,nan,nan
3489.17,1.545867e-05,0.0,nan,nan,nan
3489.254,1.545826e-05,0.0,nan,nan,nan
3489.338,1.545541e-05,0.0,nan,nan,nan
3489.453,1.545921e-05,0.0,nan,nan,nan
3489.537,1.545804e-05,0.0,nan,nan,nan
3489.62,1.545973e-05,0.0,nan,nan,nan
3489.704,1.546104e-05,0.0,nan,nan,nan
3489.807,1.545875e-05,0.0,nan,nan,nan
3489.89,1.546519e-05,0.0,nan,nan,nan
3489.975,1.546243e-05,0.0,nan,nan,nan
3490.058,1.546142e-05,0.0,nan,nan,nan
3490.142,1.545792e-05,0.0,nan,nan,nan
3490.226,1.545654e-05,0.0,nan,nan,nan
3490.309,1.54627e-05,0.0,nan,nan,nan
3490.393,1.545788e-05,0.0,nan,nan,nan
3490.477,1.545846e-05,0.0,nan,nan,nan
3490.561,1.545579e-05,0.0,nan,nan,nan
3490.645,1.545515e-05,0.0,nan,nan,nan
3490.729,1.545562e-05,0.0,nan,nan,nan
3490.814,1.545616e-05,0.0,nan,nan,nan
3490.898,1.545525e-05,0.0,nan,nan,nan
3490.985,1.545788e-05,0.0,nan,nan,nan
3491.069,1.5458e-05,0.0,nan,nan,nan
3491.156,1.545698e-05,0.0,nan,nan,nan
3491.239,1.54613e-05,0.0,nan,nan,nan
3491.323,1.545665e-05,0.0,nan,nan,nan
3491.429,1.546007e-05,0.0,nan,nan,nan
3491.532,1.545903e-05,0.0,nan,nan,nan
3491.624,1.545923e-05,0.0,nan,nan,nan
3491.707,1.545928e-05,0.0,nan,nan,nan
3491.793,1.545875e-05,0.0,nan,nan,nan
3491.877,1.545883e-05,0.0,nan,nan,nan
3491.961,1.546129e-05,0.0,nan,nan,nan
3492.047,1.546022e-05,0.0,nan,nan,nan
3492.131,1.545712e-05,0.0,nan,nan,nan
3492.215,1.545678e-05,0.0,nan,nan,nan
3492.299,1.54571e-05,0.0,nan,nan,nan
3492.384,1.546169e-05,0.0,nan,nan,nan
3492.468,1.545633e-05,0.0,nan,nan,nan
3492.552,1.545663e-05,0.0,nan,nan,nan
3492.647,1.545607e-05,0.0,nan,nan,nan
3492.731,1.5458e-05,0.0,nan,nan,nan
3492.816,1.545757e-05,0.0,nan,nan,nan
3492.899,1.545216e-05,0.0,nan,nan,nan
3492.983,1.545658e-05,0.0,nan,nan,nan
3493.066,1.545909e-05,0.0,nan,nan,nan
3493.15,1.545543e-05,0.0,nan,nan,nan
3493.233,1.545721e-05,0.0,nan,nan,nan
3493.317,1.545996e-05,0.0,nan,nan,nan
3493.402,1.545539e-05,0.0,nan,nan,nan
3493.489,1.546082e-05,0.0,nan,nan,nan
3493.599,1.545388e-05,0.0,nan,nan,nan
3493.696,1.545631e-05,0.0,nan,nan,nan
3493.78,1.545995e-05,0.0,nan,nan,nan
3493.88,1.545971e-05,0.0,nan,nan,nan
3493.964,1.545659e-05,0.0,nan,nan,nan
3494.049,1.546065e-05,0.0,nan,nan,nan
3494.133,1.545769e-05,0.0,nan,nan,nan
3494.216,1.546175e-05,0.0,nan,nan,nan
3494.3,1.546283e-05,0.0,nan,nan,nan
3494.383,1.545907e-05,0.0,nan,nan,nan
3494.467,1.545763e-05,0.0,nan,nan,nan
3494.551,1.545784e-05,0.0,nan,nan,nan
3494.634,1.545975e-05,0.0,nan,nan,nan
3494.718,1.546215e-05,0.0,nan,nan,nan
3494.802,1.545916e-05,0.0,nan,nan,nan
3494.91,1.545737e-05,0.0,nan,nan,nan
3494.994,1.54656e-05,0.0,nan,nan,nan
3495.078,1.546309e-05,0.0,nan,nan,nan
3495.162,1.546129e-05,0.0,nan,nan,nan
3495.248,1.546074e-05,0.0,nan,nan,nan
3495.332,1.546133e-05,0.0,nan,nan,nan
3495.416,1.545765e-05,0.0,nan,nan,nan
3495.51,1.54555e-05,0.0,nan,nan,nan
3495.594,1.545454e-05,0.0,nan,nan,nan
3495.714,1.545979e-05,0.0,nan,nan,nan
3495.798,1.54574e-05,0.0,nan,nan,nan
3495.883,1.545834e-05,0.0,nan,nan,nan
3495.966,1.546003e-05,0.0,nan,nan,nan
3496.053,1.545665e-05,0.0,nan,nan,nan
3496.137,1.545656e-05,0.0,nan,nan,nan
3496.22,1.545871e-05,0.0,nan,nan,nan
3496.304,1.545605e-05,0.0,nan,nan,nan
3496.388,1.545719e-05,0.0,nan,nan,nan
3496.471,1.545994e-05,0.0,nan,nan,nan
3496.557,1.546051e-05,0.0,nan,nan,nan
3496.64,1.545828e-05,0.0,nan,nan,nan
3496.748,1.54531e-05,0.0,nan,nan,nan
3496.832,1.545695e-05,0.0,nan,nan,nan
3496.916,1.54614e-05,0.0,nan,nan,nan
3497.0,1.545879e-05,0.0,nan,nan,nan
3497.083,1.545586e-05,0.0,nan,nan,nan
3497.167,1.545834e-05,0.0,nan,nan,nan
3497.251,1.545533e-05,0.0,nan,nan,nan
3497.35,1.545841e-05,0.0,nan,nan,nan
3497.434,1.545519e-05,0.0,nan,nan,nan
3497.519,1.545415e-05,0.0,nan,nan,nan
3497.603,1.5454e-05,0.0,nan,nan,nan
3497.687,1.545618e-05,0.0,nan,nan,nan
3497.771,1.54572e-05,0.0,nan,nan,nan
3497.854,1.545397e-05,0.0,nan,nan,nan
3497.938,1.545237e-05,0.0,nan,nan,nan
3498.021,1.545639e-05,0.0,nan,nan,nan
3498.105,1.545861e-05,0.0,nan,nan,nan
3498.196,1.54544e-05,0.0,nan,nan,nan
3498.28,1.545723e-05,0.0,nan,nan,nan
3498.369,1.545541e-05,0.0,nan,nan,nan
3498.453,1.546062e-05,0.0,nan,nan,nan
3498.536,1.5457e-05,0.0,nan,nan,nan
3498.62,1.545616e-05,0.0,nan,nan,nan
3498.704,1.545845e-05,0.0,nan,nan,nan
3498.788,1.545518e-05,0.0,nan,nan,nan
3498.871,1.545582e-05,0.0,nan,nan,nan
3498.985,1.545771e-05,0.0,nan,nan,nan
3499.069,1.545777e-05,0.0,nan,nan,nan
3499.152,1.545866e-05,0.0,nan,nan,nan
3499.236,1.545747e-05,0.0,nan,nan,nan
3499.32,1.545765e-05,0.0,nan,nan,nan
3499.404,1.545695e-05,0.0,nan,nan,nan
3499.488,1.545676e-05,0.0,nan,nan,nan
3499.598,1.545895e-05,0.0,nan,nan,nan
3499.682,1.545857e-05,0.0,nan,nan,nan
3499.784,1.545461e-05,0.0,nan,nan,nan
3500.528,1.545752e-05,0.0,nan,nan,nan
3500.612,1.546099e-05,0.0,nan,nan,nan
3500.696,1.545667e-05,0.0,nan,nan,nan
3500.801,1.545552e-05,0.0,nan,nan,nan
3500.885,1.545617e-05,0.0,nan,nan,nan
3500.968,1.545633e-05,0.0,nan,nan,nan
3501.052,1.545497e-05,0.0,nan,nan,nan
3501.136,1.54558e-05,0.0,nan,nan,nan
3501.224,1.545603e-05,0.0,nan,nan,nan
3501.308,1.545262e-05,0.0,nan,nan,nan
3501.408,1.545841e-05,0.0,nan,nan,nan
3501.492,1.545852e-05,0.0,nan,nan,nan
3501.577,1.54594e-05,0.0,nan,nan,nan
3501.66,1.545605e-05,0.0,nan,nan,nan
3501.744,1.545788e-05,0.0,nan,nan,nan
3501.828,1.545869e-05,0.0,nan,nan,nan
3501.912,1.54595e-05,0.0,nan,nan,nan
3501.995,1.545682e-05,0.0,nan,nan,nan
3502.079,1.545586e-05,0.0,nan,nan,nan
3502.163,1.545919e-05,0.0,nan,nan,nan
3502.246,1.545599e-05,0.0,nan,nan,nan
3502.33,1.545521e-05,0.0,nan,nan,nan
3502.415,1.545417e-05,0.0,nan,nan,nan
3502.499,1.545701e-05,0.0,nan,nan,nan
3502.604,1.54575e-05,0.0,nan,nan,nan
3502.689,1.545659e-05,0.0,nan,nan,nan
3502.773,1.54557e-05,0.0,nan,nan,nan
3502.857,1.545868e-05,0.0,nan,nan,nan
3502.941,1.54579e-05,0.0,nan,nan,nan
3503.047,1.54561e-05,0.0,nan,nan,nan
3503.13,1.545566e-05,0.0,nan,nan,nan
3503.214,1.545699e-05,0.0,nan,nan,nan
3503.298,1.54618e-05,0.0,nan,nan,nan
3503.382,1.545887e-05,0.0,nan,nan,nan
3503.465,1.545967e-05,0.0,nan,nan,nan
3503.55,1.545986e-05,0.0,nan,nan,nan
3503.633,1.546087e-05,0.0,nan,nan,nan
3503.717,1.545777e-05,0.0,nan,nan,nan
3503.8,1.54576e-05,0.0,nan,nan,nan
3503.887,1.545431e-05,0.0,nan,nan,nan
3503.971,1.545275e-05,0.0,nan,nan,nan
3504.087,1.546267e-05,0.0,nan,nan,nan
3504.171,1.546101e-05,0.0,nan,nan,nan
3504.255,1.54572e-05,0.0,nan,nan,nan
3504.339,1.545827e-05,0.0,nan,nan,nan
3504.422,1.545491e-05,0.0,nan,nan,nan
3504.524,1.545722e-05,0.0,nan,nan,nan
3504.608,1.545735e-05,0.0,nan,nan,nan
3504.692,1.545014e-05,0.0,nan,nan,nan
3504.775,1.545657e-05,0.0,nan,nan,nan
3504.86,1.545958e-05,0.0,nan,nan,nan
3504.944,1.545773e-05,0.0,nan,nan,nan
3505.028,1.545412e-05,0.0,nan,nan,nan
3505.112,1.545484e-05,0.0,nan,nan,nan
3505.195,1.545828e-05,0.0,nan,nan,nan
3505.295,1.54558e-05,0.0,nan,nan,nan
3505.379,1.545336e-05,0.0,nan,nan,nan
3505.464,1.545447e-05,0.0,nan,nan,nan
3505.547,1.545513e-05,0.0,nan,nan,nan
3505.631,1.545807e-05,0.0,nan,nan,nan
3505.715,1.5457e-05,0.0,nan,nan,nan
3505.798,1.545279e-05,0.0,nan,nan,nan
3505.883,1.545586e-05,0.0,nan,nan,nan
3505.966,1.54524e-05,0.0,nan,nan,nan
3506.05,1.545526e-05,0.0,nan,nan,nan
3506.16,1.545288e-05,0.0,nan,nan,nan
3506.244,1.545827e-05,0.0,nan,nan,nan
3506.327,1.54558e-05,0.0,nan,nan,nan
3506.411,1.545635e-05,0.0,nan,nan,nan
3506.494,1.54558e-05,0.0,nan,nan,nan
3506.578,1.54565e-05,0.0,nan,nan,nan
3506.662,1.545643e-05,0.0,nan,nan,nan
3506.745,1.545544e-05,0.0,nan,nan,nan
3506.829,1.545651e-05,0.0,nan,nan,nan
3506.913,1.545411e-05,0.0,nan,nan,nan
3506.997,1.54574e-05,0.0,nan,nan,nan
3507.081,1.545864e-05,0.0,nan,nan,nan
3507.167,1.545674e-05,0.0,nan,nan,nan
3507.251,1.545709e-05,0.0,nan,nan,nan
3507.334,1.545717e-05,0.0,nan,nan,nan
3507.418,1.54547e-05,0.0,nan,nan,nan
3507.502,1.545587e-05,0.0,nan,nan,nan
3507.586,1.545452e-05,0.0,nan,nan,nan
3507.67,1.545619e-05,0.0,nan,nan,nan
3507.753,1.545825e-05,0.0,nan,nan,nan
3507.837,1.545457e-05,0.0,nan,nan,nan
3507.922,1.545854e-05,0.0,nan,nan,nan
3508.017,1.546026e-05,0.0,nan,nan,nan
3508.101,1.545993e-05,0.0,nan,nan,nan
3508.195,1.545697e-05,0.0,nan,nan,nan
3508.279,1.545976e-05,0.0,nan,nan,nan
3508.362,1.54589e-05,0.0,nan,nan,nan
3508.446,1.545581e-05,0.0,nan,nan,nan
3508.53,1.545159e-05,0.0,nan,nan,nan
3508.615,1.545289e-05,0.0,nan,nan,nan
3508.698,1.545572e-05,0.0,nan,nan,nan
3508.782,1.545834e-05,0.0,nan,nan,nan
3508.866,1.545655e-05,0.0,nan,nan,nan
3508.95,1.545465e-05,0.0,nan,nan,nan
3509.037,1.545521e-05,0.0,nan,nan,nan
3509.121,1.545985e-05,0.0,nan,nan,nan
3509.204,1.545532e-05,0.0,nan,nan,nan
3509.288,1.545498e-05,0.0,nan,nan,nan
3509.372,1.545528e-05,0.0,nan,nan,nan
3509.455,1.545549e-05,0.0,nan,nan,nan
3509.539,1.545449e-05,0.0,nan,nan,nan
3509.635,1.545157e-05,0.0,nan,nan,nan
3509.719,1.545628e-05,0.0,nan,nan,nan
3509.803,1.545582e-05,0.0,nan,nan,nan
3509.887,1.545571e-05,0.0,nan,nan,nan
3509.97,1.545827e-05,0.0,nan,nan,nan
3510.053,1.545156e-05,0.0,nan,nan,nan
3510.137,1.545128e-05,0.0,nan,nan,nan
3510.221,1.54525e-05,0.0,nan,nan,nan
3510.304,1.545161e-05,0.0,nan,nan,nan
3510.388,1.545394e-05,0.0,nan,nan,nan
3510.472,1.545725e-05,0.0,nan,nan,nan
3510.556,1.545398e-05,0.0,nan,nan,nan
3510.663,1.54571e-05,0.0,nan,nan,nan
3510.747,1.545479e-05,0.0,nan,nan,nan
3510.834,1.545682e-05,0.0,nan,nan,nan
3510.918,1.545682e-05,0.0,nan,nan,nan
3511.001,1.545688e-05,0.0,nan,nan,nan
3511.085,1.545626e-05,0.0,nan,nan,nan
3511.169,1.545044e-05,0.0,nan,nan,nan
3511.269,1.545254e-05,0.0,nan,nan,nan
3511.353,1.54566e-05,0.0,nan,nan,nan
3511.436,1.54544e-05,0.0,nan,nan,nan
3511.52,1.545163e-05,0.0,nan,nan,nan
3511.604,1.545629e-05,0.0,nan,nan,nan
3511.691,1.545724e-05,0.0,nan,nan,nan
3511.775,1.545865e-05,0.0,nan,nan,nan
3511.883,1.545843e-05,0.0,nan,nan,nan
3511.967,1.545807e-05,0.0,nan,nan,nan
3512.05,1.545897e-05,0.0,nan,nan,nan
3512.134,1.545757e-05,0.0,nan,nan,nan
3512.217,1.545567e-05,0.0,nan,nan,nan
3512.302,1.545446e-05,0.0,nan,nan,nan
3512.386,1.545685e-05,0.0,nan,nan,nan
3512.469,1.545264e-05,0.0,nan,nan,nan
3512.553,1.545079e-05,0.0,nan,nan,nan
3512.636,1.545333e-05,0.0,nan,nan,nan
3512.72,1.54582e-05,0.0,nan,nan,nan
3512.804,1.54566e-05,0.0,nan,nan,nan
3512.915,1.5455e-05,0.0,nan,nan,nan
3512.999,1.545692e-05,0.0,nan,nan,nan
3513.102,1.545413e-05,0.0,nan,nan,nan
3513.185,1.545129e-05,0.0,nan,nan,nan
3513.269,1.545342e-05,0.0,nan,nan,nan
3513.352,1.545479e-05,0.0,nan,nan,nan
3513.436,1.545504e-05,0.0,nan,nan,nan
3513.534,1.545744e-05,0.0,nan,nan,nan
3513.618,1.545672e-05,0.0,nan,nan,nan
3513.701,1.546016e-05,0.0,nan,nan,nan
3513.785,1.546389e-05,0.0,nan,nan,nan
3513.868,1.546294e-05,0.0,nan,nan,nan
3513.952,1.545878e-05,0.0,nan,nan,nan
3514.036,1.545688e-05,0.0,nan,nan,nan
3514.135,1.545583e-05,0.0,nan,nan,nan
3514.218,1.546059e-05,0.0,nan,nan,nan
3514.302,1.545589e-05,0.0,nan,nan,nan
3514.386,1.545883e-05,0.0,nan,nan,nan
3514.47,1.545643e-05,0.0,nan,nan,nan
3514.574,1.545516e-05,0.0,nan,nan,nan
3514.657,1.545312e-05,0.0,nan,nan,nan
3514.756,1.545549e-05,0.0,nan,nan,nan
3514.839,1.545485e-05,0.0,nan,nan,nan
3514.925,1.545634e-05,0.0,nan,nan,nan
3515.01,1.546142e-05,0.0,nan,nan,nan
3515.094,1.54633e-05,0.0,nan,nan,nan
3515.178,1.545793e-05,0.0,nan,nan,nan
3515.261,1.5458e-05,0.0,nan,nan,nan
3515.371,1.545988e-05,0.0,nan,nan,nan
3515.455,1.545093e-05,0.0,nan,nan,nan
3515.539,1.545765e-05,0.0,nan,nan,nan
3515.622,1.545221e-05,0.0,nan,nan,nan
3515.706,1.545158e-05,0.0,nan,nan,nan
3515.812,1.545239e-05,0.0,nan,nan,nan
3515.895,1.545778e-05,0.0,nan,nan,nan
3516.003,1.545361e-05,0.0,nan,nan,nan
3516.087,1.545259e-05,0.0,nan,nan,nan
3516.18,1.54509e-05,0.0,nan,nan,nan
3516.264,1.545129e-05,0.0,nan,nan,nan
3516.347,1.545495e-05,0.0,nan,nan,nan
3516.431,1.544983e-05,0.0,nan,nan,nan
3516.515,1.545222e-05,0.0,nan,nan,nan
3516.598,1.54502e-05,0.0,nan,nan,nan
3516.682,1.545335e-05,0.0,nan,nan,nan
3516.768,1.545388e-05,0.0,nan,nan,nan
3516.852,1.545277e-05,0.0,nan,nan,nan
3516.936,1.545086e-05,0.0,nan,nan,nan
3517.049,1.544963e-05,0.0,nan,nan,nan
3517.132,1.544964e-05,0.0,nan,nan,nan
3517.216,1.54517e-05,0.0,nan,nan,nan
3517.301,1.54541e-05,0.0,nan,nan,nan
3517.392,1.545188e-05,0.0,nan,nan,nan
3517.475,1.544997e-05,0.0,nan,nan,nan
3517.559,1.545073e-05,0.0,nan,nan,nan
3517.642,1.54537e-05,0.0,nan,nan,nan
3517.726,1.545426e-05,0.0,nan,nan,nan
3517.837,1.545558e-05,0.0,nan,nan,nan
3517.924,1.545363e-05,0.0,nan,nan,nan
3518.029,1.545324e-05,0.0,nan,nan,nan
3518.113,1.545567e-05,0.0,nan,nan,nan
3518.197,1.545405e-05,0.0,nan,nan,nan
3518.28,1.54525e-05,0.0,nan,nan,nan
3518.364,1.545465e-05,0.0,nan,nan,nan
3518.482,1.546067e-05,0.0,nan,nan,nan
3518.566,1.545702e-05,0.0,nan,nan,nan
3518.649,1.545595e-05,0.0,nan,nan,nan
3518.738,1.545338e-05,0.0,nan,nan,nan
3518.824,1.545207e-05,0.0,nan,nan,nan
3518.907,1.545177e-05,0.0,nan,nan,nan
3518.991,1.545671e-05,0.0,nan,nan,nan
3519.075,1.545591e-05,0.0,nan,nan,nan
3519.158,1.545786e-05,0.0,nan,nan,nan
3519.242,1.54549e-05,0.0,nan,nan,nan
3519.325,1.545874e-05,0.0,nan,nan,nan
3519.409,1.545814e-05,0.0,nan,nan,nan
3519.492,1.545394e-05,0.0,nan,nan,nan
3519.577,1.545545e-05,0.0,nan,nan,nan
3519.66,1.545497e-05,0.0,nan,nan,nan
3519.744,1.545226e-05,0.0,nan,nan,nan
3519.836,1.545267e-05,0.0,nan,nan,nan
3519.92,1.54536e-05,0.0,nan,nan,nan
3520.003,1.545589e-05,0.0,nan,nan,nan
3520.087,1.54563e-05,0.0,nan,nan,nan
3520.172,1.545348e-05,0.0,nan,nan,nan
3520.259,1.545487e-05,0.0,nan,nan,nan
3520.342,1.545646e-05,0.0,nan,nan,nan
3520.444,1.54534e-05,0.0,nan,nan,nan
3520.527,1.54571e-05,0.0,nan,nan,nan
3520.611,1.54588e-05,0.0,nan,nan,nan
3520.694,1.545856e-05,0.0,nan,nan,nan
3520.778,1.546233e-05,0.0,nan,nan,nan
3520.862,1.545625e-05,0.0,nan,nan,nan
3520.946,1.545922e-05,0.0,nan,nan,nan
3521.029,1.546029e-05,0.0,nan,nan,nan
3521.113,1.545538e-05,0.0,nan,nan,nan
3521.199,1.545595e-05,0.0,nan,nan,nan
3521.286,1.546087e-05,0.0,nan,nan,nan
3521.37,1.545705e-05,0.0,nan,nan,nan
3521.453,1.545829e-05,0.0,nan,nan,nan
3521.537,1.545775e-05,0.0,nan,nan,nan
3521.621,1.546297e-05,0.0,nan,nan,nan
3521.704,1.546017e-05,0.0,nan,nan,nan
3521.788,1.546075e-05,0.0,nan,nan,nan
3521.886,1.546252e-05,0.0,nan,nan,nan
3521.969,1.545837e-05,0.0,nan,nan,nan
3522.069,1.546002e-05,0.0,nan,nan,nan
3522.152,1.545451e-05,0.0,nan,nan,nan
3522.236,1.545531e-05,0.0,nan,nan,nan
3522.319,1.546035e-05,0.0,nan,nan,nan
3522.403,1.546142e-05,0.0,nan,nan,nan
3522.488,1.546037e-05,0.0,nan,nan,nan
3522.572,1.546273e-05,0.0,nan,nan,nan
3522.667,1.545862e-05,0.0,nan,nan,nan
3522.751,1.54612e-05,0.0,nan,nan,nan
3522.835,1.546045e-05,0.0,nan,nan,nan
3522.918,1.545935e-05,0.0,nan,nan,nan
3523.004,1.54613e-05,0.0,nan,nan,nan
3523.096,1.54569e-05,0.0,nan,nan,nan
3523.18,1.545725e-05,0.0,nan,nan,nan
3523.282,1.545841e-05,0.0,nan,nan,nan
3523.366,1.545523e-05,0.0,nan,nan,nan
3523.45,1.545345e-05,0.0,nan,nan,nan
3523.533,1.545751e-05,0.0,nan,nan,nan
3523.62,1.546013e-05,0.0,nan,nan,nan
3523.706,1.545408e-05,0.0,nan,nan,nan
3523.79,1.545639e-05,0.0,nan,nan,nan
3523.873,1.545844e-05,0.0,nan,nan,nan
3523.957,1.545535e-05,0.0,nan,nan,nan
3524.041,1.545472e-05,0.0,nan,nan,nan
3524.124,1.545548e-05,0.0,nan,nan,nan
3524.208,1.545836e-05,0.0,nan,nan,nan
3524.3,1.545523e-05,0.0,nan,nan,nan
3524.384,1.545318e-05,0.0,nan,nan,nan
3524.468,1.545503e-05,0.0,nan,nan,nan
3524.552,1.545832e-05,0.0,nan,nan,nan
3524.639,1.545623e-05,0.0,nan,nan,nan
3524.728,1.54572e-05,0.0,nan,nan,nan
3524.812,1.545417e-05,0.0,nan,nan,nan
3524.898,1.54518e-05,0.0,nan,nan,nan
3524.981,1.545915e-05,0.0,nan,nan,nan
3525.066,1.545567e-05,0.0,nan,nan,nan
3525.15,1.54568e-05,0.0,nan,nan,nan
3525.233,1.545497e-05,0.0,nan,nan,nan
3525.317,1.545905e-05,0.0,nan,nan,nan
3525.403,1.546015e-05,0.0,nan,nan,nan
3525.502,1.545948e-05,0.0,nan,nan,nan
3525.586,1.545483e-05,0.0,nan,nan,nan
3525.669,1.545666e-05,0.0,nan,nan,nan
3525.753,1.545609e-05,0.0,nan,nan,nan
3525.836,1.546109e-05,0.0,nan,nan,nan
3525.934,1.545634e-05,0.0,nan,nan,nan
3526.018,1.545775e-05,0.0,nan,nan,nan
3526.102,1.545945e-05,0.0,nan,nan,nan
3526.186,1.545635e-05,0.0,nan,nan,nan
3526.269,1.545476e-05,0.0,nan,nan,nan
3526.353,1.545405e-05,0.0,nan,nan,nan
3526.437,1.545728e-05,0.0,nan,nan,nan
3526.541,1.545699e-05,0.0,nan,nan,nan
3526.624,1.545863e-05,0.0,nan,nan,nan
3526.709,1.545483e-05,0.0,nan,nan,nan
3526.792,1.546051e-05,0.0,nan,nan,nan
3526.876,1.545346e-05,0.0,nan,nan,nan
3526.96,1.545746e-05,0.0,nan,nan,nan
3527.044,1.545789e-05,0.0,nan,nan,nan
3527.128,1.54583e-05,0.0,nan,nan,nan
3527.212,1.545844e-05,0.0,nan,nan,nan
3527.297,1.54541e-05,0.0,nan,nan,nan
3527.381,1.545679e-05,0.0,nan,nan,nan
3527.477,1.545727e-05,0.0,nan,nan,nan
3527.562,1.545765e-05,0.0,nan,nan,nan
3527.646,1.545746e-05,0.0,nan,nan,nan
3527.729,1.545744e-05,0.0,nan,nan,nan
3527.813,1.545608e-05,0.0,nan,nan,nan
3527.897,1.545458e-05,0.0,nan,nan,nan
3527.985,1.54577e-05,0.0,nan,nan,nan
3528.069,1.545538e-05,0.0,nan,nan,nan
3528.175,1.545412e-05,0.0,nan,nan,nan
3528.259,1.5452e-05,0.0,nan,nan,nan
3528.343,1.545469e-05,0.0,nan,nan,nan
3528.426,1.545845e-05,0.0,nan,nan,nan
3528.51,1.546025e-05,0.0,nan,nan,nan
3528.594,1.545924e-05,0.0,nan,nan,nan
3528.678,1.545852e-05,0.0,nan,nan,nan
3528.782,1.545488e-05,0.0,nan,nan,nan
3528.866,1.545215e-05,0.0,nan,nan,nan
3528.949,1.545441e-05,0.0,nan,nan,nan
3529.036,1.545973e-05,0.0,nan,nan,nan
3529.119,1.545322e-05,0.0,nan,nan,nan
3529.207,1.545346e-05,0.0,nan,nan,nan
3529.29,1.545621e-05,0.0,nan,nan,nan
3529.378,1.545317e-05,0.0,nan,nan,nan
3529.462,1.545048e-05,0.0,nan,nan,nan
3529.551,1.545541e-05,0.0,nan,nan,nan
3529.635,1.545548e-05,0.0,nan,nan,nan
3529.721,1.545487e-05,0.0,nan,nan,nan
3529.82,1.545256e-05,0.0,nan,nan,nan
3529.904,1.545339e-05,0.0,nan,nan,nan
3529.992,1.545869e-05,0.0,nan,nan,nan
3530.076,1.545839e-05,0.0,nan,nan,nan
3530.159,1.545596e-05,0.0,nan,nan,nan
3530.243,1.544963e-05,0.0,nan,nan,nan
3530.326,1.545725e-05,0.0,nan,nan,nan
3530.41,1.545754e-05,0.0,nan,nan,nan
3530.494,1.545613e-05,0.0,nan,nan,nan
3530.578,1.545546e-05,0.0,nan,nan,nan
3530.663,1.545638e-05,0.0,nan,nan,nan
3530.747,1.545766e-05,0.0,nan,nan,nan
3530.849,1.545887e-05,0.0,nan,nan,nan
3530.932,1.546251e-05,0.0,nan,nan,nan
3531.016,1.546061e-05,0.0,nan,nan,nan
3531.1,1.546161e-05,0.0,nan,nan,nan
3531.187,1.546212e-05,0.0,nan,nan,nan
3531.271,1.545959e-05,0.0,nan,nan,nan
3531.355,1.545762e-05,0.0,nan,nan,nan
3531.46,1.545947e-05,0.0,nan,nan,nan
3531.544,1.545737e-05,0.0,nan,nan,nan
3531.634,1.545608e-05,0.0,nan,nan,nan
3531.718,1.545292e-05,0.0,nan,nan,nan
3531.802,1.545278e-05,0.0,nan,nan,nan
3531.885,1.545466e-05,0.0,nan,nan,nan
3531.969,1.545795e-05,0.0,nan,nan,nan
3532.057,1.545621e-05,0.0,nan,nan,nan
3532.141,1.545155e-05,0.0,nan,nan,nan
3532.225,1.545469e-05,0.0,nan,nan,nan
3532.308,1.54574e-05,0.0,nan,nan,nan
3532.392,1.545664e-05,0.0,nan,nan,nan
3532.483,1.545529e-05,0.0,nan,nan,nan
3532.566,1.545709e-05,0.0,nan,nan,nan
3532.651,1.545488e-05,0.0,nan,nan,nan
3532.734,1.545746e-05,0.0,nan,nan,nan
3532.818,1.545608e-05,0.0,nan,nan,nan
3532.901,1.545532e-05,0.0,nan,nan,nan
3532.985,1.545623e-05,0.0,nan,nan,nan
3533.085,1.545707e-05,0.0,nan,nan,nan
3533.169,1.545819e-05,0.0,nan,nan,nan
3533.253,1.545482e-05,0.0,nan,nan,nan
3533.337,1.54606e-05,0.0,nan,nan,nan
3533.42,1.545812e-05,0.0,nan,nan,nan
3533.516,1.545555e-05,0.0,nan,nan,nan
3533.6,1.54562e-05,0.0,nan,nan,nan
3533.685,1.545831e-05,0.0,nan,nan,nan
3533.769,1.545628e-05,0.0,nan,nan,nan
3533.853,1.545998e-05,0.0,nan,nan,nan
3533.936,1.546035e-05,0.0,nan,nan,nan
3534.021,1.54555e-05,0.0,nan,nan,nan
3534.105,1.545827e-05,0.0,nan,nan,nan
3534.189,1.545913e-05,0.0,nan,nan,nan
3534.273,1.545687e-05,0.0,nan,nan,nan
3534.357,1.545454e-05,0.0,nan,nan,nan
3534.44,1.546078e-05,0.0,nan,nan,nan
3534.527,1.546213e-05,0.0,nan,nan,nan
3534.61,1.546062e-05,0.0,nan,nan,nan
3534.694,1.546335e-05,0.0,nan,nan,nan
3534.778,1.545693e-05,0.0,nan,nan,nan
3534.861,1.545789e-05,0.0,nan,nan,nan
3534.946,1.54611e-05,0.0,nan,nan,nan
3535.03,1.546198e-05,0.0,nan,nan,nan
3535.13,1.545805e-05,0.0,nan,nan,nan
3535.214,1.54605e-05,0.0,nan,nan,nan
3535.298,1.546009e-05,0.0,nan,nan,nan
3535.381,1.546305e-05,0.0,nan,nan,nan
3535.465,1.545806e-05,0.0,nan,nan,nan
3535.56,1.546011e-05,0.0,nan,nan,nan
3535.644,1.545828e-05,0.0,nan,nan,nan
3535.763,1.545884e-05,0.0,nan,nan,nan
3535.847,1.546005e-05,0.0,nan,nan,nan
3535.95,1.546244e-05,0.0,nan,nan,nan
3536.033,1.545936e-05,0.0,nan,nan,nan
3536.117,1.545855e-05,0.0,nan,nan,nan
3536.2,1.545786e-05,0.0,nan,nan,nan
3536.285,1.545819e-05,0.0,nan,nan,nan
3536.368,1.545768e-05,0.0,nan,nan,nan
3536.452,1.546109e-05,0.0,nan,nan,nan
3536.545,1.546033e-05,0.0,nan,nan,nan
3536.628,1.546023e-05,0.0,nan,nan,nan
3536.712,1.546366e-05,0.0,nan,nan,nan
3536.795,1.546187e-05,0.0,nan,nan,nan
3536.879,1.545993e-05,0.0,nan,nan,nan
3536.983,1.546011e-05,0.0,nan,nan,nan
3537.066,1.546335e-05,0.0,nan,nan,nan
3537.15,1.546453e-05,0.0,nan,nan,nan
3537.234,1.546333e-05,0.0,nan,nan,nan
3537.318,1.546305e-05,0.0,nan,nan,nan
3537.401,1.546141e-05,0.0,nan,nan,nan
3537.485,1.545933e-05,0.0,nan,nan,nan
3537.584,1.546016e-05,0.0,nan,nan,nan
3537.668,1.545907e-05,0.0,nan,nan,nan
3537.751,1.546106e-05,0.0,nan,nan,nan
3537.839,1.546158e-05,0.0,nan,nan,nan
3537.922,1.546253e-05,0.0,nan,nan,nan
3538.008,1.546289e-05,0.0,nan,nan,nan
3538.092,1.546347e-05,0.0,nan,nan,nan
3538.176,1.546163e-05,0.0,nan,nan,nan
3538.26,1.545998e-05,0.0,nan,nan,nan
3538.344,1.546036e-05,0.0,nan,nan,nan
3538.427,1.545631e-05,0.0,nan,nan,nan
3538.511,1.54596e-05,0.0,nan,nan,nan
3538.597,1.545575e-05,0.0,nan,nan,nan
3538.681,1.545792e-05,0.0,nan,nan,nan
3538.765,1.545724e-05,0.0,nan,nan,nan
3538.848,1.54585e-05,0.0,nan,nan,nan
3538.932,1.545626e-05,0.0,nan,nan,nan
3539.016,1.545498e-05,0.0,nan,nan,nan
3539.1,1.545868e-05,0.0,nan,nan,nan
3539.184,1.54568e-05,0.0,nan,nan,nan
3539.267,1.546097e-05,0.0,nan,nan,nan
3539.351,1.545611e-05,0.0,nan,nan,nan
3539.434,1.546045e-05,0.0,nan,nan,nan
3539.518,1.546084e-05,0.0,nan,nan,nan
3539.602,1.545767e-05,0.0,nan,nan,nan
3539.686,1.546007e-05,0.0,nan,nan,nan
3539.77,1.545749e-05,0.0,nan,nan,nan
3539.882,1.546028e-05,0.0,nan,nan,nan
3539.965,1.545871e-05,0.0,nan,nan,nan
3540.049,1.546066e-05,0.0,nan,nan,nan
3540.133,1.546376e-05,0.0,nan,nan,nan
3540.234,1.545601e-05,0.0,nan,nan,nan
3540.318,1.54588e-05,0.0,nan,nan,nan
3540.401,1.545865e-05,0.0,nan,nan,nan
3540.485,1.54619e-05,0.0,nan,nan,nan
3540.569,1.545875e-05,0.0,nan,nan,nan
3540.664,1.545989e-05,0.0,nan,nan,nan
3540.748,1.545661e-05,0.0,nan,nan,nan
3540.832,1.546121e-05,0.0,nan,nan,nan
3540.916,1.545988e-05,0.0,nan,nan,nan
3541.0,1.545825e-05,0.0,nan,nan,nan
3541.084,1.5459e-05,0.0,nan,nan,nan
3541.17,1.545792e-05,0.0,nan,nan,nan
3541.254,1.546048e-05,0.0,nan,nan,nan
3541.338,1.546095e-05,0.0,nan,nan,nan
3541.424,1.546132e-05,0.0,nan,nan,nan
3541.507,1.546088e-05,0.0,nan,nan,nan
3541.591,1.545883e-05,0.0,nan,nan,nan
3541.681,1.545916e-05,0.0,nan,nan,nan
3541.765,1.545526e-05,0.0,nan,nan,nan
3541.869,1.545479e-05,0.0,nan,nan,nan
3541.966,1.545801e-05,0.0,nan,nan,nan
3542.065,1.545505e-05,0.0,nan,nan,nan
3542.149,1.545811e-05,0.0,nan,nan,nan
3542.233,1.545556e-05,0.0,nan,nan,nan
3542.316,1.54583e-05,0.0,nan,nan,nan
3542.4,1.545259e-05,0.0,nan,nan,nan
3542.499,1.545433e-05,0.0,nan,nan,nan
3542.582,1.54572e-05,0.0,nan,nan,nan
3542.666,1.545022e-05,0.0,nan,nan,nan
3542.749,1.545192e-05,0.0,nan,nan,nan
3542.833,1.545446e-05,0.0,nan,nan,nan
3542.917,1.545758e-05,0.0,nan,nan,nan
3543.0,1.545671e-05,0.0,nan,nan,nan
3543.096,1.545185e-05,0.0,nan,nan,nan
3543.179,1.545415e-05,0.0,nan,nan,nan
3543.263,1.545657e-05,0.0,nan,nan,nan
3543.346,1.545523e-05,0.0,nan,nan,nan
3543.43,1.545743e-05,0.0,nan,nan,nan
3543.513,1.545983e-05,0.0,nan,nan,nan
3543.597,1.545808e-05,0.0,nan,nan,nan
3543.681,1.545839e-05,0.0,nan,nan,nan
3543.765,1.545752e-05,0.0,nan,nan,nan
3543.849,1.546072e-05,0.0,nan,nan,nan
3543.933,1.545601e-05,0.0,nan,nan,nan
3544.044,1.54568e-05,0.0,nan,nan,nan
3544.128,1.545632e-05,0.0,nan,nan,nan
3544.211,1.545752e-05,0.0,nan,nan,nan
3544.295,1.546095e-05,0.0,nan,nan,nan
3544.379,1.546057e-05,0.0,nan,nan,nan
3544.462,1.545821e-05,0.0,nan,nan,nan
3544.55,1.546176e-05,0.0,nan,nan,nan
3544.634,1.546158e-05,0.0,nan,nan,nan
3544.718,1.546006e-05,0.0,nan,nan,nan
3544.801,1.546235e-05,0.0,nan,nan,nan
3544.885,1.54602e-05,0.0,nan,nan,nan
3544.969,1.546274e-05,0.0,nan,nan,nan
3545.052,1.546326e-05,0.0,nan,nan,nan
3545.152,1.545722e-05,0.0,nan,nan,nan
3545.235,1.545821e-05,0.0,nan,nan,nan
3545.319,1.545717e-05,0.0,nan,nan,nan
3545.403,1.545615e-05,0.0,nan,nan,nan
3545.487,1.545817e-05,0.0,nan,nan,nan
3545.571,1.546106e-05,0.0,nan,nan,nan
3545.654,1.546076e-05,0.0,nan,nan,nan
3545.739,1.546137e-05,0.0,nan,nan,nan
3545.822,1.545736e-05,0.0,nan,nan,nan
3545.906,1.545992e-05,0.0,nan,nan,nan
3545.991,1.546237e-05,0.0,nan,nan,nan
3546.1,1.545494e-05,0.0,nan,nan,nan
3546.184,1.545925e-05,0.0,nan,nan,nan
3546.268,1.546015e-05,0.0,nan,nan,nan
3546.371,1.545934e-05,0.0,nan,nan,nan
3546.454,1.546024e-05,0.0,nan,nan,nan
3546.539,1.54583e-05,0.0,nan,nan,nan
3546.622,1.545495e-05,0.0,nan,nan,nan
3546.707,1.545552e-05,0.0,nan,nan,nan
3546.791,1.545358e-05,0.0,nan,nan,nan
3546.875,1.545706e-05,0.0,nan,nan,nan
3546.979,1.545725e-05,0.0,nan,nan,nan
3547.063,1.545991e-05,0.0,nan,nan,nan
3547.147,1.545692e-05,0.0,nan,nan,nan
3547.23,1.545701e-05,0.0,nan,nan,nan
3547.316,1.545629e-05,0.0,nan,nan,nan
3547.401,1.545844e-05,0.0,nan,nan,nan
3547.485,1.545974e-05,0.0,nan,nan,nan
3547.576,1.545887e-05,0.0,nan,nan,nan
3547.659,1.546181e-05,0.0,nan,nan,nan
3547.745,1.546193e-05,0.0,nan,nan,nan
3547.829,1.546096e-05,0.0,nan,nan,nan
3547.913,1.545615e-05,0.0,nan,nan,nan
3547.999,1.545842e-05,0.0,nan,nan,nan
3548.083,1.545844e-05,0.0,nan,nan,nan
3548.168,1.545652e-05,0.0,nan,nan,nan
3548.256,1.545671e-05,0.0,nan,nan,nan
3548.339,1.545999e-05,0.0,nan,nan,nan
3548.423,1.545989e-05,0.0,nan,nan,nan
3548.507,1.546186e-05,0.0,nan,nan,nan
3548.6,1.545746e-05,0.0,nan,nan,nan
3548.683,1.545549e-05,0.0,nan,nan,nan
3548.767,1.545666e-05,0.0,nan,nan,nan
3548.85,1.545707e-05,0.0,nan,nan,nan
3548.935,1.545685e-05,0.0,nan,nan,nan
3549.019,1.545688e-05,0.0,nan,nan,nan
3549.103,1.54558e-05,0.0,nan,nan,nan
3549.187,1.545371e-05,0.0,nan,nan,nan
3549.27,1.545757e-05,0.0,nan,nan,nan
3549.354,1.545864e-05,0.0,nan,nan,nan
3549.451,1.545563e-05,0.0,nan,nan,nan
3549.535,1.545794e-05,0.0,nan,nan,nan
3549.636,1.545335e-05,0.0,nan,nan,nan
3549.72,1.545438e-05,0.0,nan,nan,nan
3549.803,1.545308e-05,0.0,nan,nan,nan
3549.887,1.545239e-05,0.0,nan,nan,nan
3549.974,1.545288e-05,0.0,nan,nan,nan
3550.057,1.545934e-05,0.0,nan,nan,nan
3550.141,1.545499e-05,0.0,nan,nan,nan
3550.248,1.545648e-05,0.0,nan,nan,nan
3550.332,1.545316e-05,0.0,nan,nan,nan
3550.416,1.54571e-05,0.0,nan,nan,nan
3550.499,1.545387e-05,0.0,nan,nan,nan
3550.584,1.545237e-05,0.0,nan,nan,nan
3550.667,1.545511e-05,0.0,nan,nan,nan
3550.751,1.545785e-05,0.0,nan,nan,nan
3550.835,1.54593e-05,0.0,nan,nan,nan
3550.918,1.545364e-05,0.0,nan,nan,nan
3551.002,1.545392e-05,0.0,nan,nan,nan
3551.085,1.545661e-05,0.0,nan,nan,nan
3551.169,1.545686e-05,0.0,nan,nan,nan
3551.253,1.545735e-05,0.0,nan,nan,nan
3551.336,1.545886e-05,0.0,nan,nan,nan
3551.42,1.545817e-05,0.0,nan,nan,nan
3551.506,1.545979e-05,0.0,nan,nan,nan
3551.59,1.545875e-05,0.0,nan,nan,nan
3551.68,1.545672e-05,0.0,nan,nan,nan
3551.764,1.545064e-05,0.0,nan,nan,nan
3551.847,1.545626e-05,0.0,nan,nan,nan
3551.931,1.54565e-05,0.0,nan,nan,nan
3552.014,1.545597e-05,0.0,nan,nan,nan
3552.102,1.545827e-05,0.0,nan,nan,nan
3552.185,1.545351e-05,0.0,nan,nan,nan
3552.299,1.545541e-05,0.0,nan,nan,nan
3552.382,1.545468e-05,0.0,nan,nan,nan
3552.467,1.545468e-05,0.0,nan,nan,nan
3552.551,1.545515e-05,0.0,nan,nan,nan
3552.634,1.545913e-05,0.0,nan,nan,nan
3552.718,1.545606e-05,0.0,nan,nan,nan
3552.802,1.545507e-05,0.0,nan,nan,nan
3552.891,1.545662e-05,0.0,nan,nan,nan
3552.975,1.545471e-05,0.0,nan,nan,nan
3553.059,1.545385e-05,0.0,nan,nan,nan
3553.143,1.545455e-05,0.0,nan,nan,nan
3553.226,1.545373e-05,0.0,nan,nan,nan
3553.31,1.545413e-05,0.0,nan,nan,nan
3553.394,1.545103e-05,0.0,nan,nan,nan
3553.479,1.545239e-05,0.0,nan,nan,nan
3553.562,1.545357e-05,0.0,nan,nan,nan
3553.646,1.545068e-05,0.0,nan,nan,nan
3553.732,1.545312e-05,0.0,nan,nan,nan
3553.816,1.545215e-05,0.0,nan,nan,nan
3553.918,1.545398e-05,0.0,nan,nan,nan
3554.002,1.545273e-05,0.0,nan,nan,nan
3554.086,1.545475e-05,0.0,nan,nan,nan
3554.17,1.545284e-05,0.0,nan,nan,nan
3554.253,1.545585e-05,0.0,nan,nan,nan
3554.337,1.545415e-05,0.0,nan,nan,nan
3554.421,1.545539e-05,0.0,nan,nan,nan
3554.513,1.545444e-05,0.0,nan,nan,nan
3554.597,1.545385e-05,0.0,nan,nan,nan
3554.68,1.545222e-05,0.0,nan,nan,nan
3554.764,1.545218e-05,0.0,nan,nan,nan
3554.848,1.544903e-05,0.0,nan,nan,nan
3554.933,1.545455e-05,0.0,nan,nan,nan
3555.016,1.545555e-05,0.0,nan,nan,nan
3555.1,1.54547e-05,0.0,nan,nan,nan
3555.183,1.545788e-05,0.0,nan,nan,nan
3555.267,1.545684e-05,0.0,nan,nan,nan
3555.351,1.545545e-05,0.0,nan,nan,nan
3555.435,1.545846e-05,0.0,nan,nan,nan
3555.529,1.546009e-05,0.0,nan,nan,nan
3555.613,1.545763e-05,0.0,nan,nan,nan
3555.697,1.545823e-05,0.0,nan,nan,nan
3555.781,1.545761e-05,0.0,nan,nan,nan
3555.864,1.546018e-05,0.0,nan,nan,nan
3555.952,1.545683e-05,0.0,nan,nan,nan
3556.036,1.545878e-05,0.0,nan,nan,nan
3556.119,1.54576e-05,0.0,nan,nan,nan
3556.203,1.54542e-05,0.0,nan,nan,nan
3556.287,1.545528e-05,0.0,nan,nan,nan
3556.371,1.545545e-05,0.0,nan,nan,nan
3556.478,1.545464e-05,0.0,nan,nan,nan
3556.561,1.545518e-05,0.0,nan,nan,nan
3556.645,1.545834e-05,0.0,nan,nan,nan
3556.73,1.545589e-05,0.0,nan,nan,nan
3556.814,1.545679e-05,0.0,nan,nan,nan
3556.898,1.545779e-05,0.0,nan,nan,nan
3556.989,1.545826e-05,0.0,nan,nan,nan
3557.073,1.545253e-05,0.0,nan,nan,nan
3557.157,1.545473e-05,0.0,nan,nan,nan
3557.24,1.545538e-05,0.0,nan,nan,nan
3557.324,1.545723e-05,0.0,nan,nan,nan
3557.408,1.545727e-05,0.0,nan,nan,nan
3557.492,1.545414e-05,0.0,nan,nan,nan
3557.6,1.545263e-05,0.0,nan,nan,nan
3557.684,1.545361e-05,0.0,nan,nan,nan
3557.781,1.545421e-05,0.0,nan,nan,nan
3557.865,1.54499e-05,0.0,nan,nan,nan
3557.95,1.545357e-05,0.0,nan,nan,nan
3558.034,1.545367e-05,0.0,nan,nan,nan
3558.119,1.544869e-05,0.0,nan,nan,nan
3558.203,1.545219e-05,0.0,nan,nan,nan
3558.287,1.545028e-05,0.0,nan,nan,nan
3558.37,1.544883e-05,0.0,nan,nan,nan
3558.454,1.545036e-05,0.0,nan,nan,nan
3558.558,1.545144e-05,0.0,nan,nan,nan
3558.641,1.544993e-05,0.0,nan,nan,nan
3558.725,1.545052e-05,0.0,nan,nan,nan
3558.81,1.545328e-05,0.0,nan,nan,nan
3558.894,1.545227e-05,0.0,nan,nan,nan
3558.979,1.545309e-05,0.0,nan,nan,nan
3559.063,1.54545e-05,0.0,nan,nan,nan
3559.147,1.545182e-05,0.0,nan,nan,nan
3559.231,1.545145e-05,0.0,nan,nan,nan
3559.314,1.545446e-05,0.0,nan,nan,nan
3559.398,1.54521e-05,0.0,nan,nan,nan
3559.482,1.54524e-05,0.0,nan,nan,nan
3559.568,1.5453e-05,0.0,nan,nan,nan
3559.653,1.545624e-05,0.0,nan,nan,nan
3559.736,1.545635e-05,0.0,nan,nan,nan
3559.832,1.545567e-05,0.0,nan,nan,nan
3559.916,1.545538e-05,0.0,nan,nan,nan
3559.999,1.545329e-05,0.0,nan,nan,nan
3560.082,1.545485e-05,0.0,nan,nan,nan
3560.17,1.545557e-05,0.0,nan,nan,nan
3560.258,1.545398e-05,0.0,nan,nan,nan
3560.341,1.545366e-05,0.0,nan,nan,nan
3560.441,1.545926e-05,0.0,nan,nan,nan
3560.525,1.545546e-05,0.0,nan,nan,nan
3560.634,1.546058e-05,0.0,nan,nan,nan
3560.718,1.545482e-05,0.0,nan,nan,nan
3560.801,1.545777e-05,0.0,nan,nan,nan
3560.885,1.546187e-05,0.0,nan,nan,nan
3560.97,1.545995e-05,0.0,nan,nan,nan
3561.056,1.545761e-05,0.0,nan,nan,nan
3561.14,1.545651e-05,0.0,nan,nan,nan
3561.223,1.546022e-05,0.0,nan,nan,nan
3561.307,1.545635e-05,0.0,nan,nan,nan
3561.39,1.54579e-05,0.0,nan,nan,nan
3561.495,1.545329e-05,0.0,nan,nan,nan
3561.578,1.545652e-05,0.0,nan,nan,nan
3561.676,1.545705e-05,0.0,nan,nan,nan
3561.76,1.545508e-05,0.0,nan,nan,nan
3561.863,1.54568e-05,0.0,nan,nan,nan
3561.947,1.545613e-05,0.0,nan,nan,nan
3562.031,1.545487e-05,0.0,nan,nan,nan
3562.115,1.545884e-05,0.0,nan,nan,nan
3562.198,1.545885e-05,0.0,nan,nan,nan
3562.285,1.546053e-05,0.0,nan,nan,nan
3562.369,1.545749e-05,0.0,nan,nan,nan
3562.452,1.546092e-05,0.0,nan,nan,nan
3562.536,1.545649e-05,0.0,nan,nan,nan
3562.619,1.545912e-05,0.0,nan,nan,nan
3562.703,1.545975e-05,0.0,nan,nan,nan
3562.786,1.545704e-05,0.0,nan,nan,nan
3562.886,1.545821e-05,0.0,nan,nan,nan
3562.97,1.545759e-05,0.0,nan,nan,nan
3563.09,1.545781e-05,0.0,nan,nan,nan
3563.174,1.545538e-05,0.0,nan,nan,nan
3563.283,1.545629e-05,0.0,nan,nan,nan
3563.367,1.545793e-05,0.0,nan,nan,nan
3563.45,1.545711e-05,0.0,nan,nan,nan
3563.534,1.545275e-05,0.0,nan,nan,nan
3563.62,1.545685e-05,0.0,nan,nan,nan
3563.707,1.545618e-05,0.0,nan,nan,nan
3563.791,1.545559e-05,0.0,nan,nan,nan
3563.9,1.545219e-05,0.0,nan,nan,nan
3563.984,1.545385e-05,0.0,nan,nan,nan
3564.068,1.545291e-05,0.0,nan,nan,nan
3564.152,1.545532e-05,0.0,nan,nan,nan
3564.236,1.545561e-05,0.0,nan,nan,nan
3564.319,1.545545e-05,0.0,nan,nan,nan
3564.403,1.545577e-05,0.0,nan,nan,nan
3564.487,1.54553e-05,0.0,nan,nan,nan
3564.57,1.545474e-05,0.0,nan,nan,nan
3564.655,1.545838e-05,0.0,nan,nan,nan
3564.77,1.545048e-05,0.0,nan,nan,nan
3564.854,1.544977e-05,0.0,nan,nan,nan
3564.941,1.545201e-05,0.0,nan,nan,nan
3565.024,1.545622e-05,0.0,nan,nan,nan
3565.108,1.545252e-05,0.0,nan,nan,nan
3565.192,1.545483e-05,0.0,nan,nan,nan
3565.275,1.54543e-05,0.0,nan,nan,nan
3565.359,1.545377e-05,0.0,nan,nan,nan
3565.442,1.545177e-05,0.0,nan,nan,nan
3565.541,1.544991e-05,0.0,nan,nan,nan
3565.625,1.545407e-05,0.0,nan,nan,nan
3565.711,1.54568e-05,0.0,nan,nan,nan
3565.795,1.54537e-05,0.0,nan,nan,nan
3565.879,1.545296e-05,0.0,nan,nan,nan
3565.966,1.545423e-05,0.0,nan,nan,nan
3566.05,1.545328e-05,0.0,nan,nan,nan
3566.146,1.54501e-05,0.0,nan,nan,nan
3566.23,1.545345e-05,0.0,nan,nan,nan
3566.314,1.545335e-05,0.0,nan,nan,nan
3566.397,1.545094e-05,0.0,nan,nan,nan
3566.481,1.54526e-05,0.0,nan,nan,nan
3566.565,1.545287e-05,0.0,nan,nan,nan
3566.649,1.545541e-05,0.0,nan,nan,nan
3566.732,1.545369e-05,0.0,nan,nan,nan
3566.832,1.545495e-05,0.0,nan,nan,nan
3566.916,1.545696e-05,0.0,nan,nan,nan
3566.999,1.545899e-05,0.0,nan,nan,nan
3567.083,1.545696e-05,0.0,nan,nan,nan
3567.168,1.545618e-05,0.0,nan,nan,nan
3567.252,1.545369e-05,0.0,nan,nan,nan
3567.336,1.545501e-05,0.0,nan,nan,nan
3567.42,1.545766e-05,0.0,nan,nan,nan
3567.504,1.545702e-05,0.0,nan,nan,nan
3567.588,1.545474e-05,0.0,nan,nan,nan
3567.672,1.545667e-05,0.0,nan,nan,nan
3567.755,1.545238e-05,0.0,nan,nan,nan
3567.839,1.545319e-05,0.0,nan,nan,nan
3567.922,1.545238e-05,0.0,nan,nan,nan
3568.013,1.545337e-05,0.0,nan,nan,nan
3568.097,1.545559e-05,0.0,nan,nan,nan
3568.18,1.545557e-05,0.0,nan,nan,nan
3568.264,1.545422e-05,0.0,nan,nan,nan
3568.348,1.545156e-05,0.0,nan,nan,nan
3568.431,1.545558e-05,0.0,nan,nan,nan
3568.515,1.545359e-05,0.0,nan,nan,nan
3568.598,1.545588e-05,0.0,nan,nan,nan
3568.682,1.545374e-05,0.0,nan,nan,nan
3568.767,1.545516e-05,0.0,nan,nan,nan
3568.882,1.545473e-05,0.0,nan,nan,nan
3568.966,1.54549e-05,0.0,nan,nan,nan
3569.049,1.545517e-05,0.0,nan,nan,nan
3569.137,1.545738e-05,0.0,nan,nan,nan
3569.233,1.54568e-05,0.0,nan,nan,nan
3569.317,1.54559e-05,0.0,nan,nan,nan
3569.407,1.545272e-05,0.0,nan,nan,nan
3569.491,1.545509e-05,0.0,nan,nan,nan
3569.575,1.545493e-05,0.0,nan,nan,nan
3569.658,1.545768e-05,0.0,nan,nan,nan
3569.742,1.545156e-05,0.0,nan,nan,nan
3569.825,1.545607e-05,0.0,nan,nan,nan
3569.909,1.545743e-05,0.0,nan,nan,nan
3569.993,1.545925e-05,0.0,nan,nan,nan
3570.077,1.545475e-05,0.0,nan,nan,nan
3570.16,1.545637e-05,0.0,nan,nan,nan
3570.257,1.545686e-05,0.0,nan,nan,nan
3570.341,1.546055e-05,0.0,nan,nan,nan
3570.424,1.545624e-05,0.0,nan,nan,nan
3570.508,1.54562e-05,0.0,nan,nan,nan
3570.593,1.545592e-05,0.0,nan,nan,nan
3570.677,1.545665e-05,0.0,nan,nan,nan
3570.76,1.545472e-05,0.0,nan,nan,nan
3570.844,1.545543e-05,0.0,nan,nan,nan
3570.948,1.54548e-05,0.0,nan,nan,nan
3571.037,1.545374e-05,0.0,nan,nan,nan
3571.121,1.545573e-05,0.0,nan,nan,nan
3571.205,1.545488e-05,0.0,nan,nan,nan
3571.289,1.545769e-05,0.0,nan,nan,nan
3571.373,1.545897e-05,0.0,nan,nan,nan
3571.46,1.54611e-05,0.0,nan,nan,nan
3571.543,1.545797e-05,0.0,nan,nan,nan
3571.644,1.545985e-05,0.0,nan,nan,nan
3571.728,1.545583e-05,0.0,nan,nan,nan
3571.811,1.545422e-05,0.0,nan,nan,nan
3571.895,1.545385e-05,0.0,nan,nan,nan
3571.979,1.545358e-05,0.0,nan,nan,nan
3572.067,1.545501e-05,0.0,nan,nan,nan
3572.15,1.545482e-05,0.0,nan,nan,nan
3572.234,1.545478e-05,0.0,nan,nan,nan
3572.317,1.545915e-05,0.0,nan,nan,nan
3572.402,1.545492e-05,0.0,nan,nan,nan
3572.486,1.545625e-05,0.0,nan,nan,nan
3572.57,1.545705e-05,0.0,nan,nan,nan
3572.653,1.545443e-05,0.0,nan,nan,nan
3572.737,1.545616e-05,0.0,nan,nan,nan
3572.821,1.545625e-05,0.0,nan,nan,nan
3572.904,1.545774e-05,0.0,nan,nan,nan
3573.032,1.545785e-05,0.0,nan,nan,nan
3573.132,1.545254e-05,0.0,nan,nan,nan
3573.216,1.545825e-05,0.0,nan,nan,nan
3573.303,1.545925e-05,0.0,nan,nan,nan
3573.386,1.545231e-05,0.0,nan,nan,nan
3573.486,1.545822e-05,0.0,nan,nan,nan
3573.57,1.545792e-05,0.0,nan,nan,nan
3573.655,1.545848e-05,0.0,nan,nan,nan
3573.739,1.545734e-05,0.0,nan,nan,nan
3573.822,1.546164e-05,0.0,nan,nan,nan
3573.916,1.545416e-05,0.0,nan,nan,nan
3574.0,1.545758e-05,0.0,nan,nan,nan
3574.093,1.545686e-05,0.0,nan,nan,nan
3574.177,1.545823e-05,0.0,nan,nan,nan
3574.261,1.545888e-05,0.0,nan,nan,nan
3574.345,1.545895e-05,0.0,nan,nan,nan
3574.429,1.546051e-05,0.0,nan,nan,nan
3574.516,1.545804e-05,0.0,nan,nan,nan
3574.6,1.545582e-05,0.0,nan,nan,nan
3574.683,1.545926e-05,0.0,nan,nan,nan
3574.766,1.54589e-05,0.0,nan,nan,nan
3574.85,1.545815e-05,0.0,nan,nan,nan
3574.934,1.546059e-05,0.0,nan,nan,nan
3575.017,1.54589e-05,0.0,nan,nan,nan
3575.132,1.546145e-05,0.0,nan,nan,nan
3575.215,1.545897e-05,0.0,nan,nan,nan
3575.317,1.545958e-05,0.0,nan,nan,nan
3575.401,1.545898e-05,0.0,nan,nan,nan
3575.484,1.545657e-05,0.0,nan,nan,nan
3575.568,1.546036e-05,0.0,nan,nan,nan
3575.651,1.545791e-05,0.0,nan,nan,nan
3575.749,1.54544e-05,0.0,nan,nan,nan
3575.832,1.545965e-05,0.0,nan,nan,nan
3575.916,1.546195e-05,0.0,nan,nan,nan
3576.0,1.54609e-05,0.0,nan,nan,nan
3576.083,1.545842e-05,0.0,nan,nan,nan
3576.167,1.545767e-05,0.0,nan,nan,nan
3576.25,1.546254e-05,0.0,nan,nan,nan
3576.357,1.545942e-05,0.0,nan,nan,nan
3576.441,1.545814e-05,0.0,nan,nan,nan
3576.524,1.546202e-05,0.0,nan,nan,nan
3576.608,1.54598e-05,0.0,nan,nan,nan
3576.692,1.54609e-05,0.0,nan,nan,nan
3576.781,1.545747e-05,0.0,nan,nan,nan
3576.865,1.545706e-05,0.0,nan,nan,nan
3576.95,1.545316e-05,0.0,nan,nan,nan
3577.034,1.545489e-05,0.0,nan,nan,nan
3577.117,1.545389e-05,0.0,nan,nan,nan
3577.204,1.545398e-05,0.0,nan,nan,nan
3577.288,1.545346e-05,0.0,nan,nan,nan
3577.385,1.545676e-05,0.0,nan,nan,nan
3577.469,1.545943e-05,0.0,nan,nan,nan
3577.552,1.545523e-05,0.0,nan,nan,nan
3577.636,1.545769e-05,0.0,nan,nan,nan
3577.72,1.545261e-05,0.0,nan,nan,nan
3577.818,1.545454e-05,0.0,nan,nan,nan
3577.901,1.545436e-05,0.0,nan,nan,nan
3577.985,1.545451e-05,0.0,nan,nan,nan
3578.068,1.545579e-05,0.0,nan,nan,nan
3578.152,1.545325e-05,0.0,nan,nan,nan
3578.236,1.545317e-05,0.0,nan,nan,nan
3578.32,1.545321e-05,0.0,nan,nan,nan
3578.433,1.545284e-05,0.0,nan,nan,nan
3578.519,1.545709e-05,0.0,nan,nan,nan
3578.615,1.545677e-05,0.0,nan,nan,nan
3578.699,1.545645e-05,0.0,nan,nan,nan
3578.791,1.545957e-05,0.0,nan,nan,nan
3578.874,1.546156e-05,0.0,nan,nan,nan
3578.959,1.545875e-05,0.0,nan,nan,nan
3579.043,1.545906e-05,0.0,nan,nan,nan
3579.127,1.545358e-05,0.0,nan,nan,nan
3579.212,1.545848e-05,0.0,nan,nan,nan
3579.295,1.545911e-05,0.0,nan,nan,nan
3579.381,1.545936e-05,0.0,nan,nan,nan
3579.465,1.54553e-05,0.0,nan,nan,nan
3579.549,1.545611e-05,0.0,nan,nan,nan
3579.634,1.545975e-05,0.0,nan,nan,nan
3579.718,1.545796e-05,0.0,nan,nan,nan
3579.818,1.545246e-05,0.0,nan,nan,nan
3579.902,1.545661e-05,0.0,nan,nan,nan
3579.987,1.545878e-05,0.0,nan,nan,nan
3580.071,1.545686e-05,0.0,nan,nan,nan
3580.155,1.545528e-05,0.0,nan,nan,nan
3580.242,1.545995e-05,0.0,nan,nan,nan
3580.325,1.545802e-05,0.0,nan,nan,nan
3580.431,1.545661e-05,0.0,nan,nan,nan
3580.515,1.545941e-05,0.0,nan,nan,nan
3580.599,1.545497e-05,0.0,nan,nan,nan
3580.683,1.545541e-05,0.0,nan,nan,nan
3580.767,1.545532e-05,0.0,nan,nan,nan
3580.851,1.545441e-05,0.0,nan,nan,nan
3580.934,1.545708e-05,0.0,nan,nan,nan
3581.032,1.545594e-05,0.0,nan,nan,nan
3581.116,1.545172e-05,0.0,nan,nan,nan
3581.2,1.545646e-05,0.0,nan,nan,nan
3581.306,1.545408e-05,0.0,nan,nan,nan
3581.389,1.545918e-05,0.0,nan,nan,nan
3581.473,1.545414e-05,0.0,nan,nan,nan
3581.557,1.545536e-05,0.0,nan,nan,nan
3581.653,1.545581e-05,0.0,nan,nan,nan
3581.737,1.545503e-05,0.0,nan,nan,nan
3581.82,1.545984e-05,0.0,nan,nan,nan
3581.904,1.545901e-05,0.0,nan,nan,nan
3581.988,1.545208e-05,0.0,nan,nan,nan
3582.072,1.545727e-05,0.0,nan,nan,nan
3582.155,1.54551e-05,0.0,nan,nan,nan
3582.266,1.545527e-05,0.0,nan,nan,nan
3582.35,1.545912e-05,0.0,nan,nan,nan
3582.435,1.545703e-05,0.0,nan,nan,nan
3582.519,1.545854e-05,0.0,nan,nan,nan
3582.602,1.545534e-05,0.0,nan,nan,nan
3582.698,1.545766e-05,0.0,nan,nan,nan
3582.781,1.545706e-05,0.0,nan,nan,nan
3582.879,1.545943e-05,0.0,nan,nan,nan
3582.963,1.545473e-05,0.0,nan,nan,nan
3583.048,1.545816e-05,0.0,nan,nan,nan
3583.132,1.545746e-05,0.0,nan,nan,nan
3583.219,1.545465e-05,0.0,nan,nan,nan
3583.302,1.545807e-05,0.0,nan,nan,nan
3583.409,1.545905e-05,0.0,nan,nan,nan
3583.495,1.545732e-05,0.0,nan,nan,nan
3583.579,1.545585e-05,0.0,nan,nan,nan
3583.663,1.545759e-05,0.0,nan,nan,nan
3583.747,1.545586e-05,0.0,nan,nan,nan
3583.83,1.546001e-05,0.0,nan,nan,nan
3583.92,1.545922e-05,0.0,nan,nan,nan
3584.003,1.546019e-05,0.0,nan,nan,nan
3584.104,1.545862e-05,0.0,nan,nan,nan
3584.187,1.545954e-05,0.0,nan,nan,nan
3584.271,1.545829e-05,0.0,nan,nan,nan
3584.355,1.545879e-05,0.0,nan,nan,nan
3584.438,1.545775e-05,0.0,nan,nan,nan
3584.523,1.545857e-05,0.0,nan,nan,nan
3584.606,1.545968e-05,0.0,nan,nan,nan
3584.691,1.54572e-05,0.0,nan,nan,nan
3584.775,1.545606e-05,0.0,nan,nan,nan
3584.858,1.545913e-05,0.0,nan,nan,nan
3584.942,1.545848e-05,0.0,nan,nan,nan
3585.026,1.546453e-05,0.0,nan,nan,nan
3585.128,1.54547e-05,0.0,nan,nan,nan
3585.212,1.545702e-05,0.0,nan,nan,nan
3585.296,1.545266e-05,0.0,nan,nan,nan
3585.379,1.545829e-05,0.0,nan,nan,nan
3585.465,1.545639e-05,0.0,nan,nan,nan
3585.549,1.545315e-05,0.0,nan,nan,nan
3585.633,1.545699e-05,0.0,nan,nan,nan
3585.718,1.545638e-05,0.0,nan,nan,nan
3585.802,1.545745e-05,0.0,nan,nan,nan
3585.886,1.545913e-05,0.0,nan,nan,nan
3585.97,1.545393e-05,0.0,nan,nan,nan
3586.053,1.545064e-05,0.0,nan,nan,nan
3586.143,1.545435e-05,0.0,nan,nan,nan
3586.227,1.545435e-05,0.0,nan,nan,nan
3586.311,1.545697e-05,0.0,nan,nan,nan
3586.394,1.545542e-05,0.0,nan,nan,nan
3586.478,1.54578e-05,0.0,nan,nan,nan
3586.562,1.54553e-05,0.0,nan,nan,nan
3586.646,1.545594e-05,0.0,nan,nan,nan
3586.73,1.545619e-05,0.0,nan,nan,nan
3586.814,1.545661e-05,0.0,nan,nan,nan
3586.897,1.545686e-05,0.0,nan,nan,nan
3587.002,1.545473e-05,0.0,nan,nan,nan
3587.085,1.545633e-05,0.0,nan,nan,nan
3587.193,1.545442e-05,0.0,nan,nan,nan
3587.277,1.545468e-05,0.0,nan,nan,nan
3587.38,1.545487e-05,0.0,nan,nan,nan
3587.464,1.545702e-05,0.0,nan,nan,nan
3587.557,1.545678e-05,0.0,nan,nan,nan
3587.64,1.545535e-05,0.0,nan,nan,nan
3587.725,1.546081e-05,0.0,nan,nan,nan
3587.808,1.545773e-05,0.0,nan,nan,nan
3587.892,1.545831e-05,0.0,nan,nan,nan
3587.977,1.545748e-05,0.0,nan,nan,nan
3588.06,1.545986e-05,0.0,nan,nan,nan
3588.144,1.545756e-05,0.0,nan,nan,nan
3588.228,1.545236e-05,0.0,nan,nan,nan
3588.312,1.545878e-05,0.0,nan,nan,nan
3588.403,1.545959e-05,0.0,nan,nan,nan
3588.487,1.545568e-05,0.0,nan,nan,nan
3588.57,1.545764e-05,0.0,nan,nan,nan
3588.654,1.545713e-05,0.0,nan,nan,nan
3588.737,1.545648e-05,0.0,nan,nan,nan
3588.821,1.545541e-05,0.0,nan,nan,nan
3588.905,1.545955e-05,0.0,nan,nan,nan
3589.007,1.545447e-05,0.0,nan,nan,nan
3589.091,1.545317e-05,0.0,nan,nan,nan
3589.175,1.545927e-05,0.0,nan,nan,nan
3589.259,1.545874e-05,0.0,nan,nan,nan
3589.343,1.545819e-05,0.0,nan,nan,nan
3589.426,1.546204e-05,0.0,nan,nan,nan
3589.51,1.54553e-05,0.0,nan,nan,nan
3589.629,1.545471e-05,0.0,nan,nan,nan
3589.713,1.545646e-05,0.0,nan,nan,nan
3589.815,1.545296e-05,0.0,nan,nan,nan
3589.899,1.545372e-05,0.0,nan,nan,nan
3589.984,1.545407e-05,0.0,nan,nan,nan
3590.068,1.545664e-05,0.0,nan,nan,nan
3590.152,1.545694e-05,0.0,nan,nan,nan
3590.235,1.545529e-05,0.0,nan,nan,nan
3590.319,1.545886e-05,0.0,nan,nan,nan
3590.403,1.545615e-05,0.0,nan,nan,nan
3590.486,1.545502e-05,0.0,nan,nan,nan
3590.57,1.545527e-05,0.0,nan,nan,nan
3590.654,1.54548e-05,0.0,nan,nan,nan
3590.737,1.545694e-05,0.0,nan,nan,nan
3590.834,1.545642e-05,0.0,nan,nan,nan
3590.917,1.545885e-05,0.0,nan,nan,nan
3591.001,1.54586e-05,0.0,nan,nan,nan
3591.085,1.545853e-05,0.0,nan,nan,nan
3591.17,1.545787e-05,0.0,nan,nan,nan
3591.253,1.545778e-05,0.0,nan,nan,nan
3591.337,1.546046e-05,0.0,nan,nan,nan
3591.42,1.545506e-05,0.0,nan,nan,nan
3591.504,1.54554e-05,0.0,nan,nan,nan
3591.588,1.545913e-05,0.0,nan,nan,nan
3591.682,1.54599e-05,0.0,nan,nan,nan
3591.765,1.545506e-05,0.0,nan,nan,nan
3591.849,1.545662e-05,0.0,nan,nan,nan
3591.933,1.545557e-05,0.0,nan,nan,nan
3592.017,1.545607e-05,0.0,nan,nan,nan
3592.1,1.545677e-05,0.0,nan,nan,nan
3592.187,1.54568e-05,0.0,nan,nan,nan
3592.273,1.54598e-05,0.0,nan,nan,nan
3592.356,1.54557e-05,0.0,nan,nan,nan
3592.44,1.545634e-05,0.0,nan,nan,nan
3592.524,1.545507e-05,0.0,nan,nan,nan
3592.607,1.545953e-05,0.0,nan,nan,nan
3592.691,1.545527e-05,0.0,nan,nan,nan
3592.775,1.545522e-05,0.0,nan,nan,nan
3592.858,1.545624e-05,0.0,nan,nan,nan
3592.942,1.545579e-05,0.0,nan,nan,nan
3593.026,1.545728e-05,0.0,nan,nan,nan
3593.109,1.545784e-05,0.0,nan,nan,nan
3593.193,1.545058e-05,0.0,nan,nan,nan
3593.278,1.545483e-05,0.0,nan,nan,nan
3593.362,1.545337e-05,0.0,nan,nan,nan
3593.445,1.545758e-05,0.0,nan,nan,nan
3593.528,1.545763e-05,0.0,nan,nan,nan
3593.612,1.545966e-05,0.0,nan,nan,nan
3593.716,1.545798e-05,0.0,nan,nan,nan
3593.8,1.545839e-05,0.0,nan,nan,nan
3593.886,1.545968e-05,0.0,nan,nan,nan
3593.97,1.545568e-05,0.0,nan,nan,nan
3594.054,1.545547e-05,0.0,nan,nan,nan
3594.14,1.545784e-05,0.0,nan,nan,nan
3594.224,1.54524e-05,0.0,nan,nan,nan
3594.309,1.545379e-05,0.0,nan,nan,nan
3594.392,1.545424e-05,0.0,nan,nan,nan
3594.477,1.544889e-05,0.0,nan,nan,nan
3594.56,1.545313e-05,0.0,nan,nan,nan
3594.644,1.545232e-05,0.0,nan,nan,nan
3594.73,1.545385e-05,0.0,nan,nan,nan
3594.814,1.545412e-05,0.0,nan,nan,nan
3594.897,1.545325e-05,0.0,nan,nan,nan
3594.981,1.545412e-05,0.0,nan,nan,nan
3595.064,1.545723e-05,0.0,nan,nan,nan
3595.153,1.545614e-05,0.0,nan,nan,nan
3595.237,1.545625e-05,0.0,nan,nan,nan
3595.329,1.545309e-05,0.0,nan,nan,nan
3595.412,1.545339e-05,0.0,nan,nan,nan
3595.496,1.545832e-05,0.0,nan,nan,nan
3595.58,1.545379e-05,0.0,nan,nan,nan
3595.663,1.545236e-05,0.0,nan,nan,nan
3595.747,1.54525e-05,0.0,nan,nan,nan
3595.831,1.545327e-05,0.0,nan,nan,nan
3595.918,1.545628e-05,0.0,nan,nan,nan
3596.002,1.545251e-05,0.0,nan,nan,nan
3596.086,1.545769e-05,0.0,nan,nan,nan
3596.169,1.545216e-05,0.0,nan,nan,nan
3596.253,1.545384e-05,0.0,nan,nan,nan
3596.348,1.54573e-05,0.0,nan,nan,nan
3596.432,1.545789e-05,0.0,nan,nan,nan
3596.516,1.54529e-05,0.0,nan,nan,nan
3596.599,1.545769e-05,0.0,nan,nan,nan
3596.687,1.545736e-05,0.0,nan,nan,nan
3596.771,1.546028e-05,0.0,nan,nan,nan
3596.855,1.545799e-05,0.0,nan,nan,nan
3596.962,1.545495e-05,0.0,nan,nan,nan
3597.046,1.545432e-05,0.0,nan,nan,nan
3597.129,1.54534e-05,0.0,nan,nan,nan
3597.213,1.545821e-05,0.0,nan,nan,nan
3597.298,1.545466e-05,0.0,nan,nan,nan
3597.382,1.545894e-05,0.0,nan,nan,nan
3597.466,1.545667e-05,0.0,nan,nan,nan
3597.565,1.545531e-05,0.0,nan,nan,nan
3597.649,1.546311e-05,0.0,nan,nan,nan
3597.732,1.545939e-05,0.0,nan,nan,nan
3597.816,1.545931e-05,0.0,nan,nan,nan
3597.902,1.545933e-05,0.0,nan,nan,nan
3597.993,1.545886e-05,0.0,nan,nan,nan
3598.077,1.545758e-05,0.0,nan,nan,nan
3598.16,1.545777e-05,0.0,nan,nan,nan
3598.244,1.545939e-05,0.0,nan,nan,nan
3598.328,1.545887e-05,0.0,nan,nan,nan
3598.412,1.545802e-05,0.0,nan,nan,nan
3598.496,1.545598e-05,0.0,nan,nan,nan
3598.587,1.545534e-05,0.0,nan,nan,nan
3598.671,1.54551e-05,0.0,nan,nan,nan
3598.755,1.545541e-05,0.0,nan,nan,nan
3598.839,1.545646e-05,0.0,nan,nan,nan
3598.923,1.545584e-05,0.0,nan,nan,nan
3599.017,1.545946e-05,0.0,nan,nan,nan
3599.1,1.545582e-05,0.0,nan,nan,nan
3599.184,1.545883e-05,0.0,nan,nan,nan
3599.268,1.546115e-05,0.0,nan,nan,nan
3599.351,1.545574e-05,0.0,nan,nan,nan
3599.435,1.5457e-05,0.0,nan,nan,nan
3599.519,1.545818e-05,0.0,nan,nan,nan
3599.602,1.545876e-05,0.0,nan,nan,nan
3599.686,1.546178e-05,0.0,nan,nan,nan
3599.772,1.545935e-05,0.0,nan,nan,nan
3599.855,1.545774e-05,0.0,nan,nan,nan
3599.954,1.545707e-05,0.0,nan,nan,nan
3600.037,1.545792e-05,0.0,nan,nan,nan
3600.121,1.546121e-05,0.0,nan,nan,nan
3600.236,1.545833e-05,0.0,nan,nan,nan
3600.319,1.545839e-05,0.0,nan,nan,nan
3600.403,1.545769e-05,0.0,nan,nan,nan
3600.487,1.545417e-05,0.0,nan,nan,nan
3600.57,1.545607e-05,0.0,nan,nan,nan
3600.654,1.545835e-05,0.0,nan,nan,nan
3600.737,1.545474e-05,0.0,nan,nan,nan
3600.832,1.545355e-05,0.0,nan,nan,nan
3600.916,1.545363e-05,0.0,nan,nan,nan
3600.999,1.545496e-05,0.0,nan,nan,nan
3601.083,1.545588e-05,0.0,nan,nan,nan
3601.17,1.545821e-05,0.0,nan,nan,nan
3601.263,1.545361e-05,0.0,nan,nan,nan
3601.347,1.545187e-05,0.0,nan,nan,nan
3601.431,1.5451e-05,0.0,nan,nan,nan
3601.515,1.545815e-05,0.0,nan,nan,nan
3601.598,1.545236e-05,0.0,nan,nan,nan
3601.682,1.545586e-05,0.0,nan,nan,nan
3601.769,1.545356e-05,0.0,nan,nan,nan
3601.853,1.545222e-05,0.0,nan,nan,nan
3601.937,1.54558e-05,0.0,nan,nan,nan
3602.031,1.545909e-05,0.0,nan,nan,nan
3602.115,1.545552e-05,0.0,nan,nan,nan
3602.198,1.545495e-05,0.0,nan,nan,nan
3602.282,1.545795e-05,0.0,nan,nan,nan
3602.366,1.545566e-05,0.0,nan,nan,nan
3602.449,1.545573e-05,0.0,nan,nan,nan
3602.533,1.545818e-05,0.0,nan,nan,nan
3602.616,1.545759e-05,0.0,nan,nan,nan
3602.707,1.54553e-05,0.0,nan,nan,nan
3602.79,1.545654e-05,0.0,nan,nan,nan
3602.89,1.545749e-05,0.0,nan,nan,nan
3602.974,1.54597e-05,0.0,nan,nan,nan
3603.057,1.545264e-05,0.0,nan,nan,nan
3603.141,1.545689e-05,0.0,nan,nan,nan
3603.224,1.545313e-05,0.0,nan,nan,nan
3603.308,1.545389e-05,0.0,nan,nan,nan
3603.392,1.54538e-05,0.0,nan,nan,nan
3603.475,1.545918e-05,0.0,nan,nan,nan
3603.559,1.54552e-05,0.0,nan,nan,nan
3603.644,1.545492e-05,0.0,nan,nan,nan
3603.727,1.545376e-05,0.0,nan,nan,nan
3603.811,1.545601e-05,0.0,nan,nan,nan
3603.899,1.545489e-05,0.0,nan,nan,nan
3603.983,1.545585e-05,0.0,nan,nan,nan
3604.089,1.545583e-05,0.0,nan,nan,nan
3604.173,1.545602e-05,0.0,nan,nan,nan
3604.258,1.545784e-05,0.0,nan,nan,nan
3604.342,1.545907e-05,0.0,nan,nan,nan
3604.425,1.5458e-05,0.0,nan,nan,nan
3604.512,1.545757e-05,0.0,nan,nan,nan
3604.595,1.546029e-05,0.0,nan,nan,nan
3604.679,1.545965e-05,0.0,nan,nan,nan
3604.762,1.545451e-05,0.0,nan,nan,nan
3604.846,1.545428e-05,0.0,nan,nan,nan
3604.939,1.545609e-05,0.0,nan,nan,nan
3605.022,1.545401e-05,0.0,nan,nan,nan
3605.123,1.545607e-05,0.0,nan,nan,nan
3605.206,1.545251e-05,0.0,nan,nan,nan
3605.29,1.545756e-05,0.0,nan,nan,nan
3605.374,1.545575e-05,0.0,nan,nan,nan
3605.458,1.54572e-05,0.0,nan,nan,nan
3605.542,1.546021e-05,0.0,nan,nan,nan
3605.625,1.545612e-05,0.0,nan,nan,nan
3605.721,1.545633e-05,0.0,nan,nan,nan
3605.805,1.546196e-05,0.0,nan,nan,nan
3605.889,1.546041e-05,0.0,nan,nan,nan
3605.973,1.546301e-05,0.0,nan,nan,nan
3606.057,1.545572e-05,0.0,nan,nan,nan
3606.154,1.54575e-05,0.0,nan,nan,nan
3606.238,1.546084e-05,0.0,nan,nan,nan
3606.336,1.545584e-05,0.0,nan,nan,nan
3606.42,1.545872e-05,0.0,nan,nan,nan
3606.503,1.546119e-05,0.0,nan,nan,nan
3606.587,1.545724e-05,0.0,nan,nan,nan
3606.671,1.545706e-05,0.0,nan,nan,nan
3606.757,1.545357e-05,0.0,nan,nan,nan
3606.841,1.545213e-05,0.0,nan,nan,nan
3606.924,1.545447e-05,0.0,nan,nan,nan
3607.008,1.545515e-05,0.0,nan,nan,nan
3607.091,1.545689e-05,0.0,nan,nan,nan
3607.175,1.545604e-05,0.0,nan,nan,nan
3607.259,1.54597e-05,0.0,nan,nan,nan
3607.351,1.546149e-05,0.0,nan,nan,nan
3607.435,1.545755e-05,0.0,nan,nan,nan
3607.518,1.546017e-05,0.0,nan,nan,nan
3607.602,1.546417e-05,0.0,nan,nan,nan
3607.685,1.545872e-05,0.0,nan,nan,nan
3607.785,1.545754e-05,0.0,nan,nan,nan
3607.868,1.54636e-05,0.0,nan,nan,nan
3607.983,1.545825e-05,0.0,nan,nan,nan
3608.067,1.545599e-05,0.0,nan,nan,nan
3608.215,1.545642e-05,0.0,nan,nan,nan
3608.299,1.545696e-05,0.0,nan,nan,nan
3608.382,1.545672e-05,0.0,nan,nan,nan
3608.466,1.545665e-05,0.0,nan,nan,nan
3608.574,1.545911e-05,0.0,nan,nan,nan
3608.657,1.545614e-05,0.0,nan,nan,nan
3608.743,1.54581e-05,0.0,nan,nan,nan
3608.826,1.545991e-05,0.0,nan,nan,nan
3608.91,1.545933e-05,0.0,nan,nan,nan
3608.994,1.545302e-05,0.0,nan,nan,nan
3609.077,1.545781e-05,0.0,nan,nan,nan
3609.191,1.545687e-05,0.0,nan,nan,nan
3609.274,1.54562e-05,0.0,nan,nan,nan
3609.376,1.545553e-05,0.0,nan,nan,nan
3609.46,1.545549e-05,0.0,nan,nan,nan
3609.544,1.545646e-05,0.0,nan,nan,nan
3609.628,1.545478e-05,0.0,nan,nan,nan
3609.711,1.545872e-05,0.0,nan,nan,nan
3609.795,1.545749e-05,0.0,nan,nan,nan
3609.879,1.545859e-05,0.0,nan,nan,nan
3609.962,1.545973e-05,0.0,nan,nan,nan
3610.046,1.545741e-05,0.0,nan,nan,nan
3610.132,1.54582e-05,0.0,nan,nan,nan
3610.215,1.545856e-05,0.0,nan,nan,nan
3610.315,1.545687e-05,0.0,nan,nan,nan
3610.399,1.545751e-05,0.0,nan,nan,nan
3610.485,1.545827e-05,0.0,nan,nan,nan
3610.569,1.545406e-05,0.0,nan,nan,nan
3610.653,1.545515e-05,0.0,nan,nan,nan
3610.736,1.545292e-05,0.0,nan,nan,nan
3610.82,1.545546e-05,0.0,nan,nan,nan
3610.904,1.545689e-05,0.0,nan,nan,nan
3610.987,1.545714e-05,0.0,nan,nan,nan
3611.071,1.54526e-05,0.0,nan,nan,nan
3611.155,1.545402e-05,0.0,nan,nan,nan
3611.239,1.545441e-05,0.0,nan,nan,nan
3611.322,1.545247e-05,0.0,nan,nan,nan
3611.42,1.545231e-05,0.0,nan,nan,nan
3611.504,1.544973e-05,0.0,nan,nan,nan
3611.588,1.545145e-05,0.0,nan,nan,nan
3611.672,1.545368e-05,0.0,nan,nan,nan
3611.755,1.544997e-05,0.0,nan,nan,nan
3611.839,1.545437e-05,0.0,nan,nan,nan
3611.923,1.545575e-05,0.0,nan,nan,nan
3612.033,1.545361e-05,0.0,nan,nan,nan
3612.117,1.545206e-05,0.0,nan,nan,nan
3612.201,1.545334e-05,0.0,nan,nan,nan
3612.285,1.545337e-05,0.0,nan,nan,nan
3612.414,1.54544e-05,0.0,nan,nan,nan
3612.497,1.545002e-05,0.0,nan,nan,nan
3612.581,1.545622e-05,0.0,nan,nan,nan
3612.665,1.545384e-05,0.0,nan,nan,nan
3612.749,1.545429e-05,0.0,nan,nan,nan
3612.841,1.545709e-05,0.0,nan,nan,nan
3612.924,1.545678e-05,0.0,nan,nan,nan
3613.009,1.545646e-05,0.0,nan,nan,nan
3613.092,1.545827e-05,0.0,nan,nan,nan
3613.176,1.545588e-05,0.0,nan,nan,nan
3613.26,1.545309e-05,0.0,nan,nan,nan
3613.343,1.545234e-05,0.0,nan,nan,nan
3613.427,1.545171e-05,0.0,nan,nan,nan
3613.511,1.545226e-05,0.0,nan,nan,nan
3613.594,1.545286e-05,0.0,nan,nan,nan
3613.68,1.545271e-05,0.0,nan,nan,nan
3613.763,1.545225e-05,0.0,nan,nan,nan
3613.871,1.545401e-05,0.0,nan,nan,nan
3613.955,1.545258e-05,0.0,nan,nan,nan
3614.04,1.545651e-05,0.0,nan,nan,nan
3614.124,1.545244e-05,0.0,nan,nan,nan
3614.208,1.544984e-05,0.0,nan,nan,nan
3614.299,1.545279e-05,0.0,nan,nan,nan
3614.383,1.545563e-05,0.0,nan,nan,nan
3614.484,1.546037e-05,0.0,nan,nan,nan
3614.57,1.545448e-05,0.0,nan,nan,nan
3614.654,1.545059e-05,0.0,nan,nan,nan
3614.738,1.545422e-05,0.0,nan,nan,nan
3614.823,1.545456e-05,0.0,nan,nan,nan
3614.906,1.545388e-05,0.0,nan,nan,nan
3614.99,1.545238e-05,0.0,nan,nan,nan
3615.093,1.545507e-05,0.0,nan,nan,nan
3615.177,1.54551e-05,0.0,nan,nan,nan
3615.262,1.545484e-05,0.0,nan,nan,nan
3615.345,1.545357e-05,0.0,nan,nan,nan
3615.429,1.545549e-05,0.0,nan,nan,nan
3615.528,1.545468e-05,0.0,nan,nan,nan
3615.612,1.545401e-05,0.0,nan,nan,nan
3615.699,1.545423e-05,0.0,nan,nan,nan
3615.783,1.545374e-05,0.0,nan,nan,nan
3615.866,1.545677e-05,0.0,nan,nan,nan
3615.95,1.545407e-05,0.0,nan,nan,nan
3616.034,1.545104e-05,0.0,nan,nan,nan
3616.117,1.545629e-05,0.0,nan,nan,nan
3616.201,1.545524e-05,0.0,nan,nan,nan
3616.285,1.545369e-05,0.0,nan,nan,nan
3616.368,1.545579e-05,0.0,nan,nan,nan
3616.452,1.545586e-05,0.0,nan,nan,nan
3616.539,1.545758e-05,0.0,nan,nan,nan
3616.622,1.545617e-05,0.0,nan,nan,nan
3616.706,1.545694e-05,0.0,nan,nan,nan
3616.79,1.545887e-05,0.0,nan,nan,nan
3616.874,1.546171e-05,0.0,nan,nan,nan
3616.957,1.545634e-05,0.0,nan,nan,nan
3617.041,1.545572e-05,0.0,nan,nan,nan
3617.146,1.545667e-05,0.0,nan,nan,nan
3617.23,1.545611e-05,0.0,nan,nan,nan
3617.334,1.545501e-05,0.0,nan,nan,nan
3617.418,1.545842e-05,0.0,nan,nan,nan
3617.501,1.545526e-05,0.0,nan,nan,nan
3617.585,1.545714e-05,0.0,nan,nan,nan
3617.67,1.545766e-05,0.0,nan,nan,nan
3617.759,1.545826e-05,0.0,nan,nan,nan
3617.843,1.545727e-05,0.0,nan,nan,nan
3617.933,1.545635e-05,0.0,nan,nan,nan
3618.017,1.545605e-05,0.0,nan,nan,nan
3618.102,1.545703e-05,0.0,nan,nan,nan
3618.186,1.545668e-05,0.0,nan,nan,nan
3618.27,1.545522e-05,0.0,nan,nan,nan
3618.357,1.545867e-05,0.0,nan,nan,nan
3618.441,1.546037e-05,0.0,nan,nan,nan
3618.545,1.545711e-05,0.0,nan,nan,nan
3618.629,1.545347e-05,0.0,nan,nan,nan
3618.712,1.545372e-05,0.0,nan,nan,nan
3618.796,1.545823e-05,0.0,nan,nan,nan
3618.88,1.545953e-05,0.0,nan,nan,nan
3618.963,1.545742e-05,0.0,nan,nan,nan
3619.047,1.545729e-05,0.0,nan,nan,nan
3619.131,1.545883e-05,0.0,nan,nan,nan
3619.214,1.545809e-05,0.0,nan,nan,nan
3619.298,1.545243e-05,0.0,nan,nan,nan
3619.384,1.54556e-05,0.0,nan,nan,nan
3619.468,1.54565e-05,0.0,nan,nan,nan
3619.551,1.545738e-05,0.0,nan,nan,nan
3619.635,1.545336e-05,0.0,nan,nan,nan
3619.719,1.54561e-05,0.0,nan,nan,nan
3619.802,1.545564e-05,0.0,nan,nan,nan
3619.886,1.545584e-05,0.0,nan,nan,nan
3619.983,1.545435e-05,0.0,nan,nan,nan
3620.067,1.545815e-05,0.0,nan,nan,nan
3620.151,1.545735e-05,0.0,nan,nan,nan
3620.235,1.545388e-05,0.0,nan,nan,nan
3620.322,1.545943e-05,0.0,nan,nan,nan
3620.408,1.545532e-05,0.0,nan,nan,nan
3620.492,1.545766e-05,0.0,nan,nan,nan
3620.575,1.545865e-05,0.0,nan,nan,nan
3620.669,1.545778e-05,0.0,nan,nan,nan
3620.752,1.546019e-05,0.0,nan,nan,nan
3620.836,1.54545e-05,0.0,nan,nan,nan
3620.92,1.545572e-05,0.0,nan,nan,nan
3621.008,1.545053e-05,0.0,nan,nan,nan
3621.091,1.544828e-05,0.0,nan,nan,nan
3621.176,1.545456e-05,0.0,nan,nan,nan
3621.26,1.545298e-05,0.0,nan,nan,nan
3621.343,1.545099e-05,0.0,nan,nan,nan
3621.429,1.545493e-05,0.0,nan,nan,nan
3621.512,1.545502e-05,0.0,nan,nan,nan
3621.596,1.545669e-05,0.0,nan,nan,nan
3621.68,1.545142e-05,0.0,nan,nan,nan
3621.764,1.545239e-05,0.0,nan,nan,nan
3621.848,1.545756e-05,0.0,nan,nan,nan
3621.931,1.545364e-05,0.0,nan,nan,nan
3622.031,1.545611e-05,0.0,nan,nan,nan
3622.115,1.545207e-05,0.0,nan,nan,nan
3622.198,1.545412e-05,0.0,nan,nan,nan
3622.282,1.545507e-05,0.0,nan,nan,nan
3622.366,1.545542e-05,0.0,nan,nan,nan
3622.451,1.545517e-05,0.0,nan,nan,nan
3622.535,1.545469e-05,0.0,nan,nan,nan
3622.62,1.545406e-05,0.0,nan,nan,nan
3622.716,1.545366e-05,0.0,nan,nan,nan
3622.8,1.545439e-05,0.0,nan,nan,nan
3622.884,1.545417e-05,0.0,nan,nan,nan
3622.969,1.545486e-05,0.0,nan,nan,nan
3623.062,1.545458e-05,0.0,nan,nan,nan
3623.146,1.545585e-05,0.0,nan,nan,nan
3623.241,1.545163e-05,0.0,nan,nan,nan
3623.325,1.545652e-05,0.0,nan,nan,nan
3623.408,1.545414e-05,0.0,nan,nan,nan
3623.492,1.545676e-05,0.0,nan,nan,nan
3623.575,1.545797e-05,0.0,nan,nan,nan
3623.674,1.545478e-05,0.0,nan,nan,nan
3623.757,1.54578e-05,0.0,nan,nan,nan
3623.841,1.545673e-05,0.0,nan,nan,nan
3623.925,1.545658e-05,0.0,nan,nan,nan
3624.008,1.545617e-05,0.0,nan,nan,nan
3624.092,1.54576e-05,0.0,nan,nan,nan
3624.175,1.546248e-05,0.0,nan,nan,nan
3624.259,1.545804e-05,0.0,nan,nan,nan
3624.343,1.546025e-05,0.0,nan,nan,nan
3624.427,1.545747e-05,0.0,nan,nan,nan
3624.523,1.545965e-05,0.0,nan,nan,nan
3624.607,1.545923e-05,0.0,nan,nan,nan
3624.691,1.545568e-05,0.0,nan,nan,nan
3624.811,1.545856e-05,0.0,nan,nan,nan
3624.895,1.545534e-05,0.0,nan,nan,nan
3624.978,1.545722e-05,0.0,nan,nan,nan
3625.065,1.546308e-05,0.0,nan,nan,nan
3625.149,1.545993e-05,0.0,nan,nan,nan
3625.232,1.545348e-05,0.0,nan,nan,nan
3625.316,1.545869e-05,0.0,nan,nan,nan
3625.399,1.545513e-05,0.0,nan,nan,nan
3625.487,1.545437e-05,0.0,nan,nan,nan
3625.571,1.545744e-05,0.0,nan,nan,nan
3625.655,1.545449e-05,0.0,nan,nan,nan
3625.746,1.545064e-05,0.0,nan,nan,nan
3625.83,1.54554e-05,0.0,nan,nan,nan
3625.914,1.545215e-05,0.0,nan,nan,nan
3625.997,1.54526e-05,0.0,nan,nan,nan
3626.082,1.545499e-05,0.0,nan,nan,nan
3626.166,1.545602e-05,0.0,nan,nan,nan
3626.255,1.545485e-05,0.0,nan,nan,nan
3626.339,1.545755e-05,0.0,nan,nan,nan
3626.423,1.545655e-05,0.0,nan,nan,nan
3626.507,1.54521e-05,0.0,nan,nan,nan
3626.591,1.545721e-05,0.0,nan,nan,nan
3626.674,1.54568e-05,0.0,nan,nan,nan
3626.76,1.545756e-05,0.0,nan,nan,nan
3626.877,1.54596e-05,0.0,nan,nan,nan
3626.961,1.546111e-05,0.0,nan,nan,nan
3627.045,1.545687e-05,0.0,nan,nan,nan
3627.144,1.545344e-05,0.0,nan,nan,nan
3627.228,1.545716e-05,0.0,nan,nan,nan
3627.311,1.545581e-05,0.0,nan,nan,nan
3627.395,1.545571e-05,0.0,nan,nan,nan
3627.479,1.545905e-05,0.0,nan,nan,nan
3627.563,1.545562e-05,0.0,nan,nan,nan
3627.647,1.545375e-05,0.0,nan,nan,nan
3627.731,1.54578e-05,0.0,nan,nan,nan
3627.815,1.545456e-05,0.0,nan,nan,nan
3627.899,1.545885e-05,0.0,nan,nan,nan
3627.983,1.54589e-05,0.0,nan,nan,nan
3628.066,1.545648e-05,0.0,nan,nan,nan
3628.151,1.545714e-05,0.0,nan,nan,nan
3628.235,1.545449e-05,0.0,nan,nan,nan
3628.318,1.545985e-05,0.0,nan,nan,nan
3628.403,1.545615e-05,0.0,nan,nan,nan
3628.486,1.545398e-05,0.0,nan,nan,nan
3628.583,1.545727e-05,0.0,nan,nan,nan
3628.667,1.545675e-05,0.0,nan,nan,nan
3628.751,1.545467e-05,0.0,nan,nan,nan
3628.834,1.545526e-05,0.0,nan,nan,nan
3628.932,1.545719e-05,0.0,nan,nan,nan
3629.028,1.545569e-05,0.0,nan,nan,nan
3629.111,1.545706e-05,0.0,nan,nan,nan
3629.197,1.545763e-05,0.0,nan,nan,nan
3629.281,1.545895e-05,0.0,nan,nan,nan
3629.364,1.545916e-05,0.0,nan,nan,nan
3629.448,1.545803e-05,0.0,nan,nan,nan
3629.532,1.545947e-05,0.0,nan,nan,nan
3629.615,1.545635e-05,0.0,nan,nan,nan
3629.699,1.5457e-05,0.0,nan,nan,nan
3629.799,1.545981e-05,0.0,nan,nan,nan
3629.882,1.545595e-05,0.0,nan,nan,nan
3629.966,1.545509e-05,0.0,nan,nan,nan
3630.05,1.546125e-05,0.0,nan,nan,nan
3630.135,1.546116e-05,0.0,nan,nan,nan
3630.224,1.545898e-05,0.0,nan,nan,nan
3630.308,1.546014e-05,0.0,nan,nan,nan
3630.394,1.545678e-05,0.0,nan,nan,nan
3630.477,1.545795e-05,0.0,nan,nan,nan
3630.562,1.545924e-05,0.0,nan,nan,nan
3630.646,1.546066e-05,0.0,nan,nan,nan
3630.73,1.546003e-05,0.0,nan,nan,nan
3630.819,1.545861e-05,0.0,nan,nan,nan
3630.903,1.546173e-05,0.0,nan,nan,nan
3631.009,1.546186e-05,0.0,nan,nan,nan
3631.093,1.546254e-05,0.0,nan,nan,nan
3631.177,1.545509e-05,0.0,nan,nan,nan
3631.26,1.545297e-05,0.0,nan,nan,nan
3631.344,1.545657e-05,0.0,nan,nan,nan
3631.428,1.545743e-05,0.0,nan,nan,nan
3631.512,1.545428e-05,0.0,nan,nan,nan
3631.597,1.545612e-05,0.0,nan,nan,nan
3631.681,1.545483e-05,0.0,nan,nan,nan
3631.765,1.545427e-05,0.0,nan,nan,nan
3631.848,1.545362e-05,0.0,nan,nan,nan
3631.932,1.545868e-05,0.0,nan,nan,nan
3632.016,1.545574e-05,0.0,nan,nan,nan
3632.099,1.545516e-05,0.0,nan,nan,nan
3632.183,1.545672e-05,0.0,nan,nan,nan
3632.266,1.545896e-05,0.0,nan,nan,nan
3632.35,1.545614e-05,0.0,nan,nan,nan
3632.448,1.545858e-05,0.0,nan,nan,nan
3632.532,1.545736e-05,0.0,nan,nan,nan
3632.618,1.54523e-05,0.0,nan,nan,nan
3632.702,1.545736e-05,0.0,nan,nan,nan
3632.785,1.545354e-05,0.0,nan,nan,nan
3632.874,1.545829e-05,0.0,nan,nan,nan
3632.957,1.545734e-05,0.0,nan,nan,nan
3633.079,1.545743e-05,0.0,nan,nan,nan
3633.163,1.5453e-05,0.0,nan,nan,nan
3633.265,1.545444e-05,0.0,nan,nan,nan
3633.349,1.545727e-05,0.0,nan,nan,nan
3633.433,1.545538e-05,0.0,nan,nan,nan
3633.517,1.546088e-05,0.0,nan,nan,nan
3633.6,1.54567e-05,0.0,nan,nan,nan
3633.684,1.545869e-05,0.0,nan,nan,nan
3633.768,1.545331e-05,0.0,nan,nan,nan
3633.866,1.545895e-05,0.0,nan,nan,nan
3633.95,1.54569e-05,0.0,nan,nan,nan
3634.037,1.545379e-05,0.0,nan,nan,nan
3634.121,1.54575e-05,0.0,nan,nan,nan
3634.208,1.545465e-05,0.0,nan,nan,nan
3634.291,1.545877e-05,0.0,nan,nan,nan
3634.375,1.545473e-05,0.0,nan,nan,nan
3634.46,1.54526e-05,0.0,nan,nan,nan
3634.544,1.545747e-05,0.0,nan,nan,nan
3634.627,1.545412e-05,0.0,nan,nan,nan
3634.711,1.5454e-05,0.0,nan,nan,nan
3634.795,1.545459e-05,0.0,nan,nan,nan
3634.89,1.545554e-05,0.0,nan,nan,nan
3634.974,1.545535e-05,0.0,nan,nan,nan
3635.057,1.545254e-05,0.0,nan,nan,nan
3635.141,1.545532e-05,0.0,nan,nan,nan
3635.225,1.546011e-05,0.0,nan,nan,nan
3635.309,1.545641e-05,0.0,nan,nan,nan
3635.393,1.545655e-05,0.0,nan,nan,nan
3635.5,1.545393e-05,0.0,nan,nan,nan
3635.583,1.545443e-05,0.0,nan,nan,nan
3635.667,1.545297e-05,0.0,nan,nan,nan
3635.75,1.545533e-05,0.0,nan,nan,nan
3635.834,1.545217e-05,0.0,nan,nan,nan
3635.918,1.545079e-05,0.0,nan,nan,nan
3636.001,1.545731e-05,0.0,nan,nan,nan
3636.101,1.545985e-05,0.0,nan,nan,nan
3636.185,1.545587e-05,0.0,nan,nan,nan
3636.269,1.545329e-05,0.0,nan,nan,nan
3636.353,1.545521e-05,0.0,nan,nan,nan
3636.436,1.545303e-05,0.0,nan,nan,nan
3636.523,1.545447e-05,0.0,nan,nan,nan
3636.606,1.545073e-05,0.0,nan,nan,nan
3636.691,1.545596e-05,0.0,nan,nan,nan
3636.775,1.545481e-05,0.0,nan,nan,nan
3636.859,1.545725e-05,0.0,nan,nan,nan
3636.943,1.545963e-05,0.0,nan,nan,nan
3637.027,1.545831e-05,0.0,nan,nan,nan
3637.112,1.545767e-05,0.0,nan,nan,nan
3637.197,1.545708e-05,0.0,nan,nan,nan
3637.282,1.54542e-05,0.0,nan,nan,nan
3637.365,1.545797e-05,0.0,nan,nan,nan
3637.449,1.545769e-05,0.0,nan,nan,nan
3637.537,1.545908e-05,0.0,nan,nan,nan
3637.621,1.54527e-05,0.0,nan,nan,nan
3637.704,1.545869e-05,0.0,nan,nan,nan
3637.788,1.545471e-05,0.0,nan,nan,nan
3637.872,1.545726e-05,0.0,nan,nan,nan
3637.956,1.545181e-05,0.0,nan,nan,nan
3638.039,1.54532e-05,0.0,nan,nan,nan
3638.132,1.545577e-05,0.0,nan,nan,nan
3638.216,1.545531e-05,0.0,nan,nan,nan
3638.3,1.545728e-05,0.0,nan,nan,nan
3638.383,1.545649e-05,0.0,nan,nan,nan
3638.467,1.545895e-05,0.0,nan,nan,nan
3638.551,1.545616e-05,0.0,nan,nan,nan
3638.634,1.545405e-05,0.0,nan,nan,nan
3638.718,1.545481e-05,0.0,nan,nan,nan
3638.801,1.545425e-05,0.0,nan,nan,nan
3638.885,1.545547e-05,0.0,nan,nan,nan
3638.969,1.545542e-05,0.0,nan,nan,nan
3639.052,1.545181e-05,0.0,nan,nan,nan
3639.159,1.546132e-05,0.0,nan,nan,nan
3639.252,1.545744e-05,0.0,nan,nan,nan
3639.341,1.545547e-05,0.0,nan,nan,nan
3639.425,1.545654e-05,0.0,nan,nan,nan
3639.508,1.54551e-05,0.0,nan,nan,nan
3639.592,1.545861e-05,0.0,nan,nan,nan
3639.676,1.545641e-05,0.0,nan,nan,nan
3639.759,1.545028e-05,0.0,nan,nan,nan
3639.843,1.544955e-05,0.0,nan,nan,nan
3639.927,1.545521e-05,0.0,nan,nan,nan
3640.011,1.545364e-05,0.0,nan,nan,nan
3640.094,1.544679e-05,0.0,nan,nan,nan
3640.178,1.54524e-05,0.0,nan,nan,nan
3640.262,1.54508e-05,0.0,nan,nan,nan
3640.345,1.544908e-05,0.0,nan,nan,nan
3640.429,1.545321e-05,0.0,nan,nan,nan
3640.513,1.545295e-05,0.0,nan,nan,nan
3640.597,1.545468e-05,0.0,nan,nan,nan
3640.681,1.545231e-05,0.0,nan,nan,nan
3640.765,1.545147e-05,0.0,nan,nan,nan
3640.849,1.545328e-05,0.0,nan,nan,nan
3640.932,1.545122e-05,0.0,nan,nan,nan
3641.016,1.544973e-05,0.0,nan,nan,nan
3641.102,1.545491e-05,0.0,nan,nan,nan
3641.194,1.54566e-05,0.0,nan,nan,nan
3641.299,1.545391e-05,0.0,nan,nan,nan
3641.382,1.545346e-05,0.0,nan,nan,nan
3641.466,1.545527e-05,0.0,nan,nan,nan
3641.549,1.545808e-05,0.0,nan,nan,nan
3641.632,1.545485e-05,0.0,nan,nan,nan
3641.716,1.545445e-05,0.0,nan,nan,nan
3641.8,1.545239e-05,0.0,nan,nan,nan
3641.883,1.545296e-05,0.0,nan,nan,nan
3641.967,1.545229e-05,0.0,nan,nan,nan
3642.05,1.545607e-05,0.0,nan,nan,nan
3642.136,1.545369e-05,0.0,nan,nan,nan
3642.222,1.545488e-05,0.0,nan,nan,nan
3642.306,1.545063e-05,0.0,nan,nan,nan
3642.401,1.545642e-05,0.0,nan,nan,nan
3642.485,1.5454e-05,0.0,nan,nan,nan
3642.569,1.545521e-05,0.0,nan,nan,nan
3642.653,1.545463e-05,0.0,nan,nan,nan
3642.736,1.545332e-05,0.0,nan,nan,nan
3642.82,1.545408e-05,0.0,nan,nan,nan
3642.904,1.545304e-05,0.0,nan,nan,nan
3642.988,1.545648e-05,0.0,nan,nan,nan
3643.072,1.545521e-05,0.0,nan,nan,nan
3643.155,1.545233e-05,0.0,nan,nan,nan
3643.239,1.545208e-05,0.0,nan,nan,nan
3643.323,1.545305e-05,0.0,nan,nan,nan
3643.43,1.545215e-05,0.0,nan,nan,nan
3643.514,1.545219e-05,0.0,nan,nan,nan
3643.597,1.544918e-05,0.0,nan,nan,nan
3643.681,1.545039e-05,0.0,nan,nan,nan
3643.767,1.545346e-05,0.0,nan,nan,nan
3643.852,1.545578e-05,0.0,nan,nan,nan
3643.936,1.545187e-05,0.0,nan,nan,nan
3644.037,1.545437e-05,0.0,nan,nan,nan
3644.12,1.545366e-05,0.0,nan,nan,nan
3644.204,1.545145e-05,0.0,nan,nan,nan
3644.287,1.545318e-05,0.0,nan,nan,nan
3644.371,1.545353e-05,0.0,nan,nan,nan
3644.467,1.544836e-05,0.0,nan,nan,nan
3644.55,1.545271e-05,0.0,nan,nan,nan
3644.65,1.545368e-05,0.0,nan,nan,nan
3644.734,1.544954e-05,0.0,nan,nan,nan
3644.818,1.545038e-05,0.0,nan,nan,nan
3644.902,1.545525e-05,0.0,nan,nan,nan
3644.985,1.545639e-05,0.0,nan,nan,nan
3645.069,1.545273e-05,0.0,nan,nan,nan
3645.152,1.545286e-05,0.0,nan,nan,nan
3645.236,1.545601e-05,0.0,nan,nan,nan
3645.32,1.545578e-05,0.0,nan,nan,nan
3645.406,1.545686e-05,0.0,nan,nan,nan
3645.49,1.545554e-05,0.0,nan,nan,nan
3645.574,1.545532e-05,0.0,nan,nan,nan
3645.66,1.545376e-05,0.0,nan,nan,nan
3645.744,1.54502e-05,0.0,nan,nan,nan
3645.828,1.545126e-05,0.0,nan,nan,nan
3645.911,1.545355e-05,0.0,nan,nan,nan
3645.995,1.545277e-05,0.0,nan,nan,nan
3646.102,1.545202e-05,0.0,nan,nan,nan
3646.186,1.545138e-05,0.0,nan,nan,nan
3646.269,1.545022e-05,0.0,nan,nan,nan
3646.353,1.545207e-05,0.0,nan,nan,nan
3646.437,1.544876e-05,0.0,nan,nan,nan
3646.524,1.544973e-05,0.0,nan,nan,nan
3646.608,1.545067e-05,0.0,nan,nan,nan
3646.696,1.545012e-05,0.0,nan,nan,nan
3646.78,1.545145e-05,0.0,nan,nan,nan
3646.864,1.545433e-05,0.0,nan,nan,nan
3646.949,1.545326e-05,0.0,nan,nan,nan
3647.032,1.545312e-05,0.0,nan,nan,nan
3647.132,1.545496e-05,0.0,nan,nan,nan
3647.216,1.545299e-05,0.0,nan,nan,nan
3647.302,1.545144e-05,0.0,nan,nan,nan
3647.385,1.545258e-05,0.0,nan,nan,nan
3647.469,1.545647e-05,0.0,nan,nan,nan
3647.556,1.545342e-05,0.0,nan,nan,nan
3647.64,1.545366e-05,0.0,nan,nan,nan
3647.745,1.545837e-05,0.0,nan,nan,nan
3647.828,1.545145e-05,0.0,nan,nan,nan
3647.912,1.545593e-05,0.0,nan,nan,nan
3647.996,1.545488e-05,0.0,nan,nan,nan
3648.079,1.545823e-05,0.0,nan,nan,nan
3648.163,1.545695e-05,0.0,nan,nan,nan
3648.247,1.545859e-05,0.0,nan,nan,nan
3648.33,1.545787e-05,0.0,nan,nan,nan
3648.414,1.545621e-05,0.0,nan,nan,nan
3648.499,1.545431e-05,0.0,nan,nan,nan
3648.582,1.545748e-05,0.0,nan,nan,nan
3648.666,1.545871e-05,0.0,nan,nan,nan
3648.767,1.545482e-05,0.0,nan,nan,nan
3648.85,1.545674e-05,0.0,nan,nan,nan
3648.934,1.544968e-05,0.0,nan,nan,nan
3649.017,1.54563e-05,0.0,nan,nan,nan
3649.103,1.545487e-05,0.0,nan,nan,nan
3649.186,1.545384e-05,0.0,nan,nan,nan
3649.27,1.545449e-05,0.0,nan,nan,nan
3649.354,1.545221e-05,0.0,nan,nan,nan
3649.437,1.545323e-05,0.0,nan,nan,nan
3649.525,1.545519e-05,0.0,nan,nan,nan
3649.624,1.545334e-05,0.0,nan,nan,nan
3649.708,1.545969e-05,0.0,nan,nan,nan
3649.805,1.545808e-05,0.0,nan,nan,nan
3649.889,1.544927e-05,0.0,nan,nan,nan
3649.974,1.545625e-05,0.0,nan,nan,nan
3650.06,1.545428e-05,0.0,nan,nan,nan
3650.146,1.545669e-05,0.0,nan,nan,nan
3650.23,1.545368e-05,0.0,nan,nan,nan
3650.314,1.545314e-05,0.0,nan,nan,nan
3650.42,1.545404e-05,0.0,nan,nan,nan
3650.503,1.545168e-05,0.0,nan,nan,nan
3650.6,1.545404e-05,0.0,nan,nan,nan
3650.683,1.545418e-05,0.0,nan,nan,nan
3650.767,1.545615e-05,0.0,nan,nan,nan
3650.851,1.545534e-05,0.0,nan,nan,nan
3650.935,1.54526e-05,0.0,nan,nan,nan
3651.033,1.545336e-05,0.0,nan,nan,nan
3651.117,1.545061e-05,0.0,nan,nan,nan
3651.214,1.545443e-05,0.0,nan,nan,nan
3651.298,1.545099e-05,0.0,nan,nan,nan
3651.382,1.545239e-05,0.0,nan,nan,nan
3651.465,1.545239e-05,0.0,nan,nan,nan
3651.549,1.545152e-05,0.0,nan,nan,nan
3651.666,1.545211e-05,0.0,nan,nan,nan
3651.75,1.545481e-05,0.0,nan,nan,nan
3651.833,1.545587e-05,0.0,nan,nan,nan
3651.917,1.545364e-05,0.0,nan,nan,nan
3652.028,1.545378e-05,0.0,nan,nan,nan
3652.111,1.545267e-05,0.0,nan,nan,nan
3652.195,1.545137e-05,0.0,nan,nan,nan
3652.279,1.545227e-05,0.0,nan,nan,nan
3652.362,1.545269e-05,0.0,nan,nan,nan
3652.446,1.545476e-05,0.0,nan,nan,nan
3652.53,1.545068e-05,0.0,nan,nan,nan
3652.634,1.545391e-05,0.0,nan,nan,nan
3652.717,1.545421e-05,0.0,nan,nan,nan
3652.801,1.545616e-05,0.0,nan,nan,nan
3652.884,1.545697e-05,0.0,nan,nan,nan
3652.968,1.545054e-05,0.0,nan,nan,nan
3653.051,1.544928e-05,0.0,nan,nan,nan
3653.135,1.54528e-05,0.0,nan,nan,nan
3653.219,1.545119e-05,0.0,nan,nan,nan
3653.302,1.544907e-05,0.0,nan,nan,nan
3653.385,1.545189e-05,0.0,nan,nan,nan
3653.502,1.545439e-05,0.0,nan,nan,nan
3653.586,1.54536e-05,0.0,nan,nan,nan
3653.669,1.545414e-05,0.0,nan,nan,nan
3653.799,1.545234e-05,0.0,nan,nan,nan
3653.883,1.545585e-05,0.0,nan,nan,nan
3653.986,1.545448e-05,0.0,nan,nan,nan
3654.07,1.545847e-05,0.0,nan,nan,nan
3654.153,1.54533e-05,0.0,nan,nan,nan
3654.237,1.545653e-05,0.0,nan,nan,nan
3654.332,1.545293e-05,0.0,nan,nan,nan
3654.417,1.545188e-05,0.0,nan,nan,nan
3654.5,1.545302e-05,0.0,nan,nan,nan
3654.584,1.545396e-05,0.0,nan,nan,nan
3654.668,1.545535e-05,0.0,nan,nan,nan
3654.753,1.545523e-05,0.0,nan,nan,nan
3654.837,1.545631e-05,0.0,nan,nan,nan
3654.931,1.545355e-05,0.0,nan,nan,nan
3655.014,1.545126e-05,0.0,nan,nan,nan
3655.12,1.545205e-05,0.0,nan,nan,nan
3655.204,1.545487e-05,0.0,nan,nan,nan
3655.297,1.545445e-05,0.0,nan,nan,nan
3655.381,1.545352e-05,0.0,nan,nan,nan
3655.464,1.54528e-05,0.0,nan,nan,nan
3655.548,1.545244e-05,0.0,nan,nan,nan
3655.632,1.545667e-05,0.0,nan,nan,nan
3655.716,1.545769e-05,0.0,nan,nan,nan
3655.799,1.545491e-05,0.0,nan,nan,nan
3655.898,1.545314e-05,0.0,nan,nan,nan
3655.982,1.545322e-05,0.0,nan,nan,nan
3656.068,1.545416e-05,0.0,nan,nan,nan
3656.151,1.54489e-05,0.0,nan,nan,nan
3656.235,1.545318e-05,0.0,nan,nan,nan
3656.319,1.545133e-05,0.0,nan,nan,nan
3656.403,1.545071e-05,0.0,nan,nan,nan
3656.486,1.545446e-05,0.0,nan,nan,nan
3656.57,1.545549e-05,0.0,nan,nan,nan
3656.654,1.545282e-05,0.0,nan,nan,nan
3656.741,1.545048e-05,0.0,nan,nan,nan
3656.825,1.545638e-05,0.0,nan,nan,nan
3656.939,1.545442e-05,0.0,nan,nan,nan
3657.023,1.545407e-05,0.0,nan,nan,nan
3657.107,1.545046e-05,0.0,nan,nan,nan
3657.191,1.544822e-05,0.0,nan,nan,nan
3657.276,1.544984e-05,0.0,nan,nan,nan
3657.376,1.545337e-05,0.0,nan,nan,nan
3657.46,1.545825e-05,0.0,nan,nan,nan
3657.566,1.545517e-05,0.0,nan,nan,nan
3657.652,1.545557e-05,0.0,nan,nan,nan
3657.737,1.545939e-05,0.0,nan,nan,nan
3657.821,1.545311e-05,0.0,nan,nan,nan
3657.906,1.545223e-05,0.0,nan,nan,nan
3658.009,1.545309e-05,0.0,nan,nan,nan
3658.093,1.545199e-05,0.0,nan,nan,nan
3658.177,1.545124e-05,0.0,nan,nan,nan
3658.261,1.5451e-05,0.0,nan,nan,nan
3658.346,1.54486e-05,0.0,nan,nan,nan
3658.429,1.545322e-05,0.0,nan,nan,nan
3658.516,1.545092e-05,0.0,nan,nan,nan
3658.599,1.545053e-05,0.0,nan,nan,nan
3658.683,1.545374e-05,0.0,nan,nan,nan
3658.766,1.545118e-05,0.0,nan,nan,nan
3658.85,1.545324e-05,0.0,nan,nan,nan
3658.951,1.544974e-05,0.0,nan,nan,nan
3659.035,1.545121e-05,0.0,nan,nan,nan
3659.119,1.544842e-05,0.0,nan,nan,nan
3659.202,1.545086e-05,0.0,nan,nan,nan
3659.286,1.545412e-05,0.0,nan,nan,nan
3659.37,1.545316e-05,0.0,nan,nan,nan
3659.454,1.545454e-05,0.0,nan,nan,nan
3659.566,1.545111e-05,0.0,nan,nan,nan
3659.65,1.545377e-05,0.0,nan,nan,nan
3659.734,1.545563e-05,0.0,nan,nan,nan
3659.818,1.545148e-05,0.0,nan,nan,nan
3659.902,1.545382e-05,0.0,nan,nan,nan
3659.998,1.545063e-05,0.0,nan,nan,nan
3660.085,1.545267e-05,0.0,nan,nan,nan
3660.181,1.545088e-05,0.0,nan,nan,nan
3660.264,1.545086e-05,0.0,nan,nan,nan
3660.348,1.545174e-05,0.0,nan,nan,nan
3660.432,1.545588e-05,0.0,nan,nan,nan
3660.515,1.545449e-05,0.0,nan,nan,nan
3660.601,1.545081e-05,0.0,nan,nan,nan
3660.684,1.545414e-05,0.0,nan,nan,nan
3660.782,1.54515e-05,0.0,nan,nan,nan
3660.865,1.545165e-05,0.0,nan,nan,nan
3660.949,1.545531e-05,0.0,nan,nan,nan
3661.032,1.545259e-05,0.0,nan,nan,nan
3661.121,1.544961e-05,0.0,nan,nan,nan
3661.209,1.545135e-05,0.0,nan,nan,nan
3661.292,1.545132e-05,0.0,nan,nan,nan
3661.379,1.545146e-05,0.0,nan,nan,nan
3661.463,1.545198e-05,0.0,nan,nan,nan
3661.547,1.54529e-05,0.0,nan,nan,nan
3661.631,1.545482e-05,0.0,nan,nan,nan
3661.714,1.545557e-05,0.0,nan,nan,nan
3661.8,1.545285e-05,0.0,nan,nan,nan
3661.884,1.545036e-05,0.0,nan,nan,nan
3661.967,1.545453e-05,0.0,nan,nan,nan
3662.051,1.545104e-05,0.0,nan,nan,nan
3662.179,1.545264e-05,0.0,nan,nan,nan
3662.263,1.54521e-05,0.0,nan,nan,nan
3662.347,1.545438e-05,0.0,nan,nan,nan
3662.435,1.545042e-05,0.0,nan,nan,nan
3662.518,1.545278e-05,0.0,nan,nan,nan
3662.625,1.545338e-05,0.0,nan,nan,nan
3662.709,1.545575e-05,0.0,nan,nan,nan
3662.792,1.545494e-05,0.0,nan,nan,nan
3662.876,1.545422e-05,0.0,nan,nan,nan
3662.96,1.545398e-05,0.0,nan,nan,nan
3663.049,1.545284e-05,0.0,nan,nan,nan
3663.133,1.54564e-05,0.0,nan,nan,nan
3663.216,1.544996e-05,0.0,nan,nan,nan
3663.3,1.545376e-05,0.0,nan,nan,nan
3663.383,1.545371e-05,0.0,nan,nan,nan
3663.467,1.545107e-05,0.0,nan,nan,nan
3663.551,1.545115e-05,0.0,nan,nan,nan
3663.642,1.54529e-05,0.0,nan,nan,nan
3663.725,1.545674e-05,0.0,nan,nan,nan
3663.809,1.545336e-05,0.0,nan,nan,nan
3663.893,1.54548e-05,0.0,nan,nan,nan
3663.977,1.545119e-05,0.0,nan,nan,nan
3664.069,1.544807e-05,0.0,nan,nan,nan
3664.152,1.545241e-05,0.0,nan,nan,nan
3664.246,1.544848e-05,0.0,nan,nan,nan
3664.329,1.545328e-05,0.0,nan,nan,nan
3664.417,1.545321e-05,0.0,nan,nan,nan
3664.501,1.545266e-05,0.0,nan,nan,nan
3664.586,1.545264e-05,0.0,nan,nan,nan
3664.68,1.545338e-05,0.0,nan,nan,nan
3664.763,1.544913e-05,0.0,nan,nan,nan
3664.864,1.545669e-05,0.0,nan,nan,nan
3664.948,1.545446e-05,0.0,nan,nan,nan
3665.032,1.545721e-05,0.0,nan,nan,nan
3665.115,1.545673e-05,0.0,nan,nan,nan
3665.2,1.545345e-05,0.0,nan,nan,nan
3665.289,1.545669e-05,0.0,nan,nan,nan
3665.373,1.545002e-05,0.0,nan,nan,nan
3665.468,1.545496e-05,0.0,nan,nan,nan
3665.552,1.545461e-05,0.0,nan,nan,nan
3665.636,1.545432e-05,0.0,nan,nan,nan
3665.719,1.545457e-05,0.0,nan,nan,nan
3665.803,1.54575e-05,0.0,nan,nan,nan
3665.903,1.545285e-05,0.0,nan,nan,nan
3665.987,1.545241e-05,0.0,nan,nan,nan
3666.078,1.54579e-05,0.0,nan,nan,nan
3666.162,1.544719e-05,0.0,nan,nan,nan
3666.245,1.545115e-05,0.0,nan,nan,nan
3666.329,1.545004e-05,0.0,nan,nan,nan
3666.412,1.54536e-05,0.0,nan,nan,nan
3666.496,1.545356e-05,0.0,nan,nan,nan
3666.58,1.545054e-05,0.0,nan,nan,nan
3666.666,1.544953e-05,0.0,nan,nan,nan
3666.75,1.545639e-05,0.0,nan,nan,nan
3666.834,1.545254e-05,0.0,nan,nan,nan
3666.917,1.545345e-05,0.0,nan,nan,nan
3667.001,1.545261e-05,0.0,nan,nan,nan
3667.096,1.545433e-05,0.0,nan,nan,nan
3667.18,1.544707e-05,0.0,nan,nan,nan
3667.264,1.545254e-05,0.0,nan,nan,nan
3667.347,1.545157e-05,0.0,nan,nan,nan
3667.431,1.545531e-05,0.0,nan,nan,nan
3667.516,1.545308e-05,0.0,nan,nan,nan
3667.599,1.544973e-05,0.0,nan,nan,nan
3667.683,1.54537e-05,0.0,nan,nan,nan
3667.766,1.545382e-05,0.0,nan,nan,nan
3667.85,1.545257e-05,0.0,nan,nan,nan
3667.933,1.545238e-05,0.0,nan,nan,nan
3668.017,1.54501e-05,0.0,nan,nan,nan
3668.115,1.545407e-05,0.0,nan,nan,nan
3668.199,1.545289e-05,0.0,nan,nan,nan
3668.282,1.545247e-05,0.0,nan,nan,nan
3668.367,1.544985e-05,0.0,nan,nan,nan
3668.451,1.545458e-05,0.0,nan,nan,nan
3668.535,1.545118e-05,0.0,nan,nan,nan
3668.618,1.545511e-05,0.0,nan,nan,nan
3668.702,1.545665e-05,0.0,nan,nan,nan
3668.785,1.545185e-05,0.0,nan,nan,nan
3668.869,1.545046e-05,0.0,nan,nan,nan
3668.952,1.545489e-05,0.0,nan,nan,nan
3669.036,1.545763e-05,0.0,nan,nan,nan
3669.137,1.545251e-05,0.0,nan,nan,nan
3669.221,1.545585e-05,0.0,nan,nan,nan
3669.326,1.545376e-05,0.0,nan,nan,nan
3669.41,1.545071e-05,0.0,nan,nan,nan
3669.496,1.545578e-05,0.0,nan,nan,nan
3669.58,1.54558e-05,0.0,nan,nan,nan
3669.663,1.545594e-05,0.0,nan,nan,nan
3669.748,1.545696e-05,0.0,nan,nan,nan
3669.832,1.545513e-05,0.0,nan,nan,nan
3669.915,1.54539e-05,0.0,nan,nan,nan
3669.999,1.545679e-05,0.0,nan,nan,nan
3670.082,1.545531e-05,0.0,nan,nan,nan
3670.17,1.54545e-05,0.0,nan,nan,nan
3670.254,1.545568e-05,0.0,nan,nan,nan
3670.355,1.545263e-05,0.0,nan,nan,nan
3670.439,1.545233e-05,0.0,nan,nan,nan
3670.523,1.545468e-05,0.0,nan,nan,nan
3670.607,1.545362e-05,0.0,nan,nan,nan
3670.691,1.545393e-05,0.0,nan,nan,nan
3670.774,1.545574e-05,0.0,nan,nan,nan
3670.858,1.545239e-05,0.0,nan,nan,nan
3670.962,1.545707e-05,0.0,nan,nan,nan
3671.046,1.545927e-05,0.0,nan,nan,nan
3671.13,1.545751e-05,0.0,nan,nan,nan
3671.213,1.545557e-05,0.0,nan,nan,nan
3671.297,1.545487e-05,0.0,nan,nan,nan
3671.382,1.545453e-05,0.0,nan,nan,nan
3671.466,1.545663e-05,0.0,nan,nan,nan
3671.55,1.545502e-05,0.0,nan,nan,nan
3671.633,1.545093e-05,0.0,nan,nan,nan
3671.717,1.545224e-05,0.0,nan,nan,nan
3671.801,1.545509e-05,0.0,nan,nan,nan
3671.885,1.545526e-05,0.0,nan,nan,nan
3671.969,1.545964e-05,0.0,nan,nan,nan
3672.053,1.545357e-05,0.0,nan,nan,nan
3672.136,1.545562e-05,0.0,nan,nan,nan
3672.22,1.545402e-05,0.0,nan,nan,nan
3672.303,1.545459e-05,0.0,nan,nan,nan
3672.399,1.545302e-05,0.0,nan,nan,nan
3672.497,1.545219e-05,0.0,nan,nan,nan
3672.6,1.545301e-05,0.0,nan,nan,nan
3672.683,1.54529e-05,0.0,nan,nan,nan
3672.767,1.545201e-05,0.0,nan,nan,nan
3672.851,1.545186e-05,0.0,nan,nan,nan
3672.937,1.54507e-05,0.0,nan,nan,nan
3673.031,1.545014e-05,0.0,nan,nan,nan
3673.115,1.544844e-05,0.0,nan,nan,nan
3673.2,1.54551e-05,0.0,nan,nan,nan
3673.283,1.545608e-05,0.0,nan,nan,nan
3673.367,1.545576e-05,0.0,nan,nan,nan
3673.45,1.545304e-05,0.0,nan,nan,nan
3673.536,1.545424e-05,0.0,nan,nan,nan
3673.62,1.545552e-05,0.0,nan,nan,nan
3673.704,1.545264e-05,0.0,nan,nan,nan
3673.788,1.545149e-05,0.0,nan,nan,nan
3673.872,1.545294e-05,0.0,nan,nan,nan
3673.955,1.545207e-05,0.0,nan,nan,nan
3674.039,1.545328e-05,0.0,nan,nan,nan
3674.123,1.544975e-05,0.0,nan,nan,nan
3674.227,1.544916e-05,0.0,nan,nan,nan
3674.311,1.544596e-05,0.0,nan,nan,nan
3674.396,1.544636e-05,0.0,nan,nan,nan
3674.48,1.545056e-05,0.0,nan,nan,nan
3674.566,1.545052e-05,0.0,nan,nan,nan
3674.65,1.545248e-05,0.0,nan,nan,nan
3674.734,1.54553e-05,0.0,nan,nan,nan
3674.834,1.545744e-05,0.0,nan,nan,nan
3674.917,1.545299e-05,0.0,nan,nan,nan
3675.001,1.545656e-05,0.0,nan,nan,nan
3675.084,1.545071e-05,0.0,nan,nan,nan
3675.169,1.545359e-05,0.0,nan,nan,nan
3675.257,1.544882e-05,0.0,nan,nan,nan
3675.341,1.545261e-05,0.0,nan,nan,nan
3675.424,1.545513e-05,0.0,nan,nan,nan
3675.508,1.545475e-05,0.0,nan,nan,nan
3675.592,1.54494e-05,0.0,nan,nan,nan
3675.675,1.544978e-05,0.0,nan,nan,nan
3675.76,1.545047e-05,0.0,nan,nan,nan
3675.844,1.545314e-05,0.0,nan,nan,nan
3675.927,1.545206e-05,0.0,nan,nan,nan
3676.012,1.545734e-05,0.0,nan,nan,nan
3676.095,1.545161e-05,0.0,nan,nan,nan
3676.179,1.545275e-05,0.0,nan,nan,nan
3676.286,1.545238e-05,0.0,nan,nan,nan
3676.37,1.545291e-05,0.0,nan,nan,nan
3676.453,1.54536e-05,0.0,nan,nan,nan
3676.537,1.544901e-05,0.0,nan,nan,nan
3676.645,1.545024e-05,0.0,nan,nan,nan
3676.729,1.545018e-05,0.0,nan,nan,nan
3676.813,1.545115e-05,0.0,nan,nan,nan
3676.896,1.545549e-05,0.0,nan,nan,nan
3676.98,1.545667e-05,0.0,nan,nan,nan
3677.064,1.545527e-05,0.0,nan,nan,nan
3677.147,1.545019e-05,0.0,nan,nan,nan
3677.231,1.544946e-05,0.0,nan,nan,nan
3677.315,1.54498e-05,0.0,nan,nan,nan
3677.398,1.544932e-05,0.0,nan,nan,nan
3677.482,1.544685e-05,0.0,nan,nan,nan
3677.566,1.545219e-05,0.0,nan,nan,nan
3677.649,1.545146e-05,0.0,nan,nan,nan
3677.733,1.545341e-05,0.0,nan,nan,nan
3677.816,1.545265e-05,0.0,nan,nan,nan
3677.9,1.545366e-05,0.0,nan,nan,nan
3677.984,1.545119e-05,0.0,nan,nan,nan
3678.08,1.545201e-05,0.0,nan,nan,nan
3678.164,1.544843e-05,0.0,nan,nan,nan
3678.249,1.545055e-05,0.0,nan,nan,nan
3678.332,1.544881e-05,0.0,nan,nan,nan
3678.416,1.544819e-05,0.0,nan,nan,nan
3678.517,1.544428e-05,0.0,nan,nan,nan
3678.601,1.544478e-05,0.0,nan,nan,nan
3678.699,1.545038e-05,0.0,nan,nan,nan
3678.783,1.544729e-05,0.0,nan,nan,nan
3678.866,1.545086e-05,0.0,nan,nan,nan
3678.95,1.545237e-05,0.0,nan,nan,nan
3679.034,1.545074e-05,0.0,nan,nan,nan
3679.12,1.545189e-05,0.0,nan,nan,nan
3679.204,1.545627e-05,0.0,nan,nan,nan
3679.288,1.545416e-05,0.0,nan,nan,nan
3679.372,1.545733e-05,0.0,nan,nan,nan
3679.455,1.545242e-05,0.0,nan,nan,nan
3679.539,1.544618e-05,0.0,nan,nan,nan
3679.622,1.545395e-05,0.0,nan,nan,nan
3679.724,1.545268e-05,0.0,nan,nan,nan
3679.807,1.545481e-05,0.0,nan,nan,nan
3679.891,1.545511e-05,0.0,nan,nan,nan
3679.975,1.545455e-05,0.0,nan,nan,nan
3680.058,1.545457e-05,0.0,nan,nan,nan
3680.142,1.54552e-05,0.0,nan,nan,nan
3680.226,1.54526e-05,0.0,nan,nan,nan
3680.328,1.545141e-05,0.0,nan,nan,nan
3680.411,1.545662e-05,0.0,nan,nan,nan
3680.495,1.545463e-05,0.0,nan,nan,nan
3680.579,1.545835e-05,0.0,nan,nan,nan
3680.663,1.545498e-05,0.0,nan,nan,nan
3680.75,1.545197e-05,0.0,nan,nan,nan
3680.834,1.545136e-05,0.0,nan,nan,nan
3680.92,1.545243e-05,0.0,nan,nan,nan
3681.003,1.545513e-05,0.0,nan,nan,nan
3681.088,1.545011e-05,0.0,nan,nan,nan
3681.172,1.545021e-05,0.0,nan,nan,nan
3681.255,1.545178e-05,0.0,nan,nan,nan
3681.362,1.545304e-05,0.0,nan,nan,nan
3681.446,1.545285e-05,0.0,nan,nan,nan
3681.547,1.544708e-05,0.0,nan,nan,nan
3681.631,1.545177e-05,0.0,nan,nan,nan
3681.717,1.544866e-05,0.0,nan,nan,nan
3681.8,1.545022e-05,0.0,nan,nan,nan
3681.886,1.544802e-05,0.0,nan,nan,nan
3681.974,1.545415e-05,0.0,nan,nan,nan
3682.058,1.545121e-05,0.0,nan,nan,nan
3682.141,1.545013e-05,0.0,nan,nan,nan
3682.225,1.544791e-05,0.0,nan,nan,nan
3682.309,1.545473e-05,0.0,nan,nan,nan
3682.392,1.545041e-05,0.0,nan,nan,nan
3682.476,1.545382e-05,0.0,nan,nan,nan
3682.575,1.545011e-05,0.0,nan,nan,nan
3682.659,1.545113e-05,0.0,nan,nan,nan
3682.762,1.545298e-05,0.0,nan,nan,nan
3682.845,1.545143e-05,0.0,nan,nan,nan
3682.931,1.545354e-05,0.0,nan,nan,nan
3683.015,1.544745e-05,0.0,nan,nan,nan
3683.102,1.545124e-05,0.0,nan,nan,nan
3683.185,1.545109e-05,0.0,nan,nan,nan
3683.269,1.545525e-05,0.0,nan,nan,nan
3683.367,1.545442e-05,0.0,nan,nan,nan
3683.451,1.545397e-05,0.0,nan,nan,nan
3683.535,1.545221e-05,0.0,nan,nan,nan
3683.618,1.545286e-05,0.0,nan,nan,nan
3683.705,1.545233e-05,0.0,nan,nan,nan
3683.811,1.545371e-05,0.0,nan,nan,nan
3683.894,1.545533e-05,0.0,nan,nan,nan
3683.998,1.545266e-05,0.0,nan,nan,nan
3684.082,1.545224e-05,0.0,nan,nan,nan
3684.165,1.544948e-05,0.0,nan,nan,nan
3684.249,1.545624e-05,0.0,nan,nan,nan
3684.333,1.544711e-05,0.0,nan,nan,nan
3684.417,1.544599e-05,0.0,nan,nan,nan
3684.501,1.544834e-05,0.0,nan,nan,nan
3684.603,1.544976e-05,0.0,nan,nan,nan
3684.686,1.545093e-05,0.0,nan,nan,nan
3684.77,1.544789e-05,0.0,nan,nan,nan
3684.882,1.544783e-05,0.0,nan,nan,nan
3684.965,1.545012e-05,0.0,nan,nan,nan
3685.049,1.545104e-05,0.0,nan,nan,nan
3685.133,1.544942e-05,0.0,nan,nan,nan
3685.232,1.544974e-05,0.0,nan,nan,nan
3685.316,1.545326e-05,0.0,nan,nan,nan
3685.399,1.544899e-05,0.0,nan,nan,nan
3685.483,1.545188e-05,0.0,nan,nan,nan
3685.567,1.54496e-05,0.0,nan,nan,nan
3685.65,1.544816e-05,0.0,nan,nan,nan
3685.734,1.544684e-05,0.0,nan,nan,nan
3685.83,1.545063e-05,0.0,nan,nan,nan
3685.914,1.544549e-05,0.0,nan,nan,nan
3685.998,1.54519e-05,0.0,nan,nan,nan
3686.082,1.545151e-05,0.0,nan,nan,nan
3686.166,1.545191e-05,0.0,nan,nan,nan
3686.253,1.545302e-05,0.0,nan,nan,nan
3686.336,1.545202e-05,0.0,nan,nan,nan
3686.447,1.54542e-05,0.0,nan,nan,nan
3686.531,1.545268e-05,0.0,nan,nan,nan
3686.615,1.545365e-05,0.0,nan,nan,nan
3686.698,1.54525e-05,0.0,nan,nan,nan
3686.782,1.545446e-05,0.0,nan,nan,nan
3686.865,1.545411e-05,0.0,nan,nan,nan
3686.963,1.545414e-05,0.0,nan,nan,nan
3687.047,1.545009e-05,0.0,nan,nan,nan
3687.131,1.545234e-05,0.0,nan,nan,nan
3687.214,1.544666e-05,0.0,nan,nan,nan
3687.298,1.545273e-05,0.0,nan,nan,nan
3687.386,1.544732e-05,0.0,nan,nan,nan
3687.469,1.544809e-05,0.0,nan,nan,nan
3687.553,1.544642e-05,0.0,nan,nan,nan
3687.663,1.545081e-05,0.0,nan,nan,nan
3687.747,1.545296e-05,0.0,nan,nan,nan
3687.833,1.545185e-05,0.0,nan,nan,nan
3687.916,1.545151e-05,0.0,nan,nan,nan
3688.001,1.54519e-05,0.0,nan,nan,nan
3688.084,1.545527e-05,0.0,nan,nan,nan
3688.168,1.545009e-05,0.0,nan,nan,nan
3688.254,1.545109e-05,0.0,nan,nan,nan
3688.337,1.545115e-05,0.0,nan,nan,nan
3688.421,1.54494e-05,0.0,nan,nan,nan
3688.512,1.544939e-05,0.0,nan,nan,nan
3688.596,1.545253e-05,0.0,nan,nan,nan
3688.696,1.545102e-05,0.0,nan,nan,nan
3688.78,1.544964e-05,0.0,nan,nan,nan
3688.863,1.544901e-05,0.0,nan,nan,nan
3688.947,1.545111e-05,0.0,nan,nan,nan
3689.03,1.544987e-05,0.0,nan,nan,nan
3689.12,1.544886e-05,0.0,nan,nan,nan
3689.204,1.545109e-05,0.0,nan,nan,nan
3689.299,1.545286e-05,0.0,nan,nan,nan
3689.383,1.545382e-05,0.0,nan,nan,nan
3689.466,1.544987e-05,0.0,nan,nan,nan
3689.55,1.544917e-05,0.0,nan,nan,nan
3689.637,1.54498e-05,0.0,nan,nan,nan
3689.721,1.545033e-05,0.0,nan,nan,nan
3689.805,1.545208e-05,0.0,nan,nan,nan
3689.889,1.544952e-05,0.0,nan,nan,nan
3689.972,1.544752e-05,0.0,nan,nan,nan
3690.056,1.544933e-05,0.0,nan,nan,nan
3690.14,1.545101e-05,0.0,nan,nan,nan
3690.223,1.545378e-05,0.0,nan,nan,nan
3690.316,1.545323e-05,0.0,nan,nan,nan
3690.399,1.545047e-05,0.0,nan,nan,nan
3690.483,1.545487e-05,0.0,nan,nan,nan
3690.567,1.545291e-05,0.0,nan,nan,nan
3690.655,1.544836e-05,0.0,nan,nan,nan
3690.74,1.544977e-05,0.0,nan,nan,nan
3690.823,1.545266e-05,0.0,nan,nan,nan
3690.908,1.545364e-05,0.0,nan,nan,nan
3690.992,1.545789e-05,0.0,nan,nan,nan
3691.108,1.54525e-05,0.0,nan,nan,nan
3691.192,1.545012e-05,0.0,nan,nan,nan
3691.276,1.545218e-05,0.0,nan,nan,nan
3691.36,1.544984e-05,0.0,nan,nan,nan
3691.443,1.544914e-05,0.0,nan,nan,nan
3691.532,1.544834e-05,0.0,nan,nan,nan
3691.616,1.545241e-05,0.0,nan,nan,nan
3691.699,1.545298e-05,0.0,nan,nan,nan
3691.783,1.545671e-05,0.0,nan,nan,nan
3691.867,1.54553e-05,0.0,nan,nan,nan
3691.95,1.545327e-05,0.0,nan,nan,nan
3692.034,1.545063e-05,0.0,nan,nan,nan
3692.118,1.545045e-05,0.0,nan,nan,nan
3692.202,1.545155e-05,0.0,nan,nan,nan
3692.285,1.545459e-05,0.0,nan,nan,nan
3692.382,1.545289e-05,0.0,nan,nan,nan
3692.466,1.545043e-05,0.0,nan,nan,nan
3692.567,1.544935e-05,0.0,nan,nan,nan
3692.651,1.545173e-05,0.0,nan,nan,nan
3692.734,1.545184e-05,0.0,nan,nan,nan
3692.818,1.545332e-05,0.0,nan,nan,nan
3692.902,1.545095e-05,0.0,nan,nan,nan
3692.985,1.545068e-05,0.0,nan,nan,nan
3693.069,1.545218e-05,0.0,nan,nan,nan
3693.173,1.545637e-05,0.0,nan,nan,nan
3693.257,1.544702e-05,0.0,nan,nan,nan
3693.342,1.545062e-05,0.0,nan,nan,nan
3693.426,1.545052e-05,0.0,nan,nan,nan
3693.51,1.544959e-05,0.0,nan,nan,nan
3693.594,1.544938e-05,0.0,nan,nan,nan
3693.678,1.545268e-05,0.0,nan,nan,nan
3693.783,1.54515e-05,0.0,nan,nan,nan
3693.866,1.544838e-05,0.0,nan,nan,nan
3693.951,1.544869e-05,0.0,nan,nan,nan
3694.034,1.544936e-05,0.0,nan,nan,nan
3694.122,1.545153e-05,0.0,nan,nan,nan
3694.223,1.545495e-05,0.0,nan,nan,nan
3694.307,1.545278e-05,0.0,nan,nan,nan
3694.399,1.54516e-05,0.0,nan,nan,nan
3694.482,1.545575e-05,0.0,nan,nan,nan
3694.566,1.545515e-05,0.0,nan,nan,nan
3694.649,1.545245e-05,0.0,nan,nan,nan
3694.734,1.545483e-05,0.0,nan,nan,nan
3694.817,1.545549e-05,0.0,nan,nan,nan
3694.901,1.545689e-05,0.0,nan,nan,nan
3694.985,1.545296e-05,0.0,nan,nan,nan
3695.069,1.545186e-05,0.0,nan,nan,nan
3695.153,1.545198e-05,0.0,nan,nan,nan
3695.24,1.545002e-05,0.0,nan,nan,nan
3695.324,1.545008e-05,0.0,nan,nan,nan
3695.427,1.544783e-05,0.0,nan,nan,nan
3695.511,1.545288e-05,0.0,nan,nan,nan
3695.596,1.545164e-05,0.0,nan,nan,nan
3695.68,1.545378e-05,0.0,nan,nan,nan
3695.765,1.545384e-05,0.0,nan,nan,nan
3695.849,1.545339e-05,0.0,nan,nan,nan
3695.933,1.544856e-05,0.0,nan,nan,nan
3696.041,1.544699e-05,0.0,nan,nan,nan
3696.125,1.544851e-05,0.0,nan,nan,nan
3696.208,1.545611e-05,0.0,nan,nan,nan
3696.292,1.544985e-05,0.0,nan,nan,nan
3696.375,1.545432e-05,0.0,nan,nan,nan
3696.469,1.545568e-05,0.0,nan,nan,nan
3696.553,1.545585e-05,0.0,nan,nan,nan
3696.651,1.545259e-05,0.0,nan,nan,nan
3696.735,1.544703e-05,0.0,nan,nan,nan
3696.819,1.545012e-05,0.0,nan,nan,nan
3696.903,1.545237e-05,0.0,nan,nan,nan
3696.986,1.545124e-05,0.0,nan,nan,nan
3697.07,1.545265e-05,0.0,nan,nan,nan
3697.154,1.545074e-05,0.0,nan,nan,nan
3697.247,1.545032e-05,0.0,nan,nan,nan
3697.331,1.545183e-05,0.0,nan,nan,nan
3697.415,1.545542e-05,0.0,nan,nan,nan
3697.499,1.545062e-05,0.0,nan,nan,nan
3697.585,1.544998e-05,0.0,nan,nan,nan
3697.681,1.545251e-05,0.0,nan,nan,nan
3697.765,1.544977e-05,0.0,nan,nan,nan
3697.876,1.545343e-05,0.0,nan,nan,nan
3697.96,1.545871e-05,0.0,nan,nan,nan
3698.043,1.545236e-05,0.0,nan,nan,nan
3698.127,1.545826e-05,0.0,nan,nan,nan
3698.214,1.545416e-05,0.0,nan,nan,nan
3698.299,1.545499e-05,0.0,nan,nan,nan
3698.382,1.545481e-05,0.0,nan,nan,nan
3698.483,1.545613e-05,0.0,nan,nan,nan
3698.567,1.545347e-05,0.0,nan,nan,nan
3698.665,1.54566e-05,0.0,nan,nan,nan
3698.749,1.545534e-05,0.0,nan,nan,nan
3698.834,1.545123e-05,0.0,nan,nan,nan
3698.918,1.545075e-05,0.0,nan,nan,nan
3699.004,1.545619e-05,0.0,nan,nan,nan
3699.088,1.545213e-05,0.0,nan,nan,nan
3699.172,1.545489e-05,0.0,nan,nan,nan
3699.256,1.545532e-05,0.0,nan,nan,nan
3699.346,1.545495e-05,0.0,nan,nan,nan
3699.432,1.54558e-05,0.0,nan,nan,nan
3699.515,1.54509e-05,0.0,nan,nan,nan
3699.599,1.545385e-05,0.0,nan,nan,nan
3699.689,1.545671e-05,0.0,nan,nan,nan
3699.772,1.545613e-05,0.0,nan,nan,nan
3699.858,1.545483e-05,0.0,nan,nan,nan
3699.942,1.545225e-05,0.0,nan,nan,nan
3700.026,1.545768e-05,0.0,nan,nan,nan
3700.117,1.545433e-05,0.0,nan,nan,nan
3700.2,1.545725e-05,0.0,nan,nan,nan
3700.307,1.545984e-05,0.0,nan,nan,nan
3700.39,1.545797e-05,0.0,nan,nan,nan
3700.476,1.545667e-05,0.0,nan,nan,nan
3700.56,1.54538e-05,0.0,nan,nan,nan
3700.644,1.545369e-05,0.0,nan,nan,nan
3700.738,1.544925e-05,0.0,nan,nan,nan
3700.822,1.545208e-05,0.0,nan,nan,nan
3700.908,1.545274e-05,0.0,nan,nan,nan
3700.992,1.545712e-05,0.0,nan,nan,nan
3701.076,1.545368e-05,0.0,nan,nan,nan
3701.169,1.545577e-05,0.0,nan,nan,nan
3701.254,1.545693e-05,0.0,nan,nan,nan
3701.343,1.545614e-05,0.0,nan,nan,nan
3701.444,1.545707e-05,0.0,nan,nan,nan
3701.529,1.545441e-05,0.0,nan,nan,nan
3701.612,1.545712e-05,0.0,nan,nan,nan
3701.698,1.545775e-05,0.0,nan,nan,nan
3701.781,1.545112e-05,0.0,nan,nan,nan
3701.865,1.54526e-05,0.0,nan,nan,nan
3701.952,1.5453e-05,0.0,nan,nan,nan
3702.036,1.545357e-05,0.0,nan,nan,nan
3702.119,1.545527e-05,0.0,nan,nan,nan
3702.203,1.54569e-05,0.0,nan,nan,nan
3702.287,1.545688e-05,0.0,nan,nan,nan
3702.401,1.545564e-05,0.0,nan,nan,nan
3702.485,1.545674e-05,0.0,nan,nan,nan
3702.595,1.545785e-05,0.0,nan,nan,nan
3702.679,1.546313e-05,0.0,nan,nan,nan
3702.785,1.545833e-05,0.0,nan,nan,nan
3702.869,1.545719e-05,0.0,nan,nan,nan
3702.956,1.545486e-05,0.0,nan,nan,nan
3703.04,1.545339e-05,0.0,nan,nan,nan
3703.124,1.545624e-05,0.0,nan,nan,nan
3703.224,1.545314e-05,0.0,nan,nan,nan
3703.308,1.545663e-05,0.0,nan,nan,nan
3703.405,1.545408e-05,0.0,nan,nan,nan
3703.515,1.545909e-05,0.0,nan,nan,nan
3703.599,1.545307e-05,0.0,nan,nan,nan
3703.682,1.545199e-05,0.0,nan,nan,nan
3703.769,1.545535e-05,0.0,nan,nan,nan
3703.852,1.545837e-05,0.0,nan,nan,nan
3703.936,1.545394e-05,0.0,nan,nan,nan
3704.027,1.545636e-05,0.0,nan,nan,nan
3704.11,1.545647e-05,0.0,nan,nan,nan
3704.196,1.545559e-05,0.0,nan,nan,nan
3704.28,1.54522e-05,0.0,nan,nan,nan
3704.364,1.545385e-05,0.0,nan,nan,nan
3704.452,1.545231e-05,0.0,nan,nan,nan
3704.535,1.545234e-05,0.0,nan,nan,nan
3704.642,1.545168e-05,0.0,nan,nan,nan
3704.726,1.545647e-05,0.0,nan,nan,nan
3704.809,1.545418e-05,0.0,nan,nan,nan
3704.893,1.545296e-05,0.0,nan,nan,nan
3704.976,1.545075e-05,0.0,nan,nan,nan
3705.06,1.545702e-05,0.0,nan,nan,nan
3705.144,1.544911e-05,0.0,nan,nan,nan
3705.249,1.545432e-05,0.0,nan,nan,nan
3705.332,1.54525e-05,0.0,nan,nan,nan
3705.416,1.545421e-05,0.0,nan,nan,nan
3705.499,1.5454e-05,0.0,nan,nan,nan
3705.6,1.545259e-05,0.0,nan,nan,nan
3705.697,1.545256e-05,0.0,nan,nan,nan
3705.78,1.545667e-05,0.0,nan,nan,nan
3705.883,1.545357e-05,0.0,nan,nan,nan
3705.969,1.545121e-05,0.0,nan,nan,nan
3706.067,1.545226e-05,0.0,nan,nan,nan
3706.151,1.545494e-05,0.0,nan,nan,nan
3706.236,1.545538e-05,0.0,nan,nan,nan
3706.319,1.545538e-05,0.0,nan,nan,nan
3706.403,1.545576e-05,0.0,nan,nan,nan
3706.486,1.545796e-05,0.0,nan,nan,nan
3706.57,1.545793e-05,0.0,nan,nan,nan
3706.671,1.54583e-05,0.0,nan,nan,nan
3706.755,1.545844e-05,0.0,nan,nan,nan
3706.839,1.545327e-05,0.0,nan,nan,nan
3706.923,1.545332e-05,0.0,nan,nan,nan
3707.006,1.545726e-05,0.0,nan,nan,nan
3707.09,1.545362e-05,0.0,nan,nan,nan
3707.173,1.545219e-05,0.0,nan,nan,nan
3707.269,1.545422e-05,0.0,nan,nan,nan
3707.353,1.545448e-05,0.0,nan,nan,nan
3707.437,1.545389e-05,0.0,nan,nan,nan
3707.52,1.545096e-05,0.0,nan,nan,nan
3707.604,1.545537e-05,0.0,nan,nan,nan
3707.688,1.545715e-05,0.0,nan,nan,nan
3707.772,1.545293e-05,0.0,nan,nan,nan
3707.856,1.545416e-05,0.0,nan,nan,nan
3707.939,1.545393e-05,0.0,nan,nan,nan
3708.025,1.545137e-05,0.0,nan,nan,nan
3708.109,1.545459e-05,0.0,nan,nan,nan
3708.192,1.545112e-05,0.0,nan,nan,nan
3708.297,1.545011e-05,0.0,nan,nan,nan
3708.381,1.54556e-05,0.0,nan,nan,nan
3708.464,1.545417e-05,0.0,nan,nan,nan
3708.548,1.545031e-05,0.0,nan,nan,nan
3708.632,1.5449e-05,0.0,nan,nan,nan
3708.733,1.545118e-05,0.0,nan,nan,nan
3708.82,1.545291e-05,0.0,nan,nan,nan
3708.904,1.544927e-05,0.0,nan,nan,nan
3708.987,1.545066e-05,0.0,nan,nan,nan
3709.071,1.545114e-05,0.0,nan,nan,nan
3709.155,1.544971e-05,0.0,nan,nan,nan
3709.241,1.545168e-05,0.0,nan,nan,nan
3709.35,1.545192e-05,0.0,nan,nan,nan
3709.437,1.544616e-05,0.0,nan,nan,nan
3709.524,1.544944e-05,0.0,nan,nan,nan
3709.607,1.544944e-05,0.0,nan,nan,nan
3709.723,1.545197e-05,0.0,nan,nan,nan
3709.807,1.544773e-05,0.0,nan,nan,nan
3709.892,1.545236e-05,0.0,nan,nan,nan
3709.976,1.54542e-05,0.0,nan,nan,nan
3710.061,1.545602e-05,0.0,nan,nan,nan
3710.145,1.545562e-05,0.0,nan,nan,nan
3710.229,1.545702e-05,0.0,nan,nan,nan
3710.318,1.545607e-05,0.0,nan,nan,nan
3710.401,1.545548e-05,0.0,nan,nan,nan
3710.485,1.54537e-05,0.0,nan,nan,nan
3710.569,1.545385e-05,0.0,nan,nan,nan
3710.654,1.545398e-05,0.0,nan,nan,nan
3710.756,1.545438e-05,0.0,nan,nan,nan
3710.839,1.545447e-05,0.0,nan,nan,nan
3710.924,1.54527e-05,0.0,nan,nan,nan
3711.007,1.545285e-05,0.0,nan,nan,nan
3711.092,1.545e-05,0.0,nan,nan,nan
3711.176,1.545438e-05,0.0,nan,nan,nan
3711.26,1.545106e-05,0.0,nan,nan,nan
3711.345,1.545407e-05,0.0,nan,nan,nan
3711.429,1.545561e-05,0.0,nan,nan,nan
3711.527,1.545133e-05,0.0,nan,nan,nan
3711.611,1.545348e-05,0.0,nan,nan,nan
3711.694,1.545375e-05,0.0,nan,nan,nan
3711.782,1.545203e-05,0.0,nan,nan,nan
3711.866,1.544992e-05,0.0,nan,nan,nan
3711.96,1.545415e-05,0.0,nan,nan,nan
3712.044,1.545071e-05,0.0,nan,nan,nan
3712.143,1.545084e-05,0.0,nan,nan,nan
3712.226,1.545306e-05,0.0,nan,nan,nan
3712.31,1.544941e-05,0.0,nan,nan,nan
3712.394,1.545089e-05,0.0,nan,nan,nan
3712.477,1.54506e-05,0.0,nan,nan,nan
3712.561,1.545215e-05,0.0,nan,nan,nan
3712.645,1.545122e-05,0.0,nan,nan,nan
3712.729,1.5447e-05,0.0,nan,nan,nan
3712.813,1.544506e-05,0.0,nan,nan,nan
3712.897,1.544828e-05,0.0,nan,nan,nan
3712.98,1.545293e-05,0.0,nan,nan,nan
3713.064,1.544813e-05,0.0,nan,nan,nan
3713.148,1.545145e-05,0.0,nan,nan,nan
3713.231,1.545209e-05,0.0,nan,nan,nan
3713.315,1.545373e-05,0.0,nan,nan,nan
3713.399,1.545477e-05,0.0,nan,nan,nan
3713.482,1.545115e-05,0.0,nan,nan,nan
3713.581,1.545387e-05,0.0,nan,nan,nan
3713.665,1.545433e-05,0.0,nan,nan,nan
3713.75,1.545269e-05,0.0,nan,nan,nan
3713.843,1.545135e-05,0.0,nan,nan,nan
3713.927,1.545166e-05,0.0,nan,nan,nan
3714.011,1.5453e-05,0.0,nan,nan,nan
3714.094,1.545397e-05,0.0,nan,nan,nan
3714.194,1.54514e-05,0.0,nan,nan,nan
3714.277,1.545302e-05,0.0,nan,nan,nan
3714.362,1.545481e-05,0.0,nan,nan,nan
3714.446,1.545565e-05,0.0,nan,nan,nan
3714.53,1.545315e-05,0.0,nan,nan,nan
3714.62,1.545071e-05,0.0,nan,nan,nan
3714.704,1.545207e-05,0.0,nan,nan,nan
3714.798,1.545277e-05,0.0,nan,nan,nan
3714.882,1.544967e-05,0.0,nan,nan,nan
3714.966,1.54497e-05,0.0,nan,nan,nan
3715.049,1.545371e-05,0.0,nan,nan,nan
3715.133,1.545238e-05,0.0,nan,nan,nan
3715.217,1.54576e-05,0.0,nan,nan,nan
3715.3,1.545365e-05,0.0,nan,nan,nan
3715.385,1.545457e-05,0.0,nan,nan,nan
3715.469,1.545816e-05,0.0,nan,nan,nan
3715.553,1.545683e-05,0.0,nan,nan,nan
3715.637,1.545876e-05,0.0,nan,nan,nan
3715.72,1.545328e-05,0.0,nan,nan,nan
3715.83,1.545566e-05,0.0,nan,nan,nan
3715.913,1.545583e-05,0.0,nan,nan,nan
3715.997,1.545161e-05,0.0,nan,nan,nan
3716.08,1.545046e-05,0.0,nan,nan,nan
3716.164,1.545044e-05,0.0,nan,nan,nan
3716.258,1.545251e-05,0.0,nan,nan,nan
3716.342,1.545248e-05,0.0,nan,nan,nan
3716.449,1.545015e-05,0.0,nan,nan,nan
3716.533,1.545056e-05,0.0,nan,nan,nan
3716.617,1.545267e-05,0.0,nan,nan,nan
3716.7,1.545206e-05,0.0,nan,nan,nan
3716.784,1.545507e-05,0.0,nan,nan,nan
3716.867,1.544995e-05,0.0,nan,nan,nan
3716.951,1.545411e-05,0.0,nan,nan,nan
3717.052,1.545203e-05,0.0,nan,nan,nan
3717.136,1.545537e-05,0.0,nan,nan,nan
3717.22,1.545508e-05,0.0,nan,nan,nan
3717.304,1.545537e-05,0.0,nan,nan,nan
3717.388,1.544858e-05,0.0,nan,nan,nan
3717.477,1.544995e-05,0.0,nan,nan,nan
3717.561,1.545301e-05,0.0,nan,nan,nan
3717.645,1.545248e-05,0.0,nan,nan,nan
3717.728,1.545339e-05,0.0,nan,nan,nan
3717.814,1.545466e-05,0.0,nan,nan,nan
3717.903,1.545752e-05,0.0,nan,nan,nan
3717.987,1.545353e-05,0.0,nan,nan,nan
3718.078,1.545071e-05,0.0,nan,nan,nan
3718.162,1.54531e-05,0.0,nan,nan,nan
3718.246,1.5453e-05,0.0,nan,nan,nan
3718.329,1.545238e-05,0.0,nan,nan,nan
3718.413,1.545031e-05,0.0,nan,nan,nan
3718.498,1.54478e-05,0.0,nan,nan,nan
3718.581,1.545164e-05,0.0,nan,nan,nan
3718.665,1.545306e-05,0.0,nan,nan,nan
3718.749,1.544737e-05,0.0,nan,nan,nan
3718.834,1.545149e-05,0.0,nan,nan,nan
3718.917,1.545044e-05,0.0,nan,nan,nan
3719.001,1.545114e-05,0.0,nan,nan,nan
3719.109,1.545421e-05,0.0,nan,nan,nan
3719.193,1.545503e-05,0.0,nan,nan,nan
3719.296,1.545133e-05,0.0,nan,nan,nan
3719.38,1.545193e-05,0.0,nan,nan,nan
3719.465,1.545427e-05,0.0,nan,nan,nan
3719.548,1.545543e-05,0.0,nan,nan,nan
3719.632,1.545285e-05,0.0,nan,nan,nan
3719.721,1.545521e-05,0.0,nan,nan,nan
3719.805,1.545142e-05,0.0,nan,nan,nan
3719.888,1.54507e-05,0.0,nan,nan,nan
3719.998,1.545165e-05,0.0,nan,nan,nan
3720.102,1.545418e-05,0.0,nan,nan,nan
3720.185,1.545336e-05,0.0,nan,nan,nan
3720.269,1.545514e-05,0.0,nan,nan,nan
3720.353,1.545513e-05,0.0,nan,nan,nan
3720.437,1.545167e-05,0.0,nan,nan,nan
3720.522,1.545345e-05,0.0,nan,nan,nan
3720.606,1.545563e-05,0.0,nan,nan,nan
3720.69,1.545326e-05,0.0,nan,nan,nan
3720.774,1.545251e-05,0.0,nan,nan,nan
3720.857,1.544836e-05,0.0,nan,nan,nan
3720.942,1.54498e-05,0.0,nan,nan,nan
3721.025,1.544688e-05,0.0,nan,nan,nan
3721.129,1.545302e-05,0.0,nan,nan,nan
3721.213,1.545349e-05,0.0,nan,nan,nan
3721.3,1.545351e-05,0.0,nan,nan,nan
3721.383,1.545644e-05,0.0,nan,nan,nan
3721.467,1.545304e-05,0.0,nan,nan,nan
3721.551,1.545079e-05,0.0,nan,nan,nan
3721.635,1.54509e-05,0.0,nan,nan,nan
3721.733,1.545476e-05,0.0,nan,nan,nan
3721.817,1.545286e-05,0.0,nan,nan,nan
3721.902,1.545322e-05,0.0,nan,nan,nan
3721.985,1.545366e-05,0.0,nan,nan,nan
3722.083,1.545461e-05,0.0,nan,nan,nan
3722.166,1.545177e-05,0.0,nan,nan,nan
3722.25,1.545024e-05,0.0,nan,nan,nan
3722.356,1.545079e-05,0.0,nan,nan,nan
3722.439,1.544961e-05,0.0,nan,nan,nan
3722.523,1.545705e-05,0.0,nan,nan,nan
3722.607,1.545191e-05,0.0,nan,nan,nan
3722.69,1.544862e-05,0.0,nan,nan,nan
3722.785,1.544725e-05,0.0,nan,nan,nan
3722.869,1.545009e-05,0.0,nan,nan,nan
3722.953,1.545309e-05,0.0,nan,nan,nan
3723.037,1.544908e-05,0.0,nan,nan,nan
3723.121,1.544749e-05,0.0,nan,nan,nan
3723.205,1.545111e-05,0.0,nan,nan,nan
3723.288,1.545466e-05,0.0,nan,nan,nan
3723.39,1.545035e-05,0.0,nan,nan,nan
3723.473,1.545493e-05,0.0,nan,nan,nan
3723.558,1.545441e-05,0.0,nan,nan,nan
3723.642,1.545131e-05,0.0,nan,nan,nan
3723.725,1.54523e-05,0.0,nan,nan,nan
3723.809,1.545602e-05,0.0,nan,nan,nan
3723.893,1.545714e-05,0.0,nan,nan,nan
3724.0,1.545498e-05,0.0,nan,nan,nan
3724.084,1.545474e-05,0.0,nan,nan,nan
3724.17,1.545234e-05,0.0,nan,nan,nan
3724.254,1.545291e-05,0.0,nan,nan,nan
3724.338,1.545288e-05,0.0,nan,nan,nan
3724.423,1.545664e-05,0.0,nan,nan,nan
3724.507,1.545464e-05,0.0,nan,nan,nan
3724.598,1.545758e-05,0.0,nan,nan,nan
3724.682,1.545536e-05,0.0,nan,nan,nan
3724.767,1.54562e-05,0.0,nan,nan,nan
3724.851,1.54588e-05,0.0,nan,nan,nan
3724.937,1.545097e-05,0.0,nan,nan,nan
3725.021,1.545716e-05,0.0,nan,nan,nan
3725.105,1.54575e-05,0.0,nan,nan,nan
3725.19,1.545135e-05,0.0,nan,nan,nan
3725.274,1.545421e-05,0.0,nan,nan,nan
3725.357,1.545687e-05,0.0,nan,nan,nan
3725.458,1.545165e-05,0.0,nan,nan,nan
3725.541,1.545399e-05,0.0,nan,nan,nan
3725.63,1.545328e-05,0.0,nan,nan,nan
3725.714,1.545331e-05,0.0,nan,nan,nan
3725.797,1.545374e-05,0.0,nan,nan,nan
3725.881,1.545394e-05,0.0,nan,nan,nan
3725.965,1.545339e-05,0.0,nan,nan,nan
3726.055,1.5453e-05,0.0,nan,nan,nan
3726.139,1.545188e-05,0.0,nan,nan,nan
3726.244,1.544904e-05,0.0,nan,nan,nan
3726.33,1.54506e-05,0.0,nan,nan,nan
3726.414,1.545316e-05,0.0,nan,nan,nan
3726.498,1.544786e-05,0.0,nan,nan,nan
3726.581,1.545044e-05,0.0,nan,nan,nan
3726.665,1.545167e-05,0.0,nan,nan,nan
3726.749,1.545314e-05,0.0,nan,nan,nan
3726.852,1.545285e-05,0.0,nan,nan,nan
3726.935,1.545044e-05,0.0,nan,nan,nan
3727.019,1.544983e-05,0.0,nan,nan,nan
3727.103,1.544944e-05,0.0,nan,nan,nan
3727.188,1.545008e-05,0.0,nan,nan,nan
3727.279,1.544991e-05,0.0,nan,nan,nan
3727.363,1.544891e-05,0.0,nan,nan,nan
3727.447,1.545534e-05,0.0,nan,nan,nan
3727.531,1.544651e-05,0.0,nan,nan,nan
3727.614,1.544744e-05,0.0,nan,nan,nan
3727.698,1.544823e-05,0.0,nan,nan,nan
3727.782,1.544648e-05,0.0,nan,nan,nan
3727.879,1.54476e-05,0.0,nan,nan,nan
3727.963,1.54489e-05,0.0,nan,nan,nan
3728.047,1.544963e-05,0.0,nan,nan,nan
3728.131,1.545143e-05,0.0,nan,nan,nan
3728.215,1.545109e-05,0.0,nan,nan,nan
3728.307,1.544988e-05,0.0,nan,nan,nan
3728.391,1.544936e-05,0.0,nan,nan,nan
3728.498,1.545407e-05,0.0,nan,nan,nan
3728.582,1.545152e-05,0.0,nan,nan,nan
3728.665,1.545125e-05,0.0,nan,nan,nan
3728.749,1.545335e-05,0.0,nan,nan,nan
3728.833,1.545447e-05,0.0,nan,nan,nan
3728.917,1.54494e-05,0.0,nan,nan,nan
3729.0,1.545167e-05,0.0,nan,nan,nan
3729.096,1.545043e-05,0.0,nan,nan,nan
3729.18,1.545191e-05,0.0,nan,nan,nan
3729.264,1.544897e-05,0.0,nan,nan,nan
3729.348,1.544646e-05,0.0,nan,nan,nan
3729.434,1.544733e-05,0.0,nan,nan,nan
3729.517,1.545105e-05,0.0,nan,nan,nan
3729.601,1.545099e-05,0.0,nan,nan,nan
3729.684,1.54494e-05,0.0,nan,nan,nan
3729.768,1.544841e-05,0.0,nan,nan,nan
3729.852,1.545023e-05,0.0,nan,nan,nan
3729.936,1.545104e-05,0.0,nan,nan,nan
3730.019,1.54483e-05,0.0,nan,nan,nan
3730.128,1.545173e-05,0.0,nan,nan,nan
3730.212,1.544657e-05,0.0,nan,nan,nan
3730.296,1.545027e-05,0.0,nan,nan,nan
3730.399,1.545374e-05,0.0,nan,nan,nan
3730.483,1.545037e-05,0.0,nan,nan,nan
3730.566,1.544905e-05,0.0,nan,nan,nan
3730.651,1.545454e-05,0.0,nan,nan,nan
3730.735,1.545324e-05,0.0,nan,nan,nan
3730.819,1.545274e-05,0.0,nan,nan,nan
3730.906,1.544939e-05,0.0,nan,nan,nan
3730.99,1.545e-05,0.0,nan,nan,nan
3731.073,1.544994e-05,0.0,nan,nan,nan
3731.163,1.545338e-05,0.0,nan,nan,nan
3731.247,1.54501e-05,0.0,nan,nan,nan
3731.332,1.545074e-05,0.0,nan,nan,nan
3731.416,1.545364e-05,0.0,nan,nan,nan
3731.499,1.545463e-05,0.0,nan,nan,nan
3731.583,1.545544e-05,0.0,nan,nan,nan
3731.669,1.545363e-05,0.0,nan,nan,nan
3731.759,1.545365e-05,0.0,nan,nan,nan
3731.843,1.545466e-05,0.0,nan,nan,nan
3731.927,1.545727e-05,0.0,nan,nan,nan
3732.01,1.545506e-05,0.0,nan,nan,nan
3732.094,1.545742e-05,0.0,nan,nan,nan
3732.177,1.545077e-05,0.0,nan,nan,nan
3732.261,1.545283e-05,0.0,nan,nan,nan
3732.346,1.545571e-05,0.0,nan,nan,nan
3732.432,1.545296e-05,0.0,nan,nan,nan
3732.516,1.545579e-05,0.0,nan,nan,nan
3732.6,1.545128e-05,0.0,nan,nan,nan
3732.687,1.545153e-05,0.0,nan,nan,nan
3732.787,1.54489e-05,0.0,nan,nan,nan
3732.871,1.544848e-05,0.0,nan,nan,nan
3732.968,1.545323e-05,0.0,nan,nan,nan
3733.052,1.54527e-05,0.0,nan,nan,nan
3733.135,1.54532e-05,0.0,nan,nan,nan
3733.219,1.545414e-05,0.0,nan,nan,nan
3733.303,1.545132e-05,0.0,nan,nan,nan
3733.398,1.545612e-05,0.0,nan,nan,nan
3733.481,1.545195e-05,0.0,nan,nan,nan
3733.566,1.545583e-05,0.0,nan,nan,nan
3733.65,1.545607e-05,0.0,nan,nan,nan
3733.734,1.545201e-05,0.0,nan,nan,nan
3733.818,1.545557e-05,0.0,nan,nan,nan
3733.904,1.545566e-05,0.0,nan,nan,nan
3733.993,1.545136e-05,0.0,nan,nan,nan
3734.077,1.545379e-05,0.0,nan,nan,nan
3734.175,1.545113e-05,0.0,nan,nan,nan
3734.259,1.545426e-05,0.0,nan,nan,nan
3734.343,1.545062e-05,0.0,nan,nan,nan
3734.427,1.545118e-05,0.0,nan,nan,nan
3734.51,1.544958e-05,0.0,nan,nan,nan
3734.624,1.54515e-05,0.0,nan,nan,nan
3734.708,1.545029e-05,0.0,nan,nan,nan
3734.791,1.544815e-05,0.0,nan,nan,nan
3734.875,1.545394e-05,0.0,nan,nan,nan
3734.958,1.5453e-05,0.0,nan,nan,nan
3735.042,1.545392e-05,0.0,nan,nan,nan
3735.126,1.545499e-05,0.0,nan,nan,nan
3735.218,1.54514e-05,0.0,nan,nan,nan
3735.302,1.545366e-05,0.0,nan,nan,nan
3735.386,1.54548e-05,0.0,nan,nan,nan
3735.47,1.54537e-05,0.0,nan,nan,nan
3735.554,1.545696e-05,0.0,nan,nan,nan
3735.637,1.54533e-05,0.0,nan,nan,nan
3735.721,1.54521e-05,0.0,nan,nan,nan
3735.813,1.545589e-05,0.0,nan,nan,nan
3735.897,1.544951e-05,0.0,nan,nan,nan
3735.98,1.545297e-05,0.0,nan,nan,nan
3736.064,1.545391e-05,0.0,nan,nan,nan
3736.148,1.545527e-05,0.0,nan,nan,nan
3736.232,1.545328e-05,0.0,nan,nan,nan
3736.316,1.545332e-05,0.0,nan,nan,nan
3736.399,1.545282e-05,0.0,nan,nan,nan
3736.483,1.5455e-05,0.0,nan,nan,nan
3736.593,1.545334e-05,0.0,nan,nan,nan
3736.676,1.545503e-05,0.0,nan,nan,nan
3736.761,1.545543e-05,0.0,nan,nan,nan
3736.844,1.545589e-05,0.0,nan,nan,nan
3736.928,1.545258e-05,0.0,nan,nan,nan
3737.02,1.54543e-05,0.0,nan,nan,nan
3737.104,1.545118e-05,0.0,nan,nan,nan
3737.188,1.545833e-05,0.0,nan,nan,nan
3737.272,1.545402e-05,0.0,nan,nan,nan
3737.355,1.545633e-05,0.0,nan,nan,nan
3737.45,1.545394e-05,0.0,nan,nan,nan
3737.534,1.545588e-05,0.0,nan,nan,nan
3737.624,1.545537e-05,0.0,nan,nan,nan
3737.708,1.545418e-05,0.0,nan,nan,nan
3737.794,1.545357e-05,0.0,nan,nan,nan
3737.878,1.545448e-05,0.0,nan,nan,nan
3737.961,1.545139e-05,0.0,nan,nan,nan
3738.053,1.545666e-05,0.0,nan,nan,nan
3738.136,1.545621e-05,0.0,nan,nan,nan
3738.22,1.545779e-05,0.0,nan,nan,nan
3738.304,1.545508e-05,0.0,nan,nan,nan
3738.387,1.545376e-05,0.0,nan,nan,nan
3738.471,1.545806e-05,0.0,nan,nan,nan
3738.555,1.545661e-05,0.0,nan,nan,nan
3738.674,1.545176e-05,0.0,nan,nan,nan
3738.757,1.545421e-05,0.0,nan,nan,nan
3738.852,1.545807e-05,0.0,nan,nan,nan
3738.936,1.545668e-05,0.0,nan,nan,nan
3739.021,1.5457e-05,0.0,nan,nan,nan
3739.105,1.545276e-05,0.0,nan,nan,nan
3739.189,1.545529e-05,0.0,nan,nan,nan
3739.286,1.54513e-05,0.0,nan,nan,nan
3739.37,1.545444e-05,0.0,nan,nan,nan
3739.454,1.545242e-05,0.0,nan,nan,nan
3739.538,1.545124e-05,0.0,nan,nan,nan
3739.622,1.545203e-05,0.0,nan,nan,nan
3739.705,1.545485e-05,0.0,nan,nan,nan
3739.789,1.545029e-05,0.0,nan,nan,nan
3739.89,1.545116e-05,0.0,nan,nan,nan
3739.974,1.54525e-05,0.0,nan,nan,nan
3740.057,1.545385e-05,0.0,nan,nan,nan
3740.141,1.545462e-05,0.0,nan,nan,nan
3740.225,1.545624e-05,0.0,nan,nan,nan
3740.308,1.54545e-05,0.0,nan,nan,nan
3740.392,1.545139e-05,0.0,nan,nan,nan
3740.475,1.54512e-05,0.0,nan,nan,nan
3740.559,1.545658e-05,0.0,nan,nan,nan
3740.642,1.545385e-05,0.0,nan,nan,nan
3740.74,1.545489e-05,0.0,nan,nan,nan
3740.824,1.545539e-05,0.0,nan,nan,nan
3740.907,1.544713e-05,0.0,nan,nan,nan
3740.99,1.54539e-05,0.0,nan,nan,nan
3741.09,1.545302e-05,0.0,nan,nan,nan
3741.174,1.544992e-05,0.0,nan,nan,nan
3741.257,1.545419e-05,0.0,nan,nan,nan
3741.341,1.545177e-05,0.0,nan,nan,nan
3741.424,1.545187e-05,0.0,nan,nan,nan
3741.52,1.544888e-05,0.0,nan,nan,nan
3741.604,1.545031e-05,0.0,nan,nan,nan
3741.687,1.54492e-05,0.0,nan,nan,nan
3741.771,1.544649e-05,0.0,nan,nan,nan
3741.855,1.545354e-05,0.0,nan,nan,nan
3741.939,1.544728e-05,0.0,nan,nan,nan
3742.022,1.54481e-05,0.0,nan,nan,nan
3742.12,1.545192e-05,0.0,nan,nan,nan
3742.203,1.544994e-05,0.0,nan,nan,nan
3742.287,1.545352e-05,0.0,nan,nan,nan
3742.371,1.545187e-05,0.0,nan,nan,nan
3742.455,1.545124e-05,0.0,nan,nan,nan
3742.538,1.54511e-05,0.0,nan,nan,nan
3742.622,1.545058e-05,0.0,nan,nan,nan
3742.708,1.545327e-05,0.0,nan,nan,nan
3742.823,1.545095e-05,0.0,nan,nan,nan
3742.908,1.545052e-05,0.0,nan,nan,nan
3742.992,1.544936e-05,0.0,nan,nan,nan
3743.076,1.544984e-05,0.0,nan,nan,nan
3743.16,1.544871e-05,0.0,nan,nan,nan
3743.244,1.545356e-05,0.0,nan,nan,nan
3743.33,1.544994e-05,0.0,nan,nan,nan
3743.413,1.544988e-05,0.0,nan,nan,nan
3743.496,1.545035e-05,0.0,nan,nan,nan
3743.58,1.544897e-05,0.0,nan,nan,nan
3743.664,1.54515e-05,0.0,nan,nan,nan
3743.759,1.545396e-05,0.0,nan,nan,nan
3743.843,1.545341e-05,0.0,nan,nan,nan
3743.926,1.545224e-05,0.0,nan,nan,nan
3744.01,1.545106e-05,0.0,nan,nan,nan
3744.095,1.544829e-05,0.0,nan,nan,nan
3744.178,1.54533e-05,0.0,nan,nan,nan
3744.262,1.545233e-05,0.0,nan,nan,nan
3744.354,1.545233e-05,0.0,nan,nan,nan
3744.438,1.545231e-05,0.0,nan,nan,nan
3744.522,1.545275e-05,0.0,nan,nan,nan
3744.605,1.545593e-05,0.0,nan,nan,nan
3744.689,1.545701e-05,0.0,nan,nan,nan
3744.783,1.54594e-05,0.0,nan,nan,nan
3744.898,1.545838e-05,0.0,nan,nan,nan
3744.986,1.545036e-05,0.0,nan,nan,nan
3745.07,1.545523e-05,0.0,nan,nan,nan
3745.153,1.545389e-05,0.0,nan,nan,nan
3745.237,1.545643e-05,0.0,nan,nan,nan
3745.32,1.545691e-05,0.0,nan,nan,nan
3745.405,1.545284e-05,0.0,nan,nan,nan
3745.489,1.544922e-05,0.0,nan,nan,nan
3745.595,1.545345e-05,0.0,nan,nan,nan
3745.679,1.545255e-05,0.0,nan,nan,nan
3745.762,1.545896e-05,0.0,nan,nan,nan
3745.846,1.545413e-05,0.0,nan,nan,nan
3745.932,1.545638e-05,0.0,nan,nan,nan
3746.017,1.545143e-05,0.0,nan,nan,nan
3746.101,1.545291e-05,0.0,nan,nan,nan
3746.194,1.544885e-05,0.0,nan,nan,nan
3746.278,1.545071e-05,0.0,nan,nan,nan
3746.362,1.544931e-05,0.0,nan,nan,nan
3746.445,1.544987e-05,0.0,nan,nan,nan
3746.529,1.545152e-05,0.0,nan,nan,nan
3746.617,1.545155e-05,0.0,nan,nan,nan
3746.7,1.545231e-05,0.0,nan,nan,nan
3746.801,1.545414e-05,0.0,nan,nan,nan
3746.885,1.545675e-05,0.0,nan,nan,nan
3746.981,1.545407e-05,0.0,nan,nan,nan
3747.066,1.544964e-05,0.0,nan,nan,nan
3747.15,1.54541e-05,0.0,nan,nan,nan
3747.237,1.545411e-05,0.0,nan,nan,nan
3747.32,1.544987e-05,0.0,nan,nan,nan
3747.416,1.545667e-05,0.0,nan,nan,nan
3747.5,1.545385e-05,0.0,nan,nan,nan
3747.584,1.545358e-05,0.0,nan,nan,nan
3747.668,1.545578e-05,0.0,nan,nan,nan
3747.752,1.545293e-05,0.0,nan,nan,nan
3747.835,1.545633e-05,0.0,nan,nan,nan
3747.919,1.545478e-05,0.0,nan,nan,nan
3748.027,1.545199e-05,0.0,nan,nan,nan
3748.111,1.545481e-05,0.0,nan,nan,nan
3748.195,1.545635e-05,0.0,nan,nan,nan
3748.278,1.545489e-05,0.0,nan,nan,nan
3748.362,1.545546e-05,0.0,nan,nan,nan
3748.454,1.545252e-05,0.0,nan,nan,nan
3748.538,1.54548e-05,0.0,nan,nan,nan
3748.633,1.544814e-05,0.0,nan,nan,nan
3748.717,1.545284e-05,0.0,nan,nan,nan
3748.8,1.545034e-05,0.0,nan,nan,nan
3748.884,1.545354e-05,0.0,nan,nan,nan
3748.967,1.545239e-05,0.0,nan,nan,nan
3749.051,1.54574e-05,0.0,nan,nan,nan
3749.134,1.545508e-05,0.0,nan,nan,nan
3749.237,1.544864e-05,0.0,nan,nan,nan
3749.32,1.545412e-05,0.0,nan,nan,nan
3749.404,1.545275e-05,0.0,nan,nan,nan
3749.491,1.54537e-05,0.0,nan,nan,nan
3749.574,1.545204e-05,0.0,nan,nan,nan
3749.67,1.545356e-05,0.0,nan,nan,nan
3749.754,1.545707e-05,0.0,nan,nan,nan
3749.84,1.545358e-05,0.0,nan,nan,nan
3749.923,1.545099e-05,0.0,nan,nan,nan
3750.007,1.54532e-05,0.0,nan,nan,nan
3750.091,1.545534e-05,0.0,nan,nan,nan
3750.174,1.545223e-05,0.0,nan,nan,nan
3750.258,1.545454e-05,0.0,nan,nan,nan
3750.342,1.545464e-05,0.0,nan,nan,nan
3750.426,1.54532e-05,0.0,nan,nan,nan
3750.515,1.54549e-05,0.0,nan,nan,nan
3750.599,1.545659e-05,0.0,nan,nan,nan
3750.699,1.545168e-05,0.0,nan,nan,nan
3750.782,1.545307e-05,0.0,nan,nan,nan
3750.867,1.545652e-05,0.0,nan,nan,nan
3750.951,1.545866e-05,0.0,nan,nan,nan
3751.035,1.545134e-05,0.0,nan,nan,nan
3751.118,1.545018e-05,0.0,nan,nan,nan
3751.202,1.545192e-05,0.0,nan,nan,nan
3751.312,1.545237e-05,0.0,nan,nan,nan
3751.396,1.545164e-05,0.0,nan,nan,nan
3751.483,1.545091e-05,0.0,nan,nan,nan
3751.566,1.544943e-05,0.0,nan,nan,nan
3751.653,1.545063e-05,0.0,nan,nan,nan
3751.752,1.545362e-05,0.0,nan,nan,nan
3751.836,1.545162e-05,0.0,nan,nan,nan
3751.938,1.545138e-05,0.0,nan,nan,nan
3752.022,1.545141e-05,0.0,nan,nan,nan
3752.106,1.545452e-05,0.0,nan,nan,nan
3752.189,1.54536e-05,0.0,nan,nan,nan
3752.274,1.545339e-05,0.0,nan,nan,nan
3752.358,1.545226e-05,0.0,nan,nan,nan
3752.442,1.545343e-05,0.0,nan,nan,nan
3752.54,1.545575e-05,0.0,nan,nan,nan
3752.624,1.545159e-05,0.0,nan,nan,nan
3752.707,1.545259e-05,0.0,nan,nan,nan
3752.791,1.545525e-05,0.0,nan,nan,nan
3752.875,1.54536e-05,0.0,nan,nan,nan
3752.964,1.54554e-05,0.0,nan,nan,nan
3753.048,1.544887e-05,0.0,nan,nan,nan
3753.164,1.545293e-05,0.0,nan,nan,nan
3753.248,1.545096e-05,0.0,nan,nan,nan
3753.331,1.545548e-05,0.0,nan,nan,nan
3753.415,1.545232e-05,0.0,nan,nan,nan
3753.499,1.545021e-05,0.0,nan,nan,nan
3753.582,1.545426e-05,0.0,nan,nan,nan
3753.666,1.545422e-05,0.0,nan,nan,nan
3753.75,1.545885e-05,0.0,nan,nan,nan
3753.833,1.545492e-05,0.0,nan,nan,nan
3753.918,1.545396e-05,0.0,nan,nan,nan
3754.002,1.545264e-05,0.0,nan,nan,nan
3754.088,1.545752e-05,0.0,nan,nan,nan
3754.181,1.545718e-05,0.0,nan,nan,nan
3754.265,1.545754e-05,0.0,nan,nan,nan
3754.367,1.544927e-05,0.0,nan,nan,nan
3754.451,1.545115e-05,0.0,nan,nan,nan
3754.534,1.545172e-05,0.0,nan,nan,nan
3754.618,1.545562e-05,0.0,nan,nan,nan
3754.701,1.54546e-05,0.0,nan,nan,nan
3754.798,1.545327e-05,0.0,nan,nan,nan
3754.882,1.545476e-05,0.0,nan,nan,nan
3754.982,1.545733e-05,0.0,nan,nan,nan
3755.066,1.54614e-05,0.0,nan,nan,nan
3755.149,1.546086e-05,0.0,nan,nan,nan
3755.281,1.545792e-05,0.0,nan,nan,nan
3755.365,1.545473e-05,0.0,nan,nan,nan
3755.448,1.545686e-05,0.0,nan,nan,nan
3755.532,1.545569e-05,0.0,nan,nan,nan
3755.615,1.546013e-05,0.0,nan,nan,nan
3755.699,1.545657e-05,0.0,nan,nan,nan
3755.784,1.545384e-05,0.0,nan,nan,nan
3755.868,1.545442e-05,0.0,nan,nan,nan
3755.951,1.545446e-05,0.0,nan,nan,nan
3756.035,1.545169e-05,0.0,nan,nan,nan
3756.119,1.545068e-05,0.0,nan,nan,nan
3756.21,1.545332e-05,0.0,nan,nan,nan
3756.293,1.545299e-05,0.0,nan,nan,nan
3756.378,1.545528e-05,0.0,nan,nan,nan
3756.462,1.545464e-05,0.0,nan,nan,nan
3756.545,1.545703e-05,0.0,nan,nan,nan
3756.629,1.545452e-05,0.0,nan,nan,nan
3756.712,1.5458e-05,0.0,nan,nan,nan
3756.798,1.545638e-05,0.0,nan,nan,nan
3756.881,1.545149e-05,0.0,nan,nan,nan
3756.965,1.545526e-05,0.0,nan,nan,nan
3757.05,1.545525e-05,0.0,nan,nan,nan
3757.137,1.545432e-05,0.0,nan,nan,nan
3757.243,1.545389e-05,0.0,nan,nan,nan
3757.332,1.545303e-05,0.0,nan,nan,nan
3757.428,1.545282e-05,0.0,nan,nan,nan
3757.512,1.545345e-05,0.0,nan,nan,nan
3757.596,1.545475e-05,0.0,nan,nan,nan
3757.68,1.545618e-05,0.0,nan,nan,nan
3757.764,1.545682e-05,0.0,nan,nan,nan
3757.884,1.545969e-05,0.0,nan,nan,nan
3757.969,1.545649e-05,0.0,nan,nan,nan
3758.057,1.545644e-05,0.0,nan,nan,nan
3758.14,1.545332e-05,0.0,nan,nan,nan
3758.224,1.545504e-05,0.0,nan,nan,nan
3758.308,1.545516e-05,0.0,nan,nan,nan
3758.391,1.545294e-05,0.0,nan,nan,nan
3758.487,1.545276e-05,0.0,nan,nan,nan
3758.572,1.545732e-05,0.0,nan,nan,nan
3758.682,1.545644e-05,0.0,nan,nan,nan
3758.766,1.545477e-05,0.0,nan,nan,nan
3758.873,1.54561e-05,0.0,nan,nan,nan
3758.957,1.5458e-05,0.0,nan,nan,nan
3759.041,1.545793e-05,0.0,nan,nan,nan
3759.136,1.545556e-05,0.0,nan,nan,nan
3759.22,1.545676e-05,0.0,nan,nan,nan
3759.306,1.545649e-05,0.0,nan,nan,nan
3759.395,1.545585e-05,0.0,nan,nan,nan
3759.479,1.545652e-05,0.0,nan,nan,nan
3759.563,1.545048e-05,0.0,nan,nan,nan
3759.658,1.545127e-05,0.0,nan,nan,nan
3759.742,1.545212e-05,0.0,nan,nan,nan
3759.826,1.545234e-05,0.0,nan,nan,nan
3759.91,1.54554e-05,0.0,nan,nan,nan
3759.994,1.54553e-05,0.0,nan,nan,nan
3760.081,1.545468e-05,0.0,nan,nan,nan
3760.165,1.545042e-05,0.0,nan,nan,nan
3760.263,1.545293e-05,0.0,nan,nan,nan
3760.347,1.545404e-05,0.0,nan,nan,nan
3760.43,1.545472e-05,0.0,nan,nan,nan
3760.514,1.545141e-05,0.0,nan,nan,nan
3760.598,1.54573e-05,0.0,nan,nan,nan
3760.688,1.545476e-05,0.0,nan,nan,nan
3760.772,1.545623e-05,0.0,nan,nan,nan
3760.855,1.545608e-05,0.0,nan,nan,nan
3760.939,1.545554e-05,0.0,nan,nan,nan
3761.023,1.545689e-05,0.0,nan,nan,nan
3761.106,1.545531e-05,0.0,nan,nan,nan
3761.19,1.545724e-05,0.0,nan,nan,nan
3761.284,1.54566e-05,0.0,nan,nan,nan
3761.367,1.545625e-05,0.0,nan,nan,nan
3761.468,1.545335e-05,0.0,nan,nan,nan
3761.552,1.545437e-05,0.0,nan,nan,nan
3761.636,1.545887e-05,0.0,nan,nan,nan
3761.72,1.545789e-05,0.0,nan,nan,nan
3761.803,1.545163e-05,0.0,nan,nan,nan
3761.898,1.5457e-05,0.0,nan,nan,nan
3761.982,1.545687e-05,0.0,nan,nan,nan
3762.066,1.545476e-05,0.0,nan,nan,nan
3762.149,1.545481e-05,0.0,nan,nan,nan
3762.233,1.545898e-05,0.0,nan,nan,nan
3762.317,1.545653e-05,0.0,nan,nan,nan
3762.401,1.545757e-05,0.0,nan,nan,nan
3762.484,1.545397e-05,0.0,nan,nan,nan
3762.567,1.545513e-05,0.0,nan,nan,nan
3762.652,1.545268e-05,0.0,nan,nan,nan
3762.736,1.545525e-05,0.0,nan,nan,nan
3762.819,1.545306e-05,0.0,nan,nan,nan
3762.919,1.545006e-05,0.0,nan,nan,nan
3763.003,1.545308e-05,0.0,nan,nan,nan
3763.086,1.545338e-05,0.0,nan,nan,nan
3763.17,1.545352e-05,0.0,nan,nan,nan
3763.253,1.545344e-05,0.0,nan,nan,nan
3763.34,1.545213e-05,0.0,nan,nan,nan
3763.424,1.545194e-05,0.0,nan,nan,nan
3763.534,1.545091e-05,0.0,nan,nan,nan
3763.618,1.545767e-05,0.0,nan,nan,nan
3763.701,1.545679e-05,0.0,nan,nan,nan
3763.785,1.54509e-05,0.0,nan,nan,nan
3763.87,1.545077e-05,0.0,nan,nan,nan
3763.957,1.545332e-05,0.0,nan,nan,nan
3764.04,1.545633e-05,0.0,nan,nan,nan
3764.124,1.545594e-05,0.0,nan,nan,nan
3764.208,1.545362e-05,0.0,nan,nan,nan
3764.294,1.545487e-05,0.0,nan,nan,nan
3764.378,1.545355e-05,0.0,nan,nan,nan
3764.462,1.54535e-05,0.0,nan,nan,nan
3764.566,1.545648e-05,0.0,nan,nan,nan
3764.65,1.545443e-05,0.0,nan,nan,nan
3764.736,1.545408e-05,0.0,nan,nan,nan
3764.82,1.545208e-05,0.0,nan,nan,nan
3764.904,1.545266e-05,0.0,nan,nan,nan
3764.989,1.545077e-05,0.0,nan,nan,nan
3765.073,1.54542e-05,0.0,nan,nan,nan
3765.157,1.545208e-05,0.0,nan,nan,nan
3765.24,1.545866e-05,0.0,nan,nan,nan
3765.324,1.546043e-05,0.0,nan,nan,nan
3765.412,1.545512e-05,0.0,nan,nan,nan
3765.496,1.545733e-05,0.0,nan,nan,nan
3765.598,1.545965e-05,0.0,nan,nan,nan
3765.682,1.545548e-05,0.0,nan,nan,nan
3765.766,1.545974e-05,0.0,nan,nan,nan
3765.849,1.545554e-05,0.0,nan,nan,nan
3765.933,1.545611e-05,0.0,nan,nan,nan
3766.016,1.546028e-05,0.0,nan,nan,nan
3766.1,1.54538e-05,0.0,nan,nan,nan
3766.184,1.545472e-05,0.0,nan,nan,nan
3766.267,1.545315e-05,0.0,nan,nan,nan
3766.351,1.545346e-05,0.0,nan,nan,nan
3766.435,1.545656e-05,0.0,nan,nan,nan
3766.519,1.545489e-05,0.0,nan,nan,nan
3766.606,1.545604e-05,0.0,nan,nan,nan
3766.69,1.545641e-05,0.0,nan,nan,nan
3766.774,1.545187e-05,0.0,nan,nan,nan
3766.858,1.545903e-05,0.0,nan,nan,nan
3766.941,1.545764e-05,0.0,nan,nan,nan
3767.036,1.545438e-05,0.0,nan,nan,nan
3767.12,1.545568e-05,0.0,nan,nan,nan
3767.22,1.545503e-05,0.0,nan,nan,nan
3767.303,1.545288e-05,0.0,nan,nan,nan
3767.387,1.545513e-05,0.0,nan,nan,nan
3767.471,1.545261e-05,0.0,nan,nan,nan
3767.555,1.545389e-05,0.0,nan,nan,nan
3767.665,1.545721e-05,0.0,nan,nan,nan
3767.748,1.545705e-05,0.0,nan,nan,nan
3767.832,1.545544e-05,0.0,nan,nan,nan
3767.915,1.545445e-05,0.0,nan,nan,nan
3768.0,1.545088e-05,0.0,nan,nan,nan
3768.084,1.545044e-05,0.0,nan,nan,nan
3768.168,1.545592e-05,0.0,nan,nan,nan
3768.251,1.545508e-05,0.0,nan,nan,nan
3768.335,1.545325e-05,0.0,nan,nan,nan
3768.418,1.545371e-05,0.0,nan,nan,nan
3768.502,1.545492e-05,0.0,nan,nan,nan
3768.586,1.545061e-05,0.0,nan,nan,nan
3768.67,1.544698e-05,0.0,nan,nan,nan
3768.754,1.545225e-05,0.0,nan,nan,nan
3768.865,1.545449e-05,0.0,nan,nan,nan
3768.952,1.545332e-05,0.0,nan,nan,nan
3769.037,1.545586e-05,0.0,nan,nan,nan
3769.121,1.545155e-05,0.0,nan,nan,nan
3769.206,1.545749e-05,0.0,nan,nan,nan
3769.29,1.545529e-05,0.0,nan,nan,nan
3769.373,1.545526e-05,0.0,nan,nan,nan
3769.461,1.545286e-05,0.0,nan,nan,nan
3769.545,1.545533e-05,0.0,nan,nan,nan
3769.648,1.545432e-05,0.0,nan,nan,nan
3769.78,1.545095e-05,0.0,nan,nan,nan
3769.863,1.544851e-05,0.0,nan,nan,nan
3769.947,1.54523e-05,0.0,nan,nan,nan
3770.03,1.545386e-05,0.0,nan,nan,nan
3770.114,1.54532e-05,0.0,nan,nan,nan
3770.2,1.544866e-05,0.0,nan,nan,nan
3770.285,1.544894e-05,0.0,nan,nan,nan
3770.368,1.545477e-05,0.0,nan,nan,nan
3770.458,1.544983e-05,0.0,nan,nan,nan
3770.542,1.544986e-05,0.0,nan,nan,nan
3770.625,1.544984e-05,0.0,nan,nan,nan
3770.709,1.545212e-05,0.0,nan,nan,nan
3770.792,1.545061e-05,0.0,nan,nan,nan
3770.89,1.544943e-05,0.0,nan,nan,nan
3770.974,1.545048e-05,0.0,nan,nan,nan
3771.061,1.544755e-05,0.0,nan,nan,nan
3771.145,1.545088e-05,0.0,nan,nan,nan
3771.229,1.544903e-05,0.0,nan,nan,nan
3771.313,1.545093e-05,0.0,nan,nan,nan
3771.397,1.545332e-05,0.0,nan,nan,nan
3771.503,1.545401e-05,0.0,nan,nan,nan
3771.587,1.545345e-05,0.0,nan,nan,nan
3771.67,1.545328e-05,0.0,nan,nan,nan
3771.754,1.54545e-05,0.0,nan,nan,nan
3771.855,1.545529e-05,0.0,nan,nan,nan
3771.942,1.545374e-05,0.0,nan,nan,nan
3772.025,1.545336e-05,0.0,nan,nan,nan
3772.111,1.544833e-05,0.0,nan,nan,nan
3772.194,1.545243e-05,0.0,nan,nan,nan
3772.292,1.545273e-05,0.0,nan,nan,nan
3772.376,1.545006e-05,0.0,nan,nan,nan
3772.459,1.545426e-05,0.0,nan,nan,nan
3772.543,1.545741e-05,0.0,nan,nan,nan
3772.626,1.545265e-05,0.0,nan,nan,nan
3772.71,1.54554e-05,0.0,nan,nan,nan
3772.794,1.545318e-05,0.0,nan,nan,nan
3772.88,1.545383e-05,0.0,nan,nan,nan
3772.964,1.54534e-05,0.0,nan,nan,nan
3773.048,1.545465e-05,0.0,nan,nan,nan
3773.131,1.545109e-05,0.0,nan,nan,nan
3773.215,1.545292e-05,0.0,nan,nan,nan
3773.315,1.545383e-05,0.0,nan,nan,nan
3773.399,1.545124e-05,0.0,nan,nan,nan
3773.499,1.545109e-05,0.0,nan,nan,nan
3773.583,1.545016e-05,0.0,nan,nan,nan
3773.667,1.545236e-05,0.0,nan,nan,nan
3773.752,1.544947e-05,0.0,nan,nan,nan
3773.835,1.544727e-05,0.0,nan,nan,nan
3773.933,1.545139e-05,0.0,nan,nan,nan
3774.018,1.545288e-05,0.0,nan,nan,nan
3774.102,1.545156e-05,0.0,nan,nan,nan
3774.185,1.545339e-05,0.0,nan,nan,nan
3774.269,1.54561e-05,0.0,nan,nan,nan
3774.353,1.545221e-05,0.0,nan,nan,nan
3774.436,1.544933e-05,0.0,nan,nan,nan
3774.533,1.544827e-05,0.0,nan,nan,nan
3774.616,1.545104e-05,0.0,nan,nan,nan
3774.701,1.545198e-05,0.0,nan,nan,nan
3774.785,1.545148e-05,0.0,nan,nan,nan
3774.869,1.54524e-05,0.0,nan,nan,nan
3774.952,1.54508e-05,0.0,nan,nan,nan
3775.036,1.545142e-05,0.0,nan,nan,nan
3775.119,1.545236e-05,0.0,nan,nan,nan
3775.203,1.544788e-05,0.0,nan,nan,nan
3775.286,1.545027e-05,0.0,nan,nan,nan
3775.372,1.545008e-05,0.0,nan,nan,nan
3775.456,1.545061e-05,0.0,nan,nan,nan
3775.54,1.545061e-05,0.0,nan,nan,nan
3775.624,1.545266e-05,0.0,nan,nan,nan
3775.707,1.545324e-05,0.0,nan,nan,nan
3775.791,1.545147e-05,0.0,nan,nan,nan
3775.874,1.544796e-05,0.0,nan,nan,nan
3775.966,1.544931e-05,0.0,nan,nan,nan
3776.049,1.54531e-05,0.0,nan,nan,nan
3776.133,1.545335e-05,0.0,nan,nan,nan
3776.216,1.54497e-05,0.0,nan,nan,nan
3776.303,1.544782e-05,0.0,nan,nan,nan
3776.401,1.544936e-05,0.0,nan,nan,nan
3776.484,1.544981e-05,0.0,nan,nan,nan
3776.584,1.545305e-05,0.0,nan,nan,nan
3776.668,1.545234e-05,0.0,nan,nan,nan
3776.752,1.545381e-05,0.0,nan,nan,nan
3776.836,1.545409e-05,0.0,nan,nan,nan
3776.92,1.544996e-05,0.0,nan,nan,nan
3777.003,1.54515e-05,0.0,nan,nan,nan
3777.087,1.544997e-05,0.0,nan,nan,nan
3777.174,1.545128e-05,0.0,nan,nan,nan
3777.258,1.54552e-05,0.0,nan,nan,nan
3777.341,1.54487e-05,0.0,nan,nan,nan
3777.425,1.545021e-05,0.0,nan,nan,nan
3777.508,1.545022e-05,0.0,nan,nan,nan
3777.593,1.54467e-05,0.0,nan,nan,nan
3777.677,1.544959e-05,0.0,nan,nan,nan
3777.76,1.544585e-05,0.0,nan,nan,nan
3777.844,1.544893e-05,0.0,nan,nan,nan
3777.928,1.545103e-05,0.0,nan,nan,nan
3778.015,1.544943e-05,0.0,nan,nan,nan
3778.098,1.544797e-05,0.0,nan,nan,nan
3778.182,1.544883e-05,0.0,nan,nan,nan
3778.265,1.545234e-05,0.0,nan,nan,nan
3778.349,1.544809e-05,0.0,nan,nan,nan
3778.432,1.54501e-05,0.0,nan,nan,nan
3778.516,1.544669e-05,0.0,nan,nan,nan
3778.614,1.544969e-05,0.0,nan,nan,nan
3778.697,1.544605e-05,0.0,nan,nan,nan
3778.781,1.544643e-05,0.0,nan,nan,nan
3778.865,1.545123e-05,0.0,nan,nan,nan
3778.948,1.544227e-05,0.0,nan,nan,nan
3779.034,1.544728e-05,0.0,nan,nan,nan
3779.117,1.545028e-05,0.0,nan,nan,nan
3779.201,1.544706e-05,0.0,nan,nan,nan
3779.284,1.544725e-05,0.0,nan,nan,nan
3779.368,1.544866e-05,0.0,nan,nan,nan
3779.457,1.545113e-05,0.0,nan,nan,nan
3779.54,1.545271e-05,0.0,nan,nan,nan
3779.636,1.545151e-05,0.0,nan,nan,nan
3779.719,1.545022e-05,0.0,nan,nan,nan
3779.803,1.544976e-05,0.0,nan,nan,nan
3779.886,1.544341e-05,0.0,nan,nan,nan
3779.97,1.544536e-05,0.0,nan,nan,nan
3780.056,1.544709e-05,0.0,nan,nan,nan
3780.14,1.544896e-05,0.0,nan,nan,nan
3780.223,1.544815e-05,0.0,nan,nan,nan
3780.307,1.544584e-05,0.0,nan,nan,nan
3780.391,1.544734e-05,0.0,nan,nan,nan
3780.474,1.544771e-05,0.0,nan,nan,nan
3780.558,1.544852e-05,0.0,nan,nan,nan
3780.641,1.544597e-05,0.0,nan,nan,nan
3780.725,1.545139e-05,0.0,nan,nan,nan
3780.809,1.544864e-05,0.0,nan,nan,nan
3780.892,1.544726e-05,0.0,nan,nan,nan
3780.976,1.544669e-05,0.0,nan,nan,nan
3781.06,1.54521e-05,0.0,nan,nan,nan
3781.144,1.54514e-05,0.0,nan,nan,nan
3781.228,1.544805e-05,0.0,nan,nan,nan
3781.311,1.544976e-05,0.0,nan,nan,nan
3781.395,1.545435e-05,0.0,nan,nan,nan
3781.487,1.545057e-05,0.0,nan,nan,nan
3781.571,1.54487e-05,0.0,nan,nan,nan
3781.681,1.544908e-05,0.0,nan,nan,nan
3781.765,1.544887e-05,0.0,nan,nan,nan
3781.852,1.544852e-05,0.0,nan,nan,nan
3781.935,1.544954e-05,0.0,nan,nan,nan
3782.022,1.544771e-05,0.0,nan,nan,nan
3782.109,1.545014e-05,0.0,nan,nan,nan
3782.192,1.545305e-05,0.0,nan,nan,nan
3782.295,1.545106e-05,0.0,nan,nan,nan
3782.379,1.545374e-05,0.0,nan,nan,nan
3782.464,1.545406e-05,0.0,nan,nan,nan
3782.548,1.545098e-05,0.0,nan,nan,nan
3782.632,1.545308e-05,0.0,nan,nan,nan
3782.731,1.545185e-05,0.0,nan,nan,nan
3782.815,1.545256e-05,0.0,nan,nan,nan
3782.922,1.545159e-05,0.0,nan,nan,nan
3783.005,1.545115e-05,0.0,nan,nan,nan
3783.089,1.545185e-05,0.0,nan,nan,nan
3783.173,1.545309e-05,0.0,nan,nan,nan
3783.257,1.545678e-05,0.0,nan,nan,nan
3783.343,1.54516e-05,0.0,nan,nan,nan
3783.427,1.545264e-05,0.0,nan,nan,nan
3783.512,1.545085e-05,0.0,nan,nan,nan
3783.596,1.545221e-05,0.0,nan,nan,nan
3783.679,1.545236e-05,0.0,nan,nan,nan
3783.763,1.545535e-05,0.0,nan,nan,nan
3783.847,1.545634e-05,0.0,nan,nan,nan
3783.948,1.545607e-05,0.0,nan,nan,nan
3784.032,1.545205e-05,0.0,nan,nan,nan
3784.116,1.545703e-05,0.0,nan,nan,nan
3784.215,1.545618e-05,0.0,nan,nan,nan
3784.299,1.545387e-05,0.0,nan,nan,nan
3784.382,1.545423e-05,0.0,nan,nan,nan
3784.47,1.545618e-05,0.0,nan,nan,nan
3784.582,1.545395e-05,0.0,nan,nan,nan
3784.665,1.5452e-05,0.0,nan,nan,nan
3784.749,1.545339e-05,0.0,nan,nan,nan
3784.833,1.545242e-05,0.0,nan,nan,nan
3784.917,1.545613e-05,0.0,nan,nan,nan
3785.021,1.54545e-05,0.0,nan,nan,nan
3785.105,1.545058e-05,0.0,nan,nan,nan
3785.194,1.545063e-05,0.0,nan,nan,nan
3785.278,1.545116e-05,0.0,nan,nan,nan
3785.384,1.545246e-05,0.0,nan,nan,nan
3785.468,1.544567e-05,0.0,nan,nan,nan
3785.552,1.545124e-05,0.0,nan,nan,nan
3785.636,1.54506e-05,0.0,nan,nan,nan
3785.719,1.54532e-05,0.0,nan,nan,nan
3785.803,1.545139e-05,0.0,nan,nan,nan
3785.887,1.545173e-05,0.0,nan,nan,nan
3785.97,1.545433e-05,0.0,nan,nan,nan
3786.054,1.545162e-05,0.0,nan,nan,nan
3786.138,1.54552e-05,0.0,nan,nan,nan
3786.221,1.544982e-05,0.0,nan,nan,nan
3786.332,1.545604e-05,0.0,nan,nan,nan
3786.416,1.545487e-05,0.0,nan,nan,nan
3786.5,1.545963e-05,0.0,nan,nan,nan
3786.61,1.545437e-05,0.0,nan,nan,nan
3786.694,1.545117e-05,0.0,nan,nan,nan
3786.778,1.545384e-05,0.0,nan,nan,nan
3786.862,1.545134e-05,0.0,nan,nan,nan
3786.946,1.545521e-05,0.0,nan,nan,nan
3787.029,1.545343e-05,0.0,nan,nan,nan
3787.113,1.545599e-05,0.0,nan,nan,nan
3787.216,1.545642e-05,0.0,nan,nan,nan
3787.3,1.545221e-05,0.0,nan,nan,nan
3787.4,1.545158e-05,0.0,nan,nan,nan
3787.483,1.545247e-05,0.0,nan,nan,nan
3787.566,1.545161e-05,0.0,nan,nan,nan
3787.65,1.545582e-05,0.0,nan,nan,nan
3787.739,1.545515e-05,0.0,nan,nan,nan
3787.833,1.545293e-05,0.0,nan,nan,nan
3787.916,1.545617e-05,0.0,nan,nan,nan
3788.0,1.545144e-05,0.0,nan,nan,nan
3788.084,1.545004e-05,0.0,nan,nan,nan
3788.17,1.545286e-05,0.0,nan,nan,nan
3788.263,1.545202e-05,0.0,nan,nan,nan
3788.347,1.545509e-05,0.0,nan,nan,nan
3788.431,1.545561e-05,0.0,nan,nan,nan
3788.515,1.54549e-05,0.0,nan,nan,nan
3788.599,1.545111e-05,0.0,nan,nan,nan
3788.682,1.545241e-05,0.0,nan,nan,nan
3788.77,1.545192e-05,0.0,nan,nan,nan
3788.854,1.545389e-05,0.0,nan,nan,nan
3788.937,1.54547e-05,0.0,nan,nan,nan
3789.021,1.545472e-05,0.0,nan,nan,nan
3789.105,1.545531e-05,0.0,nan,nan,nan
3789.189,1.545311e-05,0.0,nan,nan,nan
3789.275,1.545579e-05,0.0,nan,nan,nan
3789.359,1.545551e-05,0.0,nan,nan,nan
3789.443,1.545748e-05,0.0,nan,nan,nan
3789.526,1.545189e-05,0.0,nan,nan,nan
3789.61,1.545342e-05,0.0,nan,nan,nan
3789.708,1.545806e-05,0.0,nan,nan,nan
3789.791,1.545495e-05,0.0,nan,nan,nan
3789.886,1.545581e-05,0.0,nan,nan,nan
3789.97,1.545642e-05,0.0,nan,nan,nan
3790.053,1.545713e-05,0.0,nan,nan,nan
3790.136,1.545445e-05,0.0,nan,nan,nan
3790.22,1.545653e-05,0.0,nan,nan,nan
3790.304,1.545717e-05,0.0,nan,nan,nan
3790.388,1.545391e-05,0.0,nan,nan,nan
3790.48,1.545213e-05,0.0,nan,nan,nan
3790.565,1.545213e-05,0.0,nan,nan,nan
3790.649,1.54516e-05,0.0,nan,nan,nan
3790.733,1.545029e-05,0.0,nan,nan,nan
3790.82,1.545088e-05,0.0,nan,nan,nan
3790.912,1.545533e-05,0.0,nan,nan,nan
3790.995,1.5453e-05,0.0,nan,nan,nan
3791.099,1.545145e-05,0.0,nan,nan,nan
3791.182,1.545224e-05,0.0,nan,nan,nan
3791.266,1.54524e-05,0.0,nan,nan,nan
3791.349,1.545546e-05,0.0,nan,nan,nan
3791.437,1.545291e-05,0.0,nan,nan,nan
3791.529,1.545501e-05,0.0,nan,nan,nan
3791.613,1.545381e-05,0.0,nan,nan,nan
3791.697,1.54522e-05,0.0,nan,nan,nan
3791.78,1.545563e-05,0.0,nan,nan,nan
3791.866,1.545504e-05,0.0,nan,nan,nan
3791.95,1.545278e-05,0.0,nan,nan,nan
3792.033,1.545495e-05,0.0,nan,nan,nan
3792.14,1.545395e-05,0.0,nan,nan,nan
3792.224,1.545638e-05,0.0,nan,nan,nan
3792.307,1.545175e-05,0.0,nan,nan,nan
3792.391,1.544823e-05,0.0,nan,nan,nan
3792.474,1.545002e-05,0.0,nan,nan,nan
3792.56,1.545027e-05,0.0,nan,nan,nan
3792.644,1.545513e-05,0.0,nan,nan,nan
3792.728,1.545446e-05,0.0,nan,nan,nan
3792.812,1.545281e-05,0.0,nan,nan,nan
3792.898,1.545458e-05,0.0,nan,nan,nan
3792.982,1.545487e-05,0.0,nan,nan,nan
3793.066,1.545574e-05,0.0,nan,nan,nan
3793.151,1.54577e-05,0.0,nan,nan,nan
3793.235,1.545483e-05,0.0,nan,nan,nan
3793.318,1.545795e-05,0.0,nan,nan,nan
3793.402,1.545917e-05,0.0,nan,nan,nan
3793.487,1.54568e-05,0.0,nan,nan,nan
3793.57,1.545691e-05,0.0,nan,nan,nan
3793.654,1.545538e-05,0.0,nan,nan,nan
3793.738,1.545729e-05,0.0,nan,nan,nan
3793.822,1.545547e-05,0.0,nan,nan,nan
3793.905,1.545304e-05,0.0,nan,nan,nan
3793.989,1.545774e-05,0.0,nan,nan,nan
3794.073,1.545666e-05,0.0,nan,nan,nan
3794.158,1.545506e-05,0.0,nan,nan,nan
3794.242,1.545685e-05,0.0,nan,nan,nan
3794.325,1.545433e-05,0.0,nan,nan,nan
3794.409,1.545469e-05,0.0,nan,nan,nan
3794.493,1.545421e-05,0.0,nan,nan,nan
3794.596,1.545314e-05,0.0,nan,nan,nan
3794.68,1.545955e-05,0.0,nan,nan,nan
3794.764,1.545342e-05,0.0,nan,nan,nan
3794.847,1.545825e-05,0.0,nan,nan,nan
3794.933,1.545336e-05,0.0,nan,nan,nan
3795.017,1.545859e-05,0.0,nan,nan,nan
3795.1,1.545903e-05,0.0,nan,nan,nan
3795.21,1.545887e-05,0.0,nan,nan,nan
3795.294,1.54546e-05,0.0,nan,nan,nan
3795.38,1.545387e-05,0.0,nan,nan,nan
3795.464,1.545507e-05,0.0,nan,nan,nan
3795.547,1.545672e-05,0.0,nan,nan,nan
3795.631,1.54556e-05,0.0,nan,nan,nan
3795.715,1.545582e-05,0.0,nan,nan,nan
3795.798,1.545513e-05,0.0,nan,nan,nan
3795.885,1.545467e-05,0.0,nan,nan,nan
3795.968,1.545164e-05,0.0,nan,nan,nan
3796.052,1.545062e-05,0.0,nan,nan,nan
3796.136,1.54548e-05,0.0,nan,nan,nan
3796.229,1.545498e-05,0.0,nan,nan,nan
3796.313,1.545669e-05,0.0,nan,nan,nan
3796.397,1.545387e-05,0.0,nan,nan,nan
3796.481,1.545258e-05,0.0,nan,nan,nan
3796.564,1.545118e-05,0.0,nan,nan,nan
3796.656,1.545106e-05,0.0,nan,nan,nan
3796.74,1.5451e-05,0.0,nan,nan,nan
3796.828,1.545347e-05,0.0,nan,nan,nan
3796.912,1.545258e-05,0.0,nan,nan,nan
3796.996,1.545383e-05,0.0,nan,nan,nan
3797.08,1.545164e-05,0.0,nan,nan,nan
3797.163,1.545328e-05,0.0,nan,nan,nan
3797.267,1.545087e-05,0.0,nan,nan,nan
3797.35,1.545234e-05,0.0,nan,nan,nan
3797.452,1.545422e-05,0.0,nan,nan,nan
3797.535,1.545372e-05,0.0,nan,nan,nan
3797.619,1.54538e-05,0.0,nan,nan,nan
3797.702,1.545549e-05,0.0,nan,nan,nan
3797.787,1.545156e-05,0.0,nan,nan,nan
3797.871,1.54544e-05,0.0,nan,nan,nan
3797.955,1.545474e-05,0.0,nan,nan,nan
3798.041,1.545365e-05,0.0,nan,nan,nan
3798.124,1.544834e-05,0.0,nan,nan,nan
3798.209,1.545599e-05,0.0,nan,nan,nan
3798.292,1.545167e-05,0.0,nan,nan,nan
3798.376,1.545073e-05,0.0,nan,nan,nan
3798.459,1.545148e-05,0.0,nan,nan,nan
3798.543,1.545421e-05,0.0,nan,nan,nan
3798.627,1.544728e-05,0.0,nan,nan,nan
3798.729,1.544891e-05,0.0,nan,nan,nan
3798.813,1.544897e-05,0.0,nan,nan,nan
3798.897,1.545326e-05,0.0,nan,nan,nan
3798.981,1.545213e-05,0.0,nan,nan,nan
3799.065,1.545211e-05,0.0,nan,nan,nan
3799.149,1.544896e-05,0.0,nan,nan,nan
3799.232,1.545196e-05,0.0,nan,nan,nan
3799.315,1.545358e-05,0.0,nan,nan,nan
3799.399,1.545093e-05,0.0,nan,nan,nan
3799.483,1.545474e-05,0.0,nan,nan,nan
3799.567,1.545241e-05,0.0,nan,nan,nan
3799.65,1.545189e-05,0.0,nan,nan,nan
3799.734,1.545262e-05,0.0,nan,nan,nan
3799.818,1.545217e-05,0.0,nan,nan,nan
3799.901,1.54514e-05,0.0,nan,nan,nan
3799.985,1.544893e-05,0.0,nan,nan,nan
3800.068,1.545039e-05,0.0,nan,nan,nan
3800.152,1.545426e-05,0.0,nan,nan,nan
3800.237,1.545695e-05,0.0,nan,nan,nan
3800.33,1.545503e-05,0.0,nan,nan,nan
3800.414,1.545585e-05,0.0,nan,nan,nan
3800.499,1.545188e-05,0.0,nan,nan,nan
3800.582,1.545105e-05,0.0,nan,nan,nan
3800.67,1.545726e-05,0.0,nan,nan,nan
3800.78,1.545463e-05,0.0,nan,nan,nan
3800.863,1.54549e-05,0.0,nan,nan,nan
3800.957,1.545175e-05,0.0,nan,nan,nan
3801.041,1.545626e-05,0.0,nan,nan,nan
3801.125,1.545567e-05,0.0,nan,nan,nan
3801.208,1.545282e-05,0.0,nan,nan,nan
3801.292,1.545378e-05,0.0,nan,nan,nan
3801.376,1.545488e-05,0.0,nan,nan,nan
3801.459,1.545666e-05,0.0,nan,nan,nan
3801.548,1.545089e-05,0.0,nan,nan,nan
3801.632,1.545439e-05,0.0,nan,nan,nan
3801.716,1.545299e-05,0.0,nan,nan,nan
3801.799,1.545762e-05,0.0,nan,nan,nan
3801.888,1.545522e-05,0.0,nan,nan,nan
3801.985,1.545184e-05,0.0,nan,nan,nan
3802.069,1.545546e-05,0.0,nan,nan,nan
3802.166,1.544976e-05,0.0,nan,nan,nan
3802.25,1.544952e-05,0.0,nan,nan,nan
3802.333,1.545077e-05,0.0,nan,nan,nan
3802.417,1.544708e-05,0.0,nan,nan,nan
3802.501,1.54524e-05,0.0,nan,nan,nan
3802.584,1.544776e-05,0.0,nan,nan,nan
3802.668,1.545067e-05,0.0,nan,nan,nan
3802.777,1.545377e-05,0.0,nan,nan,nan
3802.861,1.545054e-05,0.0,nan,nan,nan
3802.945,1.545109e-05,0.0,nan,nan,nan
3803.028,1.545478e-05,0.0,nan,nan,nan
3803.112,1.54508e-05,0.0,nan,nan,nan
3803.196,1.545128e-05,0.0,nan,nan,nan
3803.28,1.545194e-05,0.0,nan,nan,nan
3803.365,1.545427e-05,0.0,nan,nan,nan
3803.449,1.545026e-05,0.0,nan,nan,nan
3803.533,1.545042e-05,0.0,nan,nan,nan
3803.616,1.545025e-05,0.0,nan,nan,nan
3803.702,1.545006e-05,0.0,nan,nan,nan
3803.789,1.54501e-05,0.0,nan,nan,nan
3803.873,1.544875e-05,0.0,nan,nan,nan
3803.956,1.544748e-05,0.0,nan,nan,nan
3804.04,1.544098e-05,0.0,nan,nan,nan
3804.124,1.545058e-05,0.0,nan,nan,nan
3804.208,1.544874e-05,0.0,nan,nan,nan
3804.291,1.545209e-05,0.0,nan,nan,nan
3804.375,1.545227e-05,0.0,nan,nan,nan
3804.459,1.54468e-05,0.0,nan,nan,nan
3804.542,1.544932e-05,0.0,nan,nan,nan
3804.628,1.544705e-05,0.0,nan,nan,nan
3804.712,1.544134e-05,0.0,nan,nan,nan
3804.816,1.544941e-05,0.0,nan,nan,nan
3804.9,1.544864e-05,0.0,nan,nan,nan
3804.983,1.544822e-05,0.0,nan,nan,nan
3805.067,1.54461e-05,0.0,nan,nan,nan
3805.151,1.544727e-05,0.0,nan,nan,nan
3805.241,1.545223e-05,0.0,nan,nan,nan
3805.325,1.544886e-05,0.0,nan,nan,nan
3805.408,1.545156e-05,0.0,nan,nan,nan
3805.492,1.545418e-05,0.0,nan,nan,nan
3805.576,1.545063e-05,0.0,nan,nan,nan
3805.659,1.544945e-05,0.0,nan,nan,nan
3805.743,1.544943e-05,0.0,nan,nan,nan
3805.846,1.545646e-05,0.0,nan,nan,nan
3805.93,1.54493e-05,0.0,nan,nan,nan
3806.035,1.545688e-05,0.0,nan,nan,nan
3806.118,1.545661e-05,0.0,nan,nan,nan
3806.202,1.545607e-05,0.0,nan,nan,nan
3806.286,1.545206e-05,0.0,nan,nan,nan
3806.37,1.544796e-05,0.0,nan,nan,nan
3806.457,1.544661e-05,0.0,nan,nan,nan
3806.54,1.545336e-05,0.0,nan,nan,nan
3806.624,1.545444e-05,0.0,nan,nan,nan
3806.708,1.544768e-05,0.0,nan,nan,nan
3806.792,1.545461e-05,0.0,nan,nan,nan
3806.876,1.545236e-05,0.0,nan,nan,nan
3806.959,1.545277e-05,0.0,nan,nan,nan
3807.06,1.545047e-05,0.0,nan,nan,nan
3807.144,1.545056e-05,0.0,nan,nan,nan
3807.23,1.545254e-05,0.0,nan,nan,nan
3807.314,1.545578e-05,0.0,nan,nan,nan
3807.398,1.545139e-05,0.0,nan,nan,nan
3807.483,1.545319e-05,0.0,nan,nan,nan
3807.566,1.545138e-05,0.0,nan,nan,nan
3807.65,1.545385e-05,0.0,nan,nan,nan
3807.733,1.545097e-05,0.0,nan,nan,nan
3807.817,1.545041e-05,0.0,nan,nan,nan
3807.908,1.545739e-05,0.0,nan,nan,nan
3807.991,1.545681e-05,0.0,nan,nan,nan
3808.083,1.545223e-05,0.0,nan,nan,nan
3808.166,1.545177e-05,0.0,nan,nan,nan
3808.25,1.545574e-05,0.0,nan,nan,nan
3808.333,1.545198e-05,0.0,nan,nan,nan
3808.419,1.544952e-05,0.0,nan,nan,nan
3808.515,1.545492e-05,0.0,nan,nan,nan
3808.598,1.545351e-05,0.0,nan,nan,nan
3808.7,1.545474e-05,0.0,nan,nan,nan
3808.784,1.546103e-05,0.0,nan,nan,nan
3808.867,1.545634e-05,0.0,nan,nan,nan
3808.951,1.545572e-05,0.0,nan,nan,nan
3809.035,1.545314e-05,0.0,nan,nan,nan
3809.121,1.545094e-05,0.0,nan,nan,nan
3809.204,1.545618e-05,0.0,nan,nan,nan
3809.301,1.545495e-05,0.0,nan,nan,nan
3809.384,1.545482e-05,0.0,nan,nan,nan
3809.468,1.545206e-05,0.0,nan,nan,nan
3809.551,1.545177e-05,0.0,nan,nan,nan
3809.635,1.545262e-05,0.0,nan,nan,nan
3809.736,1.545462e-05,0.0,nan,nan,nan
3809.82,1.545282e-05,0.0,nan,nan,nan
3809.904,1.545487e-05,0.0,nan,nan,nan
3809.988,1.545577e-05,0.0,nan,nan,nan
3810.071,1.544939e-05,0.0,nan,nan,nan
3810.155,1.545145e-05,0.0,nan,nan,nan
3810.239,1.545048e-05,0.0,nan,nan,nan
3810.333,1.545515e-05,0.0,nan,nan,nan
3810.417,1.545035e-05,0.0,nan,nan,nan
3810.502,1.545005e-05,0.0,nan,nan,nan
3810.586,1.545376e-05,0.0,nan,nan,nan
3810.67,1.54554e-05,0.0,nan,nan,nan
3810.753,1.544952e-05,0.0,nan,nan,nan
3810.837,1.545534e-05,0.0,nan,nan,nan
3810.923,1.545698e-05,0.0,nan,nan,nan
3811.007,1.545481e-05,0.0,nan,nan,nan
3811.11,1.545127e-05,0.0,nan,nan,nan
3811.193,1.545052e-05,0.0,nan,nan,nan
3811.277,1.545365e-05,0.0,nan,nan,nan
3811.36,1.545069e-05,0.0,nan,nan,nan
3811.444,1.544711e-05,0.0,nan,nan,nan
3811.528,1.545089e-05,0.0,nan,nan,nan
3811.612,1.545377e-05,0.0,nan,nan,nan
3811.698,1.545089e-05,0.0,nan,nan,nan
3811.781,1.545242e-05,0.0,nan,nan,nan
3811.865,1.545756e-05,0.0,nan,nan,nan
3811.967,1.545265e-05,0.0,nan,nan,nan
3812.051,1.545083e-05,0.0,nan,nan,nan
3812.134,1.544999e-05,0.0,nan,nan,nan
3812.218,1.545313e-05,0.0,nan,nan,nan
3812.302,1.544928e-05,0.0,nan,nan,nan
3812.385,1.545358e-05,0.0,nan,nan,nan
3812.469,1.545338e-05,0.0,nan,nan,nan
3812.552,1.545245e-05,0.0,nan,nan,nan
3812.636,1.545403e-05,0.0,nan,nan,nan
3812.719,1.545173e-05,0.0,nan,nan,nan
3812.803,1.545424e-05,0.0,nan,nan,nan
3812.887,1.545878e-05,0.0,nan,nan,nan
3812.979,1.545562e-05,0.0,nan,nan,nan
3813.063,1.545585e-05,0.0,nan,nan,nan
3813.165,1.545105e-05,0.0,nan,nan,nan
3813.249,1.545478e-05,0.0,nan,nan,nan
3813.332,1.545482e-05,0.0,nan,nan,nan
3813.416,1.5455e-05,0.0,nan,nan,nan
3813.501,1.545529e-05,0.0,nan,nan,nan
3813.601,1.545428e-05,0.0,nan,nan,nan
3813.685,1.545201e-05,0.0,nan,nan,nan
3813.783,1.545078e-05,0.0,nan,nan,nan
3813.867,1.545007e-05,0.0,nan,nan,nan
3813.953,1.545444e-05,0.0,nan,nan,nan
3814.036,1.545062e-05,0.0,nan,nan,nan
3814.12,1.545113e-05,0.0,nan,nan,nan
3814.206,1.545087e-05,0.0,nan,nan,nan
3814.29,1.545002e-05,0.0,nan,nan,nan
3814.374,1.545057e-05,0.0,nan,nan,nan
3814.457,1.545073e-05,0.0,nan,nan,nan
3814.541,1.545369e-05,0.0,nan,nan,nan
3814.624,1.545425e-05,0.0,nan,nan,nan
3814.708,1.545422e-05,0.0,nan,nan,nan
3814.805,1.545123e-05,0.0,nan,nan,nan
3814.889,1.545031e-05,0.0,nan,nan,nan
3814.972,1.545478e-05,0.0,nan,nan,nan
3815.056,1.545094e-05,0.0,nan,nan,nan
3815.14,1.545173e-05,0.0,nan,nan,nan
3815.23,1.54512e-05,0.0,nan,nan,nan
3815.314,1.545331e-05,0.0,nan,nan,nan
3815.397,1.545086e-05,0.0,nan,nan,nan
3815.481,1.545288e-05,0.0,nan,nan,nan
3815.567,1.545442e-05,0.0,nan,nan,nan
3815.651,1.544847e-05,0.0,nan,nan,nan
3815.735,1.545294e-05,0.0,nan,nan,nan
3815.835,1.545252e-05,0.0,nan,nan,nan
3815.919,1.545219e-05,0.0,nan,nan,nan
3816.004,1.54523e-05,0.0,nan,nan,nan
3816.088,1.545697e-05,0.0,nan,nan,nan
3816.172,1.545806e-05,0.0,nan,nan,nan
3816.267,1.545396e-05,0.0,nan,nan,nan
3816.351,1.545724e-05,0.0,nan,nan,nan
3816.456,1.546023e-05,0.0,nan,nan,nan
3816.54,1.545618e-05,0.0,nan,nan,nan
3816.624,1.546127e-05,0.0,nan,nan,nan
3816.707,1.545767e-05,0.0,nan,nan,nan
3816.791,1.545307e-05,0.0,nan,nan,nan
3816.874,1.545541e-05,0.0,nan,nan,nan
3816.958,1.545296e-05,0.0,nan,nan,nan
3817.06,1.545688e-05,0.0,nan,nan,nan
3817.143,1.54571e-05,0.0,nan,nan,nan
3817.231,1.545496e-05,0.0,nan,nan,nan
3817.33,1.545449e-05,0.0,nan,nan,nan
3817.414,1.545032e-05,0.0,nan,nan,nan
3817.498,1.544748e-05,0.0,nan,nan,nan
3817.582,1.545085e-05,0.0,nan,nan,nan
3817.666,1.545566e-05,0.0,nan,nan,nan
3817.749,1.545513e-05,0.0,nan,nan,nan
3817.833,1.545075e-05,0.0,nan,nan,nan
3817.916,1.545276e-05,0.0,nan,nan,nan
3818.002,1.545092e-05,0.0,nan,nan,nan
3818.116,1.545383e-05,0.0,nan,nan,nan
3818.203,1.545278e-05,0.0,nan,nan,nan
3818.287,1.545533e-05,0.0,nan,nan,nan
3818.37,1.545282e-05,0.0,nan,nan,nan
3818.454,1.545051e-05,0.0,nan,nan,nan
3818.556,1.544916e-05,0.0,nan,nan,nan
3818.64,1.545257e-05,0.0,nan,nan,nan
3818.731,1.545085e-05,0.0,nan,nan,nan
3818.814,1.545432e-05,0.0,nan,nan,nan
3818.901,1.545171e-05,0.0,nan,nan,nan
3818.985,1.545781e-05,0.0,nan,nan,nan
3819.068,1.54568e-05,0.0,nan,nan,nan
3819.152,1.545886e-05,0.0,nan,nan,nan
3819.235,1.545571e-05,0.0,nan,nan,nan
3819.348,1.545585e-05,0.0,nan,nan,nan
3819.435,1.54556e-05,0.0,nan,nan,nan
3819.544,1.545883e-05,0.0,nan,nan,nan
3819.628,1.545687e-05,0.0,nan,nan,nan
3819.722,1.545408e-05,0.0,nan,nan,nan
3819.806,1.544984e-05,0.0,nan,nan,nan
3819.89,1.545554e-05,0.0,nan,nan,nan
3819.979,1.545815e-05,0.0,nan,nan,nan
3820.065,1.545625e-05,0.0,nan,nan,nan
3820.149,1.545175e-05,0.0,nan,nan,nan
3820.233,1.545463e-05,0.0,nan,nan,nan
3820.316,1.545464e-05,0.0,nan,nan,nan
3820.4,1.545486e-05,0.0,nan,nan,nan
3820.483,1.545149e-05,0.0,nan,nan,nan
3820.567,1.545555e-05,0.0,nan,nan,nan
3820.65,1.545455e-05,0.0,nan,nan,nan
3820.753,1.545051e-05,0.0,nan,nan,nan
3820.836,1.545488e-05,0.0,nan,nan,nan
3820.921,1.54537e-05,0.0,nan,nan,nan
3821.005,1.545183e-05,0.0,nan,nan,nan
3821.088,1.545129e-05,0.0,nan,nan,nan
3821.172,1.54527e-05,0.0,nan,nan,nan
3821.256,1.545346e-05,0.0,nan,nan,nan
3821.363,1.544954e-05,0.0,nan,nan,nan
3821.479,1.545149e-05,0.0,nan,nan,nan
3821.563,1.545211e-05,0.0,nan,nan,nan
3821.646,1.545513e-05,0.0,nan,nan,nan
3821.732,1.545749e-05,0.0,nan,nan,nan
3821.816,1.545519e-05,0.0,nan,nan,nan
3821.899,1.545041e-05,0.0,nan,nan,nan
3821.983,1.545283e-05,0.0,nan,nan,nan
3822.066,1.545395e-05,0.0,nan,nan,nan
3822.18,1.545875e-05,0.0,nan,nan,nan
3822.264,1.545451e-05,0.0,nan,nan,nan
3822.347,1.545103e-05,0.0,nan,nan,nan
3822.431,1.545459e-05,0.0,nan,nan,nan
3822.516,1.545764e-05,0.0,nan,nan,nan
3822.6,1.54526e-05,0.0,nan,nan,nan
3822.687,1.545625e-05,0.0,nan,nan,nan
3822.792,1.54532e-05,0.0,nan,nan,nan
3822.875,1.545646e-05,0.0,nan,nan,nan
3822.961,1.545097e-05,0.0,nan,nan,nan
3823.044,1.545318e-05,0.0,nan,nan,nan
3823.129,1.54546e-05,0.0,nan,nan,nan
3823.213,1.545397e-05,0.0,nan,nan,nan
3823.296,1.545348e-05,0.0,nan,nan,nan
3823.382,1.545319e-05,0.0,nan,nan,nan
3823.466,1.545057e-05,0.0,nan,nan,nan
3823.549,1.545262e-05,0.0,nan,nan,nan
3823.633,1.54541e-05,0.0,nan,nan,nan
3823.716,1.545696e-05,0.0,nan,nan,nan
3823.803,1.545759e-05,0.0,nan,nan,nan
3823.886,1.545696e-05,0.0,nan,nan,nan
3823.972,1.545703e-05,0.0,nan,nan,nan
3824.056,1.545533e-05,0.0,nan,nan,nan
3824.139,1.54554e-05,0.0,nan,nan,nan
3824.25,1.545005e-05,0.0,nan,nan,nan
3824.335,1.545287e-05,0.0,nan,nan,nan
3824.425,1.544917e-05,0.0,nan,nan,nan
3824.509,1.54513e-05,0.0,nan,nan,nan
3824.593,1.545268e-05,0.0,nan,nan,nan
3824.676,1.545738e-05,0.0,nan,nan,nan
3824.76,1.545582e-05,0.0,nan,nan,nan
3824.843,1.545704e-05,0.0,nan,nan,nan
3824.927,1.545641e-05,0.0,nan,nan,nan
3825.028,1.545351e-05,0.0,nan,nan,nan
3825.111,1.545577e-05,0.0,nan,nan,nan
3825.195,1.545439e-05,0.0,nan,nan,nan
3825.279,1.545401e-05,0.0,nan,nan,nan
3825.362,1.54527e-05,0.0,nan,nan,nan
3825.462,1.545087e-05,0.0,nan,nan,nan
3825.581,1.545735e-05,0.0,nan,nan,nan
3825.667,1.545729e-05,0.0,nan,nan,nan
3825.751,1.545283e-05,0.0,nan,nan,nan
3825.847,1.545725e-05,0.0,nan,nan,nan
3825.931,1.545977e-05,0.0,nan,nan,nan
3826.015,1.545264e-05,0.0,nan,nan,nan
3826.099,1.545251e-05,0.0,nan,nan,nan
3826.183,1.545773e-05,0.0,nan,nan,nan
3826.266,1.545723e-05,0.0,nan,nan,nan
3826.35,1.545575e-05,0.0,nan,nan,nan
3826.434,1.546053e-05,0.0,nan,nan,nan
3826.518,1.545571e-05,0.0,nan,nan,nan
3826.601,1.545625e-05,0.0,nan,nan,nan
3826.685,1.545729e-05,0.0,nan,nan,nan
3826.769,1.545765e-05,0.0,nan,nan,nan
3826.865,1.545349e-05,0.0,nan,nan,nan
3826.948,1.545646e-05,0.0,nan,nan,nan
3827.032,1.545718e-05,0.0,nan,nan,nan
3827.115,1.545374e-05,0.0,nan,nan,nan
3827.199,1.545191e-05,0.0,nan,nan,nan
3827.282,1.544888e-05,0.0,nan,nan,nan
3827.366,1.545099e-05,0.0,nan,nan,nan
3827.449,1.54516e-05,0.0,nan,nan,nan
3827.533,1.545547e-05,0.0,nan,nan,nan
3827.691,1.545544e-05,0.0,nan,nan,nan
3827.774,1.545406e-05,0.0,nan,nan,nan
3827.877,1.545276e-05,0.0,nan,nan,nan
3827.96,1.545352e-05,0.0,nan,nan,nan
3828.045,1.545494e-05,0.0,nan,nan,nan
3828.129,1.545352e-05,0.0,nan,nan,nan
3828.212,1.545199e-05,0.0,nan,nan,nan
3828.296,1.545498e-05,0.0,nan,nan,nan
3828.38,1.545332e-05,0.0,nan,nan,nan
3828.466,1.544619e-05,0.0,nan,nan,nan
3828.549,1.545304e-05,0.0,nan,nan,nan
3828.633,1.545347e-05,0.0,nan,nan,nan
3828.719,1.545562e-05,0.0,nan,nan,nan
3828.802,1.545546e-05,0.0,nan,nan,nan
3828.897,1.545488e-05,0.0,nan,nan,nan
3828.98,1.545213e-05,0.0,nan,nan,nan
3829.064,1.545379e-05,0.0,nan,nan,nan
3829.148,1.545664e-05,0.0,nan,nan,nan
3829.232,1.545553e-05,0.0,nan,nan,nan
3829.319,1.545504e-05,0.0,nan,nan,nan
3829.403,1.545552e-05,0.0,nan,nan,nan
3829.487,1.545386e-05,0.0,nan,nan,nan
3829.571,1.54542e-05,0.0,nan,nan,nan
3829.655,1.545399e-05,0.0,nan,nan,nan
3829.753,1.545826e-05,0.0,nan,nan,nan
3829.837,1.545748e-05,0.0,nan,nan,nan
3829.933,1.545863e-05,0.0,nan,nan,nan
3830.016,1.545816e-05,0.0,nan,nan,nan
3830.102,1.545733e-05,0.0,nan,nan,nan
3830.185,1.545517e-05,0.0,nan,nan,nan
3830.269,1.545566e-05,0.0,nan,nan,nan
3830.353,1.545888e-05,0.0,nan,nan,nan
3830.436,1.545766e-05,0.0,nan,nan,nan
3830.53,1.545537e-05,0.0,nan,nan,nan
3830.613,1.54577e-05,0.0,nan,nan,nan
3830.698,1.545851e-05,0.0,nan,nan,nan
3830.782,1.54598e-05,0.0,nan,nan,nan
3830.871,1.546447e-05,0.0,nan,nan,nan
3830.962,1.545932e-05,0.0,nan,nan,nan
3831.046,1.545904e-05,0.0,nan,nan,nan
3831.142,1.545986e-05,0.0,nan,nan,nan
3831.226,1.545612e-05,0.0,nan,nan,nan
3831.309,1.545774e-05,0.0,nan,nan,nan
3831.393,1.545261e-05,0.0,nan,nan,nan
3831.477,1.545839e-05,0.0,nan,nan,nan
3831.569,1.5459e-05,0.0,nan,nan,nan
3831.653,1.545766e-05,0.0,nan,nan,nan
3831.741,1.545366e-05,0.0,nan,nan,nan
3831.832,1.545376e-05,0.0,nan,nan,nan
3831.915,1.545726e-05,0.0,nan,nan,nan
3832.004,1.546184e-05,0.0,nan,nan,nan
3832.088,1.545918e-05,0.0,nan,nan,nan
3832.184,1.545566e-05,0.0,nan,nan,nan
3832.268,1.545323e-05,0.0,nan,nan,nan
3832.352,1.545827e-05,0.0,nan,nan,nan
3832.436,1.545611e-05,0.0,nan,nan,nan
3832.519,1.545771e-05,0.0,nan,nan,nan
3832.603,1.545898e-05,0.0,nan,nan,nan
3832.687,1.545946e-05,0.0,nan,nan,nan
3832.793,1.545688e-05,0.0,nan,nan,nan
3832.876,1.545804e-05,0.0,nan,nan,nan
3832.962,1.545942e-05,0.0,nan,nan,nan
3833.045,1.546056e-05,0.0,nan,nan,nan
3833.131,1.545943e-05,0.0,nan,nan,nan
3833.216,1.545999e-05,0.0,nan,nan,nan
3833.299,1.545828e-05,0.0,nan,nan,nan
3833.396,1.54598e-05,0.0,nan,nan,nan
3833.48,1.546152e-05,0.0,nan,nan,nan
3833.565,1.546147e-05,0.0,nan,nan,nan
3833.649,1.545852e-05,0.0,nan,nan,nan
3833.732,1.545569e-05,0.0,nan,nan,nan
3833.817,1.545669e-05,0.0,nan,nan,nan
3833.906,1.545487e-05,0.0,nan,nan,nan
3833.99,1.545692e-05,0.0,nan,nan,nan
3834.073,1.545687e-05,0.0,nan,nan,nan
3834.157,1.545844e-05,0.0,nan,nan,nan
3834.241,1.545578e-05,0.0,nan,nan,nan
3834.325,1.545608e-05,0.0,nan,nan,nan
3834.409,1.54562e-05,0.0,nan,nan,nan
3834.492,1.545952e-05,0.0,nan,nan,nan
3834.576,1.546205e-05,0.0,nan,nan,nan
3834.66,1.545699e-05,0.0,nan,nan,nan
3834.743,1.545873e-05,0.0,nan,nan,nan
3834.845,1.545903e-05,0.0,nan,nan,nan
3834.929,1.545918e-05,0.0,nan,nan,nan
3835.013,1.545901e-05,0.0,nan,nan,nan
3835.097,1.546007e-05,0.0,nan,nan,nan
3835.181,1.545438e-05,0.0,nan,nan,nan
3835.266,1.545439e-05,0.0,nan,nan,nan
3835.35,1.545365e-05,0.0,nan,nan,nan
3835.457,1.545767e-05,0.0,nan,nan,nan
3835.541,1.545266e-05,0.0,nan,nan,nan
3835.625,1.545441e-05,0.0,nan,nan,nan
3835.709,1.545699e-05,0.0,nan,nan,nan
3835.792,1.545463e-05,0.0,nan,nan,nan
3835.876,1.545812e-05,0.0,nan,nan,nan
3835.982,1.545728e-05,0.0,nan,nan,nan
3836.066,1.545421e-05,0.0,nan,nan,nan
3836.15,1.545772e-05,0.0,nan,nan,nan
3836.241,1.545779e-05,0.0,nan,nan,nan
3836.325,1.545233e-05,0.0,nan,nan,nan
3836.408,1.545502e-05,0.0,nan,nan,nan
3836.501,1.545559e-05,0.0,nan,nan,nan
3836.585,1.545817e-05,0.0,nan,nan,nan
3836.682,1.545346e-05,0.0,nan,nan,nan
3836.768,1.545464e-05,0.0,nan,nan,nan
3836.853,1.545543e-05,0.0,nan,nan,nan
3836.936,1.545362e-05,0.0,nan,nan,nan
3837.02,1.545206e-05,0.0,nan,nan,nan
3837.104,1.545302e-05,0.0,nan,nan,nan
3837.188,1.545454e-05,0.0,nan,nan,nan
3837.272,1.545285e-05,0.0,nan,nan,nan
3837.355,1.545635e-05,0.0,nan,nan,nan
3837.439,1.545557e-05,0.0,nan,nan,nan
3837.525,1.545652e-05,0.0,nan,nan,nan
3837.609,1.545579e-05,0.0,nan,nan,nan
3837.692,1.546302e-05,0.0,nan,nan,nan
3837.776,1.546112e-05,0.0,nan,nan,nan
3837.859,1.54587e-05,0.0,nan,nan,nan
3837.943,1.545841e-05,0.0,nan,nan,nan
3838.032,1.545908e-05,0.0,nan,nan,nan
3838.136,1.545767e-05,0.0,nan,nan,nan
3838.22,1.545819e-05,0.0,nan,nan,nan
3838.303,1.545702e-05,0.0,nan,nan,nan
3838.387,1.545376e-05,0.0,nan,nan,nan
3838.473,1.545536e-05,0.0,nan,nan,nan
3838.556,1.5456e-05,0.0,nan,nan,nan
3838.64,1.545742e-05,0.0,nan,nan,nan
3838.724,1.545527e-05,0.0,nan,nan,nan
3838.808,1.545643e-05,0.0,nan,nan,nan
3838.892,1.545181e-05,0.0,nan,nan,nan
3838.976,1.545826e-05,0.0,nan,nan,nan
3839.059,1.545578e-05,0.0,nan,nan,nan
3839.148,1.545462e-05,0.0,nan,nan,nan
3839.232,1.545191e-05,0.0,nan,nan,nan
3839.315,1.545326e-05,0.0,nan,nan,nan
3839.399,1.54528e-05,0.0,nan,nan,nan
3839.484,1.545092e-05,0.0,nan,nan,nan
3839.568,1.544997e-05,0.0,nan,nan,nan
3839.652,1.545384e-05,0.0,nan,nan,nan
3839.735,1.545068e-05,0.0,nan,nan,nan
3839.819,1.545314e-05,0.0,nan,nan,nan
3839.903,1.545647e-05,0.0,nan,nan,nan
3840.009,1.545655e-05,0.0,nan,nan,nan
3840.131,1.545524e-05,0.0,nan,nan,nan
3840.215,1.545791e-05,0.0,nan,nan,nan
3840.303,1.545712e-05,0.0,nan,nan,nan
3840.387,1.545792e-05,0.0,nan,nan,nan
3840.471,1.545765e-05,0.0,nan,nan,nan
3840.577,1.545769e-05,0.0,nan,nan,nan
3840.661,1.545866e-05,0.0,nan,nan,nan
3840.744,1.545652e-05,0.0,nan,nan,nan
3840.828,1.545182e-05,0.0,nan,nan,nan
3840.912,1.545556e-05,0.0,nan,nan,nan
3840.995,1.54522e-05,0.0,nan,nan,nan
3841.079,1.5455e-05,0.0,nan,nan,nan
3841.172,1.545421e-05,0.0,nan,nan,nan
3841.256,1.545682e-05,0.0,nan,nan,nan
3841.34,1.545619e-05,0.0,nan,nan,nan
3841.423,1.545886e-05,0.0,nan,nan,nan
3841.507,1.545887e-05,0.0,nan,nan,nan
3841.604,1.545561e-05,0.0,nan,nan,nan
3841.688,1.545895e-05,0.0,nan,nan,nan
3841.783,1.545502e-05,0.0,nan,nan,nan
3841.866,1.545578e-05,0.0,nan,nan,nan
3841.95,1.545587e-05,0.0,nan,nan,nan
3842.034,1.545931e-05,0.0,nan,nan,nan
3842.118,1.545826e-05,0.0,nan,nan,nan
3842.202,1.545519e-05,0.0,nan,nan,nan
3842.286,1.545753e-05,0.0,nan,nan,nan
3842.369,1.545664e-05,0.0,nan,nan,nan
3842.453,1.545978e-05,0.0,nan,nan,nan
3842.537,1.545975e-05,0.0,nan,nan,nan
3842.62,1.545572e-05,0.0,nan,nan,nan
3842.704,1.545798e-05,0.0,nan,nan,nan
3842.803,1.545616e-05,0.0,nan,nan,nan
3842.887,1.545836e-05,0.0,nan,nan,nan
3842.973,1.545322e-05,0.0,nan,nan,nan
3843.057,1.545745e-05,0.0,nan,nan,nan
3843.141,1.54548e-05,0.0,nan,nan,nan
3843.226,1.545097e-05,0.0,nan,nan,nan
3843.31,1.545503e-05,0.0,nan,nan,nan
3843.412,1.544814e-05,0.0,nan,nan,nan
3843.495,1.545293e-05,0.0,nan,nan,nan
3843.579,1.545041e-05,0.0,nan,nan,nan
3843.663,1.545639e-05,0.0,nan,nan,nan
3843.749,1.545323e-05,0.0,nan,nan,nan
3843.844,1.545518e-05,0.0,nan,nan,nan
3843.928,1.545071e-05,0.0,nan,nan,nan
3844.011,1.545453e-05,0.0,nan,nan,nan
3844.095,1.545533e-05,0.0,nan,nan,nan
3844.178,1.54573e-05,0.0,nan,nan,nan
3844.262,1.545376e-05,0.0,nan,nan,nan
3844.346,1.545557e-05,0.0,nan,nan,nan
3844.447,1.546021e-05,0.0,nan,nan,nan
3844.531,1.545127e-05,0.0,nan,nan,nan
3844.616,1.545346e-05,0.0,nan,nan,nan
3844.699,1.545472e-05,0.0,nan,nan,nan
3844.783,1.545569e-05,0.0,nan,nan,nan
3844.867,1.545376e-05,0.0,nan,nan,nan
3844.952,1.545533e-05,0.0,nan,nan,nan
3845.053,1.545377e-05,0.0,nan,nan,nan
3845.136,1.545077e-05,0.0,nan,nan,nan
3845.22,1.545409e-05,0.0,nan,nan,nan
3845.303,1.545488e-05,0.0,nan,nan,nan
3845.387,1.545398e-05,0.0,nan,nan,nan
3845.473,1.545722e-05,0.0,nan,nan,nan
3845.557,1.545843e-05,0.0,nan,nan,nan
3845.641,1.545464e-05,0.0,nan,nan,nan
3845.725,1.545485e-05,0.0,nan,nan,nan
3845.808,1.544872e-05,0.0,nan,nan,nan
3845.896,1.545602e-05,0.0,nan,nan,nan
3845.98,1.545533e-05,0.0,nan,nan,nan
3846.072,1.545461e-05,0.0,nan,nan,nan
3846.156,1.545523e-05,0.0,nan,nan,nan
3846.24,1.545535e-05,0.0,nan,nan,nan
3846.331,1.545244e-05,0.0,nan,nan,nan
3846.415,1.545134e-05,0.0,nan,nan,nan
3846.506,1.545022e-05,0.0,nan,nan,nan
3846.59,1.545486e-05,0.0,nan,nan,nan
3846.681,1.545243e-05,0.0,nan,nan,nan
3846.765,1.545023e-05,0.0,nan,nan,nan
3846.849,1.545375e-05,0.0,nan,nan,nan
3846.932,1.545426e-05,0.0,nan,nan,nan
3847.018,1.545716e-05,0.0,nan,nan,nan
3847.102,1.545545e-05,0.0,nan,nan,nan
3847.186,1.545793e-05,0.0,nan,nan,nan
3847.286,1.545726e-05,0.0,nan,nan,nan
3847.369,1.545673e-05,0.0,nan,nan,nan
3847.453,1.545598e-05,0.0,nan,nan,nan
3847.537,1.545695e-05,0.0,nan,nan,nan
3847.62,1.545765e-05,0.0,nan,nan,nan
3847.712,1.545414e-05,0.0,nan,nan,nan
3847.796,1.545731e-05,0.0,nan,nan,nan
3847.909,1.546089e-05,0.0,nan,nan,nan
3847.993,1.545845e-05,0.0,nan,nan,nan
3848.077,1.545806e-05,0.0,nan,nan,nan
3848.161,1.545904e-05,0.0,nan,nan,nan
3848.245,1.545466e-05,0.0,nan,nan,nan
3848.329,1.545698e-05,0.0,nan,nan,nan
3848.413,1.545578e-05,0.0,nan,nan,nan
3848.516,1.545662e-05,0.0,nan,nan,nan
3848.6,1.545398e-05,0.0,nan,nan,nan
3848.684,1.545178e-05,0.0,nan,nan,nan
3848.767,1.545644e-05,0.0,nan,nan,nan
3848.851,1.545558e-05,0.0,nan,nan,nan
3848.934,1.54565e-05,0.0,nan,nan,nan
3849.018,1.545229e-05,0.0,nan,nan,nan
3849.118,1.54543e-05,0.0,nan,nan,nan
3849.201,1.545211e-05,0.0,nan,nan,nan
3849.288,1.545027e-05,0.0,nan,nan,nan
3849.372,1.545149e-05,0.0,nan,nan,nan
3849.455,1.545063e-05,0.0,nan,nan,nan
3849.545,1.545221e-05,0.0,nan,nan,nan
3849.629,1.54524e-05,0.0,nan,nan,nan
3849.713,1.545139e-05,0.0,nan,nan,nan
3849.796,1.545157e-05,0.0,nan,nan,nan
3849.881,1.54579e-05,0.0,nan,nan,nan
3849.972,1.545692e-05,0.0,nan,nan,nan
3850.056,1.545749e-05,0.0,nan,nan,nan
3850.151,1.545517e-05,0.0,nan,nan,nan
3850.234,1.54564e-05,0.0,nan,nan,nan
3850.318,1.545272e-05,0.0,nan,nan,nan
3850.448,1.545488e-05,0.0,nan,nan,nan
3850.544,1.545548e-05,0.0,nan,nan,nan
3850.627,1.545489e-05,0.0,nan,nan,nan
3850.712,1.545599e-05,0.0,nan,nan,nan
3850.795,1.54554e-05,0.0,nan,nan,nan
3850.879,1.545234e-05,0.0,nan,nan,nan
3850.982,1.544976e-05,0.0,nan,nan,nan
3851.066,1.54508e-05,0.0,nan,nan,nan
3851.149,1.545143e-05,0.0,nan,nan,nan
3851.233,1.545409e-05,0.0,nan,nan,nan
3851.317,1.545415e-05,0.0,nan,nan,nan
3851.4,1.545623e-05,0.0,nan,nan,nan
3851.484,1.545327e-05,0.0,nan,nan,nan
3851.568,1.545317e-05,0.0,nan,nan,nan
3851.651,1.545052e-05,0.0,nan,nan,nan
3851.735,1.545567e-05,0.0,nan,nan,nan
3851.819,1.545726e-05,0.0,nan,nan,nan
3851.902,1.545288e-05,0.0,nan,nan,nan
3851.999,1.545716e-05,0.0,nan,nan,nan
3852.082,1.545919e-05,0.0,nan,nan,nan
3852.166,1.545854e-05,0.0,nan,nan,nan
3852.25,1.545406e-05,0.0,nan,nan,nan
3852.333,1.545866e-05,0.0,nan,nan,nan
3852.417,1.545779e-05,0.0,nan,nan,nan
3852.534,1.54521e-05,0.0,nan,nan,nan
3852.63,1.545801e-05,0.0,nan,nan,nan
3852.714,1.545406e-05,0.0,nan,nan,nan
3852.805,1.545326e-05,0.0,nan,nan,nan
3852.888,1.54541e-05,0.0,nan,nan,nan
3852.973,1.545843e-05,0.0,nan,nan,nan
3853.057,1.545537e-05,0.0,nan,nan,nan
3853.14,1.545686e-05,0.0,nan,nan,nan
3853.236,1.545518e-05,0.0,nan,nan,nan
3853.32,1.545189e-05,0.0,nan,nan,nan
3853.415,1.544948e-05,0.0,nan,nan,nan
3853.499,1.545541e-05,0.0,nan,nan,nan
3853.584,1.545443e-05,0.0,nan,nan,nan
3853.668,1.544955e-05,0.0,nan,nan,nan
3853.751,1.545467e-05,0.0,nan,nan,nan
3853.835,1.545673e-05,0.0,nan,nan,nan
3853.919,1.545463e-05,0.0,nan,nan,nan
3854.009,1.545402e-05,0.0,nan,nan,nan
3854.093,1.545656e-05,0.0,nan,nan,nan
3854.176,1.545349e-05,0.0,nan,nan,nan
3854.26,1.545642e-05,0.0,nan,nan,nan
3854.344,1.54525e-05,0.0,nan,nan,nan
3854.435,1.54545e-05,0.0,nan,nan,nan
3854.519,1.545114e-05,0.0,nan,nan,nan
3854.611,1.54538e-05,0.0,nan,nan,nan
3854.696,1.545684e-05,0.0,nan,nan,nan
3854.78,1.545746e-05,0.0,nan,nan,nan
3854.864,1.545863e-05,0.0,nan,nan,nan
3854.948,1.545361e-05,0.0,nan,nan,nan
3855.036,1.545519e-05,0.0,nan,nan,nan
3855.12,1.545638e-05,0.0,nan,nan,nan
3855.205,1.545656e-05,0.0,nan,nan,nan
3855.288,1.545637e-05,0.0,nan,nan,nan
3855.372,1.545564e-05,0.0,nan,nan,nan
3855.466,1.545335e-05,0.0,nan,nan,nan
3855.549,1.545442e-05,0.0,nan,nan,nan
3855.65,1.54531e-05,0.0,nan,nan,nan
3855.734,1.545275e-05,0.0,nan,nan,nan
3855.818,1.544964e-05,0.0,nan,nan,nan
3855.901,1.545229e-05,0.0,nan,nan,nan
3855.985,1.545279e-05,0.0,nan,nan,nan
3856.068,1.545402e-05,0.0,nan,nan,nan
3856.152,1.545684e-05,0.0,nan,nan,nan
3856.249,1.545767e-05,0.0,nan,nan,nan
3856.333,1.5456e-05,0.0,nan,nan,nan
3856.417,1.545849e-05,0.0,nan,nan,nan
3856.5,1.545498e-05,0.0,nan,nan,nan
3856.587,1.545587e-05,0.0,nan,nan,nan
3856.672,1.545321e-05,0.0,nan,nan,nan
3856.756,1.54552e-05,0.0,nan,nan,nan
3856.84,1.545604e-05,0.0,nan,nan,nan
3856.924,1.545449e-05,0.0,nan,nan,nan
3857.009,1.545659e-05,0.0,nan,nan,nan
3857.093,1.54583e-05,0.0,nan,nan,nan
3857.177,1.545452e-05,0.0,nan,nan,nan
3857.278,1.546031e-05,0.0,nan,nan,nan
3857.362,1.546074e-05,0.0,nan,nan,nan
3857.446,1.545759e-05,0.0,nan,nan,nan
3857.529,1.54568e-05,0.0,nan,nan,nan
3857.613,1.54554e-05,0.0,nan,nan,nan
3857.702,1.545712e-05,0.0,nan,nan,nan
3857.786,1.545972e-05,0.0,nan,nan,nan
3857.87,1.545588e-05,0.0,nan,nan,nan
3857.953,1.545829e-05,0.0,nan,nan,nan
3858.037,1.545609e-05,0.0,nan,nan,nan
3858.121,1.545567e-05,0.0,nan,nan,nan
3858.205,1.545349e-05,0.0,nan,nan,nan
3858.302,1.545683e-05,0.0,nan,nan,nan
3858.386,1.545652e-05,0.0,nan,nan,nan
3858.471,1.545338e-05,0.0,nan,nan,nan
3858.555,1.545479e-05,0.0,nan,nan,nan
3858.639,1.54568e-05,0.0,nan,nan,nan
3858.728,1.545281e-05,0.0,nan,nan,nan
3858.812,1.54535e-05,0.0,nan,nan,nan
3858.895,1.545278e-05,0.0,nan,nan,nan
3858.979,1.545446e-05,0.0,nan,nan,nan
3859.063,1.54565e-05,0.0,nan,nan,nan
3859.147,1.545584e-05,0.0,nan,nan,nan
3859.231,1.545599e-05,0.0,nan,nan,nan
3859.338,1.545804e-05,0.0,nan,nan,nan
3859.422,1.54576e-05,0.0,nan,nan,nan
3859.506,1.545092e-05,0.0,nan,nan,nan
3859.59,1.545615e-05,0.0,nan,nan,nan
3859.673,1.545525e-05,0.0,nan,nan,nan
3859.768,1.54531e-05,0.0,nan,nan,nan
3859.851,1.545012e-05,0.0,nan,nan,nan
3859.955,1.545157e-05,0.0,nan,nan,nan
3860.039,1.545412e-05,0.0,nan,nan,nan
3860.123,1.545028e-05,0.0,nan,nan,nan
3860.206,1.545354e-05,0.0,nan,nan,nan
3860.29,1.545228e-05,0.0,nan,nan,nan
3860.374,1.545142e-05,0.0,nan,nan,nan
3860.458,1.544986e-05,0.0,nan,nan,nan
3860.55,1.545202e-05,0.0,nan,nan,nan
3860.634,1.545441e-05,0.0,nan,nan,nan
3860.717,1.545286e-05,0.0,nan,nan,nan
3860.801,1.545067e-05,0.0,nan,nan,nan
3860.884,1.545123e-05,0.0,nan,nan,nan
3860.968,1.544823e-05,0.0,nan,nan,nan
3861.052,1.545323e-05,0.0,nan,nan,nan
3861.135,1.545353e-05,0.0,nan,nan,nan
3861.219,1.545119e-05,0.0,nan,nan,nan
3861.305,1.545447e-05,0.0,nan,nan,nan
3861.391,1.545263e-05,0.0,nan,nan,nan
3861.475,1.545082e-05,0.0,nan,nan,nan
3861.567,1.5453e-05,0.0,nan,nan,nan
3861.651,1.545675e-05,0.0,nan,nan,nan
3861.735,1.545547e-05,0.0,nan,nan,nan
3861.819,1.545841e-05,0.0,nan,nan,nan
3861.902,1.545574e-05,0.0,nan,nan,nan
3862.01,1.545733e-05,0.0,nan,nan,nan
3862.094,1.546116e-05,0.0,nan,nan,nan
3862.186,1.545821e-05,0.0,nan,nan,nan
3862.27,1.545274e-05,0.0,nan,nan,nan
3862.353,1.545803e-05,0.0,nan,nan,nan
3862.437,1.546043e-05,0.0,nan,nan,nan
3862.523,1.545785e-05,0.0,nan,nan,nan
3862.606,1.545787e-05,0.0,nan,nan,nan
3862.69,1.545875e-05,0.0,nan,nan,nan
3862.79,1.545827e-05,0.0,nan,nan,nan
3862.881,1.545883e-05,0.0,nan,nan,nan
3862.966,1.545682e-05,0.0,nan,nan,nan
3863.049,1.545798e-05,0.0,nan,nan,nan
3863.133,1.54554e-05,0.0,nan,nan,nan
3863.217,1.545859e-05,0.0,nan,nan,nan
3863.301,1.546019e-05,0.0,nan,nan,nan
3863.407,1.545743e-05,0.0,nan,nan,nan
3863.491,1.545805e-05,0.0,nan,nan,nan
3863.575,1.545901e-05,0.0,nan,nan,nan
3863.658,1.545753e-05,0.0,nan,nan,nan
3863.743,1.54571e-05,0.0,nan,nan,nan
3863.826,1.545518e-05,0.0,nan,nan,nan
3863.91,1.545989e-05,0.0,nan,nan,nan
3863.996,1.545976e-05,0.0,nan,nan,nan
3864.079,1.545547e-05,0.0,nan,nan,nan
3864.163,1.545624e-05,0.0,nan,nan,nan
3864.248,1.545811e-05,0.0,nan,nan,nan
3864.332,1.545643e-05,0.0,nan,nan,nan
3864.442,1.54548e-05,0.0,nan,nan,nan
3864.526,1.54558e-05,0.0,nan,nan,nan
3864.632,1.545598e-05,0.0,nan,nan,nan
3864.715,1.54541e-05,0.0,nan,nan,nan
3864.799,1.54561e-05,0.0,nan,nan,nan
3864.931,1.545427e-05,0.0,nan,nan,nan
3865.032,1.545546e-05,0.0,nan,nan,nan
3865.115,1.545196e-05,0.0,nan,nan,nan
3865.199,1.545391e-05,0.0,nan,nan,nan
3865.282,1.545574e-05,0.0,nan,nan,nan
3865.37,1.545787e-05,0.0,nan,nan,nan
3865.458,1.545314e-05,0.0,nan,nan,nan
3865.541,1.545569e-05,0.0,nan,nan,nan
3865.625,1.545197e-05,0.0,nan,nan,nan
3865.709,1.545791e-05,0.0,nan,nan,nan
3865.792,1.545577e-05,0.0,nan,nan,nan
3865.876,1.54528e-05,0.0,nan,nan,nan
3865.96,1.545885e-05,0.0,nan,nan,nan
3866.063,1.54531e-05,0.0,nan,nan,nan
3866.147,1.545376e-05,0.0,nan,nan,nan
3866.23,1.545165e-05,0.0,nan,nan,nan
3866.314,1.545698e-05,0.0,nan,nan,nan
3866.398,1.545382e-05,0.0,nan,nan,nan
3866.483,1.545266e-05,0.0,nan,nan,nan
3866.567,1.545238e-05,0.0,nan,nan,nan
3866.651,1.545466e-05,0.0,nan,nan,nan
3866.734,1.545403e-05,0.0,nan,nan,nan
3866.818,1.54568e-05,0.0,nan,nan,nan
3866.902,1.545358e-05,0.0,nan,nan,nan
3867.024,1.545429e-05,0.0,nan,nan,nan
3867.118,1.545362e-05,0.0,nan,nan,nan
3867.201,1.545326e-05,0.0,nan,nan,nan
3867.285,1.545719e-05,0.0,nan,nan,nan
3867.369,1.545277e-05,0.0,nan,nan,nan
3867.453,1.545251e-05,0.0,nan,nan,nan
3867.536,1.545215e-05,0.0,nan,nan,nan
3867.62,1.545349e-05,0.0,nan,nan,nan
3867.703,1.545336e-05,0.0,nan,nan,nan
3867.787,1.545424e-05,0.0,nan,nan,nan
3867.882,1.545422e-05,0.0,nan,nan,nan
3867.966,1.545184e-05,0.0,nan,nan,nan
3868.049,1.545313e-05,0.0,nan,nan,nan
3868.133,1.545213e-05,0.0,nan,nan,nan
3868.217,1.545831e-05,0.0,nan,nan,nan
3868.301,1.54529e-05,0.0,nan,nan,nan
3868.384,1.545656e-05,0.0,nan,nan,nan
3868.491,1.545403e-05,0.0,nan,nan,nan
3868.575,1.545472e-05,0.0,nan,nan,nan
3868.661,1.545539e-05,0.0,nan,nan,nan
3868.745,1.545175e-05,0.0,nan,nan,nan
3868.828,1.544902e-05,0.0,nan,nan,nan
3868.912,1.545433e-05,0.0,nan,nan,nan
3868.996,1.545504e-05,0.0,nan,nan,nan
3869.09,1.545437e-05,0.0,nan,nan,nan
3869.174,1.545694e-05,0.0,nan,nan,nan
3869.258,1.545369e-05,0.0,nan,nan,nan
3869.341,1.545292e-05,0.0,nan,nan,nan
3869.425,1.545174e-05,0.0,nan,nan,nan
3869.517,1.545342e-05,0.0,nan,nan,nan
3869.601,1.545712e-05,0.0,nan,nan,nan
3869.685,1.545653e-05,0.0,nan,nan,nan
3869.769,1.54522e-05,0.0,nan,nan,nan
3869.852,1.545322e-05,0.0,nan,nan,nan
3869.936,1.545768e-05,0.0,nan,nan,nan
3870.02,1.545885e-05,0.0,nan,nan,nan
3870.118,1.545599e-05,0.0,nan,nan,nan
3870.202,1.545484e-05,0.0,nan,nan,nan
3870.287,1.54527e-05,0.0,nan,nan,nan
3870.371,1.5457e-05,0.0,nan,nan,nan
3870.454,1.545601e-05,0.0,nan,nan,nan
3870.551,1.545979e-05,0.0,nan,nan,nan
3870.634,1.545479e-05,0.0,nan,nan,nan
3870.718,1.545483e-05,0.0,nan,nan,nan
3870.801,1.545722e-05,0.0,nan,nan,nan
3870.885,1.545535e-05,0.0,nan,nan,nan
3870.977,1.545646e-05,0.0,nan,nan,nan
3871.06,1.545539e-05,0.0,nan,nan,nan
3871.156,1.54551e-05,0.0,nan,nan,nan
3871.242,1.545548e-05,0.0,nan,nan,nan
3871.326,1.545713e-05,0.0,nan,nan,nan
3871.41,1.5457e-05,0.0,nan,nan,nan
3871.494,1.545405e-05,0.0,nan,nan,nan
3871.584,1.54553e-05,0.0,nan,nan,nan
3871.668,1.545701e-05,0.0,nan,nan,nan
3871.765,1.545841e-05,0.0,nan,nan,nan
3871.848,1.545457e-05,0.0,nan,nan,nan
3871.932,1.545853e-05,0.0,nan,nan,nan
3872.015,1.54586e-05,0.0,nan,nan,nan
3872.102,1.545727e-05,0.0,nan,nan,nan
3872.206,1.545939e-05,0.0,nan,nan,nan
3872.29,1.545629e-05,0.0,nan,nan,nan
3872.384,1.545816e-05,0.0,nan,nan,nan
3872.468,1.545402e-05,0.0,nan,nan,nan
3872.552,1.545209e-05,0.0,nan,nan,nan
3872.635,1.545499e-05,0.0,nan,nan,nan
3872.719,1.546223e-05,0.0,nan,nan,nan
3872.838,1.545765e-05,0.0,nan,nan,nan
3872.922,1.545841e-05,0.0,nan,nan,nan
3873.006,1.545343e-05,0.0,nan,nan,nan
3873.096,1.545788e-05,0.0,nan,nan,nan
3873.181,1.54543e-05,0.0,nan,nan,nan
3873.298,1.545842e-05,0.0,nan,nan,nan
3873.415,1.545626e-05,0.0,nan,nan,nan
3873.498,1.545775e-05,0.0,nan,nan,nan
3873.582,1.545717e-05,0.0,nan,nan,nan
3873.666,1.545522e-05,0.0,nan,nan,nan
3873.752,1.545161e-05,0.0,nan,nan,nan
3873.836,1.545451e-05,0.0,nan,nan,nan
3873.92,1.545868e-05,0.0,nan,nan,nan
3874.014,1.545509e-05,0.0,nan,nan,nan
3874.098,1.545502e-05,0.0,nan,nan,nan
3874.182,1.545554e-05,0.0,nan,nan,nan
3874.266,1.545747e-05,0.0,nan,nan,nan
3874.349,1.545613e-05,0.0,nan,nan,nan
3874.433,1.545264e-05,0.0,nan,nan,nan
3874.516,1.545518e-05,0.0,nan,nan,nan
3874.605,1.545246e-05,0.0,nan,nan,nan
3874.694,1.54531e-05,0.0,nan,nan,nan
3874.778,1.545733e-05,0.0,nan,nan,nan
3874.862,1.545842e-05,0.0,nan,nan,nan
3874.946,1.545989e-05,0.0,nan,nan,nan
3875.051,1.545935e-05,0.0,nan,nan,nan
3875.135,1.545463e-05,0.0,nan,nan,nan
3875.231,1.54593e-05,0.0,nan,nan,nan
3875.364,1.545834e-05,0.0,nan,nan,nan
3875.466,1.54568e-05,0.0,nan,nan,nan
3875.549,1.545531e-05,0.0,nan,nan,nan
3875.633,1.545667e-05,0.0,nan,nan,nan
3875.716,1.545522e-05,0.0,nan,nan,nan
3875.8,1.545581e-05,0.0,nan,nan,nan
3875.883,1.545461e-05,0.0,nan,nan,nan
3875.967,1.545718e-05,0.0,nan,nan,nan
3876.053,1.545378e-05,0.0,nan,nan,nan
3876.136,1.54558e-05,0.0,nan,nan,nan
3876.241,1.545348e-05,0.0,nan,nan,nan
3876.325,1.545683e-05,0.0,nan,nan,nan
3876.409,1.545266e-05,0.0,nan,nan,nan
3876.493,1.545748e-05,0.0,nan,nan,nan
3876.576,1.545417e-05,0.0,nan,nan,nan
3876.663,1.545597e-05,0.0,nan,nan,nan
3876.747,1.545516e-05,0.0,nan,nan,nan
3876.849,1.545708e-05,0.0,nan,nan,nan
3876.932,1.545852e-05,0.0,nan,nan,nan
3877.017,1.545495e-05,0.0,nan,nan,nan
3877.101,1.545627e-05,0.0,nan,nan,nan
3877.186,1.545348e-05,0.0,nan,nan,nan
3877.275,1.545648e-05,0.0,nan,nan,nan
3877.359,1.545288e-05,0.0,nan,nan,nan
3877.448,1.545536e-05,0.0,nan,nan,nan
3877.54,1.545312e-05,0.0,nan,nan,nan
3877.625,1.54577e-05,0.0,nan,nan,nan
3877.708,1.545318e-05,0.0,nan,nan,nan
3877.792,1.545234e-05,0.0,nan,nan,nan
3877.88,1.545532e-05,0.0,nan,nan,nan
3877.964,1.546049e-05,0.0,nan,nan,nan
3878.047,1.545792e-05,0.0,nan,nan,nan
3878.131,1.545572e-05,0.0,nan,nan,nan
3878.215,1.546022e-05,0.0,nan,nan,nan
3878.299,1.545602e-05,0.0,nan,nan,nan
3878.383,1.545543e-05,0.0,nan,nan,nan
3878.466,1.545368e-05,0.0,nan,nan,nan
3878.55,1.545731e-05,0.0,nan,nan,nan
3878.633,1.545467e-05,0.0,nan,nan,nan
3878.719,1.545346e-05,0.0,nan,nan,nan
3878.802,1.54534e-05,0.0,nan,nan,nan
3878.903,1.545516e-05,0.0,nan,nan,nan
3878.987,1.54563e-05,0.0,nan,nan,nan
3879.083,1.545222e-05,0.0,nan,nan,nan
3879.167,1.545344e-05,0.0,nan,nan,nan
3879.25,1.545105e-05,0.0,nan,nan,nan
3879.334,1.545154e-05,0.0,nan,nan,nan
3879.422,1.545564e-05,0.0,nan,nan,nan
3879.523,1.545593e-05,0.0,nan,nan,nan
3879.607,1.54545e-05,0.0,nan,nan,nan
3879.701,1.545139e-05,0.0,nan,nan,nan
3879.785,1.545409e-05,0.0,nan,nan,nan
3879.87,1.54537e-05,0.0,nan,nan,nan
3879.954,1.545244e-05,0.0,nan,nan,nan
3880.038,1.545213e-05,0.0,nan,nan,nan
3880.121,1.545263e-05,0.0,nan,nan,nan
3880.205,1.54562e-05,0.0,nan,nan,nan
3880.294,1.545352e-05,0.0,nan,nan,nan
3880.378,1.545629e-05,0.0,nan,nan,nan
3880.461,1.54578e-05,0.0,nan,nan,nan
3880.545,1.545838e-05,0.0,nan,nan,nan
3880.629,1.545884e-05,0.0,nan,nan,nan
3880.717,1.545846e-05,0.0,nan,nan,nan
3880.8,1.545337e-05,0.0,nan,nan,nan
3880.884,1.545489e-05,0.0,nan,nan,nan
3880.968,1.54544e-05,0.0,nan,nan,nan
3881.055,1.54541e-05,0.0,nan,nan,nan
3881.139,1.545771e-05,0.0,nan,nan,nan
3881.223,1.54535e-05,0.0,nan,nan,nan
3881.307,1.545422e-05,0.0,nan,nan,nan
3881.391,1.545629e-05,0.0,nan,nan,nan
3881.474,1.545778e-05,0.0,nan,nan,nan
3881.584,1.545405e-05,0.0,nan,nan,nan
3881.671,1.545815e-05,0.0,nan,nan,nan
3881.755,1.54575e-05,0.0,nan,nan,nan
3881.838,1.545603e-05,0.0,nan,nan,nan
3881.923,1.545321e-05,0.0,nan,nan,nan
3882.007,1.54578e-05,0.0,nan,nan,nan
3882.091,1.545888e-05,0.0,nan,nan,nan
3882.174,1.545699e-05,0.0,nan,nan,nan
3882.258,1.54553e-05,0.0,nan,nan,nan
3882.347,1.545656e-05,0.0,nan,nan,nan
3882.431,1.545529e-05,0.0,nan,nan,nan
3882.515,1.545845e-05,0.0,nan,nan,nan
3882.599,1.545608e-05,0.0,nan,nan,nan
3882.682,1.54585e-05,0.0,nan,nan,nan
3882.767,1.545602e-05,0.0,nan,nan,nan
3882.851,1.545451e-05,0.0,nan,nan,nan
3882.936,1.545465e-05,0.0,nan,nan,nan
3883.02,1.54544e-05,0.0,nan,nan,nan
3883.103,1.545649e-05,0.0,nan,nan,nan
3883.187,1.545425e-05,0.0,nan,nan,nan
3883.271,1.545373e-05,0.0,nan,nan,nan
3883.373,1.545993e-05,0.0,nan,nan,nan
3883.457,1.545929e-05,0.0,nan,nan,nan
3883.541,1.545654e-05,0.0,nan,nan,nan
3883.648,1.545502e-05,0.0,nan,nan,nan
3883.734,1.545399e-05,0.0,nan,nan,nan
3883.818,1.545699e-05,0.0,nan,nan,nan
3883.901,1.545513e-05,0.0,nan,nan,nan
3883.985,1.545871e-05,0.0,nan,nan,nan
3884.069,1.545391e-05,0.0,nan,nan,nan
3884.152,1.545354e-05,0.0,nan,nan,nan
3884.236,1.545117e-05,0.0,nan,nan,nan
3884.32,1.545623e-05,0.0,nan,nan,nan
3884.406,1.546084e-05,0.0,nan,nan,nan
3884.49,1.545529e-05,0.0,nan,nan,nan
3884.575,1.545687e-05,0.0,nan,nan,nan
3884.659,1.545282e-05,0.0,nan,nan,nan
3884.743,1.545572e-05,0.0,nan,nan,nan
3884.826,1.545635e-05,0.0,nan,nan,nan
3884.91,1.545377e-05,0.0,nan,nan,nan
3884.994,1.54588e-05,0.0,nan,nan,nan
3885.078,1.545424e-05,0.0,nan,nan,nan
3885.164,1.545717e-05,0.0,nan,nan,nan
3885.247,1.545745e-05,0.0,nan,nan,nan
3885.331,1.545395e-05,0.0,nan,nan,nan
3885.42,1.545507e-05,0.0,nan,nan,nan
3885.503,1.545891e-05,0.0,nan,nan,nan
3885.587,1.545807e-05,0.0,nan,nan,nan
3885.689,1.545519e-05,0.0,nan,nan,nan
3885.773,1.545641e-05,0.0,nan,nan,nan
3885.856,1.5457e-05,0.0,nan,nan,nan
3885.94,1.545707e-05,0.0,nan,nan,nan
3886.034,1.546049e-05,0.0,nan,nan,nan
3886.117,1.54584e-05,0.0,nan,nan,nan
3886.202,1.545932e-05,0.0,nan,nan,nan
3886.286,1.546035e-05,0.0,nan,nan,nan
3886.369,1.546206e-05,0.0,nan,nan,nan
3886.454,1.545913e-05,0.0,nan,nan,nan
3886.538,1.545723e-05,0.0,nan,nan,nan
3886.64,1.545721e-05,0.0,nan,nan,nan
3886.724,1.545647e-05,0.0,nan,nan,nan
3886.808,1.54578e-05,0.0,nan,nan,nan
3886.891,1.545477e-05,0.0,nan,nan,nan
3886.976,1.545244e-05,0.0,nan,nan,nan
3887.059,1.545876e-05,0.0,nan,nan,nan
3887.143,1.545946e-05,0.0,nan,nan,nan
3887.227,1.545354e-05,0.0,nan,nan,nan
3887.31,1.5457e-05,0.0,nan,nan,nan
3887.394,1.545805e-05,0.0,nan,nan,nan
3887.478,1.545649e-05,0.0,nan,nan,nan
3887.562,1.545631e-05,0.0,nan,nan,nan
3887.65,1.545972e-05,0.0,nan,nan,nan
3887.774,1.545563e-05,0.0,nan,nan,nan
3887.864,1.545264e-05,0.0,nan,nan,nan
3887.948,1.545509e-05,0.0,nan,nan,nan
3888.049,1.546039e-05,0.0,nan,nan,nan
3888.133,1.545705e-05,0.0,nan,nan,nan
3888.217,1.545496e-05,0.0,nan,nan,nan
3888.301,1.545857e-05,0.0,nan,nan,nan
3888.384,1.545571e-05,0.0,nan,nan,nan
3888.477,1.545664e-05,0.0,nan,nan,nan
3888.561,1.545808e-05,0.0,nan,nan,nan
3888.644,1.545517e-05,0.0,nan,nan,nan
3888.728,1.545688e-05,0.0,nan,nan,nan
3888.811,1.545231e-05,0.0,nan,nan,nan
3888.895,1.545707e-05,0.0,nan,nan,nan
3888.979,1.545515e-05,0.0,nan,nan,nan
3889.062,1.545682e-05,0.0,nan,nan,nan
3889.146,1.545751e-05,0.0,nan,nan,nan
3889.23,1.546018e-05,0.0,nan,nan,nan
3889.313,1.545913e-05,0.0,nan,nan,nan
3889.397,1.545722e-05,0.0,nan,nan,nan
3889.497,1.545519e-05,0.0,nan,nan,nan
3889.581,1.545603e-05,0.0,nan,nan,nan
3889.666,1.545778e-05,0.0,nan,nan,nan
3889.749,1.545742e-05,0.0,nan,nan,nan
3889.84,1.545321e-05,0.0,nan,nan,nan
3889.933,1.545545e-05,0.0,nan,nan,nan
3890.021,1.545754e-05,0.0,nan,nan,nan
3890.106,1.545847e-05,0.0,nan,nan,nan
3890.19,1.545737e-05,0.0,nan,nan,nan
3890.274,1.545854e-05,0.0,nan,nan,nan
3890.358,1.545278e-05,0.0,nan,nan,nan
3890.442,1.545576e-05,0.0,nan,nan,nan
3890.529,1.545804e-05,0.0,nan,nan,nan
3890.612,1.545567e-05,0.0,nan,nan,nan
3890.698,1.545492e-05,0.0,nan,nan,nan
3890.781,1.545905e-05,0.0,nan,nan,nan
3890.865,1.545676e-05,0.0,nan,nan,nan
3890.948,1.546273e-05,0.0,nan,nan,nan
3891.032,1.545447e-05,0.0,nan,nan,nan
3891.138,1.545467e-05,0.0,nan,nan,nan
3891.222,1.545576e-05,0.0,nan,nan,nan
3891.306,1.545385e-05,0.0,nan,nan,nan
3891.39,1.545311e-05,0.0,nan,nan,nan
3891.474,1.545766e-05,0.0,nan,nan,nan
3891.557,1.545608e-05,0.0,nan,nan,nan
3891.641,1.545975e-05,0.0,nan,nan,nan
3891.746,1.546426e-05,0.0,nan,nan,nan
3891.829,1.545583e-05,0.0,nan,nan,nan
3891.913,1.54548e-05,0.0,nan,nan,nan
3891.996,1.546083e-05,0.0,nan,nan,nan
3892.081,1.545971e-05,0.0,nan,nan,nan
3892.165,1.546053e-05,0.0,nan,nan,nan
3892.249,1.546308e-05,0.0,nan,nan,nan
3892.352,1.54602e-05,0.0,nan,nan,nan
3892.436,1.545741e-05,0.0,nan,nan,nan
3892.519,1.545772e-05,0.0,nan,nan,nan
3892.603,1.545809e-05,0.0,nan,nan,nan
3892.687,1.546171e-05,0.0,nan,nan,nan
3892.775,1.546103e-05,0.0,nan,nan,nan
3892.858,1.546266e-05,0.0,nan,nan,nan
3892.943,1.546181e-05,0.0,nan,nan,nan
3893.027,1.545918e-05,0.0,nan,nan,nan
3893.111,1.546272e-05,0.0,nan,nan,nan
3893.195,1.546124e-05,0.0,nan,nan,nan
3893.279,1.54651e-05,0.0,nan,nan,nan
3893.387,1.545927e-05,0.0,nan,nan,nan
3893.471,1.545912e-05,0.0,nan,nan,nan
3893.581,1.545969e-05,0.0,nan,nan,nan
3893.665,1.545361e-05,0.0,nan,nan,nan
3893.748,1.546068e-05,0.0,nan,nan,nan
3893.832,1.545824e-05,0.0,nan,nan,nan
3893.931,1.545831e-05,0.0,nan,nan,nan
3894.018,1.545483e-05,0.0,nan,nan,nan
3894.101,1.545764e-05,0.0,nan,nan,nan
3894.199,1.545755e-05,0.0,nan,nan,nan
3894.282,1.546252e-05,0.0,nan,nan,nan
3894.367,1.54574e-05,0.0,nan,nan,nan
3894.451,1.545833e-05,0.0,nan,nan,nan
3894.534,1.546221e-05,0.0,nan,nan,nan
3894.629,1.545904e-05,0.0,nan,nan,nan
3894.713,1.546089e-05,0.0,nan,nan,nan
3894.796,1.54619e-05,0.0,nan,nan,nan
3894.88,1.545879e-05,0.0,nan,nan,nan
3894.964,1.545675e-05,0.0,nan,nan,nan
3895.048,1.546158e-05,0.0,nan,nan,nan
3895.132,1.545998e-05,0.0,nan,nan,nan
3895.227,1.545973e-05,0.0,nan,nan,nan
3895.311,1.545588e-05,0.0,nan,nan,nan
3895.418,1.545882e-05,0.0,nan,nan,nan
3895.502,1.545887e-05,0.0,nan,nan,nan
3895.585,1.546332e-05,0.0,nan,nan,nan
3895.669,1.545998e-05,0.0,nan,nan,nan
3895.753,1.545649e-05,0.0,nan,nan,nan
3895.846,1.545729e-05,0.0,nan,nan,nan
3895.93,1.545857e-05,0.0,nan,nan,nan
3896.037,1.545537e-05,0.0,nan,nan,nan
3896.121,1.545948e-05,0.0,nan,nan,nan
3896.205,1.545489e-05,0.0,nan,nan,nan
3896.289,1.545376e-05,0.0,nan,nan,nan
3896.373,1.545309e-05,0.0,nan,nan,nan
3896.456,1.545504e-05,0.0,nan,nan,nan
3896.54,1.545444e-05,0.0,nan,nan,nan
3896.638,1.545463e-05,0.0,nan,nan,nan
3896.722,1.545479e-05,0.0,nan,nan,nan
3896.807,1.545713e-05,0.0,nan,nan,nan
3896.89,1.545373e-05,0.0,nan,nan,nan
3896.974,1.545289e-05,0.0,nan,nan,nan
3897.057,1.545428e-05,0.0,nan,nan,nan
3897.141,1.545569e-05,0.0,nan,nan,nan
3897.248,1.545572e-05,0.0,nan,nan,nan
3897.331,1.545292e-05,0.0,nan,nan,nan
3897.415,1.545415e-05,0.0,nan,nan,nan
3897.499,1.545607e-05,0.0,nan,nan,nan
3897.584,1.545601e-05,0.0,nan,nan,nan
3897.68,1.546008e-05,0.0,nan,nan,nan
3897.764,1.545993e-05,0.0,nan,nan,nan
3897.85,1.546126e-05,0.0,nan,nan,nan
3897.934,1.545653e-05,0.0,nan,nan,nan
3898.017,1.54573e-05,0.0,nan,nan,nan
3898.112,1.545517e-05,0.0,nan,nan,nan
3898.195,1.545474e-05,0.0,nan,nan,nan
3898.286,1.545991e-05,0.0,nan,nan,nan
3898.37,1.545357e-05,0.0,nan,nan,nan
3898.457,1.545558e-05,0.0,nan,nan,nan
3898.541,1.545449e-05,0.0,nan,nan,nan
3898.625,1.545078e-05,0.0,nan,nan,nan
3898.708,1.545653e-05,0.0,nan,nan,nan
3898.791,1.545583e-05,0.0,nan,nan,nan
3898.883,1.545589e-05,0.0,nan,nan,nan
3898.967,1.545743e-05,0.0,nan,nan,nan
3899.071,1.545551e-05,0.0,nan,nan,nan
3899.155,1.545997e-05,0.0,nan,nan,nan
3899.239,1.546077e-05,0.0,nan,nan,nan
3899.322,1.545921e-05,0.0,nan,nan,nan
3899.406,1.546071e-05,0.0,nan,nan,nan
3899.489,1.546165e-05,0.0,nan,nan,nan
3899.573,1.545873e-05,0.0,nan,nan,nan
3899.657,1.54574e-05,0.0,nan,nan,nan
3899.74,1.545873e-05,0.0,nan,nan,nan
3899.824,1.545978e-05,0.0,nan,nan,nan
3899.921,1.545861e-05,0.0,nan,nan,nan
3900.005,1.545706e-05,0.0,nan,nan,nan
3900.097,1.546234e-05,0.0,nan,nan,nan
3900.181,1.546156e-05,0.0,nan,nan,nan
3900.264,1.546034e-05,0.0,nan,nan,nan
3900.348,1.545893e-05,0.0,nan,nan,nan
3900.432,1.545911e-05,0.0,nan,nan,nan
3900.523,1.545814e-05,0.0,nan,nan,nan
3900.606,1.545829e-05,0.0,nan,nan,nan
3900.691,1.546123e-05,0.0,nan,nan,nan
3900.775,1.545749e-05,0.0,nan,nan,nan
3900.859,1.546036e-05,0.0,nan,nan,nan
3900.944,1.546278e-05,0.0,nan,nan,nan
3901.028,1.545905e-05,0.0,nan,nan,nan
3901.134,1.546056e-05,0.0,nan,nan,nan
3901.217,1.545909e-05,0.0,nan,nan,nan
3901.301,1.546182e-05,0.0,nan,nan,nan
3901.385,1.545741e-05,0.0,nan,nan,nan
3901.468,1.546157e-05,0.0,nan,nan,nan
3901.552,1.54577e-05,0.0,nan,nan,nan
3901.636,1.545813e-05,0.0,nan,nan,nan
3901.719,1.546058e-05,0.0,nan,nan,nan
3901.803,1.545494e-05,0.0,nan,nan,nan
3901.887,1.545898e-05,0.0,nan,nan,nan
3901.971,1.546068e-05,0.0,nan,nan,nan
3902.055,1.545708e-05,0.0,nan,nan,nan
3902.148,1.545813e-05,0.0,nan,nan,nan
3902.246,1.545534e-05,0.0,nan,nan,nan
3902.332,1.545794e-05,0.0,nan,nan,nan
3902.415,1.545656e-05,0.0,nan,nan,nan
3902.499,1.545447e-05,0.0,nan,nan,nan
3902.583,1.545452e-05,0.0,nan,nan,nan
3902.667,1.545693e-05,0.0,nan,nan,nan
3902.766,1.546079e-05,0.0,nan,nan,nan
3902.849,1.546473e-05,0.0,nan,nan,nan
3902.932,1.545898e-05,0.0,nan,nan,nan
3903.016,1.545937e-05,0.0,nan,nan,nan
3903.103,1.54562e-05,0.0,nan,nan,nan
3903.187,1.545548e-05,0.0,nan,nan,nan
3903.271,1.545693e-05,0.0,nan,nan,nan
3903.354,1.545933e-05,0.0,nan,nan,nan
3903.438,1.545582e-05,0.0,nan,nan,nan
3903.521,1.545965e-05,0.0,nan,nan,nan
3903.605,1.545878e-05,0.0,nan,nan,nan
3903.689,1.545816e-05,0.0,nan,nan,nan
3903.793,1.545854e-05,0.0,nan,nan,nan
3903.876,1.545724e-05,0.0,nan,nan,nan
3903.96,1.545918e-05,0.0,nan,nan,nan
3904.043,1.545738e-05,0.0,nan,nan,nan
3904.127,1.545813e-05,0.0,nan,nan,nan
3904.212,1.545966e-05,0.0,nan,nan,nan
3904.315,1.54564e-05,0.0,nan,nan,nan
3904.415,1.545336e-05,0.0,nan,nan,nan
3904.498,1.545969e-05,0.0,nan,nan,nan
3904.584,1.545527e-05,0.0,nan,nan,nan
3904.667,1.545805e-05,0.0,nan,nan,nan
3904.751,1.545748e-05,0.0,nan,nan,nan
3904.835,1.545828e-05,0.0,nan,nan,nan
3904.918,1.545605e-05,0.0,nan,nan,nan
3905.023,1.545734e-05,0.0,nan,nan,nan
3905.106,1.545359e-05,0.0,nan,nan,nan
3905.189,1.545491e-05,0.0,nan,nan,nan
3905.273,1.545389e-05,0.0,nan,nan,nan
3905.357,1.546026e-05,0.0,nan,nan,nan
3905.458,1.545794e-05,0.0,nan,nan,nan
3905.541,1.54538e-05,0.0,nan,nan,nan
3905.635,1.545448e-05,0.0,nan,nan,nan
3905.719,1.545789e-05,0.0,nan,nan,nan
3905.803,1.545517e-05,0.0,nan,nan,nan
3905.886,1.545221e-05,0.0,nan,nan,nan
3905.97,1.545439e-05,0.0,nan,nan,nan
3906.053,1.545502e-05,0.0,nan,nan,nan
3906.138,1.545819e-05,0.0,nan,nan,nan
3906.222,1.545613e-05,0.0,nan,nan,nan
3906.306,1.545778e-05,0.0,nan,nan,nan
3906.399,1.545694e-05,0.0,nan,nan,nan
3906.482,1.545561e-05,0.0,nan,nan,nan
3906.567,1.545601e-05,0.0,nan,nan,nan
3906.651,1.545948e-05,0.0,nan,nan,nan
3906.735,1.545476e-05,0.0,nan,nan,nan
3906.82,1.545874e-05,0.0,nan,nan,nan
3906.909,1.545244e-05,0.0,nan,nan,nan
3906.992,1.545854e-05,0.0,nan,nan,nan
3907.094,1.545319e-05,0.0,nan,nan,nan
3907.177,1.545636e-05,0.0,nan,nan,nan
3907.277,1.545551e-05,0.0,nan,nan,nan
3907.361,1.54576e-05,0.0,nan,nan,nan
3907.445,1.545918e-05,0.0,nan,nan,nan
3907.528,1.545856e-05,0.0,nan,nan,nan
3907.612,1.545837e-05,0.0,nan,nan,nan
3907.696,1.545998e-05,0.0,nan,nan,nan
3907.78,1.545597e-05,0.0,nan,nan,nan
3907.883,1.545222e-05,0.0,nan,nan,nan
3907.967,1.545611e-05,0.0,nan,nan,nan
3908.051,1.545657e-05,0.0,nan,nan,nan
3908.134,1.54577e-05,0.0,nan,nan,nan
3908.218,1.545293e-05,0.0,nan,nan,nan
3908.305,1.545534e-05,0.0,nan,nan,nan
3908.388,1.545693e-05,0.0,nan,nan,nan
3908.472,1.545909e-05,0.0,nan,nan,nan
3908.568,1.545969e-05,0.0,nan,nan,nan
3908.652,1.545802e-05,0.0,nan,nan,nan
3908.736,1.545946e-05,0.0,nan,nan,nan
3908.82,1.545374e-05,0.0,nan,nan,nan
3908.911,1.545745e-05,0.0,nan,nan,nan
3908.995,1.545827e-05,0.0,nan,nan,nan
3909.082,1.545503e-05,0.0,nan,nan,nan
3909.166,1.545026e-05,0.0,nan,nan,nan
3909.249,1.54543e-05,0.0,nan,nan,nan
3909.333,1.545296e-05,0.0,nan,nan,nan
3909.417,1.545415e-05,0.0,nan,nan,nan
3909.507,1.545493e-05,0.0,nan,nan,nan
3909.591,1.545341e-05,0.0,nan,nan,nan
3909.676,1.545998e-05,0.0,nan,nan,nan
3909.76,1.545582e-05,0.0,nan,nan,nan
3909.843,1.545763e-05,0.0,nan,nan,nan
3909.928,1.545778e-05,0.0,nan,nan,nan
3910.012,1.545667e-05,0.0,nan,nan,nan
3910.095,1.545422e-05,0.0,nan,nan,nan
3910.179,1.545113e-05,0.0,nan,nan,nan
3910.263,1.545311e-05,0.0,nan,nan,nan
3910.347,1.545543e-05,0.0,nan,nan,nan
3910.431,1.545781e-05,0.0,nan,nan,nan
3910.514,1.545879e-05,0.0,nan,nan,nan
3910.598,1.546182e-05,0.0,nan,nan,nan
3910.682,1.545859e-05,0.0,nan,nan,nan
3910.765,1.545607e-05,0.0,nan,nan,nan
3910.849,1.545723e-05,0.0,nan,nan,nan
3910.95,1.545544e-05,0.0,nan,nan,nan
3911.033,1.545603e-05,0.0,nan,nan,nan
3911.117,1.54494e-05,0.0,nan,nan,nan
3911.201,1.545114e-05,0.0,nan,nan,nan
3911.284,1.545122e-05,0.0,nan,nan,nan
3911.368,1.545271e-05,0.0,nan,nan,nan
3911.451,1.545383e-05,0.0,nan,nan,nan
3911.546,1.54556e-05,0.0,nan,nan,nan
3911.63,1.545385e-05,0.0,nan,nan,nan
3911.713,1.545302e-05,0.0,nan,nan,nan
3911.797,1.545613e-05,0.0,nan,nan,nan
3911.88,1.545456e-05,0.0,nan,nan,nan
3911.964,1.545438e-05,0.0,nan,nan,nan
3912.048,1.545468e-05,0.0,nan,nan,nan
3912.132,1.54564e-05,0.0,nan,nan,nan
3912.216,1.545402e-05,0.0,nan,nan,nan
3912.299,1.545786e-05,0.0,nan,nan,nan
3912.389,1.545209e-05,0.0,nan,nan,nan
3912.473,1.545748e-05,0.0,nan,nan,nan
3912.557,1.545625e-05,0.0,nan,nan,nan
3912.67,1.545497e-05,0.0,nan,nan,nan
3912.753,1.545886e-05,0.0,nan,nan,nan
3912.837,1.545643e-05,0.0,nan,nan,nan
3912.921,1.54582e-05,0.0,nan,nan,nan
3913.008,1.545476e-05,0.0,nan,nan,nan
3913.091,1.545614e-05,0.0,nan,nan,nan
3913.175,1.545411e-05,0.0,nan,nan,nan
3913.259,1.545745e-05,0.0,nan,nan,nan
3913.342,1.545876e-05,0.0,nan,nan,nan
3913.426,1.5453e-05,0.0,nan,nan,nan
3913.51,1.545404e-05,0.0,nan,nan,nan
3913.594,1.545652e-05,0.0,nan,nan,nan
3913.678,1.545698e-05,0.0,nan,nan,nan
3913.763,1.545654e-05,0.0,nan,nan,nan
3913.847,1.545624e-05,0.0,nan,nan,nan
3913.931,1.545617e-05,0.0,nan,nan,nan
3914.022,1.546212e-05,0.0,nan,nan,nan
3914.106,1.54577e-05,0.0,nan,nan,nan
3914.19,1.545852e-05,0.0,nan,nan,nan
3914.274,1.545911e-05,0.0,nan,nan,nan
3914.357,1.545454e-05,0.0,nan,nan,nan
3914.443,1.545544e-05,0.0,nan,nan,nan
3914.527,1.545813e-05,0.0,nan,nan,nan
3914.635,1.545818e-05,0.0,nan,nan,nan
3914.722,1.545291e-05,0.0,nan,nan,nan
3914.823,1.545046e-05,0.0,nan,nan,nan
3914.906,1.545379e-05,0.0,nan,nan,nan
3914.99,1.545258e-05,0.0,nan,nan,nan
3915.074,1.545324e-05,0.0,nan,nan,nan
3915.157,1.544944e-05,0.0,nan,nan,nan
3915.241,1.545253e-05,0.0,nan,nan,nan
3915.325,1.545342e-05,0.0,nan,nan,nan
3915.409,1.545548e-05,0.0,nan,nan,nan
3915.492,1.545411e-05,0.0,nan,nan,nan
3915.576,1.545451e-05,0.0,nan,nan,nan
3915.665,1.545591e-05,0.0,nan,nan,nan
3915.749,1.545731e-05,0.0,nan,nan,nan
3915.851,1.545735e-05,0.0,nan,nan,nan
3915.935,1.545663e-05,0.0,nan,nan,nan
3916.018,1.545392e-05,0.0,nan,nan,nan
3916.102,1.545456e-05,0.0,nan,nan,nan
3916.185,1.545851e-05,0.0,nan,nan,nan
3916.274,1.545729e-05,0.0,nan,nan,nan
3916.358,1.545696e-05,0.0,nan,nan,nan
3916.442,1.545872e-05,0.0,nan,nan,nan
3916.526,1.545971e-05,0.0,nan,nan,nan
3916.61,1.545184e-05,0.0,nan,nan,nan
3916.694,1.545627e-05,0.0,nan,nan,nan
3916.778,1.545412e-05,0.0,nan,nan,nan
3916.873,1.54516e-05,0.0,nan,nan,nan
3916.957,1.545237e-05,0.0,nan,nan,nan
3917.044,1.545255e-05,0.0,nan,nan,nan
3917.128,1.545307e-05,0.0,nan,nan,nan
3917.211,1.544881e-05,0.0,nan,nan,nan
3917.303,1.54497e-05,0.0,nan,nan,nan
3917.387,1.545275e-05,0.0,nan,nan,nan
3917.471,1.54541e-05,0.0,nan,nan,nan
3917.554,1.545562e-05,0.0,nan,nan,nan
3917.638,1.545497e-05,0.0,nan,nan,nan
3917.723,1.545298e-05,0.0,nan,nan,nan
3917.807,1.545606e-05,0.0,nan,nan,nan
3917.907,1.545735e-05,0.0,nan,nan,nan
3917.991,1.545613e-05,0.0,nan,nan,nan
3918.074,1.545406e-05,0.0,nan,nan,nan
3918.158,1.54531e-05,0.0,nan,nan,nan
3918.242,1.545161e-05,0.0,nan,nan,nan
3918.325,1.545601e-05,0.0,nan,nan,nan
3918.409,1.545816e-05,0.0,nan,nan,nan
3918.515,1.546234e-05,0.0,nan,nan,nan
3918.598,1.546263e-05,0.0,nan,nan,nan
3918.684,1.545634e-05,0.0,nan,nan,nan
3918.768,1.546016e-05,0.0,nan,nan,nan
3918.862,1.546065e-05,0.0,nan,nan,nan
3918.948,1.545707e-05,0.0,nan,nan,nan
3919.032,1.545858e-05,0.0,nan,nan,nan
3919.127,1.546053e-05,0.0,nan,nan,nan
3919.211,1.545915e-05,0.0,nan,nan,nan
3919.294,1.545583e-05,0.0,nan,nan,nan
3919.378,1.545748e-05,0.0,nan,nan,nan
3919.462,1.545691e-05,0.0,nan,nan,nan
3919.546,1.545682e-05,0.0,nan,nan,nan
3919.63,1.545585e-05,0.0,nan,nan,nan
3919.723,1.545627e-05,0.0,nan,nan,nan
3919.806,1.545529e-05,0.0,nan,nan,nan
3919.893,1.545627e-05,0.0,nan,nan,nan
3919.977,1.545708e-05,0.0,nan,nan,nan
3920.064,1.545571e-05,0.0,nan,nan,nan
3920.147,1.545493e-05,0.0,nan,nan,nan
3920.231,1.545474e-05,0.0,nan,nan,nan
3920.332,1.54528e-05,0.0,nan,nan,nan
3920.416,1.545388e-05,0.0,nan,nan,nan
3920.516,1.545385e-05,0.0,nan,nan,nan
3920.599,1.545633e-05,0.0,nan,nan,nan
3920.683,1.546136e-05,0.0,nan,nan,nan
3920.778,1.545783e-05,0.0,nan,nan,nan
3920.861,1.545981e-05,0.0,nan,nan,nan
3920.945,1.545682e-05,0.0,nan,nan,nan
3921.029,1.545813e-05,0.0,nan,nan,nan
3921.113,1.545611e-05,0.0,nan,nan,nan
3921.196,1.545581e-05,0.0,nan,nan,nan
3921.281,1.545614e-05,0.0,nan,nan,nan
3921.366,1.545892e-05,0.0,nan,nan,nan
3921.45,1.546018e-05,0.0,nan,nan,nan
3921.546,1.545603e-05,0.0,nan,nan,nan
3921.63,1.546142e-05,0.0,nan,nan,nan
3921.714,1.545899e-05,0.0,nan,nan,nan
3921.797,1.545723e-05,0.0,nan,nan,nan
3921.881,1.545608e-05,0.0,nan,nan,nan
3921.969,1.545603e-05,0.0,nan,nan,nan
3922.053,1.545718e-05,0.0,nan,nan,nan
3922.138,1.545493e-05,0.0,nan,nan,nan
3922.221,1.545606e-05,0.0,nan,nan,nan
3922.305,1.545751e-05,0.0,nan,nan,nan
3922.39,1.545816e-05,0.0,nan,nan,nan
3922.474,1.545833e-05,0.0,nan,nan,nan
3922.569,1.545674e-05,0.0,nan,nan,nan
3922.652,1.545528e-05,0.0,nan,nan,nan
3922.736,1.545867e-05,0.0,nan,nan,nan
3922.819,1.546064e-05,0.0,nan,nan,nan
3922.906,1.545983e-05,0.0,nan,nan,nan
3922.998,1.545621e-05,0.0,nan,nan,nan
3923.082,1.545806e-05,0.0,nan,nan,nan
3923.176,1.546101e-05,0.0,nan,nan,nan
3923.26,1.545771e-05,0.0,nan,nan,nan
3923.344,1.54572e-05,0.0,nan,nan,nan
3923.428,1.54602e-05,0.0,nan,nan,nan
3923.511,1.545611e-05,0.0,nan,nan,nan
3923.602,1.545742e-05,0.0,nan,nan,nan
3923.686,1.54532e-05,0.0,nan,nan,nan
3923.784,1.54538e-05,0.0,nan,nan,nan
3923.868,1.545807e-05,0.0,nan,nan,nan
3923.952,1.545614e-05,0.0,nan,nan,nan
3924.036,1.545877e-05,0.0,nan,nan,nan
3924.123,1.54578e-05,0.0,nan,nan,nan
3924.207,1.54583e-05,0.0,nan,nan,nan
3924.29,1.545771e-05,0.0,nan,nan,nan
3924.374,1.545678e-05,0.0,nan,nan,nan
3924.458,1.545761e-05,0.0,nan,nan,nan
3924.542,1.54586e-05,0.0,nan,nan,nan
3924.625,1.54572e-05,0.0,nan,nan,nan
3924.709,1.545777e-05,0.0,nan,nan,nan
3924.806,1.546121e-05,0.0,nan,nan,nan
3924.89,1.545888e-05,0.0,nan,nan,nan
3924.975,1.546327e-05,0.0,nan,nan,nan
3925.073,1.545879e-05,0.0,nan,nan,nan
3925.156,1.546407e-05,0.0,nan,nan,nan
3925.262,1.54627e-05,0.0,nan,nan,nan
3925.346,1.545582e-05,0.0,nan,nan,nan
3925.433,1.545949e-05,0.0,nan,nan,nan
3925.517,1.546108e-05,0.0,nan,nan,nan
3925.6,1.546076e-05,0.0,nan,nan,nan
3925.684,1.546002e-05,0.0,nan,nan,nan
3925.768,1.546142e-05,0.0,nan,nan,nan
3925.856,1.545844e-05,0.0,nan,nan,nan
3925.94,1.545845e-05,0.0,nan,nan,nan
3926.032,1.545856e-05,0.0,nan,nan,nan
3926.116,1.545597e-05,0.0,nan,nan,nan
3926.199,1.5459e-05,0.0,nan,nan,nan
3926.283,1.545736e-05,0.0,nan,nan,nan
3926.372,1.545701e-05,0.0,nan,nan,nan
3926.456,1.54612e-05,0.0,nan,nan,nan
3926.54,1.545627e-05,0.0,nan,nan,nan
3926.623,1.545646e-05,0.0,nan,nan,nan
3926.707,1.545425e-05,0.0,nan,nan,nan
3926.79,1.545227e-05,0.0,nan,nan,nan
3926.874,1.545579e-05,0.0,nan,nan,nan
3926.957,1.545843e-05,0.0,nan,nan,nan
3927.051,1.545465e-05,0.0,nan,nan,nan
3927.141,1.545561e-05,0.0,nan,nan,nan
3927.225,1.545459e-05,0.0,nan,nan,nan
3927.308,1.54549e-05,0.0,nan,nan,nan
3927.392,1.545439e-05,0.0,nan,nan,nan
3927.481,1.545275e-05,0.0,nan,nan,nan
3927.565,1.545266e-05,0.0,nan,nan,nan
3927.667,1.545337e-05,0.0,nan,nan,nan
3927.751,1.545539e-05,0.0,nan,nan,nan
3927.834,1.545511e-05,0.0,nan,nan,nan
3927.918,1.545639e-05,0.0,nan,nan,nan
3928.002,1.545358e-05,0.0,nan,nan,nan
3928.086,1.544837e-05,0.0,nan,nan,nan
3928.169,1.545427e-05,0.0,nan,nan,nan
3928.265,1.545867e-05,0.0,nan,nan,nan
3928.348,1.545725e-05,0.0,nan,nan,nan
3928.433,1.545271e-05,0.0,nan,nan,nan
3928.517,1.54532e-05,0.0,nan,nan,nan
3928.606,1.545739e-05,0.0,nan,nan,nan
3928.693,1.545931e-05,0.0,nan,nan,nan
3928.777,1.546025e-05,0.0,nan,nan,nan
3928.875,1.545769e-05,0.0,nan,nan,nan
3928.959,1.54529e-05,0.0,nan,nan,nan
3929.047,1.545675e-05,0.0,nan,nan,nan
3929.131,1.545506e-05,0.0,nan,nan,nan
3929.216,1.545433e-05,0.0,nan,nan,nan
3929.3,1.545659e-05,0.0,nan,nan,nan
3929.384,1.545369e-05,0.0,nan,nan,nan
3929.468,1.545659e-05,0.0,nan,nan,nan
3929.551,1.545918e-05,0.0,nan,nan,nan
3929.635,1.545738e-05,0.0,nan,nan,nan
3929.72,1.545988e-05,0.0,nan,nan,nan
3929.804,1.54589e-05,0.0,nan,nan,nan
3929.888,1.545539e-05,0.0,nan,nan,nan
3929.971,1.545362e-05,0.0,nan,nan,nan
3930.055,1.54557e-05,0.0,nan,nan,nan
3930.139,1.545541e-05,0.0,nan,nan,nan
3930.223,1.545936e-05,0.0,nan,nan,nan
3930.309,1.545718e-05,0.0,nan,nan,nan
3930.393,1.545768e-05,0.0,nan,nan,nan
3930.476,1.545488e-05,0.0,nan,nan,nan
3930.56,1.545936e-05,0.0,nan,nan,nan
3930.644,1.546449e-05,0.0,nan,nan,nan
3930.739,1.546082e-05,0.0,nan,nan,nan
3930.823,1.546216e-05,0.0,nan,nan,nan
3930.908,1.545882e-05,0.0,nan,nan,nan
3930.991,1.545793e-05,0.0,nan,nan,nan
3931.075,1.545778e-05,0.0,nan,nan,nan
3931.162,1.545792e-05,0.0,nan,nan,nan
3931.263,1.545753e-05,0.0,nan,nan,nan
3931.346,1.545733e-05,0.0,nan,nan,nan
3931.43,1.545506e-05,0.0,nan,nan,nan
3931.513,1.545977e-05,0.0,nan,nan,nan
3931.597,1.545406e-05,0.0,nan,nan,nan
3931.681,1.545667e-05,0.0,nan,nan,nan
3931.766,1.545276e-05,0.0,nan,nan,nan
3931.85,1.545383e-05,0.0,nan,nan,nan
3931.943,1.545008e-05,0.0,nan,nan,nan
3932.026,1.545593e-05,0.0,nan,nan,nan
3932.111,1.545352e-05,0.0,nan,nan,nan
3932.194,1.545572e-05,0.0,nan,nan,nan
3932.278,1.545402e-05,0.0,nan,nan,nan
3932.362,1.545589e-05,0.0,nan,nan,nan
3932.446,1.545573e-05,0.0,nan,nan,nan
3932.548,1.545633e-05,0.0,nan,nan,nan
3932.632,1.545707e-05,0.0,nan,nan,nan
3932.715,1.545476e-05,0.0,nan,nan,nan
3932.799,1.545454e-05,0.0,nan,nan,nan
3932.882,1.545609e-05,0.0,nan,nan,nan
3932.994,1.545703e-05,0.0,nan,nan,nan
3933.078,1.545759e-05,0.0,nan,nan,nan
3933.179,1.545767e-05,0.0,nan,nan,nan
3933.263,1.545888e-05,0.0,nan,nan,nan
3934.0,1.545577e-05,0.0,nan,nan,nan
3934.086,1.545729e-05,0.0,nan,nan,nan
3934.169,1.545371e-05,0.0,nan,nan,nan
3934.253,1.5456e-05,0.0,nan,nan,nan
3934.336,1.545449e-05,0.0,nan,nan,nan
3934.431,1.545535e-05,0.0,nan,nan,nan
3934.515,1.545283e-05,0.0,nan,nan,nan
3934.624,1.545419e-05,0.0,nan,nan,nan
3934.708,1.545552e-05,0.0,nan,nan,nan
3934.791,1.545591e-05,0.0,nan,nan,nan
3934.875,1.545191e-05,0.0,nan,nan,nan
3934.958,1.545711e-05,0.0,nan,nan,nan
3935.042,1.545969e-05,0.0,nan,nan,nan
3935.126,1.545867e-05,0.0,nan,nan,nan
3935.211,1.545594e-05,0.0,nan,nan,nan
3935.295,1.545761e-05,0.0,nan,nan,nan
3935.378,1.545746e-05,0.0,nan,nan,nan
3935.468,1.546225e-05,0.0,nan,nan,nan
3935.551,1.545476e-05,0.0,nan,nan,nan
3935.653,1.545619e-05,0.0,nan,nan,nan
3935.737,1.545904e-05,0.0,nan,nan,nan
3935.82,1.545943e-05,0.0,nan,nan,nan
3935.904,1.545711e-05,0.0,nan,nan,nan
3935.988,1.545554e-05,0.0,nan,nan,nan
3936.072,1.545654e-05,0.0,nan,nan,nan
3936.155,1.545658e-05,0.0,nan,nan,nan
3936.257,1.545892e-05,0.0,nan,nan,nan
3936.341,1.545308e-05,0.0,nan,nan,nan
3936.425,1.545857e-05,0.0,nan,nan,nan
3936.508,1.545461e-05,0.0,nan,nan,nan
3936.592,1.546186e-05,0.0,nan,nan,nan
3936.686,1.545532e-05,0.0,nan,nan,nan
3936.769,1.545577e-05,0.0,nan,nan,nan
3936.871,1.546001e-05,0.0,nan,nan,nan
3936.955,1.54562e-05,0.0,nan,nan,nan
3937.038,1.546047e-05,0.0,nan,nan,nan
3937.122,1.545968e-05,0.0,nan,nan,nan
3937.206,1.545689e-05,0.0,nan,nan,nan
3937.294,1.545623e-05,0.0,nan,nan,nan
3937.378,1.545101e-05,0.0,nan,nan,nan
3937.462,1.545572e-05,0.0,nan,nan,nan
3937.546,1.546042e-05,0.0,nan,nan,nan
3937.63,1.545369e-05,0.0,nan,nan,nan
3937.713,1.545467e-05,0.0,nan,nan,nan
3937.797,1.545706e-05,0.0,nan,nan,nan
3937.895,1.545586e-05,0.0,nan,nan,nan
3937.979,1.545782e-05,0.0,nan,nan,nan
3938.062,1.545655e-05,0.0,nan,nan,nan
3938.156,1.54603e-05,0.0,nan,nan,nan
3938.24,1.546019e-05,0.0,nan,nan,nan
3938.324,1.545521e-05,0.0,nan,nan,nan
3938.408,1.545733e-05,0.0,nan,nan,nan
3938.491,1.545531e-05,0.0,nan,nan,nan
3938.575,1.545638e-05,0.0,nan,nan,nan
3938.658,1.54547e-05,0.0,nan,nan,nan
3938.742,1.545566e-05,0.0,nan,nan,nan
3938.825,1.545746e-05,0.0,nan,nan,nan
3938.912,1.54587e-05,0.0,nan,nan,nan
3938.996,1.545551e-05,0.0,nan,nan,nan
3939.08,1.545567e-05,0.0,nan,nan,nan
3939.164,1.545751e-05,0.0,nan,nan,nan
3939.249,1.545915e-05,0.0,nan,nan,nan
3939.334,1.545235e-05,0.0,nan,nan,nan
3939.418,1.545673e-05,0.0,nan,nan,nan
3939.502,1.545513e-05,0.0,nan,nan,nan
3939.586,1.546059e-05,0.0,nan,nan,nan
3939.669,1.545544e-05,0.0,nan,nan,nan
3939.753,1.545549e-05,0.0,nan,nan,nan
3939.837,1.545868e-05,0.0,nan,nan,nan
3939.93,1.54582e-05,0.0,nan,nan,nan
3940.013,1.545405e-05,0.0,nan,nan,nan
3940.098,1.545523e-05,0.0,nan,nan,nan
3940.19,1.545661e-05,0.0,nan,nan,nan
3940.273,1.545844e-05,0.0,nan,nan,nan
3940.356,1.545381e-05,0.0,nan,nan,nan
3940.44,1.545815e-05,0.0,nan,nan,nan
3940.541,1.54565e-05,0.0,nan,nan,nan
3940.625,1.545624e-05,0.0,nan,nan,nan
3940.709,1.545464e-05,0.0,nan,nan,nan
3940.792,1.545639e-05,0.0,nan,nan,nan
3940.876,1.545344e-05,0.0,nan,nan,nan
3940.961,1.545311e-05,0.0,nan,nan,nan
3941.045,1.545486e-05,0.0,nan,nan,nan
3941.129,1.545538e-05,0.0,nan,nan,nan
3941.212,1.545876e-05,0.0,nan,nan,nan
3941.296,1.545947e-05,0.0,nan,nan,nan
3941.38,1.545261e-05,0.0,nan,nan,nan
3941.463,1.54607e-05,0.0,nan,nan,nan
3941.567,1.545679e-05,0.0,nan,nan,nan
3941.65,1.545836e-05,0.0,nan,nan,nan
3941.734,1.54585e-05,0.0,nan,nan,nan
3941.818,1.545771e-05,0.0,nan,nan,nan
3941.902,1.545488e-05,0.0,nan,nan,nan
3941.998,1.545416e-05,0.0,nan,nan,nan
3942.081,1.545324e-05,0.0,nan,nan,nan
3942.182,1.545519e-05,0.0,nan,nan,nan
3942.266,1.545833e-05,0.0,nan,nan,nan
3942.349,1.545921e-05,0.0,nan,nan,nan
3942.433,1.545971e-05,0.0,nan,nan,nan
3942.517,1.545425e-05,0.0,nan,nan,nan
3942.604,1.545729e-05,0.0,nan,nan,nan
3942.688,1.545601e-05,0.0,nan,nan,nan
3942.774,1.545575e-05,0.0,nan,nan,nan
3942.858,1.545555e-05,0.0,nan,nan,nan
3942.941,1.545524e-05,0.0,nan,nan,nan
3943.025,1.545574e-05,0.0,nan,nan,nan
3943.108,1.545521e-05,0.0,nan,nan,nan
3943.218,1.54579e-05,0.0,nan,nan,nan
3943.302,1.545484e-05,0.0,nan,nan,nan
3943.387,1.545725e-05,0.0,nan,nan,nan
3943.471,1.545792e-05,0.0,nan,nan,nan
3943.555,1.545829e-05,0.0,nan,nan,nan
3943.638,1.545837e-05,0.0,nan,nan,nan
3943.722,1.545486e-05,0.0,nan,nan,nan
3943.827,1.54608e-05,0.0,nan,nan,nan
3943.91,1.545922e-05,0.0,nan,nan,nan
3944.013,1.545696e-05,0.0,nan,nan,nan
3944.097,1.545458e-05,0.0,nan,nan,nan
3944.181,1.545872e-05,0.0,nan,nan,nan
3944.264,1.545826e-05,0.0,nan,nan,nan
3944.348,1.545761e-05,0.0,nan,nan,nan
3944.432,1.545871e-05,0.0,nan,nan,nan
3944.516,1.545505e-05,0.0,nan,nan,nan
3944.6,1.545961e-05,0.0,nan,nan,nan
3944.684,1.545682e-05,0.0,nan,nan,nan
3944.767,1.545701e-05,0.0,nan,nan,nan
3944.851,1.54555e-05,0.0,nan,nan,nan
3944.935,1.545591e-05,0.0,nan,nan,nan
3945.029,1.545388e-05,0.0,nan,nan,nan
3945.113,1.545943e-05,0.0,nan,nan,nan
3945.196,1.545699e-05,0.0,nan,nan,nan
3945.28,1.545591e-05,0.0,nan,nan,nan
3945.364,1.545825e-05,0.0,nan,nan,nan
3945.451,1.546361e-05,0.0,nan,nan,nan
3945.535,1.545439e-05,0.0,nan,nan,nan
3945.619,1.545792e-05,0.0,nan,nan,nan
3945.702,1.546357e-05,0.0,nan,nan,nan
3945.786,1.546125e-05,0.0,nan,nan,nan
3945.87,1.545763e-05,0.0,nan,nan,nan
3945.954,1.546234e-05,0.0,nan,nan,nan
3946.049,1.545547e-05,0.0,nan,nan,nan
3946.133,1.545567e-05,0.0,nan,nan,nan
3946.217,1.545767e-05,0.0,nan,nan,nan
3946.301,1.545569e-05,0.0,nan,nan,nan
3946.385,1.54533e-05,0.0,nan,nan,nan
3946.468,1.545834e-05,0.0,nan,nan,nan
3946.552,1.545707e-05,0.0,nan,nan,nan
3946.635,1.545561e-05,0.0,nan,nan,nan
3946.719,1.545597e-05,0.0,nan,nan,nan
3946.803,1.545957e-05,0.0,nan,nan,nan
3946.886,1.545826e-05,0.0,nan,nan,nan
3946.97,1.545659e-05,0.0,nan,nan,nan
3947.064,1.545451e-05,0.0,nan,nan,nan
3947.148,1.545687e-05,0.0,nan,nan,nan
3947.233,1.545778e-05,0.0,nan,nan,nan
3947.316,1.545661e-05,0.0,nan,nan,nan
3947.401,1.545601e-05,0.0,nan,nan,nan
3947.485,1.545691e-05,0.0,nan,nan,nan
3947.569,1.54556e-05,0.0,nan,nan,nan
3947.652,1.545545e-05,0.0,nan,nan,nan
3947.735,1.545337e-05,0.0,nan,nan,nan
3947.819,1.545748e-05,0.0,nan,nan,nan
3947.903,1.545632e-05,0.0,nan,nan,nan
3947.986,1.545718e-05,0.0,nan,nan,nan
3948.083,1.545675e-05,0.0,nan,nan,nan
3948.167,1.54573e-05,0.0,nan,nan,nan
3948.25,1.545314e-05,0.0,nan,nan,nan
3948.334,1.545563e-05,0.0,nan,nan,nan
3948.435,1.545541e-05,0.0,nan,nan,nan
3948.53,1.545755e-05,0.0,nan,nan,nan
3948.613,1.545404e-05,0.0,nan,nan,nan
3948.699,1.545213e-05,0.0,nan,nan,nan
3948.783,1.545403e-05,0.0,nan,nan,nan
3948.867,1.545843e-05,0.0,nan,nan,nan
3948.95,1.545209e-05,0.0,nan,nan,nan
3949.034,1.545842e-05,0.0,nan,nan,nan
3949.118,1.545491e-05,0.0,nan,nan,nan
3949.201,1.5459e-05,0.0,nan,nan,nan
3949.295,1.545734e-05,0.0,nan,nan,nan
3949.379,1.545744e-05,0.0,nan,nan,nan
3949.463,1.546011e-05,0.0,nan,nan,nan
3949.546,1.545344e-05,0.0,nan,nan,nan
3949.63,1.545934e-05,0.0,nan,nan,nan
3949.734,1.545922e-05,0.0,nan,nan,nan
3949.817,1.545549e-05,0.0,nan,nan,nan
3949.903,1.544779e-05,0.0,nan,nan,nan
3949.986,1.545225e-05,0.0,nan,nan,nan
3950.07,1.545523e-05,0.0,nan,nan,nan
3950.155,1.545039e-05,0.0,nan,nan,nan
3950.239,1.545351e-05,0.0,nan,nan,nan
3950.332,1.545137e-05,0.0,nan,nan,nan
3950.416,1.545597e-05,0.0,nan,nan,nan
3950.514,1.545061e-05,0.0,nan,nan,nan
3950.602,1.545468e-05,0.0,nan,nan,nan
3950.686,1.545129e-05,0.0,nan,nan,nan
3950.77,1.545422e-05,0.0,nan,nan,nan
3950.854,1.545156e-05,0.0,nan,nan,nan
3950.937,1.545629e-05,0.0,nan,nan,nan
3951.021,1.545853e-05,0.0,nan,nan,nan
3951.105,1.54526e-05,0.0,nan,nan,nan
3951.219,1.545652e-05,0.0,nan,nan,nan
3951.306,1.545255e-05,0.0,nan,nan,nan
3951.414,1.545307e-05,0.0,nan,nan,nan
3951.497,1.544977e-05,0.0,nan,nan,nan
3951.601,1.544996e-05,0.0,nan,nan,nan
3951.686,1.544938e-05,0.0,nan,nan,nan
3951.77,1.544865e-05,0.0,nan,nan,nan
3951.854,1.544836e-05,0.0,nan,nan,nan
3951.942,1.544581e-05,0.0,nan,nan,nan
3952.025,1.545026e-05,0.0,nan,nan,nan
3952.11,1.545059e-05,0.0,nan,nan,nan
3952.193,1.545147e-05,0.0,nan,nan,nan
3952.277,1.545098e-05,0.0,nan,nan,nan
3952.377,1.545142e-05,0.0,nan,nan,nan
3952.461,1.545347e-05,0.0,nan,nan,nan
3952.564,1.545143e-05,0.0,nan,nan,nan
3952.655,1.545051e-05,0.0,nan,nan,nan
3952.741,1.545338e-05,0.0,nan,nan,nan
3952.825,1.545446e-05,0.0,nan,nan,nan
3952.909,1.545435e-05,0.0,nan,nan,nan
3952.994,1.545237e-05,0.0,nan,nan,nan
3953.078,1.5453e-05,0.0,nan,nan,nan
3953.163,1.545344e-05,0.0,nan,nan,nan
3953.246,1.545627e-05,0.0,nan,nan,nan
3953.33,1.545087e-05,0.0,nan,nan,nan
3953.45,1.545436e-05,0.0,nan,nan,nan
3953.533,1.545881e-05,0.0,nan,nan,nan
3953.623,1.545341e-05,0.0,nan,nan,nan
3953.706,1.54525e-05,0.0,nan,nan,nan
3953.792,1.545172e-05,0.0,nan,nan,nan
3953.875,1.545445e-05,0.0,nan,nan,nan
3953.959,1.545231e-05,0.0,nan,nan,nan
3954.066,1.545113e-05,0.0,nan,nan,nan
3954.15,1.545135e-05,0.0,nan,nan,nan
3954.258,1.54517e-05,0.0,nan,nan,nan
3954.342,1.545638e-05,0.0,nan,nan,nan
3954.425,1.54516e-05,0.0,nan,nan,nan
3954.509,1.545243e-05,0.0,nan,nan,nan
3954.594,1.5452e-05,0.0,nan,nan,nan
3954.677,1.545139e-05,0.0,nan,nan,nan
3954.761,1.544903e-05,0.0,nan,nan,nan
3954.87,1.544768e-05,0.0,nan,nan,nan
3954.954,1.545295e-05,0.0,nan,nan,nan
3955.063,1.545227e-05,0.0,nan,nan,nan
3955.146,1.545197e-05,0.0,nan,nan,nan
3955.23,1.54543e-05,0.0,nan,nan,nan
3955.314,1.545268e-05,0.0,nan,nan,nan
3955.397,1.545265e-05,0.0,nan,nan,nan
3955.481,1.545436e-05,0.0,nan,nan,nan
3955.565,1.545027e-05,0.0,nan,nan,nan
3955.649,1.5453e-05,0.0,nan,nan,nan
3955.732,1.545376e-05,0.0,nan,nan,nan
3955.836,1.545257e-05,0.0,nan,nan,nan
3955.92,1.545629e-05,0.0,nan,nan,nan
3956.004,1.545564e-05,0.0,nan,nan,nan
3956.087,1.545382e-05,0.0,nan,nan,nan
3956.171,1.545327e-05,0.0,nan,nan,nan
3956.275,1.54533e-05,0.0,nan,nan,nan
3956.358,1.545645e-05,0.0,nan,nan,nan
3956.441,1.545476e-05,0.0,nan,nan,nan
3956.525,1.545665e-05,0.0,nan,nan,nan
3956.61,1.546081e-05,0.0,nan,nan,nan
3956.698,1.545926e-05,0.0,nan,nan,nan
3956.781,1.545445e-05,0.0,nan,nan,nan
3956.866,1.545614e-05,0.0,nan,nan,nan
3956.949,1.54541e-05,0.0,nan,nan,nan
3957.034,1.545795e-05,0.0,nan,nan,nan
3957.118,1.545689e-05,0.0,nan,nan,nan
3957.201,1.545645e-05,0.0,nan,nan,nan
3957.292,1.545619e-05,0.0,nan,nan,nan
3957.376,1.545583e-05,0.0,nan,nan,nan
3957.484,1.545383e-05,0.0,nan,nan,nan
3957.567,1.545319e-05,0.0,nan,nan,nan
3957.651,1.545292e-05,0.0,nan,nan,nan
3957.734,1.545162e-05,0.0,nan,nan,nan
3957.818,1.545234e-05,0.0,nan,nan,nan
3957.905,1.545126e-05,0.0,nan,nan,nan
3957.988,1.545205e-05,0.0,nan,nan,nan
3958.082,1.545618e-05,0.0,nan,nan,nan
3958.166,1.545455e-05,0.0,nan,nan,nan
3958.249,1.545517e-05,0.0,nan,nan,nan
3958.333,1.545033e-05,0.0,nan,nan,nan
3958.417,1.545392e-05,0.0,nan,nan,nan
3958.501,1.545296e-05,0.0,nan,nan,nan
3958.584,1.545346e-05,0.0,nan,nan,nan
3958.673,1.545622e-05,0.0,nan,nan,nan
3958.756,1.545317e-05,0.0,nan,nan,nan
3958.84,1.545277e-05,0.0,nan,nan,nan
3958.929,1.545471e-05,0.0,nan,nan,nan
3959.012,1.546097e-05,0.0,nan,nan,nan
3959.11,1.545726e-05,0.0,nan,nan,nan
3959.193,1.54568e-05,0.0,nan,nan,nan
3959.277,1.545383e-05,0.0,nan,nan,nan
3959.361,1.545822e-05,0.0,nan,nan,nan
3959.444,1.545719e-05,0.0,nan,nan,nan
3959.532,1.545601e-05,0.0,nan,nan,nan
3959.615,1.54545e-05,0.0,nan,nan,nan
3959.718,1.54557e-05,0.0,nan,nan,nan
3959.802,1.545654e-05,0.0,nan,nan,nan
3959.886,1.545496e-05,0.0,nan,nan,nan
3959.969,1.545487e-05,0.0,nan,nan,nan
3960.053,1.545512e-05,0.0,nan,nan,nan
3960.137,1.545643e-05,0.0,nan,nan,nan
3960.22,1.545835e-05,0.0,nan,nan,nan
3960.319,1.545688e-05,0.0,nan,nan,nan
3960.403,1.545498e-05,0.0,nan,nan,nan
3960.504,1.545538e-05,0.0,nan,nan,nan
3960.587,1.545215e-05,0.0,nan,nan,nan
3960.671,1.545785e-05,0.0,nan,nan,nan
3960.759,1.545981e-05,0.0,nan,nan,nan
3960.864,1.546036e-05,0.0,nan,nan,nan
3960.95,1.545296e-05,0.0,nan,nan,nan
3961.034,1.545897e-05,0.0,nan,nan,nan
3961.138,1.545338e-05,0.0,nan,nan,nan
3961.221,1.545587e-05,0.0,nan,nan,nan
3961.305,1.545389e-05,0.0,nan,nan,nan
3961.389,1.545118e-05,0.0,nan,nan,nan
3961.473,1.545396e-05,0.0,nan,nan,nan
3961.566,1.545685e-05,0.0,nan,nan,nan
3961.65,1.545678e-05,0.0,nan,nan,nan
3961.733,1.545639e-05,0.0,nan,nan,nan
3961.817,1.545778e-05,0.0,nan,nan,nan
3961.901,1.545746e-05,0.0,nan,nan,nan
3961.985,1.546224e-05,0.0,nan,nan,nan
3962.072,1.545908e-05,0.0,nan,nan,nan
3962.157,1.545996e-05,0.0,nan,nan,nan
3962.24,1.545434e-05,0.0,nan,nan,nan
3962.347,1.545968e-05,0.0,nan,nan,nan
3962.431,1.546018e-05,0.0,nan,nan,nan
3962.515,1.545587e-05,0.0,nan,nan,nan
3962.598,1.545796e-05,0.0,nan,nan,nan
3962.683,1.545662e-05,0.0,nan,nan,nan
3962.769,1.545467e-05,0.0,nan,nan,nan
3962.852,1.545767e-05,0.0,nan,nan,nan
3962.975,1.545941e-05,0.0,nan,nan,nan
3963.059,1.545909e-05,0.0,nan,nan,nan
3963.166,1.545393e-05,0.0,nan,nan,nan
3963.25,1.545832e-05,0.0,nan,nan,nan
3963.334,1.545501e-05,0.0,nan,nan,nan
3963.417,1.545937e-05,0.0,nan,nan,nan
3963.501,1.545962e-05,0.0,nan,nan,nan
3963.585,1.546411e-05,0.0,nan,nan,nan
3963.668,1.546185e-05,0.0,nan,nan,nan
3963.764,1.545963e-05,0.0,nan,nan,nan
3963.848,1.545897e-05,0.0,nan,nan,nan
3963.932,1.545791e-05,0.0,nan,nan,nan
3964.015,1.545961e-05,0.0,nan,nan,nan
3964.099,1.545785e-05,0.0,nan,nan,nan
3964.196,1.545742e-05,0.0,nan,nan,nan
3964.28,1.546104e-05,0.0,nan,nan,nan
3964.382,1.545568e-05,0.0,nan,nan,nan
3964.465,1.545624e-05,0.0,nan,nan,nan
3964.55,1.54566e-05,0.0,nan,nan,nan
3964.634,1.545792e-05,0.0,nan,nan,nan
3964.719,1.546026e-05,0.0,nan,nan,nan
3964.806,1.54568e-05,0.0,nan,nan,nan
3964.889,1.54544e-05,0.0,nan,nan,nan
3965.015,1.545797e-05,0.0,nan,nan,nan
3965.098,1.545137e-05,0.0,nan,nan,nan
3965.205,1.545662e-05,0.0,nan,nan,nan
3965.288,1.545564e-05,0.0,nan,nan,nan
3965.372,1.545127e-05,0.0,nan,nan,nan
3965.455,1.545574e-05,0.0,nan,nan,nan
3965.539,1.545758e-05,0.0,nan,nan,nan
3965.623,1.545603e-05,0.0,nan,nan,nan
3965.706,1.545853e-05,0.0,nan,nan,nan
3965.799,1.545692e-05,0.0,nan,nan,nan
3965.883,1.545854e-05,0.0,nan,nan,nan
3965.968,1.545429e-05,0.0,nan,nan,nan
3966.051,1.545846e-05,0.0,nan,nan,nan
3966.135,1.545506e-05,0.0,nan,nan,nan
3966.231,1.545408e-05,0.0,nan,nan,nan
3966.315,1.545883e-05,0.0,nan,nan,nan
3966.402,1.545282e-05,0.0,nan,nan,nan
3966.485,1.545643e-05,0.0,nan,nan,nan
3966.569,1.545865e-05,0.0,nan,nan,nan
3966.653,1.545729e-05,0.0,nan,nan,nan
3966.739,1.545663e-05,0.0,nan,nan,nan
3966.829,1.545676e-05,0.0,nan,nan,nan
3966.913,1.545863e-05,0.0,nan,nan,nan
3966.997,1.545539e-05,0.0,nan,nan,nan
3967.11,1.545814e-05,0.0,nan,nan,nan
3967.194,1.545828e-05,0.0,nan,nan,nan
3967.278,1.546207e-05,0.0,nan,nan,nan
3967.362,1.545962e-05,0.0,nan,nan,nan
3967.445,1.545816e-05,0.0,nan,nan,nan
3967.529,1.545731e-05,0.0,nan,nan,nan
3967.629,1.545803e-05,0.0,nan,nan,nan
3967.713,1.545184e-05,0.0,nan,nan,nan
3967.798,1.545427e-05,0.0,nan,nan,nan
3967.881,1.545084e-05,0.0,nan,nan,nan
3967.966,1.545472e-05,0.0,nan,nan,nan
3968.066,1.54557e-05,0.0,nan,nan,nan
3968.15,1.545459e-05,0.0,nan,nan,nan
3968.245,1.545429e-05,0.0,nan,nan,nan
3968.329,1.545221e-05,0.0,nan,nan,nan
3968.413,1.545558e-05,0.0,nan,nan,nan
3968.497,1.545044e-05,0.0,nan,nan,nan
3968.582,1.545128e-05,0.0,nan,nan,nan
3968.668,1.545592e-05,0.0,nan,nan,nan
3968.752,1.545288e-05,0.0,nan,nan,nan
3968.856,1.545251e-05,0.0,nan,nan,nan
3968.94,1.54534e-05,0.0,nan,nan,nan
3969.025,1.545397e-05,0.0,nan,nan,nan
3969.108,1.545282e-05,0.0,nan,nan,nan
3969.192,1.545236e-05,0.0,nan,nan,nan
3969.278,1.545273e-05,0.0,nan,nan,nan
3969.362,1.544934e-05,0.0,nan,nan,nan
3969.45,1.545237e-05,0.0,nan,nan,nan
3969.534,1.545009e-05,0.0,nan,nan,nan
3969.617,1.545551e-05,0.0,nan,nan,nan
3969.702,1.545638e-05,0.0,nan,nan,nan
3969.786,1.545695e-05,0.0,nan,nan,nan
3969.887,1.545501e-05,0.0,nan,nan,nan
3969.971,1.545348e-05,0.0,nan,nan,nan
3970.057,1.545667e-05,0.0,nan,nan,nan
3970.14,1.545646e-05,0.0,nan,nan,nan
3970.225,1.545749e-05,0.0,nan,nan,nan
3970.31,1.54571e-05,0.0,nan,nan,nan
3970.394,1.545499e-05,0.0,nan,nan,nan
3970.478,1.545254e-05,0.0,nan,nan,nan
3970.562,1.545539e-05,0.0,nan,nan,nan
3970.65,1.545506e-05,0.0,nan,nan,nan
3970.739,1.545238e-05,0.0,nan,nan,nan
3970.823,1.54539e-05,0.0,nan,nan,nan
3970.912,1.545208e-05,0.0,nan,nan,nan
3970.996,1.545064e-05,0.0,nan,nan,nan
3971.08,1.544829e-05,0.0,nan,nan,nan
3971.164,1.545643e-05,0.0,nan,nan,nan
3971.248,1.545089e-05,0.0,nan,nan,nan
3971.334,1.545344e-05,0.0,nan,nan,nan
3971.417,1.545288e-05,0.0,nan,nan,nan
3971.519,1.545392e-05,0.0,nan,nan,nan
3971.602,1.545219e-05,0.0,nan,nan,nan
3971.686,1.545734e-05,0.0,nan,nan,nan
3971.769,1.545289e-05,0.0,nan,nan,nan
3971.854,1.545566e-05,0.0,nan,nan,nan
3971.941,1.54578e-05,0.0,nan,nan,nan
3972.025,1.545174e-05,0.0,nan,nan,nan
3972.114,1.54549e-05,0.0,nan,nan,nan
3972.198,1.545634e-05,0.0,nan,nan,nan
3972.284,1.545121e-05,0.0,nan,nan,nan
3972.367,1.545854e-05,0.0,nan,nan,nan
3972.455,1.545339e-05,0.0,nan,nan,nan
3972.539,1.545369e-05,0.0,nan,nan,nan
3972.623,1.545183e-05,0.0,nan,nan,nan
3972.706,1.545335e-05,0.0,nan,nan,nan
3972.79,1.54548e-05,0.0,nan,nan,nan
3972.874,1.545166e-05,0.0,nan,nan,nan
3972.963,1.545315e-05,0.0,nan,nan,nan
3973.047,1.545513e-05,0.0,nan,nan,nan
3973.13,1.545472e-05,0.0,nan,nan,nan
3973.214,1.545713e-05,0.0,nan,nan,nan
3973.3,1.545716e-05,0.0,nan,nan,nan
3973.385,1.545542e-05,0.0,nan,nan,nan
3973.469,1.545379e-05,0.0,nan,nan,nan
3973.556,1.546061e-05,0.0,nan,nan,nan
3973.64,1.545515e-05,0.0,nan,nan,nan
3973.723,1.545791e-05,0.0,nan,nan,nan
3973.807,1.546034e-05,0.0,nan,nan,nan
3973.89,1.545616e-05,0.0,nan,nan,nan
3973.981,1.54537e-05,0.0,nan,nan,nan
3974.064,1.545698e-05,0.0,nan,nan,nan
3974.148,1.546052e-05,0.0,nan,nan,nan
3974.232,1.546198e-05,0.0,nan,nan,nan
3974.315,1.546083e-05,0.0,nan,nan,nan
3974.405,1.545995e-05,0.0,nan,nan,nan
3974.488,1.545874e-05,0.0,nan,nan,nan
3974.594,1.545737e-05,0.0,nan,nan,nan
3974.678,1.54591e-05,0.0,nan,nan,nan
3974.761,1.545374e-05,0.0,nan,nan,nan
3974.845,1.545577e-05,0.0,nan,nan,nan
3974.929,1.545976e-05,0.0,nan,nan,nan
3975.014,1.545824e-05,0.0,nan,nan,nan
3975.098,1.546262e-05,0.0,nan,nan,nan
3975.182,1.545499e-05,0.0,nan,nan,nan
3975.265,1.54582e-05,0.0,nan,nan,nan
3975.37,1.545781e-05,0.0,nan,nan,nan
3975.455,1.545912e-05,0.0,nan,nan,nan
3975.539,1.545976e-05,0.0,nan,nan,nan
3975.623,1.546017e-05,0.0,nan,nan,nan
3975.706,1.546289e-05,0.0,nan,nan,nan
3975.801,1.546078e-05,0.0,nan,nan,nan
3975.885,1.545915e-05,0.0,nan,nan,nan
3975.969,1.545902e-05,0.0,nan,nan,nan
3976.053,1.545873e-05,0.0,nan,nan,nan
3976.137,1.545751e-05,0.0,nan,nan,nan
3976.228,1.545605e-05,0.0,nan,nan,nan
3976.312,1.545476e-05,0.0,nan,nan,nan
3976.398,1.545875e-05,0.0,nan,nan,nan
3976.481,1.545763e-05,0.0,nan,nan,nan
3976.567,1.545733e-05,0.0,nan,nan,nan
3976.663,1.545641e-05,0.0,nan,nan,nan
3976.747,1.545711e-05,0.0,nan,nan,nan
3976.84,1.545704e-05,0.0,nan,nan,nan
3976.923,1.545822e-05,0.0,nan,nan,nan
3977.007,1.545915e-05,0.0,nan,nan,nan
3977.091,1.545547e-05,0.0,nan,nan,nan
3977.175,1.545604e-05,0.0,nan,nan,nan
3977.28,1.545298e-05,0.0,nan,nan,nan
3977.364,1.545523e-05,0.0,nan,nan,nan
3977.447,1.545599e-05,0.0,nan,nan,nan
3977.531,1.545278e-05,0.0,nan,nan,nan
3977.614,1.545458e-05,0.0,nan,nan,nan
3977.698,1.545214e-05,0.0,nan,nan,nan
3977.784,1.545142e-05,0.0,nan,nan,nan
3977.873,1.545625e-05,0.0,nan,nan,nan
3977.957,1.545548e-05,0.0,nan,nan,nan
3978.048,1.545425e-05,0.0,nan,nan,nan
3978.131,1.545574e-05,0.0,nan,nan,nan
3978.215,1.545515e-05,0.0,nan,nan,nan
3978.298,1.545773e-05,0.0,nan,nan,nan
3978.382,1.545772e-05,0.0,nan,nan,nan
3978.469,1.545329e-05,0.0,nan,nan,nan
3978.553,1.545759e-05,0.0,nan,nan,nan
3978.636,1.545382e-05,0.0,nan,nan,nan
3978.72,1.54579e-05,0.0,nan,nan,nan
3978.803,1.545402e-05,0.0,nan,nan,nan
3978.887,1.545584e-05,0.0,nan,nan,nan
3978.971,1.545351e-05,0.0,nan,nan,nan
3979.067,1.545288e-05,0.0,nan,nan,nan
3979.151,1.545181e-05,0.0,nan,nan,nan
3979.235,1.545539e-05,0.0,nan,nan,nan
3979.319,1.545627e-05,0.0,nan,nan,nan
3979.402,1.545523e-05,0.0,nan,nan,nan
3979.499,1.545644e-05,0.0,nan,nan,nan
3979.583,1.545466e-05,0.0,nan,nan,nan
3979.669,1.545833e-05,0.0,nan,nan,nan
3979.753,1.545783e-05,0.0,nan,nan,nan
3979.837,1.545836e-05,0.0,nan,nan,nan
3979.923,1.545361e-05,0.0,nan,nan,nan
3980.007,1.545415e-05,0.0,nan,nan,nan
3980.106,1.545817e-05,0.0,nan,nan,nan
3980.189,1.545334e-05,0.0,nan,nan,nan
3980.273,1.545376e-05,0.0,nan,nan,nan
3980.356,1.545701e-05,0.0,nan,nan,nan
3980.44,1.545209e-05,0.0,nan,nan,nan
3980.528,1.545447e-05,0.0,nan,nan,nan
3980.612,1.545631e-05,0.0,nan,nan,nan
3980.695,1.545867e-05,0.0,nan,nan,nan
3980.779,1.545897e-05,0.0,nan,nan,nan
3980.866,1.545929e-05,0.0,nan,nan,nan
3980.95,1.545557e-05,0.0,nan,nan,nan
3981.033,1.545587e-05,0.0,nan,nan,nan
3981.137,1.545298e-05,0.0,nan,nan,nan
3981.221,1.545273e-05,0.0,nan,nan,nan
3981.304,1.545375e-05,0.0,nan,nan,nan
3981.388,1.545631e-05,0.0,nan,nan,nan
3981.471,1.545671e-05,0.0,nan,nan,nan
3981.558,1.545691e-05,0.0,nan,nan,nan
3981.641,1.545689e-05,0.0,nan,nan,nan
3981.725,1.545206e-05,0.0,nan,nan,nan
3981.808,1.545693e-05,0.0,nan,nan,nan
3981.892,1.54553e-05,0.0,nan,nan,nan
3981.976,1.545286e-05,0.0,nan,nan,nan
3982.059,1.545334e-05,0.0,nan,nan,nan
3982.156,1.545657e-05,0.0,nan,nan,nan
3982.24,1.545759e-05,0.0,nan,nan,nan
3982.324,1.545376e-05,0.0,nan,nan,nan
3982.407,1.545528e-05,0.0,nan,nan,nan
3982.491,1.545546e-05,0.0,nan,nan,nan
3982.575,1.545487e-05,0.0,nan,nan,nan
3982.658,1.545163e-05,0.0,nan,nan,nan
3982.743,1.54553e-05,0.0,nan,nan,nan
3982.827,1.545259e-05,0.0,nan,nan,nan
3982.911,1.545156e-05,0.0,nan,nan,nan
3982.994,1.545179e-05,0.0,nan,nan,nan
3983.078,1.545539e-05,0.0,nan,nan,nan
3983.169,1.545729e-05,0.0,nan,nan,nan
3983.252,1.545816e-05,0.0,nan,nan,nan
3983.336,1.545735e-05,0.0,nan,nan,nan
3983.42,1.545798e-05,0.0,nan,nan,nan
3983.503,1.545554e-05,0.0,nan,nan,nan
3983.63,1.545592e-05,0.0,nan,nan,nan
3983.715,1.545937e-05,0.0,nan,nan,nan
3983.799,1.54547e-05,0.0,nan,nan,nan
3983.883,1.545322e-05,0.0,nan,nan,nan
3983.967,1.545666e-05,0.0,nan,nan,nan
3984.051,1.545755e-05,0.0,nan,nan,nan
3984.134,1.545788e-05,0.0,nan,nan,nan
3984.218,1.545463e-05,0.0,nan,nan,nan
3984.302,1.545901e-05,0.0,nan,nan,nan
3984.401,1.545809e-05,0.0,nan,nan,nan
3984.485,1.546093e-05,0.0,nan,nan,nan
3984.568,1.546154e-05,0.0,nan,nan,nan
3984.652,1.545984e-05,0.0,nan,nan,nan
3984.737,1.545408e-05,0.0,nan,nan,nan
3984.821,1.54563e-05,0.0,nan,nan,nan
3984.904,1.545693e-05,0.0,nan,nan,nan
3984.988,1.545577e-05,0.0,nan,nan,nan
3985.072,1.545392e-05,0.0,nan,nan,nan
3985.155,1.545591e-05,0.0,nan,nan,nan
3985.245,1.545681e-05,0.0,nan,nan,nan
3985.328,1.545581e-05,0.0,nan,nan,nan
3985.414,1.545706e-05,0.0,nan,nan,nan
3985.497,1.545259e-05,0.0,nan,nan,nan
3985.582,1.545633e-05,0.0,nan,nan,nan
3985.681,1.545597e-05,0.0,nan,nan,nan
3985.769,1.545637e-05,0.0,nan,nan,nan
3985.852,1.545459e-05,0.0,nan,nan,nan
3985.936,1.545637e-05,0.0,nan,nan,nan
3986.039,1.545407e-05,0.0,nan,nan,nan
3986.122,1.545635e-05,0.0,nan,nan,nan
3986.206,1.545384e-05,0.0,nan,nan,nan
3986.29,1.545401e-05,0.0,nan,nan,nan
3986.373,1.545628e-05,0.0,nan,nan,nan
3986.457,1.545734e-05,0.0,nan,nan,nan
3986.541,1.545631e-05,0.0,nan,nan,nan
3986.624,1.545347e-05,0.0,nan,nan,nan
3986.708,1.545301e-05,0.0,nan,nan,nan
3986.792,1.545088e-05,0.0,nan,nan,nan
3986.875,1.545445e-05,0.0,nan,nan,nan
3986.959,1.545261e-05,0.0,nan,nan,nan
3987.047,1.545519e-05,0.0,nan,nan,nan
3987.13,1.545786e-05,0.0,nan,nan,nan
3987.214,1.545691e-05,0.0,nan,nan,nan
3987.297,1.545643e-05,0.0,nan,nan,nan
3987.381,1.545234e-05,0.0,nan,nan,nan
3987.465,1.545515e-05,0.0,nan,nan,nan
3987.549,1.54562e-05,0.0,nan,nan,nan
3987.632,1.545217e-05,0.0,nan,nan,nan
3987.748,1.54533e-05,0.0,nan,nan,nan
3987.831,1.545467e-05,0.0,nan,nan,nan
3987.915,1.545783e-05,0.0,nan,nan,nan
3987.998,1.545592e-05,0.0,nan,nan,nan
3988.087,1.5456e-05,0.0,nan,nan,nan
3988.171,1.54577e-05,0.0,nan,nan,nan
3988.255,1.545679e-05,0.0,nan,nan,nan
3988.339,1.54543e-05,0.0,nan,nan,nan
3988.423,1.545503e-05,0.0,nan,nan,nan
3988.507,1.545714e-05,0.0,nan,nan,nan
3988.591,1.545634e-05,0.0,nan,nan,nan
3988.675,1.545278e-05,0.0,nan,nan,nan
3988.759,1.545817e-05,0.0,nan,nan,nan
3988.842,1.545439e-05,0.0,nan,nan,nan
3988.93,1.545919e-05,0.0,nan,nan,nan
3989.013,1.545346e-05,0.0,nan,nan,nan
3989.113,1.545391e-05,0.0,nan,nan,nan
3989.197,1.545711e-05,0.0,nan,nan,nan
3989.299,1.545424e-05,0.0,nan,nan,nan
3989.382,1.545649e-05,0.0,nan,nan,nan
3989.466,1.545383e-05,0.0,nan,nan,nan
3989.549,1.545352e-05,0.0,nan,nan,nan
3989.637,1.545483e-05,0.0,nan,nan,nan
3989.728,1.545265e-05,0.0,nan,nan,nan
3989.823,1.545554e-05,0.0,nan,nan,nan
3989.914,1.545389e-05,0.0,nan,nan,nan
3989.998,1.545432e-05,0.0,nan,nan,nan
3990.081,1.545484e-05,0.0,nan,nan,nan
3990.165,1.54541e-05,0.0,nan,nan,nan
3990.251,1.54534e-05,0.0,nan,nan,nan
3990.341,1.545671e-05,0.0,nan,nan,nan
3990.424,1.545644e-05,0.0,nan,nan,nan
3990.515,1.546067e-05,0.0,nan,nan,nan
3990.599,1.545796e-05,0.0,nan,nan,nan
3990.683,1.545683e-05,0.0,nan,nan,nan
3990.767,1.545797e-05,0.0,nan,nan,nan
3990.851,1.545594e-05,0.0,nan,nan,nan
3990.934,1.545206e-05,0.0,nan,nan,nan
3991.018,1.545377e-05,0.0,nan,nan,nan
3991.103,1.545048e-05,0.0,nan,nan,nan
3991.188,1.545184e-05,0.0,nan,nan,nan
3991.272,1.545577e-05,0.0,nan,nan,nan
3991.356,1.545639e-05,0.0,nan,nan,nan
3991.44,1.545644e-05,0.0,nan,nan,nan
3991.523,1.545858e-05,0.0,nan,nan,nan
3991.607,1.545514e-05,0.0,nan,nan,nan
3991.691,1.545376e-05,0.0,nan,nan,nan
3991.774,1.545466e-05,0.0,nan,nan,nan
3991.886,1.545712e-05,0.0,nan,nan,nan
3991.973,1.545503e-05,0.0,nan,nan,nan
3992.057,1.545373e-05,0.0,nan,nan,nan
3992.14,1.545501e-05,0.0,nan,nan,nan
3992.224,1.545321e-05,0.0,nan,nan,nan
3992.308,1.545296e-05,0.0,nan,nan,nan
3992.391,1.545452e-05,0.0,nan,nan,nan
3992.475,1.545532e-05,0.0,nan,nan,nan
3992.582,1.545386e-05,0.0,nan,nan,nan
3992.666,1.545729e-05,0.0,nan,nan,nan
3992.749,1.545625e-05,0.0,nan,nan,nan
3992.833,1.545532e-05,0.0,nan,nan,nan
3992.917,1.545709e-05,0.0,nan,nan,nan
3993.012,1.5456e-05,0.0,nan,nan,nan
3993.096,1.545993e-05,0.0,nan,nan,nan
3993.192,1.545699e-05,0.0,nan,nan,nan
3993.276,1.545801e-05,0.0,nan,nan,nan
3993.36,1.54587e-05,0.0,nan,nan,nan
3993.443,1.545573e-05,0.0,nan,nan,nan
3993.528,1.54572e-05,0.0,nan,nan,nan
3993.611,1.545569e-05,0.0,nan,nan,nan
3993.695,1.545532e-05,0.0,nan,nan,nan
3993.799,1.545457e-05,0.0,nan,nan,nan
3993.883,1.545743e-05,0.0,nan,nan,nan
3993.967,1.545445e-05,0.0,nan,nan,nan
3994.053,1.54538e-05,0.0,nan,nan,nan
3994.137,1.545641e-05,0.0,nan,nan,nan
3994.221,1.545756e-05,0.0,nan,nan,nan
3994.304,1.545497e-05,0.0,nan,nan,nan
3994.397,1.545479e-05,0.0,nan,nan,nan
3994.48,1.545358e-05,0.0,nan,nan,nan
3994.564,1.545334e-05,0.0,nan,nan,nan
3994.648,1.545545e-05,0.0,nan,nan,nan
3994.731,1.545423e-05,0.0,nan,nan,nan
3994.815,1.545666e-05,0.0,nan,nan,nan
3994.901,1.545487e-05,0.0,nan,nan,nan
3994.987,1.545556e-05,0.0,nan,nan,nan
3995.071,1.545352e-05,0.0,nan,nan,nan
3995.155,1.545261e-05,0.0,nan,nan,nan
3995.25,1.545349e-05,0.0,nan,nan,nan
3995.334,1.545327e-05,0.0,nan,nan,nan
3995.427,1.545172e-05,0.0,nan,nan,nan
3995.511,1.545222e-05,0.0,nan,nan,nan
3995.594,1.544977e-05,0.0,nan,nan,nan
3995.678,1.545052e-05,0.0,nan,nan,nan
3995.763,1.545641e-05,0.0,nan,nan,nan
3995.853,1.545546e-05,0.0,nan,nan,nan
3995.937,1.545487e-05,0.0,nan,nan,nan
3996.023,1.545834e-05,0.0,nan,nan,nan
3996.111,1.545615e-05,0.0,nan,nan,nan
3996.195,1.545919e-05,0.0,nan,nan,nan
3996.279,1.54542e-05,0.0,nan,nan,nan
3996.363,1.545381e-05,0.0,nan,nan,nan
3996.452,1.545483e-05,0.0,nan,nan,nan
3996.535,1.545655e-05,0.0,nan,nan,nan
3996.619,1.545605e-05,0.0,nan,nan,nan
3996.703,1.545734e-05,0.0,nan,nan,nan
3996.787,1.545084e-05,0.0,nan,nan,nan
3996.87,1.545096e-05,0.0,nan,nan,nan
3996.954,1.54516e-05,0.0,nan,nan,nan
3997.042,1.545845e-05,0.0,nan,nan,nan
3997.125,1.545474e-05,0.0,nan,nan,nan
3997.209,1.545511e-05,0.0,nan,nan,nan
3997.293,1.545487e-05,0.0,nan,nan,nan
3997.377,1.54584e-05,0.0,nan,nan,nan
3997.46,1.54589e-05,0.0,nan,nan,nan
3997.544,1.545713e-05,0.0,nan,nan,nan
3997.631,1.545676e-05,0.0,nan,nan,nan
3997.715,1.545503e-05,0.0,nan,nan,nan
3997.799,1.545191e-05,0.0,nan,nan,nan
3997.882,1.545273e-05,0.0,nan,nan,nan
3997.966,1.545278e-05,0.0,nan,nan,nan
3998.082,1.544907e-05,0.0,nan,nan,nan
3998.166,1.545668e-05,0.0,nan,nan,nan
3998.249,1.545608e-05,0.0,nan,nan,nan
3998.333,1.545244e-05,0.0,nan,nan,nan
3998.418,1.545679e-05,0.0,nan,nan,nan
3998.502,1.545225e-05,0.0,nan,nan,nan
3998.585,1.544841e-05,0.0,nan,nan,nan
3998.671,1.544856e-05,0.0,nan,nan,nan
3998.755,1.545348e-05,0.0,nan,nan,nan
3998.838,1.545516e-05,0.0,nan,nan,nan
3998.922,1.54514e-05,0.0,nan,nan,nan
3999.006,1.545392e-05,0.0,nan,nan,nan
3999.09,1.545503e-05,0.0,nan,nan,nan
3999.174,1.54552e-05,0.0,nan,nan,nan
3999.261,1.545457e-05,0.0,nan,nan,nan
3999.344,1.545487e-05,0.0,nan,nan,nan
3999.428,1.545463e-05,0.0,nan,nan,nan
3999.532,1.545413e-05,0.0,nan,nan,nan
3999.615,1.545085e-05,0.0,nan,nan,nan
3999.719,1.545518e-05,0.0,nan,nan,nan
3999.803,1.545208e-05,0.0,nan,nan,nan
3999.887,1.545508e-05,0.0,nan,nan,nan
3999.971,1.545207e-05,0.0,nan,nan,nan
4000.055,1.544824e-05,0.0,nan,nan,nan
4000.156,1.54544e-05,0.0,nan,nan,nan
4000.24,1.545499e-05,0.0,nan,nan,nan
4000.339,1.545338e-05,0.0,nan,nan,nan
4000.422,1.54607e-05,0.0,nan,nan,nan
4000.506,1.545143e-05,0.0,nan,nan,nan
4000.59,1.545185e-05,0.0,nan,nan,nan
4000.674,1.545263e-05,0.0,nan,nan,nan
4000.77,1.545122e-05,0.0,nan,nan,nan
4000.854,1.545178e-05,0.0,nan,nan,nan
4000.95,1.545057e-05,0.0,nan,nan,nan
4001.034,1.545356e-05,0.0,nan,nan,nan
4001.117,1.545449e-05,0.0,nan,nan,nan
4001.201,1.545412e-05,0.0,nan,nan,nan
4001.284,1.545771e-05,0.0,nan,nan,nan
4001.368,1.545491e-05,0.0,nan,nan,nan
4001.452,1.545559e-05,0.0,nan,nan,nan
4001.536,1.545863e-05,0.0,nan,nan,nan
4001.619,1.545442e-05,0.0,nan,nan,nan
4001.703,1.545285e-05,0.0,nan,nan,nan
4001.788,1.545834e-05,0.0,nan,nan,nan
4001.871,1.545234e-05,0.0,nan,nan,nan
4001.955,1.545299e-05,0.0,nan,nan,nan
4002.038,1.545376e-05,0.0,nan,nan,nan
4002.122,1.545305e-05,0.0,nan,nan,nan
4002.231,1.545297e-05,0.0,nan,nan,nan
4002.314,1.545102e-05,0.0,nan,nan,nan
4002.398,1.545146e-05,0.0,nan,nan,nan
4002.482,1.545157e-05,0.0,nan,nan,nan
4002.59,1.545166e-05,0.0,nan,nan,nan
4002.674,1.545156e-05,0.0,nan,nan,nan
4002.758,1.545607e-05,0.0,nan,nan,nan
4002.841,1.545649e-05,0.0,nan,nan,nan
4002.925,1.545966e-05,0.0,nan,nan,nan
4003.019,1.545769e-05,0.0,nan,nan,nan
4003.103,1.545574e-05,0.0,nan,nan,nan
4003.195,1.545364e-05,0.0,nan,nan,nan
4003.279,1.545181e-05,0.0,nan,nan,nan
4003.363,1.544903e-05,0.0,nan,nan,nan
4003.446,1.544906e-05,0.0,nan,nan,nan
4003.531,1.544804e-05,0.0,nan,nan,nan
4003.615,1.545199e-05,0.0,nan,nan,nan
4003.698,1.545529e-05,0.0,nan,nan,nan
4003.801,1.545554e-05,0.0,nan,nan,nan
4003.884,1.545244e-05,0.0,nan,nan,nan
4003.968,1.545054e-05,0.0,nan,nan,nan
4004.051,1.544967e-05,0.0,nan,nan,nan
4004.135,1.545622e-05,0.0,nan,nan,nan
4004.236,1.545612e-05,0.0,nan,nan,nan
4004.32,1.545366e-05,0.0,nan,nan,nan
4004.403,1.545581e-05,0.0,nan,nan,nan
4004.487,1.545488e-05,0.0,nan,nan,nan
4004.573,1.545735e-05,0.0,nan,nan,nan
4004.657,1.545789e-05,0.0,nan,nan,nan
4004.741,1.545791e-05,0.0,nan,nan,nan
4004.825,1.545908e-05,0.0,nan,nan,nan
4004.916,1.545871e-05,0.0,nan,nan,nan
4005.0,1.545937e-05,0.0,nan,nan,nan
4005.083,1.545819e-05,0.0,nan,nan,nan
4005.167,1.54575e-05,0.0,nan,nan,nan
4005.251,1.546075e-05,0.0,nan,nan,nan
4005.334,1.545556e-05,0.0,nan,nan,nan
4005.44,1.545821e-05,0.0,nan,nan,nan
4005.524,1.545931e-05,0.0,nan,nan,nan
4005.607,1.545951e-05,0.0,nan,nan,nan
4005.691,1.545843e-05,0.0,nan,nan,nan
4005.776,1.545682e-05,0.0,nan,nan,nan
4005.862,1.545725e-05,0.0,nan,nan,nan
4005.945,1.545732e-05,0.0,nan,nan,nan
4006.042,1.545776e-05,0.0,nan,nan,nan
4006.126,1.54602e-05,0.0,nan,nan,nan
4006.209,1.54549e-05,0.0,nan,nan,nan
4006.293,1.545714e-05,0.0,nan,nan,nan
4006.381,1.545747e-05,0.0,nan,nan,nan
4006.465,1.545321e-05,0.0,nan,nan,nan
4006.548,1.545702e-05,0.0,nan,nan,nan
4006.661,1.545902e-05,0.0,nan,nan,nan
4006.744,1.54562e-05,0.0,nan,nan,nan
4006.828,1.545773e-05,0.0,nan,nan,nan
4006.912,1.545531e-05,0.0,nan,nan,nan
4006.996,1.545446e-05,0.0,nan,nan,nan
4007.079,1.545438e-05,0.0,nan,nan,nan
4007.163,1.545646e-05,0.0,nan,nan,nan
4007.265,1.545689e-05,0.0,nan,nan,nan
4007.348,1.545661e-05,0.0,nan,nan,nan
4007.432,1.545698e-05,0.0,nan,nan,nan
4007.515,1.545645e-05,0.0,nan,nan,nan
4007.601,1.545524e-05,0.0,nan,nan,nan
4007.687,1.54557e-05,0.0,nan,nan,nan
4007.77,1.545449e-05,0.0,nan,nan,nan
4007.877,1.545316e-05,0.0,nan,nan,nan
4007.96,1.54551e-05,0.0,nan,nan,nan
4008.044,1.545221e-05,0.0,nan,nan,nan
4008.128,1.545313e-05,0.0,nan,nan,nan
4008.211,1.545272e-05,0.0,nan,nan,nan
4008.302,1.545517e-05,0.0,nan,nan,nan
4008.431,1.545516e-05,0.0,nan,nan,nan
4008.514,1.545535e-05,0.0,nan,nan,nan
4008.598,1.545221e-05,0.0,nan,nan,nan
4008.682,1.54566e-05,0.0,nan,nan,nan
4008.765,1.545862e-05,0.0,nan,nan,nan
4008.849,1.545893e-05,0.0,nan,nan,nan
4008.932,1.54522e-05,0.0,nan,nan,nan
4009.018,1.545603e-05,0.0,nan,nan,nan
4009.114,1.545275e-05,0.0,nan,nan,nan
4009.197,1.545519e-05,0.0,nan,nan,nan
4009.281,1.545885e-05,0.0,nan,nan,nan
4009.364,1.545175e-05,0.0,nan,nan,nan
4009.448,1.545205e-05,0.0,nan,nan,nan
4009.559,1.545723e-05,0.0,nan,nan,nan
4009.643,1.545145e-05,0.0,nan,nan,nan
4009.752,1.545093e-05,0.0,nan,nan,nan
4009.838,1.545286e-05,0.0,nan,nan,nan
4009.926,1.545386e-05,0.0,nan,nan,nan
4010.01,1.545534e-05,0.0,nan,nan,nan
4010.094,1.545717e-05,0.0,nan,nan,nan
4010.177,1.545305e-05,0.0,nan,nan,nan
4010.261,1.545365e-05,0.0,nan,nan,nan
4010.344,1.545021e-05,0.0,nan,nan,nan
4010.428,1.545166e-05,0.0,nan,nan,nan
4010.522,1.545596e-05,0.0,nan,nan,nan
4010.606,1.545304e-05,0.0,nan,nan,nan
4010.69,1.545393e-05,0.0,nan,nan,nan
4010.774,1.545588e-05,0.0,nan,nan,nan
4010.857,1.545159e-05,0.0,nan,nan,nan
4010.948,1.54501e-05,0.0,nan,nan,nan
4011.032,1.545861e-05,0.0,nan,nan,nan
4011.116,1.545499e-05,0.0,nan,nan,nan
4011.199,1.545647e-05,0.0,nan,nan,nan
4011.283,1.545582e-05,0.0,nan,nan,nan
4011.366,1.545434e-05,0.0,nan,nan,nan
4011.45,1.545609e-05,0.0,nan,nan,nan
4011.539,1.545305e-05,0.0,nan,nan,nan
4011.623,1.545103e-05,0.0,nan,nan,nan
4011.706,1.545229e-05,0.0,nan,nan,nan
4011.79,1.545249e-05,0.0,nan,nan,nan
4011.874,1.545127e-05,0.0,nan,nan,nan
4011.968,1.545398e-05,0.0,nan,nan,nan
4012.051,1.545403e-05,0.0,nan,nan,nan
4012.141,1.545464e-05,0.0,nan,nan,nan
4012.225,1.545602e-05,0.0,nan,nan,nan
4012.308,1.545581e-05,0.0,nan,nan,nan
4012.392,1.5455e-05,0.0,nan,nan,nan
4012.475,1.545744e-05,0.0,nan,nan,nan
4012.586,1.545758e-05,0.0,nan,nan,nan
4012.67,1.545867e-05,0.0,nan,nan,nan
4012.754,1.545616e-05,0.0,nan,nan,nan
4012.838,1.545695e-05,0.0,nan,nan,nan
4012.922,1.545307e-05,0.0,nan,nan,nan
4013.005,1.54522e-05,0.0,nan,nan,nan
4013.089,1.546066e-05,0.0,nan,nan,nan
4013.174,1.545805e-05,0.0,nan,nan,nan
4013.258,1.545847e-05,0.0,nan,nan,nan
4013.341,1.545589e-05,0.0,nan,nan,nan
4013.425,1.545676e-05,0.0,nan,nan,nan
4013.509,1.545832e-05,0.0,nan,nan,nan
4013.599,1.545751e-05,0.0,nan,nan,nan
4013.683,1.545257e-05,0.0,nan,nan,nan
4013.777,1.545559e-05,0.0,nan,nan,nan
4013.861,1.545486e-05,0.0,nan,nan,nan
4013.945,1.54591e-05,0.0,nan,nan,nan
4014.033,1.545636e-05,0.0,nan,nan,nan
4014.118,1.545362e-05,0.0,nan,nan,nan
4014.202,1.54562e-05,0.0,nan,nan,nan
4014.286,1.545483e-05,0.0,nan,nan,nan
4014.37,1.545531e-05,0.0,nan,nan,nan
4014.453,1.545666e-05,0.0,nan,nan,nan
4014.537,1.545433e-05,0.0,nan,nan,nan
4014.647,1.545558e-05,0.0,nan,nan,nan
4014.731,1.544891e-05,0.0,nan,nan,nan
4014.815,1.545288e-05,0.0,nan,nan,nan
4014.898,1.545293e-05,0.0,nan,nan,nan
4014.982,1.545702e-05,0.0,nan,nan,nan
4015.066,1.545561e-05,0.0,nan,nan,nan
4015.153,1.545199e-05,0.0,nan,nan,nan
4015.237,1.54523e-05,0.0,nan,nan,nan
4015.321,1.545402e-05,0.0,nan,nan,nan
4015.406,1.545607e-05,0.0,nan,nan,nan
4015.49,1.544908e-05,0.0,nan,nan,nan
4015.573,1.545623e-05,0.0,nan,nan,nan
4015.657,1.545254e-05,0.0,nan,nan,nan
4015.741,1.545156e-05,0.0,nan,nan,nan
4015.833,1.545201e-05,0.0,nan,nan,nan
4015.917,1.544736e-05,0.0,nan,nan,nan
4016.0,1.544783e-05,0.0,nan,nan,nan
4016.084,1.545055e-05,0.0,nan,nan,nan
4016.173,1.544478e-05,0.0,nan,nan,nan
4016.257,1.545043e-05,0.0,nan,nan,nan
4016.341,1.545203e-05,0.0,nan,nan,nan
4016.425,1.545087e-05,0.0,nan,nan,nan
4016.508,1.545109e-05,0.0,nan,nan,nan
4016.592,1.544854e-05,0.0,nan,nan,nan
4016.676,1.545141e-05,0.0,nan,nan,nan
4016.759,1.545177e-05,0.0,nan,nan,nan
4016.856,1.54497e-05,0.0,nan,nan,nan
4016.939,1.54492e-05,0.0,nan,nan,nan
4017.044,1.545227e-05,0.0,nan,nan,nan
4017.127,1.545031e-05,0.0,nan,nan,nan
4017.211,1.545306e-05,0.0,nan,nan,nan
4017.295,1.54463e-05,0.0,nan,nan,nan
4017.378,1.545211e-05,0.0,nan,nan,nan
4017.462,1.545244e-05,0.0,nan,nan,nan
4017.546,1.545624e-05,0.0,nan,nan,nan
4017.63,1.54538e-05,0.0,nan,nan,nan
4017.714,1.54493e-05,0.0,nan,nan,nan
4017.798,1.545413e-05,0.0,nan,nan,nan
4017.884,1.545084e-05,0.0,nan,nan,nan
4017.968,1.545296e-05,0.0,nan,nan,nan
4018.052,1.545163e-05,0.0,nan,nan,nan
4018.136,1.54505e-05,0.0,nan,nan,nan
4018.219,1.54541e-05,0.0,nan,nan,nan
4018.303,1.545445e-05,0.0,nan,nan,nan
4018.387,1.545175e-05,0.0,nan,nan,nan
4018.471,1.545088e-05,0.0,nan,nan,nan
4018.554,1.545526e-05,0.0,nan,nan,nan
4018.638,1.545564e-05,0.0,nan,nan,nan
4018.743,1.545849e-05,0.0,nan,nan,nan
4018.827,1.545281e-05,0.0,nan,nan,nan
4018.926,1.54543e-05,0.0,nan,nan,nan
4019.01,1.545178e-05,0.0,nan,nan,nan
4019.097,1.545501e-05,0.0,nan,nan,nan
4019.181,1.545064e-05,0.0,nan,nan,nan
4019.266,1.545026e-05,0.0,nan,nan,nan
4019.35,1.545411e-05,0.0,nan,nan,nan
4019.434,1.545147e-05,0.0,nan,nan,nan
4019.535,1.544851e-05,0.0,nan,nan,nan
4019.618,1.545177e-05,0.0,nan,nan,nan
4019.702,1.545171e-05,0.0,nan,nan,nan
4019.785,1.545367e-05,0.0,nan,nan,nan
4019.869,1.545555e-05,0.0,nan,nan,nan
4019.963,1.545158e-05,0.0,nan,nan,nan
4020.047,1.545341e-05,0.0,nan,nan,nan
4020.13,1.545027e-05,0.0,nan,nan,nan
4020.214,1.545288e-05,0.0,nan,nan,nan
4020.298,1.545802e-05,0.0,nan,nan,nan
4020.382,1.545746e-05,0.0,nan,nan,nan
4020.465,1.545742e-05,0.0,nan,nan,nan
4020.562,1.545555e-05,0.0,nan,nan,nan
4020.645,1.545346e-05,0.0,nan,nan,nan
4020.729,1.54497e-05,0.0,nan,nan,nan
4020.812,1.545068e-05,0.0,nan,nan,nan
4020.896,1.545412e-05,0.0,nan,nan,nan
4020.985,1.545292e-05,0.0,nan,nan,nan
4021.069,1.545652e-05,0.0,nan,nan,nan
4021.153,1.545207e-05,0.0,nan,nan,nan
4021.236,1.54516e-05,0.0,nan,nan,nan
4021.32,1.545137e-05,0.0,nan,nan,nan
4021.404,1.545274e-05,0.0,nan,nan,nan
4021.488,1.545119e-05,0.0,nan,nan,nan
4021.599,1.545283e-05,0.0,nan,nan,nan
4021.683,1.544781e-05,0.0,nan,nan,nan
4021.79,1.544879e-05,0.0,nan,nan,nan
4021.874,1.544752e-05,0.0,nan,nan,nan
4021.957,1.545393e-05,0.0,nan,nan,nan
4022.041,1.545016e-05,0.0,nan,nan,nan
4022.124,1.545215e-05,0.0,nan,nan,nan
4022.218,1.545332e-05,0.0,nan,nan,nan
4022.302,1.545189e-05,0.0,nan,nan,nan
4022.397,1.545266e-05,0.0,nan,nan,nan
4022.481,1.545431e-05,0.0,nan,nan,nan
4022.565,1.544985e-05,0.0,nan,nan,nan
4022.649,1.54555e-05,0.0,nan,nan,nan
4022.733,1.545499e-05,0.0,nan,nan,nan
4022.821,1.545325e-05,0.0,nan,nan,nan
4022.947,1.5456e-05,0.0,nan,nan,nan
4023.044,1.545315e-05,0.0,nan,nan,nan
4023.128,1.545052e-05,0.0,nan,nan,nan
4023.234,1.544727e-05,0.0,nan,nan,nan
4023.318,1.545357e-05,0.0,nan,nan,nan
4023.401,1.545085e-05,0.0,nan,nan,nan
4023.485,1.545413e-05,0.0,nan,nan,nan
4023.568,1.545326e-05,0.0,nan,nan,nan
4023.652,1.545396e-05,0.0,nan,nan,nan
4023.735,1.545495e-05,0.0,nan,nan,nan
4023.824,1.545221e-05,0.0,nan,nan,nan
4023.908,1.544844e-05,0.0,nan,nan,nan
4023.994,1.545137e-05,0.0,nan,nan,nan
4024.078,1.544842e-05,0.0,nan,nan,nan
4024.161,1.545158e-05,0.0,nan,nan,nan
4024.247,1.54545e-05,0.0,nan,nan,nan
4024.331,1.54537e-05,0.0,nan,nan,nan
4024.414,1.545315e-05,0.0,nan,nan,nan
4024.498,1.544753e-05,0.0,nan,nan,nan
4024.581,1.545237e-05,0.0,nan,nan,nan
4024.67,1.545028e-05,0.0,nan,nan,nan
4024.754,1.54528e-05,0.0,nan,nan,nan
4024.838,1.545059e-05,0.0,nan,nan,nan
4024.922,1.545173e-05,0.0,nan,nan,nan
4025.02,1.545021e-05,0.0,nan,nan,nan
4025.11,1.545139e-05,0.0,nan,nan,nan
4025.194,1.545441e-05,0.0,nan,nan,nan
4025.277,1.545055e-05,0.0,nan,nan,nan
4025.361,1.545201e-05,0.0,nan,nan,nan
4025.445,1.545148e-05,0.0,nan,nan,nan
4025.529,1.545637e-05,0.0,nan,nan,nan
4025.612,1.544978e-05,0.0,nan,nan,nan
4025.696,1.544926e-05,0.0,nan,nan,nan
4025.78,1.545363e-05,0.0,nan,nan,nan
4025.865,1.545313e-05,0.0,nan,nan,nan
4025.948,1.545119e-05,0.0,nan,nan,nan
4026.032,1.545275e-05,0.0,nan,nan,nan
4026.115,1.545249e-05,0.0,nan,nan,nan
4026.203,1.545382e-05,0.0,nan,nan,nan
4026.288,1.545213e-05,0.0,nan,nan,nan
4026.372,1.545424e-05,0.0,nan,nan,nan
4026.458,1.545765e-05,0.0,nan,nan,nan
4026.542,1.545472e-05,0.0,nan,nan,nan
4026.626,1.545476e-05,0.0,nan,nan,nan
4026.721,1.545373e-05,0.0,nan,nan,nan
4026.805,1.545347e-05,0.0,nan,nan,nan
4026.911,1.545271e-05,0.0,nan,nan,nan
4026.995,1.54537e-05,0.0,nan,nan,nan
4027.08,1.544917e-05,0.0,nan,nan,nan
4027.172,1.544903e-05,0.0,nan,nan,nan
4027.257,1.545555e-05,0.0,nan,nan,nan
4027.34,1.545342e-05,0.0,nan,nan,nan
4027.424,1.545342e-05,0.0,nan,nan,nan
4027.521,1.545377e-05,0.0,nan,nan,nan
4027.605,1.545678e-05,0.0,nan,nan,nan
4027.689,1.545225e-05,0.0,nan,nan,nan
4027.773,1.545084e-05,0.0,nan,nan,nan
4027.857,1.54556e-05,0.0,nan,nan,nan
4027.94,1.545678e-05,0.0,nan,nan,nan
4028.023,1.5454e-05,0.0,nan,nan,nan
4028.122,1.545221e-05,0.0,nan,nan,nan
4028.206,1.545455e-05,0.0,nan,nan,nan
4028.289,1.544748e-05,0.0,nan,nan,nan
4028.373,1.544859e-05,0.0,nan,nan,nan
4028.456,1.545254e-05,0.0,nan,nan,nan
4028.542,1.545209e-05,0.0,nan,nan,nan
4028.626,1.544894e-05,0.0,nan,nan,nan
4028.71,1.545208e-05,0.0,nan,nan,nan
4028.794,1.545409e-05,0.0,nan,nan,nan
4028.878,1.545148e-05,0.0,nan,nan,nan
4028.961,1.545226e-05,0.0,nan,nan,nan
4029.045,1.545247e-05,0.0,nan,nan,nan
4029.147,1.54542e-05,0.0,nan,nan,nan
4029.231,1.545174e-05,0.0,nan,nan,nan
4029.332,1.54544e-05,0.0,nan,nan,nan
4029.416,1.545171e-05,0.0,nan,nan,nan
4029.502,1.545122e-05,0.0,nan,nan,nan
4029.586,1.545093e-05,0.0,nan,nan,nan
4029.671,1.545302e-05,0.0,nan,nan,nan
4029.765,1.545529e-05,0.0,nan,nan,nan
4029.848,1.545099e-05,0.0,nan,nan,nan
4029.947,1.545051e-05,0.0,nan,nan,nan
4030.031,1.545071e-05,0.0,nan,nan,nan
4030.114,1.544938e-05,0.0,nan,nan,nan
4030.198,1.545271e-05,0.0,nan,nan,nan
4030.285,1.545107e-05,0.0,nan,nan,nan
4030.378,1.545332e-05,0.0,nan,nan,nan
4030.462,1.545345e-05,0.0,nan,nan,nan
4030.552,1.545265e-05,0.0,nan,nan,nan
4030.635,1.545441e-05,0.0,nan,nan,nan
4030.719,1.545304e-05,0.0,nan,nan,nan
4030.803,1.54518e-05,0.0,nan,nan,nan
4030.886,1.545551e-05,0.0,nan,nan,nan
4030.97,1.545274e-05,0.0,nan,nan,nan
4031.054,1.54512e-05,0.0,nan,nan,nan
4031.138,1.544922e-05,0.0,nan,nan,nan
4031.237,1.544958e-05,0.0,nan,nan,nan
4031.32,1.545015e-05,0.0,nan,nan,nan
4031.404,1.54498e-05,0.0,nan,nan,nan
4031.488,1.545172e-05,0.0,nan,nan,nan
4031.574,1.5453e-05,0.0,nan,nan,nan
4031.657,1.545734e-05,0.0,nan,nan,nan
4031.741,1.544974e-05,0.0,nan,nan,nan
4031.824,1.545277e-05,0.0,nan,nan,nan
4031.908,1.545642e-05,0.0,nan,nan,nan
4032.0,1.545411e-05,0.0,nan,nan,nan
4032.084,1.545413e-05,0.0,nan,nan,nan
4032.168,1.545608e-05,0.0,nan,nan,nan
4032.252,1.545696e-05,0.0,nan,nan,nan
4032.336,1.545324e-05,0.0,nan,nan,nan
4032.419,1.545485e-05,0.0,nan,nan,nan
4032.503,1.545464e-05,0.0,nan,nan,nan
4032.602,1.545438e-05,0.0,nan,nan,nan
4032.686,1.545501e-05,0.0,nan,nan,nan
4032.769,1.545384e-05,0.0,nan,nan,nan
4032.853,1.545394e-05,0.0,nan,nan,nan
4032.938,1.545374e-05,0.0,nan,nan,nan
4033.022,1.545474e-05,0.0,nan,nan,nan
4033.106,1.545397e-05,0.0,nan,nan,nan
4033.189,1.545676e-05,0.0,nan,nan,nan
4033.288,1.545712e-05,0.0,nan,nan,nan
4033.372,1.545335e-05,0.0,nan,nan,nan
4033.456,1.545671e-05,0.0,nan,nan,nan
4033.539,1.545979e-05,0.0,nan,nan,nan
4033.627,1.545977e-05,0.0,nan,nan,nan
4033.71,1.546182e-05,0.0,nan,nan,nan
4033.794,1.546023e-05,0.0,nan,nan,nan
4033.878,1.54572e-05,0.0,nan,nan,nan
4033.961,1.545714e-05,0.0,nan,nan,nan
4034.048,1.54602e-05,0.0,nan,nan,nan
4034.132,1.545291e-05,0.0,nan,nan,nan
4034.216,1.545712e-05,0.0,nan,nan,nan
4034.299,1.545872e-05,0.0,nan,nan,nan
4034.386,1.545614e-05,0.0,nan,nan,nan
4034.472,1.545873e-05,0.0,nan,nan,nan
4034.556,1.545831e-05,0.0,nan,nan,nan
4034.665,1.545362e-05,0.0,nan,nan,nan
4034.748,1.545413e-05,0.0,nan,nan,nan
4034.833,1.545516e-05,0.0,nan,nan,nan
4034.916,1.545475e-05,0.0,nan,nan,nan
4035.0,1.545373e-05,0.0,nan,nan,nan
4035.083,1.545323e-05,0.0,nan,nan,nan
4035.167,1.545526e-05,0.0,nan,nan,nan
4035.264,1.54528e-05,0.0,nan,nan,nan
4035.349,1.545667e-05,0.0,nan,nan,nan
4035.432,1.545198e-05,0.0,nan,nan,nan
4035.516,1.545253e-05,0.0,nan,nan,nan
4035.599,1.545367e-05,0.0,nan,nan,nan
4035.683,1.544838e-05,0.0,nan,nan,nan
4035.766,1.545368e-05,0.0,nan,nan,nan
4035.86,1.545476e-05,0.0,nan,nan,nan
4035.944,1.545691e-05,0.0,nan,nan,nan
4036.029,1.546113e-05,0.0,nan,nan,nan
4036.113,1.545656e-05,0.0,nan,nan,nan
4036.197,1.545619e-05,0.0,nan,nan,nan
4036.294,1.545632e-05,0.0,nan,nan,nan
4036.378,1.545336e-05,0.0,nan,nan,nan
4036.482,1.545366e-05,0.0,nan,nan,nan
4036.566,1.545699e-05,0.0,nan,nan,nan
4036.649,1.545396e-05,0.0,nan,nan,nan
4036.733,1.54585e-05,0.0,nan,nan,nan
4036.817,1.545458e-05,0.0,nan,nan,nan
4036.903,1.545823e-05,0.0,nan,nan,nan
4036.986,1.545653e-05,0.0,nan,nan,nan
4037.084,1.545268e-05,0.0,nan,nan,nan
4037.167,1.545541e-05,0.0,nan,nan,nan
4037.264,1.545262e-05,0.0,nan,nan,nan
4037.348,1.545638e-05,0.0,nan,nan,nan
4037.435,1.545162e-05,0.0,nan,nan,nan
4037.533,1.545452e-05,0.0,nan,nan,nan
4037.619,1.545189e-05,0.0,nan,nan,nan
4037.706,1.545693e-05,0.0,nan,nan,nan
4037.79,1.545311e-05,0.0,nan,nan,nan
4037.873,1.545599e-05,0.0,nan,nan,nan
4037.957,1.545547e-05,0.0,nan,nan,nan
4038.043,1.545903e-05,0.0,nan,nan,nan
4038.126,1.54507e-05,0.0,nan,nan,nan
4038.21,1.54558e-05,0.0,nan,nan,nan
4038.312,1.545239e-05,0.0,nan,nan,nan
4038.396,1.545499e-05,0.0,nan,nan,nan
4038.48,1.545521e-05,0.0,nan,nan,nan
4038.564,1.545052e-05,0.0,nan,nan,nan
4038.652,1.545305e-05,0.0,nan,nan,nan
4038.736,1.545654e-05,0.0,nan,nan,nan
4038.82,1.545026e-05,0.0,nan,nan,nan
4038.918,1.54522e-05,0.0,nan,nan,nan
4039.002,1.544953e-05,0.0,nan,nan,nan
4039.086,1.545039e-05,0.0,nan,nan,nan
4039.169,1.544979e-05,0.0,nan,nan,nan
4039.253,1.545518e-05,0.0,nan,nan,nan
4039.337,1.54559e-05,0.0,nan,nan,nan
4039.421,1.545266e-05,0.0,nan,nan,nan
4039.514,1.54533e-05,0.0,nan,nan,nan
4039.6,1.545432e-05,0.0,nan,nan,nan
4039.684,1.545371e-05,0.0,nan,nan,nan
4039.767,1.545763e-05,0.0,nan,nan,nan
4039.856,1.545192e-05,0.0,nan,nan,nan
4039.96,1.545384e-05,0.0,nan,nan,nan
4040.043,1.54522e-05,0.0,nan,nan,nan
4040.129,1.54515e-05,0.0,nan,nan,nan
4040.213,1.545182e-05,0.0,nan,nan,nan
4040.297,1.545086e-05,0.0,nan,nan,nan
4040.381,1.545136e-05,0.0,nan,nan,nan
4040.467,1.545173e-05,0.0,nan,nan,nan
4040.55,1.545492e-05,0.0,nan,nan,nan
4040.634,1.545595e-05,0.0,nan,nan,nan
4040.717,1.545218e-05,0.0,nan,nan,nan
4040.801,1.545311e-05,0.0,nan,nan,nan
4040.884,1.544871e-05,0.0,nan,nan,nan
4040.968,1.545432e-05,0.0,nan,nan,nan
4041.052,1.545103e-05,0.0,nan,nan,nan
4041.148,1.54502e-05,0.0,nan,nan,nan
4041.231,1.5452e-05,0.0,nan,nan,nan
4041.315,1.545397e-05,0.0,nan,nan,nan
4041.398,1.545319e-05,0.0,nan,nan,nan
4041.483,1.545376e-05,0.0,nan,nan,nan
4041.612,1.54552e-05,0.0,nan,nan,nan
4041.698,1.545342e-05,0.0,nan,nan,nan
4041.791,1.545638e-05,0.0,nan,nan,nan
4041.875,1.545516e-05,0.0,nan,nan,nan
4041.975,1.545791e-05,0.0,nan,nan,nan
4042.058,1.545459e-05,0.0,nan,nan,nan
4042.143,1.545625e-05,0.0,nan,nan,nan
4042.227,1.545303e-05,0.0,nan,nan,nan
4042.31,1.545462e-05,0.0,nan,nan,nan
4042.399,1.545136e-05,0.0,nan,nan,nan
4042.483,1.545623e-05,0.0,nan,nan,nan
4042.592,1.545658e-05,0.0,nan,nan,nan
4042.675,1.545431e-05,0.0,nan,nan,nan
4042.759,1.545777e-05,0.0,nan,nan,nan
4042.843,1.545629e-05,0.0,nan,nan,nan
4042.926,1.545756e-05,0.0,nan,nan,nan
4043.015,1.546146e-05,0.0,nan,nan,nan
4043.099,1.545765e-05,0.0,nan,nan,nan
4043.198,1.545777e-05,0.0,nan,nan,nan
4043.281,1.545532e-05,0.0,nan,nan,nan
4043.367,1.545359e-05,0.0,nan,nan,nan
4043.45,1.545424e-05,0.0,nan,nan,nan
4043.533,1.545667e-05,0.0,nan,nan,nan
4043.631,1.545383e-05,0.0,nan,nan,nan
4043.714,1.545345e-05,0.0,nan,nan,nan
4043.799,1.545288e-05,0.0,nan,nan,nan
4043.883,1.545684e-05,0.0,nan,nan,nan
4043.969,1.545136e-05,0.0,nan,nan,nan
4044.052,1.545396e-05,0.0,nan,nan,nan
4044.136,1.545428e-05,0.0,nan,nan,nan
4044.228,1.545583e-05,0.0,nan,nan,nan
4044.311,1.54504e-05,0.0,nan,nan,nan
4044.397,1.545226e-05,0.0,nan,nan,nan
4044.481,1.545772e-05,0.0,nan,nan,nan
4044.565,1.545748e-05,0.0,nan,nan,nan
4044.649,1.545805e-05,0.0,nan,nan,nan
4044.737,1.545469e-05,0.0,nan,nan,nan
4044.83,1.545983e-05,0.0,nan,nan,nan
4044.914,1.545625e-05,0.0,nan,nan,nan
4045.002,1.545447e-05,0.0,nan,nan,nan
4045.085,1.545304e-05,0.0,nan,nan,nan
4045.169,1.545677e-05,0.0,nan,nan,nan
4045.252,1.545776e-05,0.0,nan,nan,nan
4045.336,1.54509e-05,0.0,nan,nan,nan
4045.441,1.5451e-05,0.0,nan,nan,nan
4045.524,1.545693e-05,0.0,nan,nan,nan
4045.608,1.545436e-05,0.0,nan,nan,nan
4045.692,1.545424e-05,0.0,nan,nan,nan
4045.777,1.545599e-05,0.0,nan,nan,nan
4045.864,1.545336e-05,0.0,nan,nan,nan
4045.948,1.545691e-05,0.0,nan,nan,nan
4046.048,1.545656e-05,0.0,nan,nan,nan
4046.132,1.545709e-05,0.0,nan,nan,nan
4046.216,1.545603e-05,0.0,nan,nan,nan
4046.3,1.54529e-05,0.0,nan,nan,nan
4046.384,1.544952e-05,0.0,nan,nan,nan
4046.467,1.544915e-05,0.0,nan,nan,nan
4046.551,1.545739e-05,0.0,nan,nan,nan
4046.645,1.544954e-05,0.0,nan,nan,nan
4046.729,1.545296e-05,0.0,nan,nan,nan
4046.813,1.545502e-05,0.0,nan,nan,nan
4046.896,1.545322e-05,0.0,nan,nan,nan
4046.982,1.545422e-05,0.0,nan,nan,nan
4047.074,1.545764e-05,0.0,nan,nan,nan
4047.158,1.545467e-05,0.0,nan,nan,nan
4047.241,1.545477e-05,0.0,nan,nan,nan
4047.325,1.54558e-05,0.0,nan,nan,nan
4047.409,1.545349e-05,0.0,nan,nan,nan
4047.501,1.545261e-05,0.0,nan,nan,nan
4047.585,1.545425e-05,0.0,nan,nan,nan
4047.691,1.545608e-05,0.0,nan,nan,nan
4047.774,1.545441e-05,0.0,nan,nan,nan
4047.858,1.545706e-05,0.0,nan,nan,nan
4047.948,1.545577e-05,0.0,nan,nan,nan
4048.031,1.545863e-05,0.0,nan,nan,nan
4048.115,1.54586e-05,0.0,nan,nan,nan
4048.199,1.545626e-05,0.0,nan,nan,nan
4048.291,1.545566e-05,0.0,nan,nan,nan
4048.375,1.545607e-05,0.0,nan,nan,nan
4048.459,1.546058e-05,0.0,nan,nan,nan
4048.542,1.545208e-05,0.0,nan,nan,nan
4048.626,1.545236e-05,0.0,nan,nan,nan
4048.716,1.545051e-05,0.0,nan,nan,nan
4048.8,1.545267e-05,0.0,nan,nan,nan
4048.904,1.545242e-05,0.0,nan,nan,nan
4048.987,1.545307e-05,0.0,nan,nan,nan
4049.073,1.545284e-05,0.0,nan,nan,nan
4049.156,1.545419e-05,0.0,nan,nan,nan
4049.24,1.544924e-05,0.0,nan,nan,nan
4049.324,1.545339e-05,0.0,nan,nan,nan
4049.407,1.545346e-05,0.0,nan,nan,nan
4049.491,1.545652e-05,0.0,nan,nan,nan
4049.575,1.545727e-05,0.0,nan,nan,nan
4049.658,1.545297e-05,0.0,nan,nan,nan
4049.743,1.545275e-05,0.0,nan,nan,nan
4049.826,1.545246e-05,0.0,nan,nan,nan
4049.922,1.545612e-05,0.0,nan,nan,nan
4050.005,1.545331e-05,0.0,nan,nan,nan
4050.089,1.545053e-05,0.0,nan,nan,nan
4050.172,1.545219e-05,0.0,nan,nan,nan
4050.256,1.545137e-05,0.0,nan,nan,nan
4050.361,1.545087e-05,0.0,nan,nan,nan
4050.445,1.545297e-05,0.0,nan,nan,nan
4050.534,1.545384e-05,0.0,nan,nan,nan
4050.618,1.545105e-05,0.0,nan,nan,nan
4050.702,1.545187e-05,0.0,nan,nan,nan
4050.785,1.5452e-05,0.0,nan,nan,nan
4050.871,1.54533e-05,0.0,nan,nan,nan
4050.968,1.545312e-05,0.0,nan,nan,nan
4051.051,1.54536e-05,0.0,nan,nan,nan
4051.136,1.545264e-05,0.0,nan,nan,nan
4051.22,1.545485e-05,0.0,nan,nan,nan
4051.308,1.545921e-05,0.0,nan,nan,nan
4051.395,1.545542e-05,0.0,nan,nan,nan
4051.482,1.545383e-05,0.0,nan,nan,nan
4051.568,1.545664e-05,0.0,nan,nan,nan
4051.652,1.5456e-05,0.0,nan,nan,nan
4051.735,1.545373e-05,0.0,nan,nan,nan
4051.819,1.54534e-05,0.0,nan,nan,nan
4051.903,1.545125e-05,0.0,nan,nan,nan
4051.995,1.545406e-05,0.0,nan,nan,nan
4052.079,1.545549e-05,0.0,nan,nan,nan
4052.166,1.545674e-05,0.0,nan,nan,nan
4052.25,1.545544e-05,0.0,nan,nan,nan
4052.333,1.545446e-05,0.0,nan,nan,nan
4052.417,1.545384e-05,0.0,nan,nan,nan
4052.5,1.545208e-05,0.0,nan,nan,nan
4052.585,1.5456e-05,0.0,nan,nan,nan
4052.669,1.545812e-05,0.0,nan,nan,nan
4052.752,1.545188e-05,0.0,nan,nan,nan
4052.836,1.545885e-05,0.0,nan,nan,nan
4052.92,1.545391e-05,0.0,nan,nan,nan
4053.012,1.545349e-05,0.0,nan,nan,nan
4053.096,1.54535e-05,0.0,nan,nan,nan
4053.206,1.545606e-05,0.0,nan,nan,nan
4053.29,1.5453e-05,0.0,nan,nan,nan
4053.376,1.545275e-05,0.0,nan,nan,nan
4053.46,1.545633e-05,0.0,nan,nan,nan
4053.544,1.545232e-05,0.0,nan,nan,nan
4053.627,1.545431e-05,0.0,nan,nan,nan
4053.711,1.545268e-05,0.0,nan,nan,nan
4053.81,1.545264e-05,0.0,nan,nan,nan
4053.894,1.545248e-05,0.0,nan,nan,nan
4053.978,1.545569e-05,0.0,nan,nan,nan
4054.079,1.545449e-05,0.0,nan,nan,nan
4054.163,1.545238e-05,0.0,nan,nan,nan
4054.262,1.544898e-05,0.0,nan,nan,nan
4054.346,1.545499e-05,0.0,nan,nan,nan
4054.43,1.545383e-05,0.0,nan,nan,nan
4054.514,1.545409e-05,0.0,nan,nan,nan
4054.598,1.54552e-05,0.0,nan,nan,nan
4054.681,1.545501e-05,0.0,nan,nan,nan
4054.766,1.545517e-05,0.0,nan,nan,nan
4054.855,1.545259e-05,0.0,nan,nan,nan
4054.939,1.545371e-05,0.0,nan,nan,nan
4055.049,1.545574e-05,0.0,nan,nan,nan
4055.133,1.545389e-05,0.0,nan,nan,nan
4055.217,1.545599e-05,0.0,nan,nan,nan
4055.302,1.545258e-05,0.0,nan,nan,nan
4055.387,1.545185e-05,0.0,nan,nan,nan
4055.502,1.545224e-05,0.0,nan,nan,nan
4055.588,1.545597e-05,0.0,nan,nan,nan
4055.705,1.545199e-05,0.0,nan,nan,nan
4055.79,1.545151e-05,0.0,nan,nan,nan
4055.873,1.545541e-05,0.0,nan,nan,nan
4055.957,1.545711e-05,0.0,nan,nan,nan
4056.048,1.545331e-05,0.0,nan,nan,nan
4056.134,1.545125e-05,0.0,nan,nan,nan
4056.219,1.54535e-05,0.0,nan,nan,nan
4056.302,1.544874e-05,0.0,nan,nan,nan
4056.386,1.545428e-05,0.0,nan,nan,nan
4056.47,1.545231e-05,0.0,nan,nan,nan
4056.554,1.545317e-05,0.0,nan,nan,nan
4056.65,1.544954e-05,0.0,nan,nan,nan
4056.733,1.545129e-05,0.0,nan,nan,nan
4056.821,1.545531e-05,0.0,nan,nan,nan
4056.904,1.545336e-05,0.0,nan,nan,nan
4056.988,1.545548e-05,0.0,nan,nan,nan
4057.09,1.545367e-05,0.0,nan,nan,nan
4057.173,1.545249e-05,0.0,nan,nan,nan
4057.259,1.545461e-05,0.0,nan,nan,nan
4057.343,1.545999e-05,0.0,nan,nan,nan
4057.431,1.544965e-05,0.0,nan,nan,nan
4057.527,1.545082e-05,0.0,nan,nan,nan
4057.611,1.54547e-05,0.0,nan,nan,nan
4057.703,1.545181e-05,0.0,nan,nan,nan
4057.787,1.545234e-05,0.0,nan,nan,nan
4057.882,1.545298e-05,0.0,nan,nan,nan
4057.966,1.545192e-05,0.0,nan,nan,nan
4058.049,1.54558e-05,0.0,nan,nan,nan
4058.133,1.545108e-05,0.0,nan,nan,nan
4058.216,1.545474e-05,0.0,nan,nan,nan
4058.304,1.545475e-05,0.0,nan,nan,nan
4058.387,1.54537e-05,0.0,nan,nan,nan
4058.472,1.545551e-05,0.0,nan,nan,nan
4058.556,1.545478e-05,0.0,nan,nan,nan
4058.639,1.545087e-05,0.0,nan,nan,nan
4058.723,1.545415e-05,0.0,nan,nan,nan
4058.807,1.545027e-05,0.0,nan,nan,nan
4058.916,1.545172e-05,0.0,nan,nan,nan
4059.0,1.544886e-05,0.0,nan,nan,nan
4059.083,1.545125e-05,0.0,nan,nan,nan
4059.167,1.544971e-05,0.0,nan,nan,nan
4059.25,1.545094e-05,0.0,nan,nan,nan
4059.334,1.545051e-05,0.0,nan,nan,nan
4059.417,1.545191e-05,0.0,nan,nan,nan
4059.501,1.544973e-05,0.0,nan,nan,nan
4059.585,1.545465e-05,0.0,nan,nan,nan
4059.669,1.545032e-05,0.0,nan,nan,nan
4059.752,1.545359e-05,0.0,nan,nan,nan
4059.836,1.545427e-05,0.0,nan,nan,nan
4059.929,1.545853e-05,0.0,nan,nan,nan
4060.013,1.545323e-05,0.0,nan,nan,nan
4060.117,1.545299e-05,0.0,nan,nan,nan
4060.201,1.545035e-05,0.0,nan,nan,nan
4060.289,1.545137e-05,0.0,nan,nan,nan
4060.372,1.545004e-05,0.0,nan,nan,nan
4060.456,1.544913e-05,0.0,nan,nan,nan
4060.545,1.544672e-05,0.0,nan,nan,nan
4060.629,1.544945e-05,0.0,nan,nan,nan
4060.712,1.545192e-05,0.0,nan,nan,nan
4060.796,1.545437e-05,0.0,nan,nan,nan
4060.879,1.545499e-05,0.0,nan,nan,nan
4060.987,1.54524e-05,0.0,nan,nan,nan
4061.072,1.54523e-05,0.0,nan,nan,nan
4061.169,1.545099e-05,0.0,nan,nan,nan
4061.253,1.545397e-05,0.0,nan,nan,nan
4061.348,1.545385e-05,0.0,nan,nan,nan
4061.431,1.545274e-05,0.0,nan,nan,nan
4061.515,1.545335e-05,0.0,nan,nan,nan
4061.599,1.545195e-05,0.0,nan,nan,nan
4061.687,1.544924e-05,0.0,nan,nan,nan
4061.771,1.545116e-05,0.0,nan,nan,nan
4061.855,1.545225e-05,0.0,nan,nan,nan
4061.938,1.545171e-05,0.0,nan,nan,nan
4062.022,1.545678e-05,0.0,nan,nan,nan
4062.106,1.545358e-05,0.0,nan,nan,nan
4062.196,1.545605e-05,0.0,nan,nan,nan
4062.28,1.545229e-05,0.0,nan,nan,nan
4062.363,1.545344e-05,0.0,nan,nan,nan
4062.447,1.545609e-05,0.0,nan,nan,nan
4062.533,1.545199e-05,0.0,nan,nan,nan
4062.618,1.545318e-05,0.0,nan,nan,nan
4062.702,1.545338e-05,0.0,nan,nan,nan
4062.787,1.546046e-05,0.0,nan,nan,nan
4062.871,1.545276e-05,0.0,nan,nan,nan
4062.954,1.545245e-05,0.0,nan,nan,nan
4063.038,1.545673e-05,0.0,nan,nan,nan
4063.121,1.545195e-05,0.0,nan,nan,nan
4063.228,1.545463e-05,0.0,nan,nan,nan
4063.311,1.545692e-05,0.0,nan,nan,nan
4063.404,1.545793e-05,0.0,nan,nan,nan
4063.488,1.545408e-05,0.0,nan,nan,nan
4063.571,1.545674e-05,0.0,nan,nan,nan
4063.655,1.545724e-05,0.0,nan,nan,nan
4063.739,1.545755e-05,0.0,nan,nan,nan
4063.822,1.54584e-05,0.0,nan,nan,nan
4063.906,1.545724e-05,0.0,nan,nan,nan
4063.99,1.545578e-05,0.0,nan,nan,nan
4064.074,1.545828e-05,0.0,nan,nan,nan
4064.157,1.545321e-05,0.0,nan,nan,nan
4064.249,1.545202e-05,0.0,nan,nan,nan
4064.333,1.545203e-05,0.0,nan,nan,nan
4064.419,1.545164e-05,0.0,nan,nan,nan
4064.503,1.545375e-05,0.0,nan,nan,nan
4064.586,1.545496e-05,0.0,nan,nan,nan
4064.67,1.545319e-05,0.0,nan,nan,nan
4064.754,1.545671e-05,0.0,nan,nan,nan
4064.846,1.545541e-05,0.0,nan,nan,nan
4064.93,1.545668e-05,0.0,nan,nan,nan
4065.013,1.545264e-05,0.0,nan,nan,nan
4065.097,1.545453e-05,0.0,nan,nan,nan
4065.181,1.545503e-05,0.0,nan,nan,nan
4065.265,1.545961e-05,0.0,nan,nan,nan
4065.348,1.545839e-05,0.0,nan,nan,nan
4065.432,1.545557e-05,0.0,nan,nan,nan
4065.516,1.545375e-05,0.0,nan,nan,nan
4065.6,1.54548e-05,0.0,nan,nan,nan
4065.683,1.545393e-05,0.0,nan,nan,nan
4065.77,1.545207e-05,0.0,nan,nan,nan
4065.863,1.545488e-05,0.0,nan,nan,nan
4065.946,1.545001e-05,0.0,nan,nan,nan
4066.031,1.545639e-05,0.0,nan,nan,nan
4066.115,1.545827e-05,0.0,nan,nan,nan
4066.199,1.54544e-05,0.0,nan,nan,nan
4066.282,1.545207e-05,0.0,nan,nan,nan
4066.366,1.545344e-05,0.0,nan,nan,nan
4066.498,1.545497e-05,0.0,nan,nan,nan
4066.581,1.545122e-05,0.0,nan,nan,nan
4066.665,1.54532e-05,0.0,nan,nan,nan
4066.749,1.545428e-05,0.0,nan,nan,nan
4066.834,1.545566e-05,0.0,nan,nan,nan
4066.918,1.54579e-05,0.0,nan,nan,nan
4067.002,1.545723e-05,0.0,nan,nan,nan
4067.088,1.545716e-05,0.0,nan,nan,nan
4067.172,1.545633e-05,0.0,nan,nan,nan
4067.256,1.545721e-05,0.0,nan,nan,nan
4067.339,1.545597e-05,0.0,nan,nan,nan
4067.423,1.545815e-05,0.0,nan,nan,nan
4067.517,1.545714e-05,0.0,nan,nan,nan
4067.6,1.545718e-05,0.0,nan,nan,nan
4067.699,1.545511e-05,0.0,nan,nan,nan
4067.783,1.545352e-05,0.0,nan,nan,nan
4067.867,1.545299e-05,0.0,nan,nan,nan
4067.95,1.545804e-05,0.0,nan,nan,nan
4068.036,1.545505e-05,0.0,nan,nan,nan
4068.122,1.545546e-05,0.0,nan,nan,nan
4068.206,1.545413e-05,0.0,nan,nan,nan
4068.297,1.545118e-05,0.0,nan,nan,nan
4068.381,1.544817e-05,0.0,nan,nan,nan
4068.465,1.54524e-05,0.0,nan,nan,nan
4068.557,1.545314e-05,0.0,nan,nan,nan
4068.64,1.545234e-05,0.0,nan,nan,nan
4068.729,1.545443e-05,0.0,nan,nan,nan
4068.813,1.545117e-05,0.0,nan,nan,nan
4068.916,1.545462e-05,0.0,nan,nan,nan
4069.0,1.545963e-05,0.0,nan,nan,nan
4069.084,1.545535e-05,0.0,nan,nan,nan
4069.168,1.545632e-05,0.0,nan,nan,nan
4069.253,1.545563e-05,0.0,nan,nan,nan
4069.337,1.545425e-05,0.0,nan,nan,nan
4069.421,1.545572e-05,0.0,nan,nan,nan
4069.504,1.545774e-05,0.0,nan,nan,nan
4069.588,1.545711e-05,0.0,nan,nan,nan
4069.672,1.545722e-05,0.0,nan,nan,nan
4069.759,1.545973e-05,0.0,nan,nan,nan
4069.843,1.546139e-05,0.0,nan,nan,nan
4069.926,1.545606e-05,0.0,nan,nan,nan
4070.01,1.545742e-05,0.0,nan,nan,nan
4070.093,1.54598e-05,0.0,nan,nan,nan
4070.177,1.545406e-05,0.0,nan,nan,nan
4070.261,1.545737e-05,0.0,nan,nan,nan
4070.345,1.545748e-05,0.0,nan,nan,nan
4070.428,1.545756e-05,0.0,nan,nan,nan
4070.512,1.545646e-05,0.0,nan,nan,nan
4070.631,1.545286e-05,0.0,nan,nan,nan
4070.716,1.545598e-05,0.0,nan,nan,nan
4070.799,1.545699e-05,0.0,nan,nan,nan
4070.883,1.545483e-05,0.0,nan,nan,nan
4070.981,1.545848e-05,0.0,nan,nan,nan
4071.065,1.54577e-05,0.0,nan,nan,nan
4071.148,1.545747e-05,0.0,nan,nan,nan
4071.234,1.54591e-05,0.0,nan,nan,nan
4071.318,1.545795e-05,0.0,nan,nan,nan
4071.406,1.545822e-05,0.0,nan,nan,nan
4071.49,1.545559e-05,0.0,nan,nan,nan
4071.574,1.545257e-05,0.0,nan,nan,nan
4071.657,1.545036e-05,0.0,nan,nan,nan
4071.741,1.545237e-05,0.0,nan,nan,nan
4071.825,1.545468e-05,0.0,nan,nan,nan
4071.908,1.544886e-05,0.0,nan,nan,nan
4071.995,1.545343e-05,0.0,nan,nan,nan
4072.079,1.545302e-05,0.0,nan,nan,nan
4072.163,1.545325e-05,0.0,nan,nan,nan
4072.246,1.545205e-05,0.0,nan,nan,nan
4072.332,1.545033e-05,0.0,nan,nan,nan
4072.42,1.545153e-05,0.0,nan,nan,nan
4072.504,1.545015e-05,0.0,nan,nan,nan
4072.61,1.545248e-05,0.0,nan,nan,nan
4072.714,1.545297e-05,0.0,nan,nan,nan
4072.808,1.545401e-05,0.0,nan,nan,nan
4072.891,1.545207e-05,0.0,nan,nan,nan
4072.975,1.545277e-05,0.0,nan,nan,nan
4073.059,1.545149e-05,0.0,nan,nan,nan
4073.143,1.5452e-05,0.0,nan,nan,nan
4073.229,1.545352e-05,0.0,nan,nan,nan
4073.313,1.545483e-05,0.0,nan,nan,nan
4073.42,1.545414e-05,0.0,nan,nan,nan
4073.504,1.545329e-05,0.0,nan,nan,nan
4073.589,1.545178e-05,0.0,nan,nan,nan
4073.672,1.545594e-05,0.0,nan,nan,nan
4073.756,1.545698e-05,0.0,nan,nan,nan
4073.839,1.545471e-05,0.0,nan,nan,nan
4073.923,1.54571e-05,0.0,nan,nan,nan
4074.007,1.54565e-05,0.0,nan,nan,nan
4074.091,1.545209e-05,0.0,nan,nan,nan
4074.174,1.54517e-05,0.0,nan,nan,nan
4074.26,1.545161e-05,0.0,nan,nan,nan
4074.343,1.54549e-05,0.0,nan,nan,nan
4074.447,1.545481e-05,0.0,nan,nan,nan
4074.531,1.545586e-05,0.0,nan,nan,nan
4074.615,1.545531e-05,0.0,nan,nan,nan
4074.698,1.545441e-05,0.0,nan,nan,nan
4074.797,1.545807e-05,0.0,nan,nan,nan
4074.899,1.545497e-05,0.0,nan,nan,nan
4074.983,1.545487e-05,0.0,nan,nan,nan
4075.07,1.545468e-05,0.0,nan,nan,nan
4075.154,1.545384e-05,0.0,nan,nan,nan
4075.239,1.545354e-05,0.0,nan,nan,nan
4075.323,1.545054e-05,0.0,nan,nan,nan
4075.406,1.544742e-05,0.0,nan,nan,nan
4075.49,1.544451e-05,0.0,nan,nan,nan
4075.573,1.545454e-05,0.0,nan,nan,nan
4075.661,1.545421e-05,0.0,nan,nan,nan
4075.745,1.545146e-05,0.0,nan,nan,nan
4075.828,1.545209e-05,0.0,nan,nan,nan
4075.912,1.545736e-05,0.0,nan,nan,nan
4075.999,1.545348e-05,0.0,nan,nan,nan
4076.09,1.545139e-05,0.0,nan,nan,nan
4076.173,1.545161e-05,0.0,nan,nan,nan
4076.282,1.545104e-05,0.0,nan,nan,nan
4076.365,1.546249e-05,0.0,nan,nan,nan
4076.449,1.545324e-05,0.0,nan,nan,nan
4076.533,1.54518e-05,0.0,nan,nan,nan
4076.617,1.545331e-05,0.0,nan,nan,nan
4076.71,1.545281e-05,0.0,nan,nan,nan
4076.794,1.545535e-05,0.0,nan,nan,nan
4076.881,1.545209e-05,0.0,nan,nan,nan
4076.965,1.5449e-05,0.0,nan,nan,nan
4077.049,1.545358e-05,0.0,nan,nan,nan
4077.133,1.545362e-05,0.0,nan,nan,nan
4077.22,1.545465e-05,0.0,nan,nan,nan
4077.312,1.545268e-05,0.0,nan,nan,nan
4077.396,1.545279e-05,0.0,nan,nan,nan
4077.481,1.545515e-05,0.0,nan,nan,nan
4077.565,1.545549e-05,0.0,nan,nan,nan
4077.648,1.544734e-05,0.0,nan,nan,nan
4077.732,1.545306e-05,0.0,nan,nan,nan
4077.815,1.545209e-05,0.0,nan,nan,nan
4077.899,1.545355e-05,0.0,nan,nan,nan
4077.983,1.545647e-05,0.0,nan,nan,nan
4078.068,1.54549e-05,0.0,nan,nan,nan
4078.152,1.545344e-05,0.0,nan,nan,nan
4078.239,1.545377e-05,0.0,nan,nan,nan
4078.336,1.545188e-05,0.0,nan,nan,nan
4078.42,1.545563e-05,0.0,nan,nan,nan
4078.521,1.54548e-05,0.0,nan,nan,nan
4078.605,1.545417e-05,0.0,nan,nan,nan
4078.689,1.545648e-05,0.0,nan,nan,nan
4078.773,1.545275e-05,0.0,nan,nan,nan
4078.856,1.545443e-05,0.0,nan,nan,nan
4078.947,1.545012e-05,0.0,nan,nan,nan
4079.031,1.545281e-05,0.0,nan,nan,nan
4079.114,1.54521e-05,0.0,nan,nan,nan
4079.198,1.545457e-05,0.0,nan,nan,nan
4079.281,1.545484e-05,0.0,nan,nan,nan
4079.365,1.545559e-05,0.0,nan,nan,nan
4079.448,1.545206e-05,0.0,nan,nan,nan
4079.546,1.545453e-05,0.0,nan,nan,nan
4079.63,1.545557e-05,0.0,nan,nan,nan
4079.713,1.545127e-05,0.0,nan,nan,nan
4079.797,1.545612e-05,0.0,nan,nan,nan
4079.881,1.545515e-05,0.0,nan,nan,nan
4079.983,1.545718e-05,0.0,nan,nan,nan
4080.072,1.545451e-05,0.0,nan,nan,nan
4080.157,1.545867e-05,0.0,nan,nan,nan
4080.241,1.545557e-05,0.0,nan,nan,nan
4080.324,1.544956e-05,0.0,nan,nan,nan
4080.408,1.545466e-05,0.0,nan,nan,nan
4080.495,1.545054e-05,0.0,nan,nan,nan
4080.579,1.545198e-05,0.0,nan,nan,nan
4080.663,1.545561e-05,0.0,nan,nan,nan
4080.766,1.545434e-05,0.0,nan,nan,nan
4080.85,1.545685e-05,0.0,nan,nan,nan
4080.933,1.545901e-05,0.0,nan,nan,nan
4081.034,1.545923e-05,0.0,nan,nan,nan
4081.117,1.545621e-05,0.0,nan,nan,nan
4081.201,1.545583e-05,0.0,nan,nan,nan
4081.286,1.545828e-05,0.0,nan,nan,nan
4081.386,1.545575e-05,0.0,nan,nan,nan
4081.47,1.54589e-05,0.0,nan,nan,nan
4081.567,1.545512e-05,0.0,nan,nan,nan
4081.651,1.545676e-05,0.0,nan,nan,nan
4081.734,1.545763e-05,0.0,nan,nan,nan
4081.818,1.545526e-05,0.0,nan,nan,nan
4081.902,1.545321e-05,0.0,nan,nan,nan
4082.0,1.545387e-05,0.0,nan,nan,nan
4082.084,1.545463e-05,0.0,nan,nan,nan
4082.188,1.545492e-05,0.0,nan,nan,nan
4082.272,1.545747e-05,0.0,nan,nan,nan
4082.356,1.54577e-05,0.0,nan,nan,nan
4082.439,1.545542e-05,0.0,nan,nan,nan
4082.523,1.545462e-05,0.0,nan,nan,nan
4082.61,1.546074e-05,0.0,nan,nan,nan
4082.694,1.545619e-05,0.0,nan,nan,nan
4082.8,1.54528e-05,0.0,nan,nan,nan
4082.884,1.545696e-05,0.0,nan,nan,nan
4082.967,1.546109e-05,0.0,nan,nan,nan
4083.093,1.546104e-05,0.0,nan,nan,nan
4083.177,1.545896e-05,0.0,nan,nan,nan
4083.26,1.545636e-05,0.0,nan,nan,nan
4083.344,1.545812e-05,0.0,nan,nan,nan
4083.443,1.545361e-05,0.0,nan,nan,nan
4083.527,1.545403e-05,0.0,nan,nan,nan
4083.628,1.545799e-05,0.0,nan,nan,nan
4083.712,1.545697e-05,0.0,nan,nan,nan
4083.816,1.545507e-05,0.0,nan,nan,nan
4083.9,1.545518e-05,0.0,nan,nan,nan
4083.983,1.545581e-05,0.0,nan,nan,nan
4084.067,1.545697e-05,0.0,nan,nan,nan
4084.153,1.54563e-05,0.0,nan,nan,nan
4084.246,1.54531e-05,0.0,nan,nan,nan
4084.33,1.545476e-05,0.0,nan,nan,nan
4084.414,1.545171e-05,0.0,nan,nan,nan
4084.498,1.54539e-05,0.0,nan,nan,nan
4084.582,1.545514e-05,0.0,nan,nan,nan
4084.665,1.545495e-05,0.0,nan,nan,nan
4084.749,1.545286e-05,0.0,nan,nan,nan
4084.851,1.545291e-05,0.0,nan,nan,nan
4084.935,1.545461e-05,0.0,nan,nan,nan
4085.045,1.545781e-05,0.0,nan,nan,nan
4085.164,1.545474e-05,0.0,nan,nan,nan
4085.267,1.545457e-05,0.0,nan,nan,nan
4085.35,1.545264e-05,0.0,nan,nan,nan
4085.457,1.545637e-05,0.0,nan,nan,nan
4085.541,1.545194e-05,0.0,nan,nan,nan
4085.648,1.545447e-05,0.0,nan,nan,nan
4085.732,1.545606e-05,0.0,nan,nan,nan
4085.815,1.545518e-05,0.0,nan,nan,nan
4085.899,1.545919e-05,0.0,nan,nan,nan
4085.983,1.545573e-05,0.0,nan,nan,nan
4086.066,1.545422e-05,0.0,nan,nan,nan
4086.15,1.545296e-05,0.0,nan,nan,nan
4086.234,1.545236e-05,0.0,nan,nan,nan
4086.317,1.545447e-05,0.0,nan,nan,nan
4086.401,1.545508e-05,0.0,nan,nan,nan
4086.495,1.545109e-05,0.0,nan,nan,nan
4086.579,1.545268e-05,0.0,nan,nan,nan
4086.68,1.545268e-05,0.0,nan,nan,nan
4086.764,1.545543e-05,0.0,nan,nan,nan
4086.847,1.545431e-05,0.0,nan,nan,nan
4086.931,1.545079e-05,0.0,nan,nan,nan
4087.015,1.545293e-05,0.0,nan,nan,nan
4087.101,1.545519e-05,0.0,nan,nan,nan
4087.231,1.545082e-05,0.0,nan,nan,nan
4087.333,1.544893e-05,0.0,nan,nan,nan
4087.421,1.545228e-05,0.0,nan,nan,nan
4087.516,1.545311e-05,0.0,nan,nan,nan
4087.6,1.545054e-05,0.0,nan,nan,nan
4087.699,1.545223e-05,0.0,nan,nan,nan
4087.783,1.545533e-05,0.0,nan,nan,nan
4087.866,1.545101e-05,0.0,nan,nan,nan
4087.95,1.545432e-05,0.0,nan,nan,nan
4088.033,1.54523e-05,0.0,nan,nan,nan
4088.138,1.544669e-05,0.0,nan,nan,nan
4088.221,1.545126e-05,0.0,nan,nan,nan
4088.325,1.545596e-05,0.0,nan,nan,nan
4088.409,1.545409e-05,0.0,nan,nan,nan
4088.492,1.545287e-05,0.0,nan,nan,nan
4088.576,1.544989e-05,0.0,nan,nan,nan
4088.66,1.545279e-05,0.0,nan,nan,nan
4088.748,1.545128e-05,0.0,nan,nan,nan
4088.832,1.54529e-05,0.0,nan,nan,nan
4088.951,1.545655e-05,0.0,nan,nan,nan
4089.037,1.545295e-05,0.0,nan,nan,nan
4089.122,1.545566e-05,0.0,nan,nan,nan
4089.206,1.545827e-05,0.0,nan,nan,nan
4089.322,1.545711e-05,0.0,nan,nan,nan
4089.419,1.545747e-05,0.0,nan,nan,nan
4089.505,1.545904e-05,0.0,nan,nan,nan
4089.589,1.545499e-05,0.0,nan,nan,nan
4089.672,1.545505e-05,0.0,nan,nan,nan
4089.756,1.545594e-05,0.0,nan,nan,nan
4089.84,1.545897e-05,0.0,nan,nan,nan
4089.929,1.54605e-05,0.0,nan,nan,nan
4090.013,1.545462e-05,0.0,nan,nan,nan
4090.097,1.545937e-05,0.0,nan,nan,nan
4090.181,1.545798e-05,0.0,nan,nan,nan
4090.269,1.545818e-05,0.0,nan,nan,nan
4090.354,1.546083e-05,0.0,nan,nan,nan
4090.438,1.545711e-05,0.0,nan,nan,nan
4090.525,1.545443e-05,0.0,nan,nan,nan
4090.609,1.545515e-05,0.0,nan,nan,nan
4090.694,1.545616e-05,0.0,nan,nan,nan
4090.777,1.545411e-05,0.0,nan,nan,nan
4090.861,1.545343e-05,0.0,nan,nan,nan
4090.957,1.545511e-05,0.0,nan,nan,nan
4091.041,1.545268e-05,0.0,nan,nan,nan
4091.124,1.545123e-05,0.0,nan,nan,nan
4091.208,1.545537e-05,0.0,nan,nan,nan
4091.291,1.545487e-05,0.0,nan,nan,nan
4091.38,1.545682e-05,0.0,nan,nan,nan
4091.464,1.545315e-05,0.0,nan,nan,nan
4091.55,1.545471e-05,0.0,nan,nan,nan
4091.634,1.545231e-05,0.0,nan,nan,nan
4091.717,1.545229e-05,0.0,nan,nan,nan
4091.801,1.545171e-05,0.0,nan,nan,nan
4091.885,1.545479e-05,0.0,nan,nan,nan
4091.986,1.545724e-05,0.0,nan,nan,nan
4092.07,1.545601e-05,0.0,nan,nan,nan
4092.154,1.545396e-05,0.0,nan,nan,nan
4092.238,1.545254e-05,0.0,nan,nan,nan
4092.321,1.545743e-05,0.0,nan,nan,nan
4092.405,1.545965e-05,0.0,nan,nan,nan
4092.489,1.545574e-05,0.0,nan,nan,nan
4092.581,1.545434e-05,0.0,nan,nan,nan
4092.664,1.545629e-05,0.0,nan,nan,nan
4092.748,1.545435e-05,0.0,nan,nan,nan
4092.831,1.545638e-05,0.0,nan,nan,nan
4092.915,1.545618e-05,0.0,nan,nan,nan
4093.002,1.545748e-05,0.0,nan,nan,nan
4093.085,1.545542e-05,0.0,nan,nan,nan
4093.169,1.545045e-05,0.0,nan,nan,nan
4093.252,1.545647e-05,0.0,nan,nan,nan
4093.336,1.545565e-05,0.0,nan,nan,nan
4093.43,1.545217e-05,0.0,nan,nan,nan
4093.514,1.545438e-05,0.0,nan,nan,nan
4093.619,1.54558e-05,0.0,nan,nan,nan
4093.703,1.545746e-05,0.0,nan,nan,nan
4093.809,1.545833e-05,0.0,nan,nan,nan
4093.893,1.545895e-05,0.0,nan,nan,nan
4093.976,1.545903e-05,0.0,nan,nan,nan
4094.06,1.545832e-05,0.0,nan,nan,nan
4094.144,1.545142e-05,0.0,nan,nan,nan
4094.231,1.545415e-05,0.0,nan,nan,nan
4094.314,1.545662e-05,0.0,nan,nan,nan
4094.4,1.545508e-05,0.0,nan,nan,nan
4094.484,1.545634e-05,0.0,nan,nan,nan
4094.567,1.545151e-05,0.0,nan,nan,nan
4094.651,1.545398e-05,0.0,nan,nan,nan
4094.735,1.54576e-05,0.0,nan,nan,nan
4094.828,1.545627e-05,0.0,nan,nan,nan
4094.911,1.545404e-05,0.0,nan,nan,nan
4094.997,1.545106e-05,0.0,nan,nan,nan
4095.081,1.545332e-05,0.0,nan,nan,nan
4095.165,1.545538e-05,0.0,nan,nan,nan
4095.262,1.54565e-05,0.0,nan,nan,nan
4095.345,1.545641e-05,0.0,nan,nan,nan
4095.429,1.54571e-05,0.0,nan,nan,nan
4095.532,1.545762e-05,0.0,nan,nan,nan
4095.616,1.545806e-05,0.0,nan,nan,nan
4095.699,1.545829e-05,0.0,nan,nan,nan
4095.783,1.545915e-05,0.0,nan,nan,nan
4095.866,1.545866e-05,0.0,nan,nan,nan
4095.95,1.54563e-05,0.0,nan,nan,nan
4096.062,1.545851e-05,0.0,nan,nan,nan
4096.146,1.546027e-05,0.0,nan,nan,nan
4096.229,1.545613e-05,0.0,nan,nan,nan
4096.313,1.54527e-05,0.0,nan,nan,nan
4096.397,1.545542e-05,0.0,nan,nan,nan
4096.481,1.545876e-05,0.0,nan,nan,nan
4096.565,1.545879e-05,0.0,nan,nan,nan
4096.648,1.545336e-05,0.0,nan,nan,nan
4096.732,1.545604e-05,0.0,nan,nan,nan
4096.815,1.545633e-05,0.0,nan,nan,nan
4096.899,1.545386e-05,0.0,nan,nan,nan
4096.983,1.545649e-05,0.0,nan,nan,nan
4097.081,1.545563e-05,0.0,nan,nan,nan
4097.165,1.545069e-05,0.0,nan,nan,nan
4097.249,1.545342e-05,0.0,nan,nan,nan
4097.332,1.545607e-05,0.0,nan,nan,nan
4097.416,1.54548e-05,0.0,nan,nan,nan
4097.563,1.545804e-05,0.0,nan,nan,nan
4097.647,1.545626e-05,0.0,nan,nan,nan
4097.731,1.545953e-05,0.0,nan,nan,nan
4097.815,1.545576e-05,0.0,nan,nan,nan
4097.899,1.545427e-05,0.0,nan,nan,nan
4097.983,1.545531e-05,0.0,nan,nan,nan
4098.079,1.546033e-05,0.0,nan,nan,nan
4098.163,1.545789e-05,0.0,nan,nan,nan
4098.247,1.545543e-05,0.0,nan,nan,nan
4098.331,1.545447e-05,0.0,nan,nan,nan
4098.415,1.545854e-05,0.0,nan,nan,nan
4098.506,1.545632e-05,0.0,nan,nan,nan
4098.59,1.545668e-05,0.0,nan,nan,nan
4098.674,1.545939e-05,0.0,nan,nan,nan
4098.757,1.545851e-05,0.0,nan,nan,nan
4098.84,1.545921e-05,0.0,nan,nan,nan
4098.924,1.545761e-05,0.0,nan,nan,nan
4099.008,1.545913e-05,0.0,nan,nan,nan
4099.107,1.545826e-05,0.0,nan,nan,nan
4099.191,1.545752e-05,0.0,nan,nan,nan
4099.295,1.546055e-05,0.0,nan,nan,nan
4099.379,1.545559e-05,0.0,nan,nan,nan
4099.463,1.545671e-05,0.0,nan,nan,nan
4099.547,1.545549e-05,0.0,nan,nan,nan
4099.631,1.545389e-05,0.0,nan,nan,nan
4099.714,1.546067e-05,0.0,nan,nan,nan
4099.798,1.545826e-05,0.0,nan,nan,nan
4099.882,1.545868e-05,0.0,nan,nan,nan
4099.966,1.545411e-05,0.0,nan,nan,nan
4100.054,1.545589e-05,0.0,nan,nan,nan
4100.145,1.54537e-05,0.0,nan,nan,nan
4100.229,1.545518e-05,0.0,nan,nan,nan
4100.332,1.545568e-05,0.0,nan,nan,nan
4100.416,1.545706e-05,0.0,nan,nan,nan
4100.501,1.545318e-05,0.0,nan,nan,nan
4100.585,1.545641e-05,0.0,nan,nan,nan
4100.669,1.54609e-05,0.0,nan,nan,nan
4100.762,1.545873e-05,0.0,nan,nan,nan
4100.846,1.545531e-05,0.0,nan,nan,nan
4100.929,1.545697e-05,0.0,nan,nan,nan
4101.012,1.545998e-05,0.0,nan,nan,nan
4101.096,1.545763e-05,0.0,nan,nan,nan
4101.18,1.54594e-05,0.0,nan,nan,nan
4101.263,1.545401e-05,0.0,nan,nan,nan
4101.365,1.545736e-05,0.0,nan,nan,nan
4101.448,1.545716e-05,0.0,nan,nan,nan
4101.532,1.546235e-05,0.0,nan,nan,nan
4101.616,1.545651e-05,0.0,nan,nan,nan
4101.699,1.546052e-05,0.0,nan,nan,nan
4101.783,1.546092e-05,0.0,nan,nan,nan
4101.867,1.546086e-05,0.0,nan,nan,nan
4101.95,1.545642e-05,0.0,nan,nan,nan
4102.034,1.545682e-05,0.0,nan,nan,nan
4102.117,1.546439e-05,0.0,nan,nan,nan
4102.201,1.546205e-05,0.0,nan,nan,nan
4102.288,1.545662e-05,0.0,nan,nan,nan
4102.386,1.545846e-05,0.0,nan,nan,nan
4102.469,1.545769e-05,0.0,nan,nan,nan
4102.577,1.545562e-05,0.0,nan,nan,nan
4102.66,1.545755e-05,0.0,nan,nan,nan
4102.747,1.545645e-05,0.0,nan,nan,nan
4102.83,1.546116e-05,0.0,nan,nan,nan
4102.915,1.546181e-05,0.0,nan,nan,nan
4103.014,1.546357e-05,0.0,nan,nan,nan
4103.098,1.546086e-05,0.0,nan,nan,nan
4103.182,1.546037e-05,0.0,nan,nan,nan
4103.265,1.545875e-05,0.0,nan,nan,nan
4103.349,1.545829e-05,0.0,nan,nan,nan
4103.432,1.546115e-05,0.0,nan,nan,nan
4103.521,1.545629e-05,0.0,nan,nan,nan
4103.614,1.545853e-05,0.0,nan,nan,nan
4103.747,1.545398e-05,0.0,nan,nan,nan
4103.83,1.545967e-05,0.0,nan,nan,nan
4103.914,1.545859e-05,0.0,nan,nan,nan
4103.999,1.545608e-05,0.0,nan,nan,nan
4104.083,1.54556e-05,0.0,nan,nan,nan
4104.167,1.545922e-05,0.0,nan,nan,nan
4104.254,1.54559e-05,0.0,nan,nan,nan
4104.338,1.545593e-05,0.0,nan,nan,nan
4104.44,1.54561e-05,0.0,nan,nan,nan
4104.523,1.545727e-05,0.0,nan,nan,nan
4104.607,1.545553e-05,0.0,nan,nan,nan
4104.691,1.545939e-05,0.0,nan,nan,nan
4104.774,1.546049e-05,0.0,nan,nan,nan
4104.858,1.54604e-05,0.0,nan,nan,nan
4104.942,1.545567e-05,0.0,nan,nan,nan
4105.042,1.545715e-05,0.0,nan,nan,nan
4105.126,1.545862e-05,0.0,nan,nan,nan
4105.213,1.545922e-05,0.0,nan,nan,nan
4105.296,1.545548e-05,0.0,nan,nan,nan
4105.38,1.545748e-05,0.0,nan,nan,nan
4105.464,1.545735e-05,0.0,nan,nan,nan
4105.548,1.545567e-05,0.0,nan,nan,nan
4105.632,1.545457e-05,0.0,nan,nan,nan
4105.715,1.545678e-05,0.0,nan,nan,nan
4105.84,1.545504e-05,0.0,nan,nan,nan
4105.928,1.545481e-05,0.0,nan,nan,nan
4106.012,1.545636e-05,0.0,nan,nan,nan
4106.096,1.545884e-05,0.0,nan,nan,nan
4106.18,1.545799e-05,0.0,nan,nan,nan
4106.281,1.545521e-05,0.0,nan,nan,nan
4106.365,1.545551e-05,0.0,nan,nan,nan
4106.448,1.545556e-05,0.0,nan,nan,nan
4106.532,1.545447e-05,0.0,nan,nan,nan
4106.615,1.545835e-05,0.0,nan,nan,nan
4106.7,1.545532e-05,0.0,nan,nan,nan
4106.784,1.545555e-05,0.0,nan,nan,nan
4106.882,1.545896e-05,0.0,nan,nan,nan
4106.966,1.546024e-05,0.0,nan,nan,nan
4107.049,1.545894e-05,0.0,nan,nan,nan
4107.133,1.545471e-05,0.0,nan,nan,nan
4107.217,1.545319e-05,0.0,nan,nan,nan
4107.301,1.545643e-05,0.0,nan,nan,nan
4107.385,1.545436e-05,0.0,nan,nan,nan
4107.469,1.545466e-05,0.0,nan,nan,nan
4107.552,1.545455e-05,0.0,nan,nan,nan
4107.636,1.545488e-05,0.0,nan,nan,nan
4107.723,1.545367e-05,0.0,nan,nan,nan
4107.807,1.545159e-05,0.0,nan,nan,nan
4107.912,1.545282e-05,0.0,nan,nan,nan
4107.995,1.545641e-05,0.0,nan,nan,nan
4108.079,1.545428e-05,0.0,nan,nan,nan
4108.163,1.545294e-05,0.0,nan,nan,nan
4108.247,1.545577e-05,0.0,nan,nan,nan
4108.33,1.545448e-05,0.0,nan,nan,nan
4108.414,1.545692e-05,0.0,nan,nan,nan
4108.498,1.545523e-05,0.0,nan,nan,nan
4108.581,1.545753e-05,0.0,nan,nan,nan
4108.665,1.545784e-05,0.0,nan,nan,nan
4108.751,1.545236e-05,0.0,nan,nan,nan
4108.835,1.545428e-05,0.0,nan,nan,nan
4108.94,1.545768e-05,0.0,nan,nan,nan
4109.024,1.545989e-05,0.0,nan,nan,nan
4109.108,1.545515e-05,0.0,nan,nan,nan
4109.192,1.54575e-05,0.0,nan,nan,nan
4109.275,1.545775e-05,0.0,nan,nan,nan
4109.359,1.545566e-05,0.0,nan,nan,nan
4109.443,1.545736e-05,0.0,nan,nan,nan
4109.53,1.54566e-05,0.0,nan,nan,nan
4109.614,1.545381e-05,0.0,nan,nan,nan
4109.699,1.545582e-05,0.0,nan,nan,nan
4109.788,1.545706e-05,0.0,nan,nan,nan
4109.872,1.545712e-05,0.0,nan,nan,nan
4109.979,1.545554e-05,0.0,nan,nan,nan
4110.062,1.545801e-05,0.0,nan,nan,nan
4110.146,1.545867e-05,0.0,nan,nan,nan
4110.23,1.545479e-05,0.0,nan,nan,nan
4110.313,1.545453e-05,0.0,nan,nan,nan
4110.397,1.54579e-05,0.0,nan,nan,nan
4110.481,1.545334e-05,0.0,nan,nan,nan
4110.564,1.545782e-05,0.0,nan,nan,nan
4110.648,1.545681e-05,0.0,nan,nan,nan
4110.732,1.545917e-05,0.0,nan,nan,nan
4110.816,1.54568e-05,0.0,nan,nan,nan
4110.9,1.545318e-05,0.0,nan,nan,nan
4111.004,1.545697e-05,0.0,nan,nan,nan
4111.088,1.545731e-05,0.0,nan,nan,nan
4111.173,1.54571e-05,0.0,nan,nan,nan
4111.257,1.545135e-05,0.0,nan,nan,nan
4111.341,1.545913e-05,0.0,nan,nan,nan
4111.424,1.545826e-05,0.0,nan,nan,nan
4111.508,1.545999e-05,0.0,nan,nan,nan
4111.599,1.545987e-05,0.0,nan,nan,nan
4111.683,1.545626e-05,0.0,nan,nan,nan
4111.766,1.54579e-05,0.0,nan,nan,nan
4111.85,1.545651e-05,0.0,nan,nan,nan
4111.935,1.545659e-05,0.0,nan,nan,nan
4112.034,1.54556e-05,0.0,nan,nan,nan
4112.118,1.546119e-05,0.0,nan,nan,nan
4112.212,1.545939e-05,0.0,nan,nan,nan
4112.296,1.545855e-05,0.0,nan,nan,nan
4112.383,1.545728e-05,0.0,nan,nan,nan
4112.466,1.5458e-05,0.0,nan,nan,nan
4112.55,1.545776e-05,0.0,nan,nan,nan
4112.638,1.545525e-05,0.0,nan,nan,nan
4112.721,1.54558e-05,0.0,nan,nan,nan
4112.806,1.545446e-05,0.0,nan,nan,nan
4112.89,1.54582e-05,0.0,nan,nan,nan
4112.973,1.545569e-05,0.0,nan,nan,nan
4113.056,1.545948e-05,0.0,nan,nan,nan
4113.14,1.54583e-05,0.0,nan,nan,nan
4113.234,1.54543e-05,0.0,nan,nan,nan
4113.318,1.545135e-05,0.0,nan,nan,nan
4113.401,1.545549e-05,0.0,nan,nan,nan
4113.485,1.545926e-05,0.0,nan,nan,nan
4113.569,1.54576e-05,0.0,nan,nan,nan
4113.655,1.545704e-05,0.0,nan,nan,nan
4113.739,1.545882e-05,0.0,nan,nan,nan
4113.837,1.545776e-05,0.0,nan,nan,nan
4113.92,1.545363e-05,0.0,nan,nan,nan
4114.004,1.545507e-05,0.0,nan,nan,nan
4114.105,1.545669e-05,0.0,nan,nan,nan
4114.189,1.545806e-05,0.0,nan,nan,nan
4114.282,1.545342e-05,0.0,nan,nan,nan
4114.366,1.545355e-05,0.0,nan,nan,nan
4114.449,1.545408e-05,0.0,nan,nan,nan
4114.533,1.545611e-05,0.0,nan,nan,nan
4114.617,1.545407e-05,0.0,nan,nan,nan
4114.704,1.545519e-05,0.0,nan,nan,nan
4114.788,1.545625e-05,0.0,nan,nan,nan
4114.873,1.545205e-05,0.0,nan,nan,nan
4114.957,1.545396e-05,0.0,nan,nan,nan
4115.041,1.545128e-05,0.0,nan,nan,nan
4115.125,1.54542e-05,0.0,nan,nan,nan
4115.209,1.545283e-05,0.0,nan,nan,nan
4115.292,1.545297e-05,0.0,nan,nan,nan
4115.376,1.545727e-05,0.0,nan,nan,nan
4115.461,1.545737e-05,0.0,nan,nan,nan
4115.545,1.545515e-05,0.0,nan,nan,nan
4115.63,1.545238e-05,0.0,nan,nan,nan
4115.714,1.545377e-05,0.0,nan,nan,nan
4115.798,1.545056e-05,0.0,nan,nan,nan
4115.9,1.545521e-05,0.0,nan,nan,nan
4115.984,1.545443e-05,0.0,nan,nan,nan
4116.081,1.545357e-05,0.0,nan,nan,nan
4116.167,1.545395e-05,0.0,nan,nan,nan
4116.252,1.545675e-05,0.0,nan,nan,nan
4116.336,1.545148e-05,0.0,nan,nan,nan
4116.421,1.544962e-05,0.0,nan,nan,nan
4116.518,1.545381e-05,0.0,nan,nan,nan
4116.602,1.545594e-05,0.0,nan,nan,nan
4116.71,1.545251e-05,0.0,nan,nan,nan
4116.794,1.545186e-05,0.0,nan,nan,nan
4116.877,1.545738e-05,0.0,nan,nan,nan
4116.961,1.54528e-05,0.0,nan,nan,nan
4117.045,1.545395e-05,0.0,nan,nan,nan
4117.128,1.545642e-05,0.0,nan,nan,nan
4117.212,1.545368e-05,0.0,nan,nan,nan
4117.302,1.545322e-05,0.0,nan,nan,nan
4117.386,1.545511e-05,0.0,nan,nan,nan
4117.469,1.545181e-05,0.0,nan,nan,nan
4117.553,1.545383e-05,0.0,nan,nan,nan
4117.638,1.545671e-05,0.0,nan,nan,nan
4117.732,1.545408e-05,0.0,nan,nan,nan
4117.816,1.5454e-05,0.0,nan,nan,nan
4117.917,1.545398e-05,0.0,nan,nan,nan
4118.001,1.545753e-05,0.0,nan,nan,nan
4118.085,1.54542e-05,0.0,nan,nan,nan
4118.169,1.545185e-05,0.0,nan,nan,nan
4118.252,1.545025e-05,0.0,nan,nan,nan
4118.336,1.545105e-05,0.0,nan,nan,nan
4118.419,1.545382e-05,0.0,nan,nan,nan
4118.503,1.545487e-05,0.0,nan,nan,nan
4118.587,1.545513e-05,0.0,nan,nan,nan
4118.67,1.545489e-05,0.0,nan,nan,nan
4118.779,1.545361e-05,0.0,nan,nan,nan
4118.863,1.545329e-05,0.0,nan,nan,nan
4118.952,1.54532e-05,0.0,nan,nan,nan
4119.036,1.545285e-05,0.0,nan,nan,nan
4119.12,1.545445e-05,0.0,nan,nan,nan
4119.204,1.545363e-05,0.0,nan,nan,nan
4119.289,1.545363e-05,0.0,nan,nan,nan
4119.372,1.545745e-05,0.0,nan,nan,nan
4119.456,1.54598e-05,0.0,nan,nan,nan
4119.55,1.545363e-05,0.0,nan,nan,nan
4119.634,1.545754e-05,0.0,nan,nan,nan
4119.717,1.545551e-05,0.0,nan,nan,nan
4119.801,1.545736e-05,0.0,nan,nan,nan
4119.886,1.545418e-05,0.0,nan,nan,nan
4119.997,1.545678e-05,0.0,nan,nan,nan
4120.081,1.545668e-05,0.0,nan,nan,nan
4120.169,1.545544e-05,0.0,nan,nan,nan
4120.269,1.545674e-05,0.0,nan,nan,nan
4120.352,1.545251e-05,0.0,nan,nan,nan
4120.436,1.54518e-05,0.0,nan,nan,nan
4120.52,1.545544e-05,0.0,nan,nan,nan
4120.604,1.545367e-05,0.0,nan,nan,nan
4120.688,1.545697e-05,0.0,nan,nan,nan
4120.79,1.545728e-05,0.0,nan,nan,nan
4120.874,1.545481e-05,0.0,nan,nan,nan
4120.959,1.546015e-05,0.0,nan,nan,nan
4121.043,1.545534e-05,0.0,nan,nan,nan
4121.13,1.545736e-05,0.0,nan,nan,nan
4121.214,1.545536e-05,0.0,nan,nan,nan
4121.298,1.545396e-05,0.0,nan,nan,nan
4121.381,1.545497e-05,0.0,nan,nan,nan
4121.465,1.545437e-05,0.0,nan,nan,nan
4121.548,1.545818e-05,0.0,nan,nan,nan
4121.632,1.545527e-05,0.0,nan,nan,nan
4121.716,1.545535e-05,0.0,nan,nan,nan
4121.804,1.545294e-05,0.0,nan,nan,nan
4121.887,1.545652e-05,0.0,nan,nan,nan
4121.972,1.545676e-05,0.0,nan,nan,nan
4122.056,1.545366e-05,0.0,nan,nan,nan
4122.14,1.545931e-05,0.0,nan,nan,nan
4122.223,1.546011e-05,0.0,nan,nan,nan
4122.307,1.545665e-05,0.0,nan,nan,nan
4122.39,1.545928e-05,0.0,nan,nan,nan
4122.474,1.545682e-05,0.0,nan,nan,nan
4122.558,1.545662e-05,0.0,nan,nan,nan
4122.642,1.545669e-05,0.0,nan,nan,nan
4122.725,1.545798e-05,0.0,nan,nan,nan
4122.809,1.54557e-05,0.0,nan,nan,nan
4122.893,1.545585e-05,0.0,nan,nan,nan
4122.977,1.545467e-05,0.0,nan,nan,nan
4123.061,1.5455e-05,0.0,nan,nan,nan
4123.145,1.545336e-05,0.0,nan,nan,nan
4123.231,1.545941e-05,0.0,nan,nan,nan
4123.315,1.545442e-05,0.0,nan,nan,nan
4123.422,1.545598e-05,0.0,nan,nan,nan
4123.506,1.5454e-05,0.0,nan,nan,nan
4123.589,1.544993e-05,0.0,nan,nan,nan
4123.673,1.545779e-05,0.0,nan,nan,nan
4123.757,1.545304e-05,0.0,nan,nan,nan
4123.841,1.544889e-05,0.0,nan,nan,nan
4123.925,1.545396e-05,0.0,nan,nan,nan
4124.008,1.544842e-05,0.0,nan,nan,nan
4124.092,1.544912e-05,0.0,nan,nan,nan
4124.176,1.545014e-05,0.0,nan,nan,nan
4124.277,1.545391e-05,0.0,nan,nan,nan
4124.361,1.545167e-05,0.0,nan,nan,nan
4124.464,1.544904e-05,0.0,nan,nan,nan
4124.554,1.545208e-05,0.0,nan,nan,nan
4124.645,1.545081e-05,0.0,nan,nan,nan
4124.729,1.54567e-05,0.0,nan,nan,nan
4124.812,1.544976e-05,0.0,nan,nan,nan
4124.896,1.545297e-05,0.0,nan,nan,nan
4124.98,1.545266e-05,0.0,nan,nan,nan
4125.064,1.545281e-05,0.0,nan,nan,nan
4125.147,1.545018e-05,0.0,nan,nan,nan
4125.233,1.545116e-05,0.0,nan,nan,nan
4125.317,1.545046e-05,0.0,nan,nan,nan
4125.4,1.545396e-05,0.0,nan,nan,nan
4125.502,1.545428e-05,0.0,nan,nan,nan
4125.586,1.545331e-05,0.0,nan,nan,nan
4125.687,1.545347e-05,0.0,nan,nan,nan
4125.771,1.545321e-05,0.0,nan,nan,nan
4125.855,1.545097e-05,0.0,nan,nan,nan
4125.939,1.54516e-05,0.0,nan,nan,nan
4126.022,1.545309e-05,0.0,nan,nan,nan
4126.109,1.545156e-05,0.0,nan,nan,nan
4126.192,1.544871e-05,0.0,nan,nan,nan
4126.276,1.545282e-05,0.0,nan,nan,nan
4126.36,1.545282e-05,0.0,nan,nan,nan
4126.445,1.545784e-05,0.0,nan,nan,nan
4126.532,1.545461e-05,0.0,nan,nan,nan
4126.616,1.54538e-05,0.0,nan,nan,nan
4126.714,1.5456e-05,0.0,nan,nan,nan
4126.798,1.545139e-05,0.0,nan,nan,nan
4126.881,1.545243e-05,0.0,nan,nan,nan
4126.964,1.545532e-05,0.0,nan,nan,nan
4127.049,1.545364e-05,0.0,nan,nan,nan
4127.145,1.545255e-05,0.0,nan,nan,nan
4127.228,1.545126e-05,0.0,nan,nan,nan
4127.313,1.545056e-05,0.0,nan,nan,nan
4127.397,1.545203e-05,0.0,nan,nan,nan
4127.483,1.5454e-05,0.0,nan,nan,nan
4127.566,1.545187e-05,0.0,nan,nan,nan
4127.65,1.545046e-05,0.0,nan,nan,nan
4127.734,1.544862e-05,0.0,nan,nan,nan
4127.818,1.545014e-05,0.0,nan,nan,nan
4127.902,1.5454e-05,0.0,nan,nan,nan
4127.986,1.545358e-05,0.0,nan,nan,nan
4128.072,1.545024e-05,0.0,nan,nan,nan
4128.165,1.545412e-05,0.0,nan,nan,nan
4128.248,1.545061e-05,0.0,nan,nan,nan
4128.349,1.545256e-05,0.0,nan,nan,nan
4128.433,1.544952e-05,0.0,nan,nan,nan
4128.516,1.545103e-05,0.0,nan,nan,nan
4128.615,1.545242e-05,0.0,nan,nan,nan
4128.701,1.544751e-05,0.0,nan,nan,nan
4128.784,1.545048e-05,0.0,nan,nan,nan
4128.868,1.545169e-05,0.0,nan,nan,nan
4128.977,1.545441e-05,0.0,nan,nan,nan
4129.061,1.545242e-05,0.0,nan,nan,nan
4129.162,1.54526e-05,0.0,nan,nan,nan
4129.246,1.545311e-05,0.0,nan,nan,nan
4129.33,1.545541e-05,0.0,nan,nan,nan
4129.413,1.545481e-05,0.0,nan,nan,nan
4129.5,1.545746e-05,0.0,nan,nan,nan
4129.591,1.545438e-05,0.0,nan,nan,nan
4129.675,1.545256e-05,0.0,nan,nan,nan
4129.758,1.545327e-05,0.0,nan,nan,nan
4129.842,1.545039e-05,0.0,nan,nan,nan
4129.925,1.545262e-05,0.0,nan,nan,nan
4130.012,1.544916e-05,0.0,nan,nan,nan
4130.095,1.545072e-05,0.0,nan,nan,nan
4130.206,1.544617e-05,0.0,nan,nan,nan
4130.289,1.545328e-05,0.0,nan,nan,nan
4130.374,1.544901e-05,0.0,nan,nan,nan
4130.458,1.545245e-05,0.0,nan,nan,nan
4130.542,1.545141e-05,0.0,nan,nan,nan
4130.626,1.54503e-05,0.0,nan,nan,nan
4130.71,1.544675e-05,0.0,nan,nan,nan
4130.794,1.544943e-05,0.0,nan,nan,nan
4130.898,1.545125e-05,0.0,nan,nan,nan
4130.981,1.545386e-05,0.0,nan,nan,nan
4131.102,1.544971e-05,0.0,nan,nan,nan
4131.187,1.545043e-05,0.0,nan,nan,nan
4131.281,1.54513e-05,0.0,nan,nan,nan
4131.364,1.545126e-05,0.0,nan,nan,nan
4131.448,1.544603e-05,0.0,nan,nan,nan
4131.531,1.545301e-05,0.0,nan,nan,nan
4131.625,1.545041e-05,0.0,nan,nan,nan
4131.709,1.545254e-05,0.0,nan,nan,nan
4131.792,1.544776e-05,0.0,nan,nan,nan
4131.876,1.544539e-05,0.0,nan,nan,nan
4131.962,1.545124e-05,0.0,nan,nan,nan
4132.045,1.544718e-05,0.0,nan,nan,nan
4132.129,1.545026e-05,0.0,nan,nan,nan
4132.212,1.545349e-05,0.0,nan,nan,nan
4132.296,1.545152e-05,0.0,nan,nan,nan
4132.381,1.545306e-05,0.0,nan,nan,nan
4132.464,1.545008e-05,0.0,nan,nan,nan
4132.548,1.545451e-05,0.0,nan,nan,nan
4132.632,1.545236e-05,0.0,nan,nan,nan
4132.747,1.545638e-05,0.0,nan,nan,nan
4132.831,1.545223e-05,0.0,nan,nan,nan
4132.914,1.545216e-05,0.0,nan,nan,nan
4132.999,1.545546e-05,0.0,nan,nan,nan
4133.082,1.545089e-05,0.0,nan,nan,nan
4133.167,1.54547e-05,0.0,nan,nan,nan
4133.268,1.545293e-05,0.0,nan,nan,nan
4133.352,1.545291e-05,0.0,nan,nan,nan
4133.455,1.545474e-05,0.0,nan,nan,nan
4133.538,1.545216e-05,0.0,nan,nan,nan
4133.623,1.545315e-05,0.0,nan,nan,nan
4133.706,1.545425e-05,0.0,nan,nan,nan
4133.791,1.545849e-05,0.0,nan,nan,nan
4133.875,1.545354e-05,0.0,nan,nan,nan
4133.958,1.545507e-05,0.0,nan,nan,nan
4134.052,1.545606e-05,0.0,nan,nan,nan
4134.136,1.54537e-05,0.0,nan,nan,nan
4134.22,1.545374e-05,0.0,nan,nan,nan
4134.304,1.545311e-05,0.0,nan,nan,nan
4134.388,1.545528e-05,0.0,nan,nan,nan
4134.472,1.54523e-05,0.0,nan,nan,nan
4134.556,1.544955e-05,0.0,nan,nan,nan
4134.639,1.545244e-05,0.0,nan,nan,nan
4134.723,1.545219e-05,0.0,nan,nan,nan
4134.845,1.545247e-05,0.0,nan,nan,nan
4134.929,1.544867e-05,0.0,nan,nan,nan
4135.015,1.545332e-05,0.0,nan,nan,nan
4135.1,1.545443e-05,0.0,nan,nan,nan
4135.184,1.545386e-05,0.0,nan,nan,nan
4135.283,1.545238e-05,0.0,nan,nan,nan
4135.367,1.545075e-05,0.0,nan,nan,nan
4135.455,1.54526e-05,0.0,nan,nan,nan
4135.538,1.545023e-05,0.0,nan,nan,nan
4135.622,1.545535e-05,0.0,nan,nan,nan
4135.713,1.545229e-05,0.0,nan,nan,nan
4135.797,1.545104e-05,0.0,nan,nan,nan
4135.88,1.54541e-05,0.0,nan,nan,nan
4135.964,1.545269e-05,0.0,nan,nan,nan
4136.051,1.545512e-05,0.0,nan,nan,nan
4136.134,1.545113e-05,0.0,nan,nan,nan
4136.22,1.545295e-05,0.0,nan,nan,nan
4136.316,1.545425e-05,0.0,nan,nan,nan
4136.4,1.545317e-05,0.0,nan,nan,nan
4136.483,1.545229e-05,0.0,nan,nan,nan
4136.567,1.545015e-05,0.0,nan,nan,nan
4136.654,1.545382e-05,0.0,nan,nan,nan
4136.744,1.544884e-05,0.0,nan,nan,nan
4136.828,1.545326e-05,0.0,nan,nan,nan
4136.912,1.545569e-05,0.0,nan,nan,nan
4136.995,1.545431e-05,0.0,nan,nan,nan
4137.08,1.545436e-05,0.0,nan,nan,nan
4137.164,1.545194e-05,0.0,nan,nan,nan
4137.247,1.545237e-05,0.0,nan,nan,nan
4137.337,1.545149e-05,0.0,nan,nan,nan
4137.421,1.545111e-05,0.0,nan,nan,nan
4137.505,1.545041e-05,0.0,nan,nan,nan
4137.588,1.545272e-05,0.0,nan,nan,nan
4137.672,1.544932e-05,0.0,nan,nan,nan
4137.765,1.544999e-05,0.0,nan,nan,nan
4137.848,1.544877e-05,0.0,nan,nan,nan
4137.949,1.545308e-05,0.0,nan,nan,nan
4138.032,1.545236e-05,0.0,nan,nan,nan
4138.117,1.545632e-05,0.0,nan,nan,nan
4138.201,1.545332e-05,0.0,nan,nan,nan
4138.285,1.545073e-05,0.0,nan,nan,nan
4138.397,1.544819e-05,0.0,nan,nan,nan
4138.481,1.545081e-05,0.0,nan,nan,nan
4138.564,1.545321e-05,0.0,nan,nan,nan
4138.659,1.545424e-05,0.0,nan,nan,nan
4138.742,1.545426e-05,0.0,nan,nan,nan
4138.848,1.545107e-05,0.0,nan,nan,nan
4138.98,1.545489e-05,0.0,nan,nan,nan
4139.064,1.545242e-05,0.0,nan,nan,nan
4139.149,1.545426e-05,0.0,nan,nan,nan
4139.235,1.545346e-05,0.0,nan,nan,nan
4139.322,1.545455e-05,0.0,nan,nan,nan
4139.412,1.545755e-05,0.0,nan,nan,nan
4139.496,1.545645e-05,0.0,nan,nan,nan
4139.582,1.545699e-05,0.0,nan,nan,nan
4139.665,1.54626e-05,0.0,nan,nan,nan
4139.766,1.545877e-05,0.0,nan,nan,nan
4139.85,1.545329e-05,0.0,nan,nan,nan
4139.941,1.545528e-05,0.0,nan,nan,nan
4140.024,1.545378e-05,0.0,nan,nan,nan
4140.108,1.545016e-05,0.0,nan,nan,nan
4140.202,1.545277e-05,0.0,nan,nan,nan
4140.286,1.545293e-05,0.0,nan,nan,nan
4140.384,1.545338e-05,0.0,nan,nan,nan
4140.467,1.545378e-05,0.0,nan,nan,nan
4140.57,1.545516e-05,0.0,nan,nan,nan
4140.653,1.545483e-05,0.0,nan,nan,nan
4140.737,1.545526e-05,0.0,nan,nan,nan
4140.827,1.545572e-05,0.0,nan,nan,nan
4140.91,1.545207e-05,0.0,nan,nan,nan
4140.999,1.545725e-05,0.0,nan,nan,nan
4141.083,1.545516e-05,0.0,nan,nan,nan
4141.167,1.545594e-05,0.0,nan,nan,nan
4141.25,1.545808e-05,0.0,nan,nan,nan
4141.338,1.545954e-05,0.0,nan,nan,nan
4141.423,1.545481e-05,0.0,nan,nan,nan
4141.507,1.54571e-05,0.0,nan,nan,nan
4141.609,1.54532e-05,0.0,nan,nan,nan
4141.693,1.545519e-05,0.0,nan,nan,nan
4141.778,1.545581e-05,0.0,nan,nan,nan
4141.861,1.545286e-05,0.0,nan,nan,nan
4141.945,1.545426e-05,0.0,nan,nan,nan
4142.039,1.545222e-05,0.0,nan,nan,nan
4142.123,1.545255e-05,0.0,nan,nan,nan
4142.207,1.545175e-05,0.0,nan,nan,nan
4142.291,1.545173e-05,0.0,nan,nan,nan
4142.376,1.545305e-05,0.0,nan,nan,nan
4142.459,1.545375e-05,0.0,nan,nan,nan
4142.543,1.545891e-05,0.0,nan,nan,nan
4142.638,1.545508e-05,0.0,nan,nan,nan
4142.722,1.545872e-05,0.0,nan,nan,nan
4142.809,1.545862e-05,0.0,nan,nan,nan
4142.893,1.545696e-05,0.0,nan,nan,nan
4142.978,1.545529e-05,0.0,nan,nan,nan
4143.062,1.545403e-05,0.0,nan,nan,nan
4143.146,1.545265e-05,0.0,nan,nan,nan
4143.229,1.545636e-05,0.0,nan,nan,nan
4143.313,1.545433e-05,0.0,nan,nan,nan
4143.396,1.545681e-05,0.0,nan,nan,nan
4143.48,1.545554e-05,0.0,nan,nan,nan
4143.564,1.545632e-05,0.0,nan,nan,nan
4143.648,1.545107e-05,0.0,nan,nan,nan
4143.731,1.545262e-05,0.0,nan,nan,nan
4143.815,1.545454e-05,0.0,nan,nan,nan
4143.899,1.545696e-05,0.0,nan,nan,nan
4143.983,1.545565e-05,0.0,nan,nan,nan
4144.068,1.54566e-05,0.0,nan,nan,nan
4144.152,1.545784e-05,0.0,nan,nan,nan
4144.237,1.545794e-05,0.0,nan,nan,nan
4144.32,1.545552e-05,0.0,nan,nan,nan
4144.404,1.545464e-05,0.0,nan,nan,nan
4144.487,1.545503e-05,0.0,nan,nan,nan
4144.571,1.545762e-05,0.0,nan,nan,nan
4144.666,1.546303e-05,0.0,nan,nan,nan
4144.75,1.54607e-05,0.0,nan,nan,nan
4144.834,1.546242e-05,0.0,nan,nan,nan
4144.917,1.5462e-05,0.0,nan,nan,nan
4145.003,1.546198e-05,0.0,nan,nan,nan
4145.09,1.546322e-05,0.0,nan,nan,nan
4145.197,1.545766e-05,0.0,nan,nan,nan
4145.28,1.546527e-05,0.0,nan,nan,nan
4145.364,1.546177e-05,0.0,nan,nan,nan
4145.448,1.546413e-05,0.0,nan,nan,nan
4145.531,1.545841e-05,0.0,nan,nan,nan
4145.621,1.545889e-05,0.0,nan,nan,nan
4145.707,1.545933e-05,0.0,nan,nan,nan
4145.79,1.545755e-05,0.0,nan,nan,nan
4145.877,1.545925e-05,0.0,nan,nan,nan
4145.961,1.546096e-05,0.0,nan,nan,nan
4146.045,1.545086e-05,0.0,nan,nan,nan
4146.129,1.545478e-05,0.0,nan,nan,nan
4146.213,1.546003e-05,0.0,nan,nan,nan
4146.311,1.54575e-05,0.0,nan,nan,nan
4146.395,1.545738e-05,0.0,nan,nan,nan
4146.479,1.545613e-05,0.0,nan,nan,nan
4146.563,1.546303e-05,0.0,nan,nan,nan
4146.648,1.546053e-05,0.0,nan,nan,nan
4146.748,1.546045e-05,0.0,nan,nan,nan
4146.831,1.546072e-05,0.0,nan,nan,nan
4146.915,1.545763e-05,0.0,nan,nan,nan
4146.999,1.546179e-05,0.0,nan,nan,nan
4147.082,1.545848e-05,0.0,nan,nan,nan
4147.171,1.545721e-05,0.0,nan,nan,nan
4147.262,1.545679e-05,0.0,nan,nan,nan
4147.353,1.546094e-05,0.0,nan,nan,nan
4147.437,1.545732e-05,0.0,nan,nan,nan
4147.521,1.546213e-05,0.0,nan,nan,nan
4147.604,1.545664e-05,0.0,nan,nan,nan
4147.688,1.545593e-05,0.0,nan,nan,nan
4147.775,1.545715e-05,0.0,nan,nan,nan
4147.858,1.545899e-05,0.0,nan,nan,nan
4147.942,1.545884e-05,0.0,nan,nan,nan
4148.025,1.545738e-05,0.0,nan,nan,nan
4148.109,1.546008e-05,0.0,nan,nan,nan
4148.193,1.54577e-05,0.0,nan,nan,nan
4148.277,1.545672e-05,0.0,nan,nan,nan
4148.36,1.545709e-05,0.0,nan,nan,nan
4148.444,1.545591e-05,0.0,nan,nan,nan
4148.527,1.546016e-05,0.0,nan,nan,nan
4148.611,1.545718e-05,0.0,nan,nan,nan
4148.694,1.545597e-05,0.0,nan,nan,nan
4148.778,1.545786e-05,0.0,nan,nan,nan
4148.862,1.545828e-05,0.0,nan,nan,nan
4148.946,1.545801e-05,0.0,nan,nan,nan
4149.031,1.545838e-05,0.0,nan,nan,nan
4149.115,1.545861e-05,0.0,nan,nan,nan
4149.198,1.545777e-05,0.0,nan,nan,nan
4149.322,1.546206e-05,0.0,nan,nan,nan
4149.41,1.545931e-05,0.0,nan,nan,nan
4149.494,1.5462e-05,0.0,nan,nan,nan
4149.577,1.545875e-05,0.0,nan,nan,nan
4149.661,1.545863e-05,0.0,nan,nan,nan
4149.745,1.54572e-05,0.0,nan,nan,nan
4149.833,1.545349e-05,0.0,nan,nan,nan
4149.917,1.545559e-05,0.0,nan,nan,nan
4150.001,1.545519e-05,0.0,nan,nan,nan
4150.085,1.54568e-05,0.0,nan,nan,nan
4150.172,1.545714e-05,0.0,nan,nan,nan
4150.264,1.545765e-05,0.0,nan,nan,nan
4150.348,1.545471e-05,0.0,nan,nan,nan
4150.448,1.545073e-05,0.0,nan,nan,nan
4150.532,1.545471e-05,0.0,nan,nan,nan
4150.617,1.545627e-05,0.0,nan,nan,nan
4150.701,1.54569e-05,0.0,nan,nan,nan
4150.784,1.545845e-05,0.0,nan,nan,nan
4150.869,1.545569e-05,0.0,nan,nan,nan
4150.953,1.545466e-05,0.0,nan,nan,nan
4151.056,1.545276e-05,0.0,nan,nan,nan
4151.139,1.545596e-05,0.0,nan,nan,nan
4151.225,1.545678e-05,0.0,nan,nan,nan
4151.309,1.545461e-05,0.0,nan,nan,nan
4151.397,1.545236e-05,0.0,nan,nan,nan
4151.485,1.54555e-05,0.0,nan,nan,nan
4151.568,1.54588e-05,0.0,nan,nan,nan
4151.652,1.545726e-05,0.0,nan,nan,nan
4151.736,1.54584e-05,0.0,nan,nan,nan
4151.82,1.54586e-05,0.0,nan,nan,nan
4151.907,1.545355e-05,0.0,nan,nan,nan
4151.99,1.545271e-05,0.0,nan,nan,nan
4152.076,1.545503e-05,0.0,nan,nan,nan
4152.159,1.54622e-05,0.0,nan,nan,nan
4152.243,1.545621e-05,0.0,nan,nan,nan
4152.327,1.545841e-05,0.0,nan,nan,nan
4152.411,1.545464e-05,0.0,nan,nan,nan
4152.494,1.545897e-05,0.0,nan,nan,nan
4152.578,1.545761e-05,0.0,nan,nan,nan
4152.664,1.545706e-05,0.0,nan,nan,nan
4152.747,1.545572e-05,0.0,nan,nan,nan
4152.832,1.54574e-05,0.0,nan,nan,nan
4152.916,1.545726e-05,0.0,nan,nan,nan
4153.0,1.545398e-05,0.0,nan,nan,nan
4153.084,1.545509e-05,0.0,nan,nan,nan
4153.167,1.545106e-05,0.0,nan,nan,nan
4153.251,1.54534e-05,0.0,nan,nan,nan
4153.334,1.545572e-05,0.0,nan,nan,nan
4153.447,1.545328e-05,0.0,nan,nan,nan
4153.551,1.545423e-05,0.0,nan,nan,nan
4153.635,1.545258e-05,0.0,nan,nan,nan
4153.74,1.545144e-05,0.0,nan,nan,nan
4153.824,1.54545e-05,0.0,nan,nan,nan
4153.908,1.545072e-05,0.0,nan,nan,nan
4153.991,1.545306e-05,0.0,nan,nan,nan
4154.075,1.545636e-05,0.0,nan,nan,nan
4154.159,1.545364e-05,0.0,nan,nan,nan
4154.243,1.54508e-05,0.0,nan,nan,nan
4154.344,1.545763e-05,0.0,nan,nan,nan
4154.428,1.54542e-05,0.0,nan,nan,nan
4154.512,1.545264e-05,0.0,nan,nan,nan
4154.595,1.545254e-05,0.0,nan,nan,nan
4154.679,1.545425e-05,0.0,nan,nan,nan
4154.768,1.545229e-05,0.0,nan,nan,nan
4154.851,1.545366e-05,0.0,nan,nan,nan
4154.954,1.545631e-05,0.0,nan,nan,nan
4155.038,1.545522e-05,0.0,nan,nan,nan
4155.121,1.545317e-05,0.0,nan,nan,nan
4155.205,1.546027e-05,0.0,nan,nan,nan
4155.291,1.545822e-05,0.0,nan,nan,nan
4155.375,1.545877e-05,0.0,nan,nan,nan
4155.459,1.545886e-05,0.0,nan,nan,nan
4155.542,1.546268e-05,0.0,nan,nan,nan
4155.626,1.546241e-05,0.0,nan,nan,nan
4155.71,1.545831e-05,0.0,nan,nan,nan
4155.795,1.545813e-05,0.0,nan,nan,nan
4155.879,1.545933e-05,0.0,nan,nan,nan
4155.981,1.545651e-05,0.0,nan,nan,nan
4156.064,1.54554e-05,0.0,nan,nan,nan
4156.149,1.545488e-05,0.0,nan,nan,nan
4156.233,1.545712e-05,0.0,nan,nan,nan
4156.316,1.545689e-05,0.0,nan,nan,nan
4156.4,1.545874e-05,0.0,nan,nan,nan
4156.483,1.545867e-05,0.0,nan,nan,nan
4156.584,1.545832e-05,0.0,nan,nan,nan
4156.668,1.545622e-05,0.0,nan,nan,nan
4156.752,1.545792e-05,0.0,nan,nan,nan
4156.836,1.545631e-05,0.0,nan,nan,nan
4156.921,1.546107e-05,0.0,nan,nan,nan
4157.009,1.545722e-05,0.0,nan,nan,nan
4157.092,1.545766e-05,0.0,nan,nan,nan
4157.176,1.546086e-05,0.0,nan,nan,nan
4157.26,1.545644e-05,0.0,nan,nan,nan
4157.343,1.545758e-05,0.0,nan,nan,nan
4157.429,1.545982e-05,0.0,nan,nan,nan
4157.512,1.545409e-05,0.0,nan,nan,nan
4157.607,1.545218e-05,0.0,nan,nan,nan
4157.69,1.545532e-05,0.0,nan,nan,nan
4157.775,1.545896e-05,0.0,nan,nan,nan
4157.859,1.545597e-05,0.0,nan,nan,nan
4157.943,1.545863e-05,0.0,nan,nan,nan
4158.03,1.545892e-05,0.0,nan,nan,nan
4158.114,1.545696e-05,0.0,nan,nan,nan
4158.209,1.545731e-05,0.0,nan,nan,nan
4158.293,1.546207e-05,0.0,nan,nan,nan
4158.376,1.545807e-05,0.0,nan,nan,nan
4158.46,1.545979e-05,0.0,nan,nan,nan
4158.544,1.545957e-05,0.0,nan,nan,nan
4158.632,1.546139e-05,0.0,nan,nan,nan
4158.716,1.546097e-05,0.0,nan,nan,nan
4158.817,1.545897e-05,0.0,nan,nan,nan
4158.9,1.54623e-05,0.0,nan,nan,nan
4158.984,1.546096e-05,0.0,nan,nan,nan
4159.068,1.545992e-05,0.0,nan,nan,nan
4159.155,1.545945e-05,0.0,nan,nan,nan
4159.244,1.545775e-05,0.0,nan,nan,nan
4159.327,1.54579e-05,0.0,nan,nan,nan
4159.432,1.545703e-05,0.0,nan,nan,nan
4159.515,1.545994e-05,0.0,nan,nan,nan
4159.599,1.545657e-05,0.0,nan,nan,nan
4159.698,1.545959e-05,0.0,nan,nan,nan
4159.782,1.545607e-05,0.0,nan,nan,nan
4159.865,1.546021e-05,0.0,nan,nan,nan
4159.954,1.545646e-05,0.0,nan,nan,nan
4160.038,1.545916e-05,0.0,nan,nan,nan
4160.122,1.546017e-05,0.0,nan,nan,nan
4160.207,1.545909e-05,0.0,nan,nan,nan
4160.29,1.546257e-05,0.0,nan,nan,nan
4160.374,1.546423e-05,0.0,nan,nan,nan
4160.457,1.546442e-05,0.0,nan,nan,nan
4160.541,1.546228e-05,0.0,nan,nan,nan
4160.625,1.546353e-05,0.0,nan,nan,nan
4160.708,1.546257e-05,0.0,nan,nan,nan
4160.792,1.546417e-05,0.0,nan,nan,nan
4160.876,1.546055e-05,0.0,nan,nan,nan
4160.96,1.545852e-05,0.0,nan,nan,nan
4161.044,1.545837e-05,0.0,nan,nan,nan
4161.127,1.546021e-05,0.0,nan,nan,nan
4161.211,1.545889e-05,0.0,nan,nan,nan
4161.295,1.545721e-05,0.0,nan,nan,nan
4161.378,1.545806e-05,0.0,nan,nan,nan
4161.479,1.545967e-05,0.0,nan,nan,nan
4161.563,1.545975e-05,0.0,nan,nan,nan
4161.647,1.54571e-05,0.0,nan,nan,nan
4161.73,1.545878e-05,0.0,nan,nan,nan
4161.814,1.546106e-05,0.0,nan,nan,nan
4161.9,1.545955e-05,0.0,nan,nan,nan
4161.985,1.545835e-05,0.0,nan,nan,nan
4162.075,1.545575e-05,0.0,nan,nan,nan
4162.159,1.545804e-05,0.0,nan,nan,nan
4162.243,1.545521e-05,0.0,nan,nan,nan
4162.327,1.545492e-05,0.0,nan,nan,nan
4162.411,1.545856e-05,0.0,nan,nan,nan
4162.505,1.545832e-05,0.0,nan,nan,nan
4162.588,1.545478e-05,0.0,nan,nan,nan
4162.677,1.545679e-05,0.0,nan,nan,nan
4162.761,1.545715e-05,0.0,nan,nan,nan
4162.845,1.545704e-05,0.0,nan,nan,nan
4162.929,1.546064e-05,0.0,nan,nan,nan
4163.012,1.545879e-05,0.0,nan,nan,nan
4163.108,1.545829e-05,0.0,nan,nan,nan
4163.192,1.545776e-05,0.0,nan,nan,nan
4163.29,1.546041e-05,0.0,nan,nan,nan
4163.374,1.546048e-05,0.0,nan,nan,nan
4163.457,1.54606e-05,0.0,nan,nan,nan
4163.541,1.545691e-05,0.0,nan,nan,nan
4163.625,1.545735e-05,0.0,nan,nan,nan
4163.749,1.54602e-05,0.0,nan,nan,nan
4163.838,1.54572e-05,0.0,nan,nan,nan
4163.933,1.54558e-05,0.0,nan,nan,nan
4164.017,1.545612e-05,0.0,nan,nan,nan
4164.111,1.545767e-05,0.0,nan,nan,nan
4164.195,1.545694e-05,0.0,nan,nan,nan
4164.279,1.545861e-05,0.0,nan,nan,nan
4164.363,1.545647e-05,0.0,nan,nan,nan
4164.447,1.545489e-05,0.0,nan,nan,nan
4164.531,1.54544e-05,0.0,nan,nan,nan
4164.615,1.54579e-05,0.0,nan,nan,nan
4164.698,1.545863e-05,0.0,nan,nan,nan
4164.782,1.546275e-05,0.0,nan,nan,nan
4164.868,1.545957e-05,0.0,nan,nan,nan
4164.958,1.545971e-05,0.0,nan,nan,nan
4165.042,1.545676e-05,0.0,nan,nan,nan
4165.126,1.54591e-05,0.0,nan,nan,nan
4165.209,1.545667e-05,0.0,nan,nan,nan
4165.293,1.545248e-05,0.0,nan,nan,nan
4165.377,1.545725e-05,0.0,nan,nan,nan
4165.461,1.545792e-05,0.0,nan,nan,nan
4165.554,1.5457e-05,0.0,nan,nan,nan
4165.638,1.545645e-05,0.0,nan,nan,nan
4165.724,1.545867e-05,0.0,nan,nan,nan
4165.815,1.545891e-05,0.0,nan,nan,nan
4165.898,1.545841e-05,0.0,nan,nan,nan
4165.983,1.545673e-05,0.0,nan,nan,nan
4166.067,1.545722e-05,0.0,nan,nan,nan
4166.151,1.54605e-05,0.0,nan,nan,nan
4166.234,1.54565e-05,0.0,nan,nan,nan
4166.318,1.545796e-05,0.0,nan,nan,nan
4166.402,1.545898e-05,0.0,nan,nan,nan
4166.486,1.545672e-05,0.0,nan,nan,nan
4166.585,1.545453e-05,0.0,nan,nan,nan
4166.669,1.545893e-05,0.0,nan,nan,nan
4166.752,1.545503e-05,0.0,nan,nan,nan
4166.836,1.544973e-05,0.0,nan,nan,nan
4166.921,1.545319e-05,0.0,nan,nan,nan
4167.022,1.545338e-05,0.0,nan,nan,nan
4167.105,1.545072e-05,0.0,nan,nan,nan
4167.198,1.545688e-05,0.0,nan,nan,nan
4167.282,1.545623e-05,0.0,nan,nan,nan
4167.365,1.545889e-05,0.0,nan,nan,nan
4167.449,1.545932e-05,0.0,nan,nan,nan
4167.536,1.546114e-05,0.0,nan,nan,nan
4167.629,1.545639e-05,0.0,nan,nan,nan
4167.712,1.54605e-05,0.0,nan,nan,nan
4167.816,1.545845e-05,0.0,nan,nan,nan
4167.939,1.545506e-05,0.0,nan,nan,nan
4168.033,1.545472e-05,0.0,nan,nan,nan
4168.116,1.54606e-05,0.0,nan,nan,nan
4168.205,1.545855e-05,0.0,nan,nan,nan
4168.289,1.546022e-05,0.0,nan,nan,nan
4168.372,1.544972e-05,0.0,nan,nan,nan
4168.455,1.545633e-05,0.0,nan,nan,nan
4168.539,1.54555e-05,0.0,nan,nan,nan
4168.623,1.545853e-05,0.0,nan,nan,nan
4168.707,1.545763e-05,0.0,nan,nan,nan
4168.79,1.545845e-05,0.0,nan,nan,nan
4168.874,1.545405e-05,0.0,nan,nan,nan
4168.957,1.545685e-05,0.0,nan,nan,nan
4169.052,1.545385e-05,0.0,nan,nan,nan
4169.136,1.545338e-05,0.0,nan,nan,nan
4169.219,1.545888e-05,0.0,nan,nan,nan
4169.303,1.545896e-05,0.0,nan,nan,nan
4169.387,1.545661e-05,0.0,nan,nan,nan
4169.472,1.545869e-05,0.0,nan,nan,nan
4169.556,1.545853e-05,0.0,nan,nan,nan
4169.657,1.545753e-05,0.0,nan,nan,nan
4169.74,1.545851e-05,0.0,nan,nan,nan
4169.846,1.545309e-05,0.0,nan,nan,nan
4169.929,1.54551e-05,0.0,nan,nan,nan
4170.013,1.545495e-05,0.0,nan,nan,nan
4170.099,1.545764e-05,0.0,nan,nan,nan
4170.183,1.545727e-05,0.0,nan,nan,nan
4170.279,1.545686e-05,0.0,nan,nan,nan
4170.363,1.545417e-05,0.0,nan,nan,nan
4170.446,1.54546e-05,0.0,nan,nan,nan
4170.53,1.54556e-05,0.0,nan,nan,nan
4170.614,1.545666e-05,0.0,nan,nan,nan
4170.699,1.545801e-05,0.0,nan,nan,nan
4170.783,1.54568e-05,0.0,nan,nan,nan
4170.867,1.54548e-05,0.0,nan,nan,nan
4170.95,1.545404e-05,0.0,nan,nan,nan
4171.034,1.54539e-05,0.0,nan,nan,nan
4171.118,1.54562e-05,0.0,nan,nan,nan
4171.201,1.545364e-05,0.0,nan,nan,nan
4171.299,1.54578e-05,0.0,nan,nan,nan
4171.383,1.545758e-05,0.0,nan,nan,nan
4171.467,1.545313e-05,0.0,nan,nan,nan
4171.551,1.545451e-05,0.0,nan,nan,nan
4171.635,1.545531e-05,0.0,nan,nan,nan
4171.718,1.545344e-05,0.0,nan,nan,nan
4171.802,1.545434e-05,0.0,nan,nan,nan
4171.886,1.545548e-05,0.0,nan,nan,nan
4171.969,1.54568e-05,0.0,nan,nan,nan
4172.091,1.545367e-05,0.0,nan,nan,nan
4172.199,1.545467e-05,0.0,nan,nan,nan
4172.283,1.545267e-05,0.0,nan,nan,nan
4172.367,1.545566e-05,0.0,nan,nan,nan
4172.45,1.545466e-05,0.0,nan,nan,nan
4172.534,1.545739e-05,0.0,nan,nan,nan
4172.617,1.545378e-05,0.0,nan,nan,nan
4172.701,1.545586e-05,0.0,nan,nan,nan
4172.785,1.545563e-05,0.0,nan,nan,nan
4172.869,1.545711e-05,0.0,nan,nan,nan
4172.952,1.545601e-05,0.0,nan,nan,nan
4173.036,1.544931e-05,0.0,nan,nan,nan
4173.134,1.545315e-05,0.0,nan,nan,nan
4173.218,1.54517e-05,0.0,nan,nan,nan
4173.302,1.545189e-05,0.0,nan,nan,nan
4173.385,1.545555e-05,0.0,nan,nan,nan
4173.471,1.545171e-05,0.0,nan,nan,nan
4173.556,1.545478e-05,0.0,nan,nan,nan
4173.64,1.545145e-05,0.0,nan,nan,nan
4173.724,1.545354e-05,0.0,nan,nan,nan
4173.808,1.545481e-05,0.0,nan,nan,nan
4173.892,1.545266e-05,0.0,nan,nan,nan
4173.975,1.54532e-05,0.0,nan,nan,nan
4174.059,1.544936e-05,0.0,nan,nan,nan
4174.151,1.545353e-05,0.0,nan,nan,nan
4174.236,1.5453e-05,0.0,nan,nan,nan
4174.32,1.545104e-05,0.0,nan,nan,nan
4174.404,1.54544e-05,0.0,nan,nan,nan
4174.487,1.545208e-05,0.0,nan,nan,nan
4174.571,1.545838e-05,0.0,nan,nan,nan
4174.655,1.54542e-05,0.0,nan,nan,nan
4174.739,1.545041e-05,0.0,nan,nan,nan
4174.822,1.545008e-05,0.0,nan,nan,nan
4174.906,1.545497e-05,0.0,nan,nan,nan
4174.992,1.545908e-05,0.0,nan,nan,nan
4175.075,1.545719e-05,0.0,nan,nan,nan
4175.175,1.546031e-05,0.0,nan,nan,nan
4175.259,1.545973e-05,0.0,nan,nan,nan
4175.343,1.545959e-05,0.0,nan,nan,nan
4175.427,1.545815e-05,0.0,nan,nan,nan
4175.51,1.54594e-05,0.0,nan,nan,nan
4175.602,1.54601e-05,0.0,nan,nan,nan
4175.686,1.546062e-05,0.0,nan,nan,nan
4175.788,1.545752e-05,0.0,nan,nan,nan
4175.872,1.545695e-05,0.0,nan,nan,nan
4175.956,1.545444e-05,0.0,nan,nan,nan
4176.04,1.546035e-05,0.0,nan,nan,nan
4176.124,1.545742e-05,0.0,nan,nan,nan
4176.213,1.54568e-05,0.0,nan,nan,nan
4176.297,1.545587e-05,0.0,nan,nan,nan
4176.398,1.54583e-05,0.0,nan,nan,nan
4176.482,1.545881e-05,0.0,nan,nan,nan
4176.566,1.546118e-05,0.0,nan,nan,nan
4176.65,1.545941e-05,0.0,nan,nan,nan
4176.734,1.546216e-05,0.0,nan,nan,nan
4176.817,1.546078e-05,0.0,nan,nan,nan
4176.901,1.545737e-05,0.0,nan,nan,nan
4177.005,1.545837e-05,0.0,nan,nan,nan
4177.089,1.546019e-05,0.0,nan,nan,nan
4177.172,1.54622e-05,0.0,nan,nan,nan
4177.256,1.545714e-05,0.0,nan,nan,nan
4177.34,1.545855e-05,0.0,nan,nan,nan
4177.429,1.545804e-05,0.0,nan,nan,nan
4177.512,1.545692e-05,0.0,nan,nan,nan
4177.606,1.545949e-05,0.0,nan,nan,nan
4177.69,1.54599e-05,0.0,nan,nan,nan
4177.774,1.546032e-05,0.0,nan,nan,nan
4177.858,1.545746e-05,0.0,nan,nan,nan
4177.941,1.545977e-05,0.0,nan,nan,nan
4178.031,1.545437e-05,0.0,nan,nan,nan
4178.115,1.545352e-05,0.0,nan,nan,nan
4178.199,1.545638e-05,0.0,nan,nan,nan
4178.295,1.545726e-05,0.0,nan,nan,nan
4178.378,1.545566e-05,0.0,nan,nan,nan
4178.462,1.545255e-05,0.0,nan,nan,nan
4178.546,1.545557e-05,0.0,nan,nan,nan
4178.63,1.545256e-05,0.0,nan,nan,nan
4178.714,1.545396e-05,0.0,nan,nan,nan
4178.802,1.545406e-05,0.0,nan,nan,nan
4178.886,1.545772e-05,0.0,nan,nan,nan
4178.97,1.546075e-05,0.0,nan,nan,nan
4179.056,1.545957e-05,0.0,nan,nan,nan
4179.139,1.545864e-05,0.0,nan,nan,nan
4179.223,1.545877e-05,0.0,nan,nan,nan
4179.307,1.545789e-05,0.0,nan,nan,nan
4179.391,1.546028e-05,0.0,nan,nan,nan
4179.477,1.545644e-05,0.0,nan,nan,nan
4179.56,1.545564e-05,0.0,nan,nan,nan
4179.666,1.545761e-05,0.0,nan,nan,nan
4179.75,1.545614e-05,0.0,nan,nan,nan
4179.853,1.545566e-05,0.0,nan,nan,nan
4179.937,1.545515e-05,0.0,nan,nan,nan
4180.022,1.545416e-05,0.0,nan,nan,nan
4180.105,1.545402e-05,0.0,nan,nan,nan
4180.189,1.545616e-05,0.0,nan,nan,nan
4180.279,1.5457e-05,0.0,nan,nan,nan
4180.362,1.54587e-05,0.0,nan,nan,nan
4180.448,1.545786e-05,0.0,nan,nan,nan
4180.531,1.545586e-05,0.0,nan,nan,nan
4180.615,1.545374e-05,0.0,nan,nan,nan
4180.7,1.545108e-05,0.0,nan,nan,nan
4180.784,1.545205e-05,0.0,nan,nan,nan
4180.891,1.54535e-05,0.0,nan,nan,nan
4180.975,1.544924e-05,0.0,nan,nan,nan
4181.087,1.544888e-05,0.0,nan,nan,nan
4181.171,1.544801e-05,0.0,nan,nan,nan
4181.254,1.545241e-05,0.0,nan,nan,nan
4181.338,1.545364e-05,0.0,nan,nan,nan
4181.421,1.544939e-05,0.0,nan,nan,nan
4181.521,1.54551e-05,0.0,nan,nan,nan
4181.605,1.545016e-05,0.0,nan,nan,nan
4181.704,1.544941e-05,0.0,nan,nan,nan
4181.787,1.54508e-05,0.0,nan,nan,nan
4181.871,1.545349e-05,0.0,nan,nan,nan
4181.955,1.545141e-05,0.0,nan,nan,nan
4182.039,1.545125e-05,0.0,nan,nan,nan
4182.132,1.545116e-05,0.0,nan,nan,nan
4182.22,1.545269e-05,0.0,nan,nan,nan
4182.322,1.545181e-05,0.0,nan,nan,nan
4182.43,1.545224e-05,0.0,nan,nan,nan
4182.531,1.545426e-05,0.0,nan,nan,nan
4182.615,1.545255e-05,0.0,nan,nan,nan
4182.701,1.544779e-05,0.0,nan,nan,nan
4182.784,1.545046e-05,0.0,nan,nan,nan
4182.868,1.545368e-05,0.0,nan,nan,nan
4182.952,1.545237e-05,0.0,nan,nan,nan
4183.035,1.545249e-05,0.0,nan,nan,nan
4183.119,1.545235e-05,0.0,nan,nan,nan
4183.204,1.545286e-05,0.0,nan,nan,nan
4183.287,1.545102e-05,0.0,nan,nan,nan
4183.371,1.545481e-05,0.0,nan,nan,nan
4183.454,1.545451e-05,0.0,nan,nan,nan
4183.54,1.545587e-05,0.0,nan,nan,nan
4183.624,1.545129e-05,0.0,nan,nan,nan
4183.709,1.545413e-05,0.0,nan,nan,nan
4183.822,1.54511e-05,0.0,nan,nan,nan
4183.908,1.545432e-05,0.0,nan,nan,nan
4183.993,1.545238e-05,0.0,nan,nan,nan
4184.077,1.545146e-05,0.0,nan,nan,nan
4184.184,1.545128e-05,0.0,nan,nan,nan
4184.272,1.545406e-05,0.0,nan,nan,nan
4184.356,1.545517e-05,0.0,nan,nan,nan
4184.462,1.545408e-05,0.0,nan,nan,nan
4184.546,1.545233e-05,0.0,nan,nan,nan
4184.666,1.545161e-05,0.0,nan,nan,nan
4184.749,1.545401e-05,0.0,nan,nan,nan
4184.832,1.545302e-05,0.0,nan,nan,nan
4184.916,1.54544e-05,0.0,nan,nan,nan
4185.0,1.545059e-05,0.0,nan,nan,nan
4185.087,1.545236e-05,0.0,nan,nan,nan
4185.188,1.545524e-05,0.0,nan,nan,nan
4185.272,1.545188e-05,0.0,nan,nan,nan
4185.386,1.545347e-05,0.0,nan,nan,nan
4185.469,1.545325e-05,0.0,nan,nan,nan
4185.568,1.545226e-05,0.0,nan,nan,nan
4185.652,1.545398e-05,0.0,nan,nan,nan
4185.736,1.545668e-05,0.0,nan,nan,nan
4185.819,1.545562e-05,0.0,nan,nan,nan
4185.907,1.545783e-05,0.0,nan,nan,nan
4186.015,1.545566e-05,0.0,nan,nan,nan
4186.099,1.54574e-05,0.0,nan,nan,nan
4186.193,1.545641e-05,0.0,nan,nan,nan
4186.276,1.545687e-05,0.0,nan,nan,nan
4186.382,1.545222e-05,0.0,nan,nan,nan
4186.465,1.545407e-05,0.0,nan,nan,nan
4186.597,1.545673e-05,0.0,nan,nan,nan
4186.681,1.545468e-05,0.0,nan,nan,nan
4186.78,1.545807e-05,0.0,nan,nan,nan
4186.864,1.545345e-05,0.0,nan,nan,nan
4186.949,1.545362e-05,0.0,nan,nan,nan
4187.032,1.545896e-05,0.0,nan,nan,nan
4187.118,1.54554e-05,0.0,nan,nan,nan
4187.216,1.54557e-05,0.0,nan,nan,nan
4187.3,1.545526e-05,0.0,nan,nan,nan
4187.399,1.545373e-05,0.0,nan,nan,nan
4187.483,1.5452e-05,0.0,nan,nan,nan
4187.567,1.545502e-05,0.0,nan,nan,nan
4187.65,1.545776e-05,0.0,nan,nan,nan
4187.734,1.545536e-05,0.0,nan,nan,nan
4187.822,1.545612e-05,0.0,nan,nan,nan
4187.905,1.545682e-05,0.0,nan,nan,nan
4187.989,1.545259e-05,0.0,nan,nan,nan
4188.072,1.546083e-05,0.0,nan,nan,nan
4188.156,1.545701e-05,0.0,nan,nan,nan
4188.246,1.545138e-05,0.0,nan,nan,nan
4188.33,1.5456e-05,0.0,nan,nan,nan
4188.419,1.5456e-05,0.0,nan,nan,nan
4188.502,1.545447e-05,0.0,nan,nan,nan
4188.586,1.545942e-05,0.0,nan,nan,nan
4188.688,1.54566e-05,0.0,nan,nan,nan
4188.779,1.545792e-05,0.0,nan,nan,nan
4188.881,1.545524e-05,0.0,nan,nan,nan
4188.967,1.545778e-05,0.0,nan,nan,nan
4189.053,1.545669e-05,0.0,nan,nan,nan
4189.137,1.545602e-05,0.0,nan,nan,nan
4189.222,1.545689e-05,0.0,nan,nan,nan
4189.306,1.54589e-05,0.0,nan,nan,nan
4189.389,1.546026e-05,0.0,nan,nan,nan
4189.477,1.545889e-05,0.0,nan,nan,nan
4189.56,1.545681e-05,0.0,nan,nan,nan
4189.651,1.54558e-05,0.0,nan,nan,nan
4189.735,1.545952e-05,0.0,nan,nan,nan
4189.819,1.545921e-05,0.0,nan,nan,nan
4189.903,1.545873e-05,0.0,nan,nan,nan
4189.986,1.545897e-05,0.0,nan,nan,nan
4190.073,1.545727e-05,0.0,nan,nan,nan
4190.157,1.545572e-05,0.0,nan,nan,nan
4190.242,1.545723e-05,0.0,nan,nan,nan
4190.326,1.545719e-05,0.0,nan,nan,nan
4190.41,1.54546e-05,0.0,nan,nan,nan
4190.494,1.545769e-05,0.0,nan,nan,nan
4190.578,1.5454e-05,0.0,nan,nan,nan
4190.675,1.545491e-05,0.0,nan,nan,nan
4190.78,1.545582e-05,0.0,nan,nan,nan
4190.864,1.545846e-05,0.0,nan,nan,nan
4190.948,1.546326e-05,0.0,nan,nan,nan
4191.034,1.545905e-05,0.0,nan,nan,nan
4191.118,1.545867e-05,0.0,nan,nan,nan
4191.202,1.545577e-05,0.0,nan,nan,nan
4191.286,1.545338e-05,0.0,nan,nan,nan
4191.37,1.545601e-05,0.0,nan,nan,nan
4191.454,1.545824e-05,0.0,nan,nan,nan
4191.537,1.545926e-05,0.0,nan,nan,nan
4191.621,1.54571e-05,0.0,nan,nan,nan
4191.705,1.545582e-05,0.0,nan,nan,nan
4191.789,1.545374e-05,0.0,nan,nan,nan
4191.884,1.545322e-05,0.0,nan,nan,nan
4191.968,1.545101e-05,0.0,nan,nan,nan
4192.051,1.545113e-05,0.0,nan,nan,nan
4192.135,1.545722e-05,0.0,nan,nan,nan
4192.218,1.545182e-05,0.0,nan,nan,nan
4192.303,1.545238e-05,0.0,nan,nan,nan
4192.386,1.545411e-05,0.0,nan,nan,nan
4192.47,1.54573e-05,0.0,nan,nan,nan
4192.554,1.544994e-05,0.0,nan,nan,nan
4192.637,1.54544e-05,0.0,nan,nan,nan
4192.723,1.545636e-05,0.0,nan,nan,nan
4192.83,1.545438e-05,0.0,nan,nan,nan
4192.915,1.545563e-05,0.0,nan,nan,nan
4192.999,1.545915e-05,0.0,nan,nan,nan
4193.102,1.545141e-05,0.0,nan,nan,nan
4193.186,1.545748e-05,0.0,nan,nan,nan
4193.27,1.545438e-05,0.0,nan,nan,nan
4193.353,1.54516e-05,0.0,nan,nan,nan
4193.438,1.545113e-05,0.0,nan,nan,nan
4193.531,1.545447e-05,0.0,nan,nan,nan
4193.615,1.545537e-05,0.0,nan,nan,nan
4193.701,1.545421e-05,0.0,nan,nan,nan
4193.784,1.545759e-05,0.0,nan,nan,nan
4193.869,1.545557e-05,0.0,nan,nan,nan
4193.968,1.545582e-05,0.0,nan,nan,nan
4194.052,1.545328e-05,0.0,nan,nan,nan
4194.144,1.545257e-05,0.0,nan,nan,nan
4194.227,1.54534e-05,0.0,nan,nan,nan
4194.311,1.545614e-05,0.0,nan,nan,nan
4194.395,1.545556e-05,0.0,nan,nan,nan
4194.479,1.545314e-05,0.0,nan,nan,nan
4194.571,1.545415e-05,0.0,nan,nan,nan
4194.655,1.54557e-05,0.0,nan,nan,nan
4194.74,1.545728e-05,0.0,nan,nan,nan
4194.824,1.545872e-05,0.0,nan,nan,nan
4194.914,1.545983e-05,0.0,nan,nan,nan
4194.997,1.545919e-05,0.0,nan,nan,nan
4195.085,1.546011e-05,0.0,nan,nan,nan
4195.195,1.545409e-05,0.0,nan,nan,nan
4195.278,1.545681e-05,0.0,nan,nan,nan
4195.385,1.545675e-05,0.0,nan,nan,nan
4195.469,1.545696e-05,0.0,nan,nan,nan
4195.552,1.545569e-05,0.0,nan,nan,nan
4195.635,1.545678e-05,0.0,nan,nan,nan
4195.719,1.545777e-05,0.0,nan,nan,nan
4195.804,1.545749e-05,0.0,nan,nan,nan
4195.888,1.545378e-05,0.0,nan,nan,nan
4195.971,1.545216e-05,0.0,nan,nan,nan
4196.055,1.545932e-05,0.0,nan,nan,nan
4196.139,1.545688e-05,0.0,nan,nan,nan
4196.224,1.545457e-05,0.0,nan,nan,nan
4196.307,1.54538e-05,0.0,nan,nan,nan
4196.391,1.545004e-05,0.0,nan,nan,nan
4196.475,1.545368e-05,0.0,nan,nan,nan
4196.558,1.545213e-05,0.0,nan,nan,nan
4196.642,1.545424e-05,0.0,nan,nan,nan
4196.726,1.545331e-05,0.0,nan,nan,nan
4196.819,1.545168e-05,0.0,nan,nan,nan
4196.903,1.54534e-05,0.0,nan,nan,nan
4196.997,1.545619e-05,0.0,nan,nan,nan
4197.091,1.545246e-05,0.0,nan,nan,nan
4197.174,1.545546e-05,0.0,nan,nan,nan
4197.263,1.545294e-05,0.0,nan,nan,nan
4197.347,1.545365e-05,0.0,nan,nan,nan
4197.45,1.545608e-05,0.0,nan,nan,nan
4197.533,1.545965e-05,0.0,nan,nan,nan
4197.617,1.545485e-05,0.0,nan,nan,nan
4197.7,1.545155e-05,0.0,nan,nan,nan
4197.784,1.545389e-05,0.0,nan,nan,nan
4197.87,1.545718e-05,0.0,nan,nan,nan
4197.954,1.545697e-05,0.0,nan,nan,nan
4198.059,1.545616e-05,0.0,nan,nan,nan
4198.142,1.545332e-05,0.0,nan,nan,nan
4198.228,1.545801e-05,0.0,nan,nan,nan
4198.311,1.545258e-05,0.0,nan,nan,nan
4198.395,1.545131e-05,0.0,nan,nan,nan
4198.489,1.545351e-05,0.0,nan,nan,nan
4198.573,1.545585e-05,0.0,nan,nan,nan
4198.657,1.545429e-05,0.0,nan,nan,nan
4198.74,1.545785e-05,0.0,nan,nan,nan
4198.824,1.545123e-05,0.0,nan,nan,nan
4198.908,1.544833e-05,0.0,nan,nan,nan
4198.991,1.544862e-05,0.0,nan,nan,nan
4199.099,1.545372e-05,0.0,nan,nan,nan
4199.183,1.545528e-05,0.0,nan,nan,nan
4199.288,1.545721e-05,0.0,nan,nan,nan
4199.371,1.544781e-05,0.0,nan,nan,nan
4199.455,1.545413e-05,0.0,nan,nan,nan
4199.538,1.54535e-05,0.0,nan,nan,nan
4199.622,1.545368e-05,0.0,nan,nan,nan
4199.708,1.545571e-05,0.0,nan,nan,nan
4199.791,1.545689e-05,0.0,nan,nan,nan
4199.875,1.545716e-05,0.0,nan,nan,nan
4199.959,1.545843e-05,0.0,nan,nan,nan
4200.043,1.545516e-05,0.0,nan,nan,nan
4200.126,1.54553e-05,0.0,nan,nan,nan
4200.21,1.545733e-05,0.0,nan,nan,nan
4200.294,1.545871e-05,0.0,nan,nan,nan
4200.378,1.545469e-05,0.0,nan,nan,nan
4200.462,1.545775e-05,0.0,nan,nan,nan
4200.545,1.545218e-05,0.0,nan,nan,nan
4200.629,1.545555e-05,0.0,nan,nan,nan
4200.732,1.54515e-05,0.0,nan,nan,nan
4200.816,1.545398e-05,0.0,nan,nan,nan
4200.899,1.545231e-05,0.0,nan,nan,nan
4200.983,1.545638e-05,0.0,nan,nan,nan
4201.066,1.5455e-05,0.0,nan,nan,nan
4201.165,1.545567e-05,0.0,nan,nan,nan
4201.252,1.545065e-05,0.0,nan,nan,nan
4201.335,1.545397e-05,0.0,nan,nan,nan
4201.419,1.54526e-05,0.0,nan,nan,nan
4201.503,1.545343e-05,0.0,nan,nan,nan
4201.587,1.545934e-05,0.0,nan,nan,nan
4201.671,1.545967e-05,0.0,nan,nan,nan
4201.758,1.545723e-05,0.0,nan,nan,nan
4201.841,1.545589e-05,0.0,nan,nan,nan
4201.934,1.545605e-05,0.0,nan,nan,nan
4202.018,1.545254e-05,0.0,nan,nan,nan
4202.102,1.545358e-05,0.0,nan,nan,nan
4202.186,1.545747e-05,0.0,nan,nan,nan
4202.269,1.54574e-05,0.0,nan,nan,nan
4202.373,1.545482e-05,0.0,nan,nan,nan
4202.456,1.545672e-05,0.0,nan,nan,nan
4202.556,1.545681e-05,0.0,nan,nan,nan
4202.64,1.546041e-05,0.0,nan,nan,nan
4202.728,1.545544e-05,0.0,nan,nan,nan
4202.812,1.545202e-05,0.0,nan,nan,nan
4202.895,1.545698e-05,0.0,nan,nan,nan
4202.986,1.54583e-05,0.0,nan,nan,nan
4203.07,1.545952e-05,0.0,nan,nan,nan
4203.155,1.54552e-05,0.0,nan,nan,nan
4203.247,1.545532e-05,0.0,nan,nan,nan
4203.332,1.545844e-05,0.0,nan,nan,nan
4203.416,1.545986e-05,0.0,nan,nan,nan
4203.503,1.545186e-05,0.0,nan,nan,nan
4203.599,1.545673e-05,0.0,nan,nan,nan
4203.683,1.545772e-05,0.0,nan,nan,nan
4203.767,1.545727e-05,0.0,nan,nan,nan
4203.85,1.545651e-05,0.0,nan,nan,nan
4203.934,1.545449e-05,0.0,nan,nan,nan
4204.018,1.545554e-05,0.0,nan,nan,nan
4204.101,1.545902e-05,0.0,nan,nan,nan
4204.212,1.545829e-05,0.0,nan,nan,nan
4204.296,1.545702e-05,0.0,nan,nan,nan
4204.379,1.545613e-05,0.0,nan,nan,nan
4204.463,1.545577e-05,0.0,nan,nan,nan
4204.547,1.545559e-05,0.0,nan,nan,nan
4204.631,1.545289e-05,0.0,nan,nan,nan
4204.715,1.545339e-05,0.0,nan,nan,nan
4204.802,1.545766e-05,0.0,nan,nan,nan
4204.886,1.545581e-05,0.0,nan,nan,nan
4204.971,1.545228e-05,0.0,nan,nan,nan
4205.054,1.545401e-05,0.0,nan,nan,nan
4205.138,1.545412e-05,0.0,nan,nan,nan
4205.281,1.545276e-05,0.0,nan,nan,nan
4205.364,1.545562e-05,0.0,nan,nan,nan
4205.448,1.545247e-05,0.0,nan,nan,nan
4205.535,1.545474e-05,0.0,nan,nan,nan
4205.623,1.545602e-05,0.0,nan,nan,nan
4205.706,1.545243e-05,0.0,nan,nan,nan
4205.79,1.545365e-05,0.0,nan,nan,nan
4205.874,1.545417e-05,0.0,nan,nan,nan
4205.957,1.545663e-05,0.0,nan,nan,nan
4206.056,1.545345e-05,0.0,nan,nan,nan
4206.139,1.545441e-05,0.0,nan,nan,nan
4206.223,1.545677e-05,0.0,nan,nan,nan
4206.307,1.545705e-05,0.0,nan,nan,nan
4206.39,1.545551e-05,0.0,nan,nan,nan
4206.474,1.545513e-05,0.0,nan,nan,nan
4206.558,1.545794e-05,0.0,nan,nan,nan
4206.663,1.545362e-05,0.0,nan,nan,nan
4206.746,1.54548e-05,0.0,nan,nan,nan
4206.851,1.545869e-05,0.0,nan,nan,nan
4206.935,1.545663e-05,0.0,nan,nan,nan
4207.018,1.545199e-05,0.0,nan,nan,nan
4207.102,1.545711e-05,0.0,nan,nan,nan
4207.187,1.54555e-05,0.0,nan,nan,nan
4207.281,1.545156e-05,0.0,nan,nan,nan
4207.377,1.545169e-05,0.0,nan,nan,nan
4207.476,1.545544e-05,0.0,nan,nan,nan
4207.56,1.545779e-05,0.0,nan,nan,nan
4207.643,1.545826e-05,0.0,nan,nan,nan
4207.727,1.545306e-05,0.0,nan,nan,nan
4207.811,1.545665e-05,0.0,nan,nan,nan
4207.909,1.545356e-05,0.0,nan,nan,nan
4207.993,1.545657e-05,0.0,nan,nan,nan
4208.085,1.545914e-05,0.0,nan,nan,nan
4208.169,1.545411e-05,0.0,nan,nan,nan
4208.252,1.545825e-05,0.0,nan,nan,nan
4208.336,1.545867e-05,0.0,nan,nan,nan
4208.42,1.54561e-05,0.0,nan,nan,nan
4208.504,1.545764e-05,0.0,nan,nan,nan
4208.588,1.545409e-05,0.0,nan,nan,nan
4208.672,1.545762e-05,0.0,nan,nan,nan
4208.755,1.545621e-05,0.0,nan,nan,nan
4208.84,1.545491e-05,0.0,nan,nan,nan
4208.924,1.545318e-05,0.0,nan,nan,nan
4209.008,1.545738e-05,0.0,nan,nan,nan
4209.1,1.545345e-05,0.0,nan,nan,nan
4209.184,1.545423e-05,0.0,nan,nan,nan
4209.272,1.545952e-05,0.0,nan,nan,nan
4209.355,1.546154e-05,0.0,nan,nan,nan
4209.439,1.545777e-05,0.0,nan,nan,nan
4209.524,1.545533e-05,0.0,nan,nan,nan
4209.608,1.545308e-05,0.0,nan,nan,nan
4209.691,1.545378e-05,0.0,nan,nan,nan
4209.775,1.545837e-05,0.0,nan,nan,nan
4209.859,1.545421e-05,0.0,nan,nan,nan
4209.948,1.545317e-05,0.0,nan,nan,nan
4210.032,1.545611e-05,0.0,nan,nan,nan
4210.123,1.545363e-05,0.0,nan,nan,nan
4210.207,1.54576e-05,0.0,nan,nan,nan
4210.29,1.54559e-05,0.0,nan,nan,nan
4210.374,1.545612e-05,0.0,nan,nan,nan
4210.458,1.545423e-05,0.0,nan,nan,nan
4210.564,1.545709e-05,0.0,nan,nan,nan
4210.647,1.545492e-05,0.0,nan,nan,nan
4210.758,1.54568e-05,0.0,nan,nan,nan
4210.842,1.545557e-05,0.0,nan,nan,nan
4210.926,1.54571e-05,0.0,nan,nan,nan
4211.009,1.546107e-05,0.0,nan,nan,nan
4211.093,1.546165e-05,0.0,nan,nan,nan
4211.177,1.54569e-05,0.0,nan,nan,nan
4211.261,1.545768e-05,0.0,nan,nan,nan
4211.347,1.546025e-05,0.0,nan,nan,nan
4211.431,1.545816e-05,0.0,nan,nan,nan
4211.515,1.545458e-05,0.0,nan,nan,nan
4211.621,1.545843e-05,0.0,nan,nan,nan
4211.705,1.545788e-05,0.0,nan,nan,nan
4211.789,1.545748e-05,0.0,nan,nan,nan
4211.873,1.545098e-05,0.0,nan,nan,nan
4211.98,1.545322e-05,0.0,nan,nan,nan
4212.064,1.545629e-05,0.0,nan,nan,nan
4212.147,1.545758e-05,0.0,nan,nan,nan
4212.231,1.545593e-05,0.0,nan,nan,nan
4212.315,1.545451e-05,0.0,nan,nan,nan
4212.398,1.545919e-05,0.0,nan,nan,nan
4212.482,1.545774e-05,0.0,nan,nan,nan
4212.588,1.545957e-05,0.0,nan,nan,nan
4212.672,1.545792e-05,0.0,nan,nan,nan
4212.755,1.545599e-05,0.0,nan,nan,nan
4212.839,1.545565e-05,0.0,nan,nan,nan
4212.923,1.545215e-05,0.0,nan,nan,nan
4213.007,1.545763e-05,0.0,nan,nan,nan
4213.091,1.545954e-05,0.0,nan,nan,nan
4213.176,1.545232e-05,0.0,nan,nan,nan
4213.259,1.545621e-05,0.0,nan,nan,nan
4213.343,1.545885e-05,0.0,nan,nan,nan
4213.426,1.545503e-05,0.0,nan,nan,nan
4213.51,1.545477e-05,0.0,nan,nan,nan
4213.613,1.545659e-05,0.0,nan,nan,nan
4213.703,1.545523e-05,0.0,nan,nan,nan
4213.794,1.545837e-05,0.0,nan,nan,nan
4213.877,1.545583e-05,0.0,nan,nan,nan
4213.961,1.545331e-05,0.0,nan,nan,nan
4214.045,1.545602e-05,0.0,nan,nan,nan
4214.129,1.545671e-05,0.0,nan,nan,nan
4214.224,1.545827e-05,0.0,nan,nan,nan
4214.308,1.545574e-05,0.0,nan,nan,nan
4214.392,1.545625e-05,0.0,nan,nan,nan
4214.475,1.545681e-05,0.0,nan,nan,nan
4214.56,1.545812e-05,0.0,nan,nan,nan
4214.643,1.545964e-05,0.0,nan,nan,nan
4214.727,1.5454e-05,0.0,nan,nan,nan
4214.826,1.545468e-05,0.0,nan,nan,nan
4214.91,1.545335e-05,0.0,nan,nan,nan
4214.995,1.545698e-05,0.0,nan,nan,nan
4215.079,1.545698e-05,0.0,nan,nan,nan
4215.163,1.545565e-05,0.0,nan,nan,nan
4215.247,1.54512e-05,0.0,nan,nan,nan
4215.331,1.545434e-05,0.0,nan,nan,nan
4215.416,1.545244e-05,0.0,nan,nan,nan
4215.499,1.545669e-05,0.0,nan,nan,nan
4215.583,1.545438e-05,0.0,nan,nan,nan
4215.669,1.545146e-05,0.0,nan,nan,nan
4215.754,1.545677e-05,0.0,nan,nan,nan
4215.859,1.545432e-05,0.0,nan,nan,nan
4215.943,1.545552e-05,0.0,nan,nan,nan
4216.026,1.545567e-05,0.0,nan,nan,nan
4216.11,1.545685e-05,0.0,nan,nan,nan
4216.194,1.545341e-05,0.0,nan,nan,nan
4216.301,1.545816e-05,0.0,nan,nan,nan
4216.385,1.545505e-05,0.0,nan,nan,nan
4216.469,1.545988e-05,0.0,nan,nan,nan
4216.553,1.545509e-05,0.0,nan,nan,nan
4216.641,1.546102e-05,0.0,nan,nan,nan
4216.724,1.545844e-05,0.0,nan,nan,nan
4216.808,1.545922e-05,0.0,nan,nan,nan
4216.903,1.545921e-05,0.0,nan,nan,nan
4216.986,1.546265e-05,0.0,nan,nan,nan
4217.098,1.546368e-05,0.0,nan,nan,nan
4217.182,1.546244e-05,0.0,nan,nan,nan
4217.283,1.546049e-05,0.0,nan,nan,nan
4217.367,1.545871e-05,0.0,nan,nan,nan
4217.451,1.545991e-05,0.0,nan,nan,nan
4217.535,1.545789e-05,0.0,nan,nan,nan
4217.619,1.545831e-05,0.0,nan,nan,nan
4217.713,1.545469e-05,0.0,nan,nan,nan
4217.797,1.54585e-05,0.0,nan,nan,nan
4217.901,1.545581e-05,0.0,nan,nan,nan
4217.984,1.545613e-05,0.0,nan,nan,nan
4218.068,1.545602e-05,0.0,nan,nan,nan
4218.152,1.545494e-05,0.0,nan,nan,nan
4218.235,1.545617e-05,0.0,nan,nan,nan
4218.319,1.545718e-05,0.0,nan,nan,nan
4218.403,1.545654e-05,0.0,nan,nan,nan
4218.487,1.545539e-05,0.0,nan,nan,nan
4218.57,1.545266e-05,0.0,nan,nan,nan
4218.656,1.54577e-05,0.0,nan,nan,nan
4218.744,1.54498e-05,0.0,nan,nan,nan
4218.828,1.545009e-05,0.0,nan,nan,nan
4218.912,1.545424e-05,0.0,nan,nan,nan
4218.996,1.545378e-05,0.0,nan,nan,nan
4219.081,1.544873e-05,0.0,nan,nan,nan
4219.169,1.545171e-05,0.0,nan,nan,nan
4219.253,1.545107e-05,0.0,nan,nan,nan
4219.349,1.545159e-05,0.0,nan,nan,nan
4219.433,1.544906e-05,0.0,nan,nan,nan
4219.517,1.54531e-05,0.0,nan,nan,nan
4219.6,1.545053e-05,0.0,nan,nan,nan
4219.684,1.545407e-05,0.0,nan,nan,nan
4219.802,1.545662e-05,0.0,nan,nan,nan
4219.887,1.54572e-05,0.0,nan,nan,nan
4219.985,1.545821e-05,0.0,nan,nan,nan
4220.068,1.545712e-05,0.0,nan,nan,nan
4220.167,1.545951e-05,0.0,nan,nan,nan
4220.251,1.545328e-05,0.0,nan,nan,nan
4220.337,1.545099e-05,0.0,nan,nan,nan
4220.421,1.545391e-05,0.0,nan,nan,nan
4220.504,1.545768e-05,0.0,nan,nan,nan
4220.59,1.545691e-05,0.0,nan,nan,nan
4220.674,1.545843e-05,0.0,nan,nan,nan
4220.758,1.54611e-05,0.0,nan,nan,nan
4220.841,1.546134e-05,0.0,nan,nan,nan
4220.925,1.545786e-05,0.0,nan,nan,nan
4221.029,1.546185e-05,0.0,nan,nan,nan
4221.113,1.545676e-05,0.0,nan,nan,nan
4221.208,1.545765e-05,0.0,nan,nan,nan
4221.292,1.545859e-05,0.0,nan,nan,nan
4221.376,1.546144e-05,0.0,nan,nan,nan
4221.459,1.545841e-05,0.0,nan,nan,nan
4221.543,1.545565e-05,0.0,nan,nan,nan
4221.627,1.545655e-05,0.0,nan,nan,nan
4221.711,1.545869e-05,0.0,nan,nan,nan
4221.847,1.545643e-05,0.0,nan,nan,nan
4221.937,1.545745e-05,0.0,nan,nan,nan
4222.032,1.545884e-05,0.0,nan,nan,nan
4222.115,1.545555e-05,0.0,nan,nan,nan
4222.221,1.54593e-05,0.0,nan,nan,nan
4222.306,1.545365e-05,0.0,nan,nan,nan
4222.389,1.545636e-05,0.0,nan,nan,nan
4222.472,1.545126e-05,0.0,nan,nan,nan
4222.556,1.545617e-05,0.0,nan,nan,nan
4222.64,1.545879e-05,0.0,nan,nan,nan
4222.724,1.545971e-05,0.0,nan,nan,nan
4222.807,1.545668e-05,0.0,nan,nan,nan
4222.891,1.545595e-05,0.0,nan,nan,nan
4222.974,1.54527e-05,0.0,nan,nan,nan
4223.062,1.545561e-05,0.0,nan,nan,nan
4223.146,1.544867e-05,0.0,nan,nan,nan
4223.229,1.545329e-05,0.0,nan,nan,nan
4223.313,1.545407e-05,0.0,nan,nan,nan
4223.399,1.545198e-05,0.0,nan,nan,nan
4223.483,1.545475e-05,0.0,nan,nan,nan
4223.566,1.545217e-05,0.0,nan,nan,nan
4223.67,1.545814e-05,0.0,nan,nan,nan
4223.754,1.545384e-05,0.0,nan,nan,nan
4223.852,1.545367e-05,0.0,nan,nan,nan
4223.936,1.545579e-05,0.0,nan,nan,nan
4224.023,1.54576e-05,0.0,nan,nan,nan
4224.107,1.545727e-05,0.0,nan,nan,nan
4224.191,1.545495e-05,0.0,nan,nan,nan
4224.283,1.545786e-05,0.0,nan,nan,nan
4224.367,1.54587e-05,0.0,nan,nan,nan
4224.467,1.545748e-05,0.0,nan,nan,nan
4224.55,1.546181e-05,0.0,nan,nan,nan
4224.636,1.545858e-05,0.0,nan,nan,nan
4224.719,1.546072e-05,0.0,nan,nan,nan
4224.803,1.54574e-05,0.0,nan,nan,nan
4224.887,1.545944e-05,0.0,nan,nan,nan
4224.971,1.545843e-05,0.0,nan,nan,nan
4225.055,1.545483e-05,0.0,nan,nan,nan
4225.139,1.545564e-05,0.0,nan,nan,nan
4225.222,1.545472e-05,0.0,nan,nan,nan
4225.306,1.545669e-05,0.0,nan,nan,nan
4225.39,1.545591e-05,0.0,nan,nan,nan
4225.473,1.545585e-05,0.0,nan,nan,nan
4225.557,1.545184e-05,0.0,nan,nan,nan
4225.641,1.54538e-05,0.0,nan,nan,nan
4225.724,1.545492e-05,0.0,nan,nan,nan
4225.813,1.545524e-05,0.0,nan,nan,nan
4225.905,1.546048e-05,0.0,nan,nan,nan
4225.989,1.545583e-05,0.0,nan,nan,nan
4226.072,1.545525e-05,0.0,nan,nan,nan
4226.156,1.545466e-05,0.0,nan,nan,nan
4226.239,1.546035e-05,0.0,nan,nan,nan
4226.324,1.546049e-05,0.0,nan,nan,nan
4226.407,1.545781e-05,0.0,nan,nan,nan
4226.491,1.545639e-05,0.0,nan,nan,nan
4226.575,1.545818e-05,0.0,nan,nan,nan
4226.658,1.5454e-05,0.0,nan,nan,nan
4226.751,1.545702e-05,0.0,nan,nan,nan
4226.835,1.545505e-05,0.0,nan,nan,nan
4226.918,1.546025e-05,0.0,nan,nan,nan
4227.002,1.545498e-05,0.0,nan,nan,nan
4227.086,1.546032e-05,0.0,nan,nan,nan
4227.169,1.545496e-05,0.0,nan,nan,nan
4227.253,1.545952e-05,0.0,nan,nan,nan
4227.34,1.545383e-05,0.0,nan,nan,nan
4227.424,1.545573e-05,0.0,nan,nan,nan
4227.508,1.545991e-05,0.0,nan,nan,nan
4227.591,1.545751e-05,0.0,nan,nan,nan
4227.675,1.545607e-05,0.0,nan,nan,nan
4227.771,1.545625e-05,0.0,nan,nan,nan
4227.855,1.545505e-05,0.0,nan,nan,nan
4227.939,1.545678e-05,0.0,nan,nan,nan
4228.03,1.545709e-05,0.0,nan,nan,nan
4228.114,1.545603e-05,0.0,nan,nan,nan
4228.197,1.545204e-05,0.0,nan,nan,nan
4228.281,1.545466e-05,0.0,nan,nan,nan
4228.375,1.545366e-05,0.0,nan,nan,nan
4228.459,1.545896e-05,0.0,nan,nan,nan
4228.543,1.545481e-05,0.0,nan,nan,nan
4228.626,1.545698e-05,0.0,nan,nan,nan
4228.71,1.545775e-05,0.0,nan,nan,nan
4228.8,1.545609e-05,0.0,nan,nan,nan
4228.883,1.545254e-05,0.0,nan,nan,nan
4228.968,1.545386e-05,0.0,nan,nan,nan
4229.052,1.545597e-05,0.0,nan,nan,nan
4229.136,1.545156e-05,0.0,nan,nan,nan
4229.22,1.545083e-05,0.0,nan,nan,nan
4229.303,1.545315e-05,0.0,nan,nan,nan
4229.409,1.54524e-05,0.0,nan,nan,nan
4229.493,1.545782e-05,0.0,nan,nan,nan
4229.578,1.545588e-05,0.0,nan,nan,nan
4229.661,1.545532e-05,0.0,nan,nan,nan
4229.746,1.545483e-05,0.0,nan,nan,nan
4229.843,1.54525e-05,0.0,nan,nan,nan
4229.926,1.545235e-05,0.0,nan,nan,nan
4230.01,1.545409e-05,0.0,nan,nan,nan
4230.113,1.545319e-05,0.0,nan,nan,nan
4230.197,1.545384e-05,0.0,nan,nan,nan
4230.281,1.544965e-05,0.0,nan,nan,nan
4230.364,1.545207e-05,0.0,nan,nan,nan
4230.457,1.545832e-05,0.0,nan,nan,nan
4230.541,1.545412e-05,0.0,nan,nan,nan
4230.625,1.545464e-05,0.0,nan,nan,nan
4230.709,1.545472e-05,0.0,nan,nan,nan
4230.792,1.545529e-05,0.0,nan,nan,nan
4230.876,1.545622e-05,0.0,nan,nan,nan
4230.96,1.546112e-05,0.0,nan,nan,nan
4231.049,1.545588e-05,0.0,nan,nan,nan
4231.133,1.545785e-05,0.0,nan,nan,nan
4231.218,1.545672e-05,0.0,nan,nan,nan
4231.302,1.545726e-05,0.0,nan,nan,nan
4231.386,1.545731e-05,0.0,nan,nan,nan
4231.482,1.5457e-05,0.0,nan,nan,nan
4231.566,1.545886e-05,0.0,nan,nan,nan
4231.65,1.545721e-05,0.0,nan,nan,nan
4231.734,1.545697e-05,0.0,nan,nan,nan
4231.817,1.54518e-05,0.0,nan,nan,nan
4231.901,1.545515e-05,0.0,nan,nan,nan
4231.988,1.54553e-05,0.0,nan,nan,nan
4232.083,1.545586e-05,0.0,nan,nan,nan
4232.184,1.545774e-05,0.0,nan,nan,nan
4232.274,1.545502e-05,0.0,nan,nan,nan
4232.358,1.545746e-05,0.0,nan,nan,nan
4232.441,1.545794e-05,0.0,nan,nan,nan
4232.525,1.545528e-05,0.0,nan,nan,nan
4232.609,1.545264e-05,0.0,nan,nan,nan
4232.7,1.545576e-05,0.0,nan,nan,nan
4232.784,1.545422e-05,0.0,nan,nan,nan
4232.867,1.545567e-05,0.0,nan,nan,nan
4232.951,1.545563e-05,0.0,nan,nan,nan
4233.035,1.545099e-05,0.0,nan,nan,nan
4233.119,1.545158e-05,0.0,nan,nan,nan
4233.206,1.545075e-05,0.0,nan,nan,nan
4233.314,1.545293e-05,0.0,nan,nan,nan
4233.398,1.545428e-05,0.0,nan,nan,nan
4233.485,1.545555e-05,0.0,nan,nan,nan
4233.568,1.545582e-05,0.0,nan,nan,nan
4233.652,1.545799e-05,0.0,nan,nan,nan
4233.736,1.545505e-05,0.0,nan,nan,nan
4233.821,1.545262e-05,0.0,nan,nan,nan
4233.905,1.545452e-05,0.0,nan,nan,nan
4233.99,1.545789e-05,0.0,nan,nan,nan
4234.076,1.545586e-05,0.0,nan,nan,nan
4234.161,1.54549e-05,0.0,nan,nan,nan
4234.269,1.545268e-05,0.0,nan,nan,nan
4234.378,1.545372e-05,0.0,nan,nan,nan
4234.462,1.545306e-05,0.0,nan,nan,nan
4234.549,1.545457e-05,0.0,nan,nan,nan
4234.636,1.545202e-05,0.0,nan,nan,nan
4234.72,1.545226e-05,0.0,nan,nan,nan
4234.803,1.545234e-05,0.0,nan,nan,nan
4234.887,1.545333e-05,0.0,nan,nan,nan
4234.97,1.545696e-05,0.0,nan,nan,nan
4235.054,1.545714e-05,0.0,nan,nan,nan
4235.138,1.545021e-05,0.0,nan,nan,nan
4235.222,1.545583e-05,0.0,nan,nan,nan
4235.307,1.545315e-05,0.0,nan,nan,nan
4235.391,1.545515e-05,0.0,nan,nan,nan
4235.474,1.545048e-05,0.0,nan,nan,nan
4235.561,1.545259e-05,0.0,nan,nan,nan
4235.645,1.545222e-05,0.0,nan,nan,nan
4235.749,1.545352e-05,0.0,nan,nan,nan
4235.832,1.544828e-05,0.0,nan,nan,nan
4235.916,1.545288e-05,0.0,nan,nan,nan
4236.0,1.545195e-05,0.0,nan,nan,nan
4236.083,1.545128e-05,0.0,nan,nan,nan
4236.168,1.545555e-05,0.0,nan,nan,nan
4236.252,1.545825e-05,0.0,nan,nan,nan
4236.345,1.54553e-05,0.0,nan,nan,nan
4236.432,1.545272e-05,0.0,nan,nan,nan
4236.516,1.545119e-05,0.0,nan,nan,nan
4236.6,1.545143e-05,0.0,nan,nan,nan
4236.684,1.545007e-05,0.0,nan,nan,nan
4236.783,1.545045e-05,0.0,nan,nan,nan
4236.867,1.545331e-05,0.0,nan,nan,nan
4236.978,1.545109e-05,0.0,nan,nan,nan
4237.062,1.545107e-05,0.0,nan,nan,nan
4237.146,1.545307e-05,0.0,nan,nan,nan
4237.229,1.545148e-05,0.0,nan,nan,nan
4237.318,1.545229e-05,0.0,nan,nan,nan
4237.402,1.545319e-05,0.0,nan,nan,nan
4237.487,1.545236e-05,0.0,nan,nan,nan
4237.587,1.545277e-05,0.0,nan,nan,nan
4237.67,1.545626e-05,0.0,nan,nan,nan
4237.756,1.545075e-05,0.0,nan,nan,nan
4237.84,1.545468e-05,0.0,nan,nan,nan
4237.923,1.545276e-05,0.0,nan,nan,nan
4238.007,1.545375e-05,0.0,nan,nan,nan
4238.091,1.545835e-05,0.0,nan,nan,nan
4238.183,1.545539e-05,0.0,nan,nan,nan
4238.267,1.545255e-05,0.0,nan,nan,nan
4238.396,1.545107e-05,0.0,nan,nan,nan
4238.483,1.545039e-05,0.0,nan,nan,nan
4238.566,1.545027e-05,0.0,nan,nan,nan
4238.65,1.544991e-05,0.0,nan,nan,nan
4238.734,1.544865e-05,0.0,nan,nan,nan
4238.817,1.545287e-05,0.0,nan,nan,nan
4238.901,1.544938e-05,0.0,nan,nan,nan
4239.011,1.545148e-05,0.0,nan,nan,nan
4239.095,1.545175e-05,0.0,nan,nan,nan
4239.2,1.545598e-05,0.0,nan,nan,nan
4239.284,1.545825e-05,0.0,nan,nan,nan
4239.395,1.545152e-05,0.0,nan,nan,nan
4239.479,1.545453e-05,0.0,nan,nan,nan
4239.563,1.545392e-05,0.0,nan,nan,nan
4239.647,1.545225e-05,0.0,nan,nan,nan
4239.733,1.545255e-05,0.0,nan,nan,nan
4239.818,1.54527e-05,0.0,nan,nan,nan
4239.902,1.545146e-05,0.0,nan,nan,nan
4240.008,1.545044e-05,0.0,nan,nan,nan
4240.092,1.545311e-05,0.0,nan,nan,nan
4240.178,1.545209e-05,0.0,nan,nan,nan
4240.262,1.544934e-05,0.0,nan,nan,nan
4240.345,1.545604e-05,0.0,nan,nan,nan
4240.439,1.545426e-05,0.0,nan,nan,nan
4240.523,1.54561e-05,0.0,nan,nan,nan
4240.612,1.545621e-05,0.0,nan,nan,nan
4240.696,1.545632e-05,0.0,nan,nan,nan
4240.779,1.545764e-05,0.0,nan,nan,nan
4240.863,1.545444e-05,0.0,nan,nan,nan
4240.947,1.545528e-05,0.0,nan,nan,nan
4241.041,1.545714e-05,0.0,nan,nan,nan
4241.125,1.545669e-05,0.0,nan,nan,nan
4241.209,1.545476e-05,0.0,nan,nan,nan
4241.293,1.545568e-05,0.0,nan,nan,nan
4241.376,1.545506e-05,0.0,nan,nan,nan
4241.467,1.545652e-05,0.0,nan,nan,nan
4241.551,1.545734e-05,0.0,nan,nan,nan
4241.635,1.545591e-05,0.0,nan,nan,nan
4241.719,1.545413e-05,0.0,nan,nan,nan
4241.802,1.545859e-05,0.0,nan,nan,nan
4241.886,1.545691e-05,0.0,nan,nan,nan
4241.969,1.545535e-05,0.0,nan,nan,nan
4242.064,1.545307e-05,0.0,nan,nan,nan
4242.148,1.545551e-05,0.0,nan,nan,nan
4242.231,1.545264e-05,0.0,nan,nan,nan
4242.315,1.545271e-05,0.0,nan,nan,nan
4242.404,1.545215e-05,0.0,nan,nan,nan
4242.547,1.545175e-05,0.0,nan,nan,nan
4242.635,1.54566e-05,0.0,nan,nan,nan
4242.719,1.545384e-05,0.0,nan,nan,nan
4242.805,1.545462e-05,0.0,nan,nan,nan
4242.896,1.545416e-05,0.0,nan,nan,nan
4242.98,1.54539e-05,0.0,nan,nan,nan
4243.064,1.545421e-05,0.0,nan,nan,nan
4243.148,1.545109e-05,0.0,nan,nan,nan
4243.232,1.545441e-05,0.0,nan,nan,nan
4243.316,1.545412e-05,0.0,nan,nan,nan
4243.4,1.545122e-05,0.0,nan,nan,nan
4243.486,1.545335e-05,0.0,nan,nan,nan
4243.57,1.54519e-05,0.0,nan,nan,nan
4243.653,1.545313e-05,0.0,nan,nan,nan
4243.737,1.545366e-05,0.0,nan,nan,nan
4243.821,1.545365e-05,0.0,nan,nan,nan
4243.909,1.545293e-05,0.0,nan,nan,nan
4243.993,1.545444e-05,0.0,nan,nan,nan
4244.077,1.545302e-05,0.0,nan,nan,nan
4244.161,1.545177e-05,0.0,nan,nan,nan
4244.247,1.545295e-05,0.0,nan,nan,nan
4244.331,1.545217e-05,0.0,nan,nan,nan
4244.415,1.545087e-05,0.0,nan,nan,nan
4244.498,1.545404e-05,0.0,nan,nan,nan
4244.613,1.544944e-05,0.0,nan,nan,nan
4244.697,1.545486e-05,0.0,nan,nan,nan
4244.781,1.54487e-05,0.0,nan,nan,nan
4244.865,1.545107e-05,0.0,nan,nan,nan
4244.958,1.545194e-05,0.0,nan,nan,nan
4245.042,1.545248e-05,0.0,nan,nan,nan
4245.139,1.545394e-05,0.0,nan,nan,nan
4245.223,1.545518e-05,0.0,nan,nan,nan
4245.31,1.545252e-05,0.0,nan,nan,nan
4245.394,1.545533e-05,0.0,nan,nan,nan
4245.478,1.54514e-05,0.0,nan,nan,nan
4245.565,1.545331e-05,0.0,nan,nan,nan
4245.649,1.545071e-05,0.0,nan,nan,nan
4245.734,1.545033e-05,0.0,nan,nan,nan
4245.818,1.545332e-05,0.0,nan,nan,nan
4245.906,1.545073e-05,0.0,nan,nan,nan
4245.995,1.545151e-05,0.0,nan,nan,nan
4246.079,1.545156e-05,0.0,nan,nan,nan
4246.183,1.545268e-05,0.0,nan,nan,nan
4246.267,1.545173e-05,0.0,nan,nan,nan
4246.352,1.545297e-05,0.0,nan,nan,nan
4246.435,1.545534e-05,0.0,nan,nan,nan
4246.52,1.545035e-05,0.0,nan,nan,nan
4246.605,1.545283e-05,0.0,nan,nan,nan
4246.692,1.545617e-05,0.0,nan,nan,nan
4246.799,1.545698e-05,0.0,nan,nan,nan
4246.883,1.545495e-05,0.0,nan,nan,nan
4246.967,1.54542e-05,0.0,nan,nan,nan
4247.05,1.54537e-05,0.0,nan,nan,nan
4247.138,1.545504e-05,0.0,nan,nan,nan
4247.225,1.545407e-05,0.0,nan,nan,nan
4247.308,1.545385e-05,0.0,nan,nan,nan
4247.392,1.545452e-05,0.0,nan,nan,nan
4247.476,1.54533e-05,0.0,nan,nan,nan
4247.559,1.545678e-05,0.0,nan,nan,nan
4247.643,1.545568e-05,0.0,nan,nan,nan
4247.727,1.545509e-05,0.0,nan,nan,nan
4247.823,1.545458e-05,0.0,nan,nan,nan
4247.906,1.545258e-05,0.0,nan,nan,nan
4247.992,1.545324e-05,0.0,nan,nan,nan
4248.076,1.545756e-05,0.0,nan,nan,nan
4248.159,1.545663e-05,0.0,nan,nan,nan
4248.247,1.54515e-05,0.0,nan,nan,nan
4248.331,1.545233e-05,0.0,nan,nan,nan
4248.432,1.545657e-05,0.0,nan,nan,nan
4248.515,1.545495e-05,0.0,nan,nan,nan
4248.599,1.545182e-05,0.0,nan,nan,nan
4248.682,1.545379e-05,0.0,nan,nan,nan
4248.766,1.545527e-05,0.0,nan,nan,nan
4248.85,1.545427e-05,0.0,nan,nan,nan
4248.933,1.545735e-05,0.0,nan,nan,nan
4249.036,1.545693e-05,0.0,nan,nan,nan
4249.119,1.544949e-05,0.0,nan,nan,nan
4249.203,1.545078e-05,0.0,nan,nan,nan
4249.287,1.54553e-05,0.0,nan,nan,nan
4249.37,1.545676e-05,0.0,nan,nan,nan
4249.465,1.54595e-05,0.0,nan,nan,nan
4249.549,1.545324e-05,0.0,nan,nan,nan
4249.655,1.545523e-05,0.0,nan,nan,nan
4249.739,1.545492e-05,0.0,nan,nan,nan
4249.823,1.545624e-05,0.0,nan,nan,nan
4249.907,1.54539e-05,0.0,nan,nan,nan
4249.99,1.545246e-05,0.0,nan,nan,nan
4250.075,1.545268e-05,0.0,nan,nan,nan
4250.159,1.545437e-05,0.0,nan,nan,nan
4250.243,1.545106e-05,0.0,nan,nan,nan
4250.326,1.545524e-05,0.0,nan,nan,nan
4250.41,1.545724e-05,0.0,nan,nan,nan
4250.494,1.545482e-05,0.0,nan,nan,nan
4250.578,1.545465e-05,0.0,nan,nan,nan
4250.661,1.545376e-05,0.0,nan,nan,nan
4250.745,1.545135e-05,0.0,nan,nan,nan
4250.831,1.545295e-05,0.0,nan,nan,nan
4250.919,1.545232e-05,0.0,nan,nan,nan
4251.003,1.545128e-05,0.0,nan,nan,nan
4251.1,1.544938e-05,0.0,nan,nan,nan
4251.184,1.545088e-05,0.0,nan,nan,nan
4251.284,1.545555e-05,0.0,nan,nan,nan
4251.368,1.545453e-05,0.0,nan,nan,nan
4251.452,1.54517e-05,0.0,nan,nan,nan
4251.536,1.545111e-05,0.0,nan,nan,nan
4251.62,1.545336e-05,0.0,nan,nan,nan
4251.709,1.54549e-05,0.0,nan,nan,nan
4251.793,1.5454e-05,0.0,nan,nan,nan
4251.897,1.545267e-05,0.0,nan,nan,nan
4251.98,1.545079e-05,0.0,nan,nan,nan
4252.064,1.545082e-05,0.0,nan,nan,nan
4252.147,1.545127e-05,0.0,nan,nan,nan
4252.232,1.545302e-05,0.0,nan,nan,nan
4252.324,1.544754e-05,0.0,nan,nan,nan
4252.407,1.545268e-05,0.0,nan,nan,nan
4252.491,1.545091e-05,0.0,nan,nan,nan
4252.575,1.545287e-05,0.0,nan,nan,nan
4252.659,1.545367e-05,0.0,nan,nan,nan
4252.742,1.545486e-05,0.0,nan,nan,nan
4252.848,1.544976e-05,0.0,nan,nan,nan
4252.933,1.54514e-05,0.0,nan,nan,nan
4253.016,1.54537e-05,0.0,nan,nan,nan
4253.1,1.545555e-05,0.0,nan,nan,nan
4253.184,1.545444e-05,0.0,nan,nan,nan
4253.267,1.545565e-05,0.0,nan,nan,nan
4253.351,1.545434e-05,0.0,nan,nan,nan
4253.434,1.54533e-05,0.0,nan,nan,nan
4253.519,1.545588e-05,0.0,nan,nan,nan
4253.603,1.545323e-05,0.0,nan,nan,nan
4253.686,1.545141e-05,0.0,nan,nan,nan
4253.786,1.544917e-05,0.0,nan,nan,nan
4253.87,1.54549e-05,0.0,nan,nan,nan
4253.965,1.545542e-05,0.0,nan,nan,nan
4254.048,1.545195e-05,0.0,nan,nan,nan
4254.131,1.545274e-05,0.0,nan,nan,nan
4254.215,1.545423e-05,0.0,nan,nan,nan
4254.298,1.545659e-05,0.0,nan,nan,nan
4254.382,1.545121e-05,0.0,nan,nan,nan
4254.472,1.545087e-05,0.0,nan,nan,nan
4254.563,1.545103e-05,0.0,nan,nan,nan
4254.646,1.54509e-05,0.0,nan,nan,nan
4254.73,1.545034e-05,0.0,nan,nan,nan
4254.814,1.544994e-05,0.0,nan,nan,nan
4254.938,1.545179e-05,0.0,nan,nan,nan
4255.035,1.544719e-05,0.0,nan,nan,nan
4255.119,1.545169e-05,0.0,nan,nan,nan
4255.203,1.545041e-05,0.0,nan,nan,nan
4255.289,1.54499e-05,0.0,nan,nan,nan
4255.381,1.545137e-05,0.0,nan,nan,nan
4255.465,1.544542e-05,0.0,nan,nan,nan
4255.548,1.544864e-05,0.0,nan,nan,nan
4255.632,1.544809e-05,0.0,nan,nan,nan
4255.717,1.544636e-05,0.0,nan,nan,nan
4255.803,1.544605e-05,0.0,nan,nan,nan
4255.887,1.544666e-05,0.0,nan,nan,nan
4255.97,1.545103e-05,0.0,nan,nan,nan
4256.054,1.544948e-05,0.0,nan,nan,nan
4256.137,1.545081e-05,0.0,nan,nan,nan
4256.221,1.54467e-05,0.0,nan,nan,nan
4256.305,1.545055e-05,0.0,nan,nan,nan
4256.397,1.544747e-05,0.0,nan,nan,nan
4256.481,1.544573e-05,0.0,nan,nan,nan
4256.564,1.544891e-05,0.0,nan,nan,nan
4256.648,1.544484e-05,0.0,nan,nan,nan
4256.732,1.545042e-05,0.0,nan,nan,nan
4256.815,1.54502e-05,0.0,nan,nan,nan
4256.899,1.54485e-05,0.0,nan,nan,nan
4257.027,1.544867e-05,0.0,nan,nan,nan
4257.111,1.544863e-05,0.0,nan,nan,nan
4257.213,1.544671e-05,0.0,nan,nan,nan
4257.297,1.544964e-05,0.0,nan,nan,nan
4257.381,1.545277e-05,0.0,nan,nan,nan
4257.464,1.545073e-05,0.0,nan,nan,nan
4257.548,1.544986e-05,0.0,nan,nan,nan
4257.632,1.545117e-05,0.0,nan,nan,nan
4257.716,1.544841e-05,0.0,nan,nan,nan
4257.814,1.544665e-05,0.0,nan,nan,nan
4257.898,1.545062e-05,0.0,nan,nan,nan
4257.983,1.545173e-05,0.0,nan,nan,nan
4258.067,1.544757e-05,0.0,nan,nan,nan
4258.153,1.544966e-05,0.0,nan,nan,nan
4258.236,1.545104e-05,0.0,nan,nan,nan
4258.32,1.545143e-05,0.0,nan,nan,nan
4258.403,1.544762e-05,0.0,nan,nan,nan
4258.487,1.545077e-05,0.0,nan,nan,nan
4258.571,1.5452e-05,0.0,nan,nan,nan
4258.659,1.545213e-05,0.0,nan,nan,nan
4258.743,1.545525e-05,0.0,nan,nan,nan
4258.841,1.545279e-05,0.0,nan,nan,nan
4258.925,1.545417e-05,0.0,nan,nan,nan
4259.009,1.545084e-05,0.0,nan,nan,nan
4259.092,1.545137e-05,0.0,nan,nan,nan
4259.176,1.544799e-05,0.0,nan,nan,nan
4259.275,1.545183e-05,0.0,nan,nan,nan
4259.359,1.544802e-05,0.0,nan,nan,nan
4259.456,1.545029e-05,0.0,nan,nan,nan
4259.54,1.545043e-05,0.0,nan,nan,nan
4259.623,1.545061e-05,0.0,nan,nan,nan
4259.707,1.545676e-05,0.0,nan,nan,nan
4259.791,1.545166e-05,0.0,nan,nan,nan
4259.874,1.545181e-05,0.0,nan,nan,nan
4259.958,1.544855e-05,0.0,nan,nan,nan
4260.043,1.544742e-05,0.0,nan,nan,nan
4260.127,1.544994e-05,0.0,nan,nan,nan
4260.212,1.545117e-05,0.0,nan,nan,nan
4260.295,1.545083e-05,0.0,nan,nan,nan
4260.379,1.544819e-05,0.0,nan,nan,nan
4260.463,1.545193e-05,0.0,nan,nan,nan
4260.547,1.544989e-05,0.0,nan,nan,nan
4260.631,1.544913e-05,0.0,nan,nan,nan
4260.717,1.545064e-05,0.0,nan,nan,nan
4260.803,1.544817e-05,0.0,nan,nan,nan
4260.898,1.545163e-05,0.0,nan,nan,nan
4260.981,1.545471e-05,0.0,nan,nan,nan
4261.067,1.545091e-05,0.0,nan,nan,nan
4261.177,1.545242e-05,0.0,nan,nan,nan
4261.261,1.54496e-05,0.0,nan,nan,nan
4261.345,1.54498e-05,0.0,nan,nan,nan
4261.428,1.544663e-05,0.0,nan,nan,nan
4261.524,1.544828e-05,0.0,nan,nan,nan
4261.608,1.545204e-05,0.0,nan,nan,nan
4261.715,1.545132e-05,0.0,nan,nan,nan
4261.799,1.545443e-05,0.0,nan,nan,nan
4261.883,1.545546e-05,0.0,nan,nan,nan
4261.967,1.545643e-05,0.0,nan,nan,nan
4262.05,1.545276e-05,0.0,nan,nan,nan
4262.134,1.545114e-05,0.0,nan,nan,nan
4262.221,1.544974e-05,0.0,nan,nan,nan
4262.316,1.545285e-05,0.0,nan,nan,nan
4262.399,1.545129e-05,0.0,nan,nan,nan
4262.483,1.544881e-05,0.0,nan,nan,nan
4262.566,1.545167e-05,0.0,nan,nan,nan
4262.65,1.544793e-05,0.0,nan,nan,nan
4262.74,1.545339e-05,0.0,nan,nan,nan
4262.824,1.54557e-05,0.0,nan,nan,nan
4262.907,1.545361e-05,0.0,nan,nan,nan
4262.991,1.544975e-05,0.0,nan,nan,nan
4263.074,1.545523e-05,0.0,nan,nan,nan
4263.158,1.545158e-05,0.0,nan,nan,nan
4263.256,1.545172e-05,0.0,nan,nan,nan
4263.344,1.545048e-05,0.0,nan,nan,nan
4263.428,1.54559e-05,0.0,nan,nan,nan
4263.512,1.545246e-05,0.0,nan,nan,nan
4263.596,1.54531e-05,0.0,nan,nan,nan
4263.681,1.545435e-05,0.0,nan,nan,nan
4263.765,1.545353e-05,0.0,nan,nan,nan
4263.849,1.545557e-05,0.0,nan,nan,nan
4263.932,1.54537e-05,0.0,nan,nan,nan
4264.016,1.545373e-05,0.0,nan,nan,nan
4264.103,1.545215e-05,0.0,nan,nan,nan
4264.187,1.545325e-05,0.0,nan,nan,nan
4264.27,1.545174e-05,0.0,nan,nan,nan
4264.363,1.544952e-05,0.0,nan,nan,nan
4264.447,1.545077e-05,0.0,nan,nan,nan
4264.531,1.545383e-05,0.0,nan,nan,nan
4264.615,1.545609e-05,0.0,nan,nan,nan
4264.698,1.545839e-05,0.0,nan,nan,nan
4264.783,1.545671e-05,0.0,nan,nan,nan
4264.866,1.545407e-05,0.0,nan,nan,nan
4264.95,1.545502e-05,0.0,nan,nan,nan
4265.034,1.545586e-05,0.0,nan,nan,nan
4265.117,1.545512e-05,0.0,nan,nan,nan
4265.226,1.54556e-05,0.0,nan,nan,nan
4265.314,1.545339e-05,0.0,nan,nan,nan
4265.397,1.545484e-05,0.0,nan,nan,nan
4265.498,1.545057e-05,0.0,nan,nan,nan
4265.607,1.545366e-05,0.0,nan,nan,nan
4265.69,1.545206e-05,0.0,nan,nan,nan
4265.774,1.545398e-05,0.0,nan,nan,nan
4265.858,1.545409e-05,0.0,nan,nan,nan
4265.941,1.545108e-05,0.0,nan,nan,nan
4266.029,1.545277e-05,0.0,nan,nan,nan
4266.113,1.545299e-05,0.0,nan,nan,nan
4266.197,1.545272e-05,0.0,nan,nan,nan
4266.28,1.545034e-05,0.0,nan,nan,nan
4266.364,1.544854e-05,0.0,nan,nan,nan
4266.449,1.54493e-05,0.0,nan,nan,nan
4266.533,1.545511e-05,0.0,nan,nan,nan
4266.616,1.5453e-05,0.0,nan,nan,nan
4266.7,1.545207e-05,0.0,nan,nan,nan
4266.783,1.544987e-05,0.0,nan,nan,nan
4266.867,1.545113e-05,0.0,nan,nan,nan
4266.954,1.545342e-05,0.0,nan,nan,nan
4267.065,1.544986e-05,0.0,nan,nan,nan
4267.148,1.5449e-05,0.0,nan,nan,nan
4267.252,1.545003e-05,0.0,nan,nan,nan
4267.336,1.545171e-05,0.0,nan,nan,nan
4267.44,1.54499e-05,0.0,nan,nan,nan
4267.527,1.545143e-05,0.0,nan,nan,nan
4267.611,1.545308e-05,0.0,nan,nan,nan
4267.695,1.54543e-05,0.0,nan,nan,nan
4267.779,1.54535e-05,0.0,nan,nan,nan
4267.87,1.545019e-05,0.0,nan,nan,nan
4267.954,1.544636e-05,0.0,nan,nan,nan
4268.037,1.545025e-05,0.0,nan,nan,nan
4268.131,1.545443e-05,0.0,nan,nan,nan
4268.214,1.545408e-05,0.0,nan,nan,nan
4268.298,1.545162e-05,0.0,nan,nan,nan
4268.381,1.544969e-05,0.0,nan,nan,nan
4268.465,1.545392e-05,0.0,nan,nan,nan
4268.549,1.544914e-05,0.0,nan,nan,nan
4268.633,1.545144e-05,0.0,nan,nan,nan
4268.716,1.545383e-05,0.0,nan,nan,nan
4268.803,1.545064e-05,0.0,nan,nan,nan
4268.896,1.545175e-05,0.0,nan,nan,nan
4268.98,1.54522e-05,0.0,nan,nan,nan
4269.088,1.545767e-05,0.0,nan,nan,nan
4269.172,1.545149e-05,0.0,nan,nan,nan
4269.256,1.545295e-05,0.0,nan,nan,nan
4269.339,1.545282e-05,0.0,nan,nan,nan
4269.423,1.545537e-05,0.0,nan,nan,nan
4269.508,1.545339e-05,0.0,nan,nan,nan
4269.591,1.545574e-05,0.0,nan,nan,nan
4269.677,1.545382e-05,0.0,nan,nan,nan
4269.76,1.545236e-05,0.0,nan,nan,nan
4269.844,1.545069e-05,0.0,nan,nan,nan
4269.928,1.545126e-05,0.0,nan,nan,nan
4270.012,1.545019e-05,0.0,nan,nan,nan
4270.107,1.545056e-05,0.0,nan,nan,nan
4270.191,1.545006e-05,0.0,nan,nan,nan
4270.274,1.545162e-05,0.0,nan,nan,nan
4270.358,1.544687e-05,0.0,nan,nan,nan
4270.442,1.545354e-05,0.0,nan,nan,nan
4270.533,1.545351e-05,0.0,nan,nan,nan
4270.616,1.545101e-05,0.0,nan,nan,nan
4270.7,1.545237e-05,0.0,nan,nan,nan
4270.783,1.54529e-05,0.0,nan,nan,nan
4270.867,1.545067e-05,0.0,nan,nan,nan
4270.951,1.545176e-05,0.0,nan,nan,nan
4271.034,1.545309e-05,0.0,nan,nan,nan
4271.14,1.545246e-05,0.0,nan,nan,nan
4271.223,1.545186e-05,0.0,nan,nan,nan
4271.307,1.545551e-05,0.0,nan,nan,nan
4271.39,1.545461e-05,0.0,nan,nan,nan
4271.475,1.545047e-05,0.0,nan,nan,nan
4271.577,1.545155e-05,0.0,nan,nan,nan
4271.661,1.545431e-05,0.0,nan,nan,nan
4271.745,1.54539e-05,0.0,nan,nan,nan
4271.828,1.544998e-05,0.0,nan,nan,nan
4271.912,1.545189e-05,0.0,nan,nan,nan
4271.996,1.54524e-05,0.0,nan,nan,nan
4272.079,1.545505e-05,0.0,nan,nan,nan
4272.171,1.54512e-05,0.0,nan,nan,nan
4272.254,1.545276e-05,0.0,nan,nan,nan
4272.364,1.545115e-05,0.0,nan,nan,nan
4272.448,1.545425e-05,0.0,nan,nan,nan
4272.542,1.545097e-05,0.0,nan,nan,nan
4272.626,1.545273e-05,0.0,nan,nan,nan
4272.71,1.545328e-05,0.0,nan,nan,nan
4272.793,1.544837e-05,0.0,nan,nan,nan
4272.877,1.545296e-05,0.0,nan,nan,nan
4272.98,1.545669e-05,0.0,nan,nan,nan
4273.064,1.545622e-05,0.0,nan,nan,nan
4273.148,1.545584e-05,0.0,nan,nan,nan
4273.232,1.545778e-05,0.0,nan,nan,nan
4273.316,1.545171e-05,0.0,nan,nan,nan
4273.4,1.544912e-05,0.0,nan,nan,nan
4273.484,1.545293e-05,0.0,nan,nan,nan
4273.568,1.545272e-05,0.0,nan,nan,nan
4273.657,1.54564e-05,0.0,nan,nan,nan
4273.74,1.545281e-05,0.0,nan,nan,nan
4273.824,1.545165e-05,0.0,nan,nan,nan
4273.907,1.545025e-05,0.0,nan,nan,nan
4274.007,1.544986e-05,0.0,nan,nan,nan
4274.09,1.54534e-05,0.0,nan,nan,nan
4274.174,1.545151e-05,0.0,nan,nan,nan
4274.258,1.545241e-05,0.0,nan,nan,nan
4274.341,1.544992e-05,0.0,nan,nan,nan
4274.425,1.545218e-05,0.0,nan,nan,nan
4274.509,1.544936e-05,0.0,nan,nan,nan
4274.611,1.545319e-05,0.0,nan,nan,nan
4274.695,1.545194e-05,0.0,nan,nan,nan
4274.778,1.545418e-05,0.0,nan,nan,nan
4274.862,1.545523e-05,0.0,nan,nan,nan
4274.946,1.545587e-05,0.0,nan,nan,nan
4275.029,1.544976e-05,0.0,nan,nan,nan
4275.113,1.545008e-05,0.0,nan,nan,nan
4275.222,1.54502e-05,0.0,nan,nan,nan
4275.305,1.545141e-05,0.0,nan,nan,nan
4275.389,1.545584e-05,0.0,nan,nan,nan
4275.473,1.54539e-05,0.0,nan,nan,nan
4275.557,1.54525e-05,0.0,nan,nan,nan
4275.663,1.545358e-05,0.0,nan,nan,nan
4275.749,1.545258e-05,0.0,nan,nan,nan
4275.833,1.545472e-05,0.0,nan,nan,nan
4275.916,1.545283e-05,0.0,nan,nan,nan
4276.0,1.545374e-05,0.0,nan,nan,nan
4276.083,1.545713e-05,0.0,nan,nan,nan
4276.17,1.545317e-05,0.0,nan,nan,nan
4276.274,1.545162e-05,0.0,nan,nan,nan
4276.358,1.545033e-05,0.0,nan,nan,nan
4276.461,1.545346e-05,0.0,nan,nan,nan
4276.545,1.545154e-05,0.0,nan,nan,nan
4276.628,1.545378e-05,0.0,nan,nan,nan
4276.712,1.545707e-05,0.0,nan,nan,nan
4276.796,1.545125e-05,0.0,nan,nan,nan
4276.88,1.545022e-05,0.0,nan,nan,nan
4276.964,1.545304e-05,0.0,nan,nan,nan
4277.067,1.545042e-05,0.0,nan,nan,nan
4277.151,1.545017e-05,0.0,nan,nan,nan
4277.234,1.545162e-05,0.0,nan,nan,nan
4277.318,1.54514e-05,0.0,nan,nan,nan
4277.402,1.545141e-05,0.0,nan,nan,nan
4277.486,1.544748e-05,0.0,nan,nan,nan
4277.57,1.545264e-05,0.0,nan,nan,nan
4277.675,1.545277e-05,0.0,nan,nan,nan
4277.758,1.545533e-05,0.0,nan,nan,nan
4277.843,1.545493e-05,0.0,nan,nan,nan
4277.927,1.545075e-05,0.0,nan,nan,nan
4278.011,1.545141e-05,0.0,nan,nan,nan
4278.095,1.545459e-05,0.0,nan,nan,nan
4278.179,1.545039e-05,0.0,nan,nan,nan
4278.283,1.545539e-05,0.0,nan,nan,nan
4278.366,1.545157e-05,0.0,nan,nan,nan
4278.451,1.544893e-05,0.0,nan,nan,nan
4278.535,1.545031e-05,0.0,nan,nan,nan
4278.624,1.545158e-05,0.0,nan,nan,nan
4278.722,1.54511e-05,0.0,nan,nan,nan
4278.806,1.545217e-05,0.0,nan,nan,nan
4278.913,1.544834e-05,0.0,nan,nan,nan
4278.996,1.544643e-05,0.0,nan,nan,nan
4279.08,1.545152e-05,0.0,nan,nan,nan
4279.164,1.545057e-05,0.0,nan,nan,nan
4279.248,1.545161e-05,0.0,nan,nan,nan
4279.332,1.545358e-05,0.0,nan,nan,nan
4279.415,1.545404e-05,0.0,nan,nan,nan
4279.501,1.545328e-05,0.0,nan,nan,nan
4279.585,1.545074e-05,0.0,nan,nan,nan
4279.668,1.545216e-05,0.0,nan,nan,nan
4279.779,1.544734e-05,0.0,nan,nan,nan
4279.863,1.545123e-05,0.0,nan,nan,nan
4279.947,1.545685e-05,0.0,nan,nan,nan
4280.031,1.544997e-05,0.0,nan,nan,nan
4280.124,1.545654e-05,0.0,nan,nan,nan
4280.207,1.545379e-05,0.0,nan,nan,nan
4280.291,1.545301e-05,0.0,nan,nan,nan
4280.374,1.545229e-05,0.0,nan,nan,nan
4280.458,1.545353e-05,0.0,nan,nan,nan
4280.551,1.544893e-05,0.0,nan,nan,nan
4280.634,1.545077e-05,0.0,nan,nan,nan
4280.719,1.545416e-05,0.0,nan,nan,nan
4280.803,1.545032e-05,0.0,nan,nan,nan
4280.887,1.544899e-05,0.0,nan,nan,nan
4280.97,1.545147e-05,0.0,nan,nan,nan
4281.054,1.545e-05,0.0,nan,nan,nan
4281.137,1.545191e-05,0.0,nan,nan,nan
4281.221,1.545571e-05,0.0,nan,nan,nan
4281.305,1.545539e-05,0.0,nan,nan,nan
4281.388,1.545589e-05,0.0,nan,nan,nan
4281.472,1.5451e-05,0.0,nan,nan,nan
4281.555,1.545225e-05,0.0,nan,nan,nan
4281.639,1.545619e-05,0.0,nan,nan,nan
4281.723,1.54514e-05,0.0,nan,nan,nan
4281.806,1.545326e-05,0.0,nan,nan,nan
4281.89,1.545276e-05,0.0,nan,nan,nan
4281.984,1.545259e-05,0.0,nan,nan,nan
4282.067,1.545615e-05,0.0,nan,nan,nan
4282.151,1.54534e-05,0.0,nan,nan,nan
4282.235,1.545541e-05,0.0,nan,nan,nan
4282.318,1.545306e-05,0.0,nan,nan,nan
4282.409,1.545337e-05,0.0,nan,nan,nan
4282.492,1.545625e-05,0.0,nan,nan,nan
4282.589,1.545778e-05,0.0,nan,nan,nan
4282.672,1.545755e-05,0.0,nan,nan,nan
4282.758,1.545631e-05,0.0,nan,nan,nan
4282.842,1.545387e-05,0.0,nan,nan,nan
4282.928,1.545908e-05,0.0,nan,nan,nan
4283.015,1.545519e-05,0.0,nan,nan,nan
4283.098,1.545209e-05,0.0,nan,nan,nan
4283.182,1.545828e-05,0.0,nan,nan,nan
4283.266,1.54515e-05,0.0,nan,nan,nan
4283.354,1.545535e-05,0.0,nan,nan,nan
4283.438,1.54549e-05,0.0,nan,nan,nan
4283.522,1.545323e-05,0.0,nan,nan,nan
4283.62,1.545614e-05,0.0,nan,nan,nan
4283.703,1.545391e-05,0.0,nan,nan,nan
4283.801,1.545887e-05,0.0,nan,nan,nan
4283.908,1.545563e-05,0.0,nan,nan,nan
4284.011,1.545605e-05,0.0,nan,nan,nan
4284.095,1.545431e-05,0.0,nan,nan,nan
4284.179,1.545792e-05,0.0,nan,nan,nan
4284.263,1.545886e-05,0.0,nan,nan,nan
4284.347,1.545897e-05,0.0,nan,nan,nan
4284.43,1.545713e-05,0.0,nan,nan,nan
4284.514,1.545387e-05,0.0,nan,nan,nan
4284.613,1.545769e-05,0.0,nan,nan,nan
4284.696,1.546118e-05,0.0,nan,nan,nan
4284.78,1.545591e-05,0.0,nan,nan,nan
4284.863,1.545816e-05,0.0,nan,nan,nan
4284.949,1.545779e-05,0.0,nan,nan,nan
4285.032,1.545392e-05,0.0,nan,nan,nan
4285.116,1.545727e-05,0.0,nan,nan,nan
4285.2,1.54585e-05,0.0,nan,nan,nan
4285.283,1.545936e-05,0.0,nan,nan,nan
4285.368,1.545943e-05,0.0,nan,nan,nan
4285.463,1.545907e-05,0.0,nan,nan,nan
4285.546,1.54575e-05,0.0,nan,nan,nan
4285.639,1.545731e-05,0.0,nan,nan,nan
4285.723,1.545854e-05,0.0,nan,nan,nan
4285.807,1.545742e-05,0.0,nan,nan,nan
4285.89,1.545329e-05,0.0,nan,nan,nan
4285.997,1.545687e-05,0.0,nan,nan,nan
4286.08,1.545943e-05,0.0,nan,nan,nan
4286.164,1.545867e-05,0.0,nan,nan,nan
4286.271,1.545645e-05,0.0,nan,nan,nan
4286.355,1.545575e-05,0.0,nan,nan,nan
4286.439,1.545701e-05,0.0,nan,nan,nan
4286.522,1.545864e-05,0.0,nan,nan,nan
4286.606,1.54554e-05,0.0,nan,nan,nan
4286.701,1.545455e-05,0.0,nan,nan,nan
4286.784,1.545615e-05,0.0,nan,nan,nan
4286.882,1.545853e-05,0.0,nan,nan,nan
4286.966,1.545368e-05,0.0,nan,nan,nan
4287.049,1.545834e-05,0.0,nan,nan,nan
4287.133,1.545948e-05,0.0,nan,nan,nan
4287.217,1.545673e-05,0.0,nan,nan,nan
4287.305,1.545849e-05,0.0,nan,nan,nan
4287.388,1.545907e-05,0.0,nan,nan,nan
4287.472,1.546113e-05,0.0,nan,nan,nan
4287.555,1.545911e-05,0.0,nan,nan,nan
4287.639,1.545931e-05,0.0,nan,nan,nan
4287.722,1.545535e-05,0.0,nan,nan,nan
4287.806,1.545619e-05,0.0,nan,nan,nan
4287.917,1.545819e-05,0.0,nan,nan,nan
4288.001,1.545365e-05,0.0,nan,nan,nan
4288.091,1.545506e-05,0.0,nan,nan,nan
4288.174,1.545942e-05,0.0,nan,nan,nan
4288.258,1.545668e-05,0.0,nan,nan,nan
4288.342,1.545632e-05,0.0,nan,nan,nan
4288.426,1.54553e-05,0.0,nan,nan,nan
4288.511,1.545833e-05,0.0,nan,nan,nan
4288.595,1.545586e-05,0.0,nan,nan,nan
4288.68,1.545299e-05,0.0,nan,nan,nan
4288.763,1.545648e-05,0.0,nan,nan,nan
4288.849,1.545122e-05,0.0,nan,nan,nan
4288.933,1.545345e-05,0.0,nan,nan,nan
4289.017,1.545499e-05,0.0,nan,nan,nan
4289.118,1.545284e-05,0.0,nan,nan,nan
4289.202,1.545784e-05,0.0,nan,nan,nan
4289.286,1.54577e-05,0.0,nan,nan,nan
4289.369,1.545414e-05,0.0,nan,nan,nan
4289.453,1.545284e-05,0.0,nan,nan,nan
4289.548,1.545983e-05,0.0,nan,nan,nan
4289.632,1.545718e-05,0.0,nan,nan,nan
4289.716,1.545421e-05,0.0,nan,nan,nan
4289.8,1.54534e-05,0.0,nan,nan,nan
4289.884,1.545696e-05,0.0,nan,nan,nan
4289.967,1.545769e-05,0.0,nan,nan,nan
4290.054,1.545589e-05,0.0,nan,nan,nan
4290.147,1.544994e-05,0.0,nan,nan,nan
4290.231,1.545512e-05,0.0,nan,nan,nan
4290.315,1.545499e-05,0.0,nan,nan,nan
4290.398,1.545527e-05,0.0,nan,nan,nan
4290.483,1.545728e-05,0.0,nan,nan,nan
4290.567,1.545428e-05,0.0,nan,nan,nan
4290.65,1.545314e-05,0.0,nan,nan,nan
4290.751,1.545565e-05,0.0,nan,nan,nan
4290.835,1.545485e-05,0.0,nan,nan,nan
4290.918,1.546073e-05,0.0,nan,nan,nan
4291.002,1.54583e-05,0.0,nan,nan,nan
4291.086,1.546199e-05,0.0,nan,nan,nan
4291.17,1.545451e-05,0.0,nan,nan,nan
4291.253,1.545518e-05,0.0,nan,nan,nan
4291.337,1.545499e-05,0.0,nan,nan,nan
4291.421,1.54529e-05,0.0,nan,nan,nan
4291.507,1.545359e-05,0.0,nan,nan,nan
4291.591,1.545549e-05,0.0,nan,nan,nan
4291.675,1.545656e-05,0.0,nan,nan,nan
4291.763,1.545666e-05,0.0,nan,nan,nan
4291.847,1.545627e-05,0.0,nan,nan,nan
4291.93,1.545438e-05,0.0,nan,nan,nan
4292.014,1.545559e-05,0.0,nan,nan,nan
4292.097,1.545962e-05,0.0,nan,nan,nan
4292.213,1.545379e-05,0.0,nan,nan,nan
4292.299,1.545471e-05,0.0,nan,nan,nan
4292.385,1.545503e-05,0.0,nan,nan,nan
4292.469,1.545602e-05,0.0,nan,nan,nan
4292.576,1.545484e-05,0.0,nan,nan,nan
4292.66,1.545282e-05,0.0,nan,nan,nan
4292.744,1.545538e-05,0.0,nan,nan,nan
4292.827,1.545653e-05,0.0,nan,nan,nan
4292.914,1.545516e-05,0.0,nan,nan,nan
4293.007,1.545005e-05,0.0,nan,nan,nan
4293.091,1.545227e-05,0.0,nan,nan,nan
4293.184,1.545131e-05,0.0,nan,nan,nan
4293.267,1.545256e-05,0.0,nan,nan,nan
4293.351,1.545652e-05,0.0,nan,nan,nan
4293.435,1.545598e-05,0.0,nan,nan,nan
4293.519,1.54558e-05,0.0,nan,nan,nan
4293.602,1.545603e-05,0.0,nan,nan,nan
4293.686,1.545169e-05,0.0,nan,nan,nan
4293.791,1.545326e-05,0.0,nan,nan,nan
4293.875,1.545616e-05,0.0,nan,nan,nan
4293.959,1.545334e-05,0.0,nan,nan,nan
4294.042,1.545493e-05,0.0,nan,nan,nan
4294.126,1.545742e-05,0.0,nan,nan,nan
4294.221,1.545368e-05,0.0,nan,nan,nan
4294.339,1.545181e-05,0.0,nan,nan,nan
4294.433,1.545149e-05,0.0,nan,nan,nan
4294.518,1.545432e-05,0.0,nan,nan,nan
4294.614,1.545084e-05,0.0,nan,nan,nan
4294.698,1.544929e-05,0.0,nan,nan,nan
4294.801,1.545574e-05,0.0,nan,nan,nan
4294.885,1.545513e-05,0.0,nan,nan,nan
4294.969,1.545312e-05,0.0,nan,nan,nan
4295.053,1.545136e-05,0.0,nan,nan,nan
4295.136,1.54556e-05,0.0,nan,nan,nan
4295.23,1.545356e-05,0.0,nan,nan,nan
4295.314,1.545483e-05,0.0,nan,nan,nan
4295.409,1.545386e-05,0.0,nan,nan,nan
4295.493,1.545187e-05,0.0,nan,nan,nan
4295.577,1.545202e-05,0.0,nan,nan,nan
4295.661,1.545342e-05,0.0,nan,nan,nan
4295.749,1.5452e-05,0.0,nan,nan,nan
4295.845,1.545672e-05,0.0,nan,nan,nan
4295.929,1.545325e-05,0.0,nan,nan,nan
4296.012,1.545164e-05,0.0,nan,nan,nan
4296.096,1.545187e-05,0.0,nan,nan,nan
4296.181,1.545647e-05,0.0,nan,nan,nan
4296.265,1.54588e-05,0.0,nan,nan,nan
4296.396,1.545484e-05,0.0,nan,nan,nan
4296.507,1.545472e-05,0.0,nan,nan,nan
4296.591,1.54535e-05,0.0,nan,nan,nan
4296.676,1.545441e-05,0.0,nan,nan,nan
4296.76,1.545211e-05,0.0,nan,nan,nan
4296.856,1.545497e-05,0.0,nan,nan,nan
4296.939,1.545492e-05,0.0,nan,nan,nan
4297.023,1.545369e-05,0.0,nan,nan,nan
4297.106,1.54589e-05,0.0,nan,nan,nan
4297.19,1.545971e-05,0.0,nan,nan,nan
4297.279,1.546065e-05,0.0,nan,nan,nan
4297.362,1.545766e-05,0.0,nan,nan,nan
4297.461,1.546227e-05,0.0,nan,nan,nan
4297.544,1.545312e-05,0.0,nan,nan,nan
4297.628,1.545689e-05,0.0,nan,nan,nan
4297.712,1.545679e-05,0.0,nan,nan,nan
4297.795,1.545531e-05,0.0,nan,nan,nan
4297.881,1.545434e-05,0.0,nan,nan,nan
4297.965,1.545188e-05,0.0,nan,nan,nan
4298.049,1.545375e-05,0.0,nan,nan,nan
4298.133,1.545276e-05,0.0,nan,nan,nan
4298.218,1.545338e-05,0.0,nan,nan,nan
4298.302,1.545502e-05,0.0,nan,nan,nan
4298.385,1.545244e-05,0.0,nan,nan,nan
4298.47,1.545561e-05,0.0,nan,nan,nan
4298.553,1.545376e-05,0.0,nan,nan,nan
4298.637,1.545527e-05,0.0,nan,nan,nan
4298.72,1.545396e-05,0.0,nan,nan,nan
4298.804,1.545491e-05,0.0,nan,nan,nan
4298.91,1.54548e-05,0.0,nan,nan,nan
4298.994,1.546025e-05,0.0,nan,nan,nan
4299.077,1.546018e-05,0.0,nan,nan,nan
4299.161,1.545767e-05,0.0,nan,nan,nan
4299.245,1.545814e-05,0.0,nan,nan,nan
4299.328,1.545441e-05,0.0,nan,nan,nan
4299.412,1.545295e-05,0.0,nan,nan,nan
4299.497,1.545387e-05,0.0,nan,nan,nan
4299.581,1.545252e-05,0.0,nan,nan,nan
4299.664,1.545003e-05,0.0,nan,nan,nan
4299.748,1.545236e-05,0.0,nan,nan,nan
4299.832,1.545165e-05,0.0,nan,nan,nan
4299.933,1.545797e-05,0.0,nan,nan,nan
4300.017,1.545107e-05,0.0,nan,nan,nan
4300.117,1.545592e-05,0.0,nan,nan,nan
4300.201,1.545325e-05,0.0,nan,nan,nan
4300.284,1.545539e-05,0.0,nan,nan,nan
4300.368,1.545892e-05,0.0,nan,nan,nan
4300.453,1.545861e-05,0.0,nan,nan,nan
4300.549,1.545812e-05,0.0,nan,nan,nan
4300.632,1.545992e-05,0.0,nan,nan,nan
4300.716,1.545477e-05,0.0,nan,nan,nan
4300.8,1.54554e-05,0.0,nan,nan,nan
4300.883,1.545795e-05,0.0,nan,nan,nan
4300.967,1.546111e-05,0.0,nan,nan,nan
4301.051,1.546118e-05,0.0,nan,nan,nan
4301.156,1.545812e-05,0.0,nan,nan,nan
4301.24,1.545942e-05,0.0,nan,nan,nan
4301.324,1.545664e-05,0.0,nan,nan,nan
4301.407,1.545497e-05,0.0,nan,nan,nan
4301.492,1.545459e-05,0.0,nan,nan,nan
4301.582,1.545152e-05,0.0,nan,nan,nan
4301.665,1.545746e-05,0.0,nan,nan,nan
4301.773,1.545488e-05,0.0,nan,nan,nan
4301.857,1.54509e-05,0.0,nan,nan,nan
4301.947,1.54502e-05,0.0,nan,nan,nan
4302.031,1.545258e-05,0.0,nan,nan,nan
4302.114,1.545211e-05,0.0,nan,nan,nan
4302.2,1.545399e-05,0.0,nan,nan,nan
4302.284,1.5457e-05,0.0,nan,nan,nan
4302.368,1.545358e-05,0.0,nan,nan,nan
4302.452,1.545264e-05,0.0,nan,nan,nan
4302.539,1.545522e-05,0.0,nan,nan,nan
4302.639,1.545601e-05,0.0,nan,nan,nan
4302.727,1.545267e-05,0.0,nan,nan,nan
4302.811,1.545327e-05,0.0,nan,nan,nan
4302.894,1.545409e-05,0.0,nan,nan,nan
4302.978,1.545414e-05,0.0,nan,nan,nan
4303.062,1.545191e-05,0.0,nan,nan,nan
4303.145,1.545319e-05,0.0,nan,nan,nan
4303.229,1.545367e-05,0.0,nan,nan,nan
4303.313,1.545567e-05,0.0,nan,nan,nan
4303.401,1.545219e-05,0.0,nan,nan,nan
4303.485,1.544881e-05,0.0,nan,nan,nan
4303.568,1.545211e-05,0.0,nan,nan,nan
4303.652,1.545422e-05,0.0,nan,nan,nan
4303.735,1.545734e-05,0.0,nan,nan,nan
4303.825,1.545198e-05,0.0,nan,nan,nan
4303.909,1.54526e-05,0.0,nan,nan,nan
4303.992,1.545406e-05,0.0,nan,nan,nan
4304.076,1.545325e-05,0.0,nan,nan,nan
4304.16,1.545433e-05,0.0,nan,nan,nan
4304.245,1.545443e-05,0.0,nan,nan,nan
4304.328,1.545549e-05,0.0,nan,nan,nan
4304.418,1.545082e-05,0.0,nan,nan,nan
4304.502,1.545813e-05,0.0,nan,nan,nan
4304.585,1.545035e-05,0.0,nan,nan,nan
4304.696,1.545664e-05,0.0,nan,nan,nan
4304.78,1.545463e-05,0.0,nan,nan,nan
4304.863,1.545301e-05,0.0,nan,nan,nan
4304.947,1.545202e-05,0.0,nan,nan,nan
4305.033,1.545702e-05,0.0,nan,nan,nan
4305.117,1.545455e-05,0.0,nan,nan,nan
4305.201,1.544996e-05,0.0,nan,nan,nan
4305.285,1.544984e-05,0.0,nan,nan,nan
4305.371,1.545494e-05,0.0,nan,nan,nan
4305.455,1.545308e-05,0.0,nan,nan,nan
4305.539,1.545288e-05,0.0,nan,nan,nan
4305.623,1.545595e-05,0.0,nan,nan,nan
4305.707,1.545416e-05,0.0,nan,nan,nan
4305.791,1.545481e-05,0.0,nan,nan,nan
4305.874,1.545129e-05,0.0,nan,nan,nan
4305.958,1.545589e-05,0.0,nan,nan,nan
4306.046,1.545432e-05,0.0,nan,nan,nan
4306.13,1.544944e-05,0.0,nan,nan,nan
4306.213,1.545205e-05,0.0,nan,nan,nan
4306.297,1.545159e-05,0.0,nan,nan,nan
4306.381,1.544711e-05,0.0,nan,nan,nan
4306.465,1.545076e-05,0.0,nan,nan,nan
4306.548,1.545547e-05,0.0,nan,nan,nan
4306.632,1.544855e-05,0.0,nan,nan,nan
4306.746,1.544898e-05,0.0,nan,nan,nan
4306.829,1.544719e-05,0.0,nan,nan,nan
4306.913,1.544975e-05,0.0,nan,nan,nan
4307.0,1.544995e-05,0.0,nan,nan,nan
4307.084,1.544856e-05,0.0,nan,nan,nan
4307.167,1.544954e-05,0.0,nan,nan,nan
4307.274,1.544789e-05,0.0,nan,nan,nan
4307.357,1.545195e-05,0.0,nan,nan,nan
4307.442,1.545284e-05,0.0,nan,nan,nan
4307.526,1.544937e-05,0.0,nan,nan,nan
4307.609,1.545321e-05,0.0,nan,nan,nan
4307.711,1.545169e-05,0.0,nan,nan,nan
4307.795,1.545302e-05,0.0,nan,nan,nan
4307.888,1.545228e-05,0.0,nan,nan,nan
4307.972,1.545351e-05,0.0,nan,nan,nan
4308.056,1.54583e-05,0.0,nan,nan,nan
4308.14,1.545584e-05,0.0,nan,nan,nan
4308.223,1.545668e-05,0.0,nan,nan,nan
4308.307,1.54544e-05,0.0,nan,nan,nan
4308.39,1.545482e-05,0.0,nan,nan,nan
4308.474,1.545302e-05,0.0,nan,nan,nan
4308.557,1.545601e-05,0.0,nan,nan,nan
4308.641,1.545162e-05,0.0,nan,nan,nan
4308.734,1.545473e-05,0.0,nan,nan,nan
4308.83,1.545579e-05,0.0,nan,nan,nan
4308.917,1.544949e-05,0.0,nan,nan,nan
4309.001,1.545542e-05,0.0,nan,nan,nan
4309.084,1.545155e-05,0.0,nan,nan,nan
4309.168,1.545089e-05,0.0,nan,nan,nan
4309.251,1.545402e-05,0.0,nan,nan,nan
4309.335,1.545534e-05,0.0,nan,nan,nan
4309.419,1.545767e-05,0.0,nan,nan,nan
4309.502,1.545842e-05,0.0,nan,nan,nan
4309.586,1.545682e-05,0.0,nan,nan,nan
4309.67,1.545562e-05,0.0,nan,nan,nan
4309.766,1.545392e-05,0.0,nan,nan,nan
4309.85,1.545487e-05,0.0,nan,nan,nan
4309.933,1.545701e-05,0.0,nan,nan,nan
4310.017,1.545206e-05,0.0,nan,nan,nan
4310.1,1.545277e-05,0.0,nan,nan,nan
4310.184,1.545324e-05,0.0,nan,nan,nan
4310.272,1.545704e-05,0.0,nan,nan,nan
4310.364,1.546048e-05,0.0,nan,nan,nan
4310.448,1.545523e-05,0.0,nan,nan,nan
4310.531,1.545879e-05,0.0,nan,nan,nan
4310.615,1.545643e-05,0.0,nan,nan,nan
4310.698,1.545687e-05,0.0,nan,nan,nan
4310.783,1.545554e-05,0.0,nan,nan,nan
4310.88,1.545695e-05,0.0,nan,nan,nan
4310.963,1.545445e-05,0.0,nan,nan,nan
4311.047,1.545478e-05,0.0,nan,nan,nan
4311.13,1.54538e-05,0.0,nan,nan,nan
4311.214,1.545912e-05,0.0,nan,nan,nan
4311.298,1.545996e-05,0.0,nan,nan,nan
4311.381,1.54579e-05,0.0,nan,nan,nan
4311.464,1.545623e-05,0.0,nan,nan,nan
4311.569,1.545332e-05,0.0,nan,nan,nan
4311.653,1.545353e-05,0.0,nan,nan,nan
4311.736,1.545628e-05,0.0,nan,nan,nan
4311.82,1.545595e-05,0.0,nan,nan,nan
4311.904,1.545775e-05,0.0,nan,nan,nan
4312.009,1.545172e-05,0.0,nan,nan,nan
4312.093,1.545232e-05,0.0,nan,nan,nan
4312.176,1.545491e-05,0.0,nan,nan,nan
4312.26,1.545504e-05,0.0,nan,nan,nan
4312.344,1.545326e-05,0.0,nan,nan,nan
4312.434,1.545663e-05,0.0,nan,nan,nan
4312.518,1.545401e-05,0.0,nan,nan,nan
4312.61,1.545437e-05,0.0,nan,nan,nan
4312.694,1.545724e-05,0.0,nan,nan,nan
4312.777,1.54588e-05,0.0,nan,nan,nan
4312.861,1.545381e-05,0.0,nan,nan,nan
4312.962,1.54586e-05,0.0,nan,nan,nan
4313.063,1.545743e-05,0.0,nan,nan,nan
4313.147,1.546173e-05,0.0,nan,nan,nan
4313.23,1.545623e-05,0.0,nan,nan,nan
4313.314,1.545364e-05,0.0,nan,nan,nan
4313.422,1.545908e-05,0.0,nan,nan,nan
4313.506,1.5459e-05,0.0,nan,nan,nan
4313.591,1.545697e-05,0.0,nan,nan,nan
4313.675,1.545957e-05,0.0,nan,nan,nan
4313.759,1.5461e-05,0.0,nan,nan,nan
4313.844,1.545721e-05,0.0,nan,nan,nan
4313.928,1.545619e-05,0.0,nan,nan,nan
4314.021,1.546081e-05,0.0,nan,nan,nan
4314.105,1.545559e-05,0.0,nan,nan,nan
4314.188,1.545922e-05,0.0,nan,nan,nan
4314.272,1.545391e-05,0.0,nan,nan,nan
4314.356,1.545916e-05,0.0,nan,nan,nan
4314.445,1.545877e-05,0.0,nan,nan,nan
4314.529,1.5456e-05,0.0,nan,nan,nan
4314.612,1.545836e-05,0.0,nan,nan,nan
4314.696,1.5456e-05,0.0,nan,nan,nan
4314.781,1.546048e-05,0.0,nan,nan,nan
4314.865,1.545565e-05,0.0,nan,nan,nan
4314.953,1.545753e-05,0.0,nan,nan,nan
4315.036,1.545935e-05,0.0,nan,nan,nan
4315.122,1.546023e-05,0.0,nan,nan,nan
4315.206,1.545631e-05,0.0,nan,nan,nan
4315.289,1.546156e-05,0.0,nan,nan,nan
4315.374,1.54608e-05,0.0,nan,nan,nan
4315.458,1.545568e-05,0.0,nan,nan,nan
4315.541,1.545545e-05,0.0,nan,nan,nan
4315.625,1.545855e-05,0.0,nan,nan,nan
4315.708,1.545321e-05,0.0,nan,nan,nan
4315.792,1.54565e-05,0.0,nan,nan,nan
4315.889,1.545273e-05,0.0,nan,nan,nan
4315.973,1.5454e-05,0.0,nan,nan,nan
4316.057,1.546087e-05,0.0,nan,nan,nan
4316.14,1.545555e-05,0.0,nan,nan,nan
4316.224,1.545608e-05,0.0,nan,nan,nan
4316.307,1.545322e-05,0.0,nan,nan,nan
4316.391,1.545734e-05,0.0,nan,nan,nan
4316.475,1.545461e-05,0.0,nan,nan,nan
4316.558,1.545244e-05,0.0,nan,nan,nan
4316.649,1.545557e-05,0.0,nan,nan,nan
4316.732,1.545972e-05,0.0,nan,nan,nan
4316.817,1.545684e-05,0.0,nan,nan,nan
4316.901,1.545463e-05,0.0,nan,nan,nan
4316.985,1.545735e-05,0.0,nan,nan,nan
4317.093,1.545505e-05,0.0,nan,nan,nan
4317.177,1.545395e-05,0.0,nan,nan,nan
4317.261,1.545196e-05,0.0,nan,nan,nan
4317.344,1.54545e-05,0.0,nan,nan,nan
4317.431,1.545289e-05,0.0,nan,nan,nan
4317.521,1.545155e-05,0.0,nan,nan,nan
4317.605,1.545289e-05,0.0,nan,nan,nan
4317.701,1.545251e-05,0.0,nan,nan,nan
4317.785,1.545499e-05,0.0,nan,nan,nan
4317.87,1.545003e-05,0.0,nan,nan,nan
4317.954,1.545436e-05,0.0,nan,nan,nan
4318.037,1.545473e-05,0.0,nan,nan,nan
4318.121,1.54526e-05,0.0,nan,nan,nan
4318.205,1.545264e-05,0.0,nan,nan,nan
4318.305,1.545374e-05,0.0,nan,nan,nan
4318.389,1.545673e-05,0.0,nan,nan,nan
4318.472,1.54514e-05,0.0,nan,nan,nan
4318.556,1.545686e-05,0.0,nan,nan,nan
4318.64,1.545098e-05,0.0,nan,nan,nan
4318.735,1.54523e-05,0.0,nan,nan,nan
4318.819,1.545398e-05,0.0,nan,nan,nan
4318.902,1.545468e-05,0.0,nan,nan,nan
4318.986,1.545899e-05,0.0,nan,nan,nan
4319.069,1.545654e-05,0.0,nan,nan,nan
4319.163,1.546075e-05,0.0,nan,nan,nan
4319.246,1.545589e-05,0.0,nan,nan,nan
4319.347,1.545554e-05,0.0,nan,nan,nan
4319.431,1.54587e-05,0.0,nan,nan,nan
4319.539,1.545776e-05,0.0,nan,nan,nan
4319.623,1.546007e-05,0.0,nan,nan,nan
4319.707,1.545488e-05,0.0,nan,nan,nan
4319.79,1.545737e-05,0.0,nan,nan,nan
4319.874,1.545457e-05,0.0,nan,nan,nan
4319.96,1.545821e-05,0.0,nan,nan,nan
4320.044,1.546045e-05,0.0,nan,nan,nan
4320.13,1.546029e-05,0.0,nan,nan,nan
4320.214,1.545864e-05,0.0,nan,nan,nan
4320.297,1.545582e-05,0.0,nan,nan,nan
4320.389,1.545877e-05,0.0,nan,nan,nan
4320.472,1.546155e-05,0.0,nan,nan,nan
4320.558,1.545489e-05,0.0,nan,nan,nan
4320.642,1.545915e-05,0.0,nan,nan,nan
4320.725,1.545608e-05,0.0,nan,nan,nan
4320.809,1.545584e-05,0.0,nan,nan,nan
4320.892,1.545603e-05,0.0,nan,nan,nan
4320.977,1.545665e-05,0.0,nan,nan,nan
4321.061,1.545731e-05,0.0,nan,nan,nan
4321.145,1.545633e-05,0.0,nan,nan,nan
4321.25,1.545592e-05,0.0,nan,nan,nan
4321.333,1.545866e-05,0.0,nan,nan,nan
4321.417,1.545539e-05,0.0,nan,nan,nan
4321.505,1.545565e-05,0.0,nan,nan,nan
4321.588,1.545941e-05,0.0,nan,nan,nan
4321.672,1.545715e-05,0.0,nan,nan,nan
4321.756,1.545994e-05,0.0,nan,nan,nan
4321.84,1.545623e-05,0.0,nan,nan,nan
4321.923,1.545769e-05,0.0,nan,nan,nan
4322.017,1.545708e-05,0.0,nan,nan,nan
4322.1,1.545964e-05,0.0,nan,nan,nan
4322.184,1.545671e-05,0.0,nan,nan,nan
4322.267,1.545336e-05,0.0,nan,nan,nan
4322.351,1.545664e-05,0.0,nan,nan,nan
4322.435,1.545564e-05,0.0,nan,nan,nan
4322.518,1.545802e-05,0.0,nan,nan,nan
4322.622,1.545786e-05,0.0,nan,nan,nan
4322.706,1.545736e-05,0.0,nan,nan,nan
4322.79,1.545296e-05,0.0,nan,nan,nan
4322.874,1.546075e-05,0.0,nan,nan,nan
4322.957,1.546021e-05,0.0,nan,nan,nan
4323.047,1.545884e-05,0.0,nan,nan,nan
4323.131,1.546252e-05,0.0,nan,nan,nan
4323.263,1.545872e-05,0.0,nan,nan,nan
4323.346,1.54579e-05,0.0,nan,nan,nan
4323.43,1.545738e-05,0.0,nan,nan,nan
4323.513,1.545843e-05,0.0,nan,nan,nan
4323.597,1.545555e-05,0.0,nan,nan,nan
4323.682,1.545647e-05,0.0,nan,nan,nan
4323.772,1.54578e-05,0.0,nan,nan,nan
4323.859,1.545505e-05,0.0,nan,nan,nan
4323.943,1.54551e-05,0.0,nan,nan,nan
4324.026,1.545899e-05,0.0,nan,nan,nan
4324.11,1.545747e-05,0.0,nan,nan,nan
4324.193,1.545463e-05,0.0,nan,nan,nan
4324.283,1.54562e-05,0.0,nan,nan,nan
4324.367,1.545701e-05,0.0,nan,nan,nan
4324.451,1.545394e-05,0.0,nan,nan,nan
4324.535,1.545428e-05,0.0,nan,nan,nan
4324.618,1.545744e-05,0.0,nan,nan,nan
4324.71,1.545388e-05,0.0,nan,nan,nan
4324.794,1.545717e-05,0.0,nan,nan,nan
4324.88,1.54596e-05,0.0,nan,nan,nan
4324.964,1.545695e-05,0.0,nan,nan,nan
4325.048,1.545582e-05,0.0,nan,nan,nan
4325.132,1.545699e-05,0.0,nan,nan,nan
4325.215,1.545894e-05,0.0,nan,nan,nan
4325.331,1.545699e-05,0.0,nan,nan,nan
4325.416,1.545561e-05,0.0,nan,nan,nan
4325.51,1.545352e-05,0.0,nan,nan,nan
4325.594,1.545248e-05,0.0,nan,nan,nan
4325.678,1.545679e-05,0.0,nan,nan,nan
4325.762,1.545802e-05,0.0,nan,nan,nan
4325.845,1.545801e-05,0.0,nan,nan,nan
4325.929,1.54563e-05,0.0,nan,nan,nan
4326.013,1.545415e-05,0.0,nan,nan,nan
4326.11,1.546026e-05,0.0,nan,nan,nan
4326.193,1.546091e-05,0.0,nan,nan,nan
4326.278,1.545521e-05,0.0,nan,nan,nan
4326.361,1.545608e-05,0.0,nan,nan,nan
4326.445,1.545412e-05,0.0,nan,nan,nan
4326.531,1.545858e-05,0.0,nan,nan,nan
4326.615,1.545794e-05,0.0,nan,nan,nan
4326.699,1.545115e-05,0.0,nan,nan,nan
4326.782,1.545487e-05,0.0,nan,nan,nan
4326.866,1.545785e-05,0.0,nan,nan,nan
4326.955,1.545679e-05,0.0,nan,nan,nan
4327.039,1.545495e-05,0.0,nan,nan,nan
4327.132,1.545883e-05,0.0,nan,nan,nan
4327.216,1.545793e-05,0.0,nan,nan,nan
4327.299,1.545782e-05,0.0,nan,nan,nan
4327.385,1.545525e-05,0.0,nan,nan,nan
4327.469,1.545521e-05,0.0,nan,nan,nan
4327.555,1.545275e-05,0.0,nan,nan,nan
4327.639,1.545693e-05,0.0,nan,nan,nan
4327.723,1.54595e-05,0.0,nan,nan,nan
4327.807,1.545812e-05,0.0,nan,nan,nan
4327.89,1.546155e-05,0.0,nan,nan,nan
4327.974,1.545465e-05,0.0,nan,nan,nan
4328.058,1.545925e-05,0.0,nan,nan,nan
4328.151,1.546552e-05,0.0,nan,nan,nan
4328.235,1.546056e-05,0.0,nan,nan,nan
4328.323,1.545946e-05,0.0,nan,nan,nan
4328.407,1.546033e-05,0.0,nan,nan,nan
4328.49,1.546247e-05,0.0,nan,nan,nan
4328.574,1.545788e-05,0.0,nan,nan,nan
4328.658,1.546275e-05,0.0,nan,nan,nan
4328.759,1.546261e-05,0.0,nan,nan,nan
4328.843,1.545859e-05,0.0,nan,nan,nan
4328.927,1.546096e-05,0.0,nan,nan,nan
4329.01,1.546319e-05,0.0,nan,nan,nan
4329.094,1.546023e-05,0.0,nan,nan,nan
4329.183,1.546308e-05,0.0,nan,nan,nan
4329.267,1.545958e-05,0.0,nan,nan,nan
4329.35,1.546444e-05,0.0,nan,nan,nan
4329.446,1.546717e-05,0.0,nan,nan,nan
4329.531,1.546137e-05,0.0,nan,nan,nan
4329.615,1.54617e-05,0.0,nan,nan,nan
4329.704,1.546196e-05,0.0,nan,nan,nan
4329.8,1.545995e-05,0.0,nan,nan,nan
4329.883,1.546116e-05,0.0,nan,nan,nan
4329.968,1.545878e-05,0.0,nan,nan,nan
4330.051,1.546123e-05,0.0,nan,nan,nan
4330.135,1.545924e-05,0.0,nan,nan,nan
4330.221,1.545807e-05,0.0,nan,nan,nan
4330.305,1.545644e-05,0.0,nan,nan,nan
4330.395,1.545654e-05,0.0,nan,nan,nan
4330.479,1.545702e-05,0.0,nan,nan,nan
4330.563,1.545619e-05,0.0,nan,nan,nan
4330.646,1.545825e-05,0.0,nan,nan,nan
4330.731,1.545713e-05,0.0,nan,nan,nan
4330.818,1.545931e-05,0.0,nan,nan,nan
4330.902,1.545899e-05,0.0,nan,nan,nan
4330.985,1.54652e-05,0.0,nan,nan,nan
4331.069,1.546094e-05,0.0,nan,nan,nan
4331.153,1.546472e-05,0.0,nan,nan,nan
4331.241,1.546311e-05,0.0,nan,nan,nan
4331.325,1.546173e-05,0.0,nan,nan,nan
4331.409,1.546237e-05,0.0,nan,nan,nan
4331.493,1.546109e-05,0.0,nan,nan,nan
4331.577,1.546022e-05,0.0,nan,nan,nan
4331.661,1.545812e-05,0.0,nan,nan,nan
4331.744,1.545792e-05,0.0,nan,nan,nan
4331.84,1.545888e-05,0.0,nan,nan,nan
4331.924,1.545991e-05,0.0,nan,nan,nan
4332.007,1.545822e-05,0.0,nan,nan,nan
4332.091,1.545909e-05,0.0,nan,nan,nan
4332.175,1.54626e-05,0.0,nan,nan,nan
4332.266,1.546052e-05,0.0,nan,nan,nan
4332.349,1.545298e-05,0.0,nan,nan,nan
4332.433,1.545654e-05,0.0,nan,nan,nan
4332.517,1.545731e-05,0.0,nan,nan,nan
4332.6,1.546036e-05,0.0,nan,nan,nan
4332.684,1.546297e-05,0.0,nan,nan,nan
4332.771,1.546131e-05,0.0,nan,nan,nan
4332.858,1.545838e-05,0.0,nan,nan,nan
4332.941,1.545766e-05,0.0,nan,nan,nan
4333.025,1.545645e-05,0.0,nan,nan,nan
4333.109,1.545509e-05,0.0,nan,nan,nan
4333.193,1.545891e-05,0.0,nan,nan,nan
4333.277,1.545679e-05,0.0,nan,nan,nan
4333.36,1.545589e-05,0.0,nan,nan,nan
4333.444,1.545642e-05,0.0,nan,nan,nan
4333.546,1.545903e-05,0.0,nan,nan,nan
4333.63,1.545775e-05,0.0,nan,nan,nan
4333.714,1.545708e-05,0.0,nan,nan,nan
4333.798,1.545992e-05,0.0,nan,nan,nan
4333.882,1.545888e-05,0.0,nan,nan,nan
4333.965,1.546074e-05,0.0,nan,nan,nan
4334.07,1.545755e-05,0.0,nan,nan,nan
4334.154,1.545633e-05,0.0,nan,nan,nan
4334.239,1.545678e-05,0.0,nan,nan,nan
4334.322,1.545258e-05,0.0,nan,nan,nan
4334.406,1.54539e-05,0.0,nan,nan,nan
4334.491,1.545746e-05,0.0,nan,nan,nan
4334.575,1.545664e-05,0.0,nan,nan,nan
4334.66,1.545389e-05,0.0,nan,nan,nan
4334.743,1.545895e-05,0.0,nan,nan,nan
4334.827,1.54617e-05,0.0,nan,nan,nan
4334.91,1.546012e-05,0.0,nan,nan,nan
4334.994,1.54636e-05,0.0,nan,nan,nan
4335.083,1.546044e-05,0.0,nan,nan,nan
4335.167,1.546107e-05,0.0,nan,nan,nan
4335.251,1.545689e-05,0.0,nan,nan,nan
4335.335,1.546104e-05,0.0,nan,nan,nan
4335.419,1.545689e-05,0.0,nan,nan,nan
4335.503,1.545751e-05,0.0,nan,nan,nan
4335.613,1.545803e-05,0.0,nan,nan,nan
4335.699,1.545631e-05,0.0,nan,nan,nan
4335.783,1.545802e-05,0.0,nan,nan,nan
4335.867,1.545832e-05,0.0,nan,nan,nan
4335.951,1.545888e-05,0.0,nan,nan,nan
4336.034,1.545223e-05,0.0,nan,nan,nan
4336.118,1.545429e-05,0.0,nan,nan,nan
4336.202,1.545804e-05,0.0,nan,nan,nan
4336.3,1.54549e-05,0.0,nan,nan,nan
4336.384,1.545417e-05,0.0,nan,nan,nan
4336.467,1.545278e-05,0.0,nan,nan,nan
4336.551,1.545441e-05,0.0,nan,nan,nan
4336.637,1.545757e-05,0.0,nan,nan,nan
4336.724,1.545679e-05,0.0,nan,nan,nan
4336.808,1.545296e-05,0.0,nan,nan,nan
4336.893,1.545643e-05,0.0,nan,nan,nan
4336.977,1.545852e-05,0.0,nan,nan,nan
4337.062,1.545606e-05,0.0,nan,nan,nan
4337.145,1.545878e-05,0.0,nan,nan,nan
4337.229,1.54554e-05,0.0,nan,nan,nan
4337.325,1.545588e-05,0.0,nan,nan,nan
4337.409,1.545746e-05,0.0,nan,nan,nan
4337.495,1.545752e-05,0.0,nan,nan,nan
4337.579,1.54577e-05,0.0,nan,nan,nan
4337.662,1.54569e-05,0.0,nan,nan,nan
4337.746,1.54534e-05,0.0,nan,nan,nan
4337.83,1.545387e-05,0.0,nan,nan,nan
4337.913,1.545891e-05,0.0,nan,nan,nan
4337.997,1.545679e-05,0.0,nan,nan,nan
4338.081,1.545597e-05,0.0,nan,nan,nan
4338.165,1.545927e-05,0.0,nan,nan,nan
4338.248,1.546066e-05,0.0,nan,nan,nan
4338.348,1.545827e-05,0.0,nan,nan,nan
4338.432,1.545791e-05,0.0,nan,nan,nan
4338.515,1.545676e-05,0.0,nan,nan,nan
4338.599,1.545671e-05,0.0,nan,nan,nan
4338.683,1.54594e-05,0.0,nan,nan,nan
4338.771,1.545527e-05,0.0,nan,nan,nan
4338.855,1.545573e-05,0.0,nan,nan,nan
4338.955,1.545371e-05,0.0,nan,nan,nan
4339.039,1.545972e-05,0.0,nan,nan,nan
4339.123,1.546007e-05,0.0,nan,nan,nan
4339.207,1.546254e-05,0.0,nan,nan,nan
4339.29,1.545452e-05,0.0,nan,nan,nan
4339.377,1.545813e-05,0.0,nan,nan,nan
4339.46,1.54599e-05,0.0,nan,nan,nan
4339.554,1.546123e-05,0.0,nan,nan,nan
4339.638,1.546143e-05,0.0,nan,nan,nan
4339.722,1.546264e-05,0.0,nan,nan,nan
4339.824,1.545779e-05,0.0,nan,nan,nan
4339.907,1.546001e-05,0.0,nan,nan,nan
4339.992,1.545395e-05,0.0,nan,nan,nan
4340.076,1.545957e-05,0.0,nan,nan,nan
4340.174,1.545365e-05,0.0,nan,nan,nan
4340.258,1.545504e-05,0.0,nan,nan,nan
4340.342,1.545617e-05,0.0,nan,nan,nan
4340.425,1.545677e-05,0.0,nan,nan,nan
4340.509,1.54548e-05,0.0,nan,nan,nan
4340.593,1.545543e-05,0.0,nan,nan,nan
4340.677,1.545566e-05,0.0,nan,nan,nan
4340.761,1.546007e-05,0.0,nan,nan,nan
4340.845,1.546102e-05,0.0,nan,nan,nan
4340.929,1.546394e-05,0.0,nan,nan,nan
4341.012,1.546103e-05,0.0,nan,nan,nan
4341.096,1.546499e-05,0.0,nan,nan,nan
4341.181,1.546402e-05,0.0,nan,nan,nan
4341.265,1.546133e-05,0.0,nan,nan,nan
4341.348,1.5464e-05,0.0,nan,nan,nan
4341.432,1.545985e-05,0.0,nan,nan,nan
4341.516,1.546289e-05,0.0,nan,nan,nan
4341.6,1.546245e-05,0.0,nan,nan,nan
4341.684,1.545722e-05,0.0,nan,nan,nan
4341.789,1.545989e-05,0.0,nan,nan,nan
4341.872,1.546074e-05,0.0,nan,nan,nan
4341.96,1.545649e-05,0.0,nan,nan,nan
4342.044,1.545891e-05,0.0,nan,nan,nan
4342.129,1.54563e-05,0.0,nan,nan,nan
4342.223,1.545671e-05,0.0,nan,nan,nan
4342.307,1.54599e-05,0.0,nan,nan,nan
4342.412,1.545925e-05,0.0,nan,nan,nan
4342.495,1.546155e-05,0.0,nan,nan,nan
4342.579,1.546003e-05,0.0,nan,nan,nan
4342.663,1.546092e-05,0.0,nan,nan,nan
4342.748,1.545746e-05,0.0,nan,nan,nan
4342.831,1.545689e-05,0.0,nan,nan,nan
4342.915,1.545487e-05,0.0,nan,nan,nan
4343.012,1.545994e-05,0.0,nan,nan,nan
4343.095,1.546092e-05,0.0,nan,nan,nan
4343.18,1.545821e-05,0.0,nan,nan,nan
4343.264,1.545722e-05,0.0,nan,nan,nan
4343.347,1.545438e-05,0.0,nan,nan,nan
4343.443,1.545755e-05,0.0,nan,nan,nan
4343.527,1.545711e-05,0.0,nan,nan,nan
4343.61,1.546092e-05,0.0,nan,nan,nan
4343.694,1.545865e-05,0.0,nan,nan,nan
4343.779,1.545849e-05,0.0,nan,nan,nan
4343.909,1.545845e-05,0.0,nan,nan,nan
4343.993,1.546019e-05,0.0,nan,nan,nan
4344.077,1.546212e-05,0.0,nan,nan,nan
4344.161,1.546213e-05,0.0,nan,nan,nan
4344.247,1.545824e-05,0.0,nan,nan,nan
4344.331,1.545545e-05,0.0,nan,nan,nan
4344.414,1.546024e-05,0.0,nan,nan,nan
4344.498,1.546012e-05,0.0,nan,nan,nan
4344.581,1.54597e-05,0.0,nan,nan,nan
4344.665,1.54588e-05,0.0,nan,nan,nan
4344.749,1.545844e-05,0.0,nan,nan,nan
4344.833,1.546132e-05,0.0,nan,nan,nan
4344.916,1.54581e-05,0.0,nan,nan,nan
4345.0,1.546073e-05,0.0,nan,nan,nan
4345.084,1.545737e-05,0.0,nan,nan,nan
4345.168,1.546142e-05,0.0,nan,nan,nan
4345.27,1.546263e-05,0.0,nan,nan,nan
4345.353,1.546314e-05,0.0,nan,nan,nan
4345.437,1.546345e-05,0.0,nan,nan,nan
4345.521,1.54594e-05,0.0,nan,nan,nan
4345.604,1.545974e-05,0.0,nan,nan,nan
4345.701,1.546287e-05,0.0,nan,nan,nan
4345.785,1.546067e-05,0.0,nan,nan,nan
4345.875,1.54568e-05,0.0,nan,nan,nan
4345.961,1.545938e-05,0.0,nan,nan,nan
4346.044,1.545825e-05,0.0,nan,nan,nan
4346.128,1.54536e-05,0.0,nan,nan,nan
4346.211,1.546173e-05,0.0,nan,nan,nan
4346.299,1.545984e-05,0.0,nan,nan,nan
4346.383,1.545757e-05,0.0,nan,nan,nan
4346.467,1.545981e-05,0.0,nan,nan,nan
4346.55,1.545971e-05,0.0,nan,nan,nan
4346.637,1.546121e-05,0.0,nan,nan,nan
4346.732,1.545806e-05,0.0,nan,nan,nan
4346.819,1.545901e-05,0.0,nan,nan,nan
4346.903,1.545944e-05,0.0,nan,nan,nan
4346.987,1.546105e-05,0.0,nan,nan,nan
4347.073,1.546533e-05,0.0,nan,nan,nan
4347.157,1.546137e-05,0.0,nan,nan,nan
4347.241,1.546177e-05,0.0,nan,nan,nan
4347.325,1.546416e-05,0.0,nan,nan,nan
4347.409,1.545889e-05,0.0,nan,nan,nan
4347.492,1.546158e-05,0.0,nan,nan,nan
4347.576,1.545973e-05,0.0,nan,nan,nan
4347.659,1.545533e-05,0.0,nan,nan,nan
4347.749,1.546195e-05,0.0,nan,nan,nan
4347.832,1.546004e-05,0.0,nan,nan,nan
4347.931,1.545768e-05,0.0,nan,nan,nan
4348.032,1.546215e-05,0.0,nan,nan,nan
4348.136,1.546013e-05,0.0,nan,nan,nan
4348.22,1.546267e-05,0.0,nan,nan,nan
4348.309,1.546445e-05,0.0,nan,nan,nan
4348.393,1.545927e-05,0.0,nan,nan,nan
4348.476,1.545686e-05,0.0,nan,nan,nan
4348.56,1.546058e-05,0.0,nan,nan,nan
4348.644,1.545642e-05,0.0,nan,nan,nan
4348.73,1.546135e-05,0.0,nan,nan,nan
4348.813,1.545732e-05,0.0,nan,nan,nan
4348.897,1.545841e-05,0.0,nan,nan,nan
4348.98,1.545849e-05,0.0,nan,nan,nan
4349.072,1.545529e-05,0.0,nan,nan,nan
4349.17,1.545789e-05,0.0,nan,nan,nan
4349.254,1.545798e-05,0.0,nan,nan,nan
4349.351,1.54616e-05,0.0,nan,nan,nan
4349.435,1.546214e-05,0.0,nan,nan,nan
4349.519,1.545949e-05,0.0,nan,nan,nan
4349.603,1.545643e-05,0.0,nan,nan,nan
4349.686,1.546181e-05,0.0,nan,nan,nan
4349.782,1.546299e-05,0.0,nan,nan,nan
4349.866,1.546076e-05,0.0,nan,nan,nan
4349.963,1.546159e-05,0.0,nan,nan,nan
4350.079,1.546084e-05,0.0,nan,nan,nan
4350.163,1.546018e-05,0.0,nan,nan,nan
4350.247,1.545976e-05,0.0,nan,nan,nan
4350.33,1.546347e-05,0.0,nan,nan,nan
4350.414,1.54618e-05,0.0,nan,nan,nan
4350.498,1.545994e-05,0.0,nan,nan,nan
4350.584,1.545948e-05,0.0,nan,nan,nan
4350.667,1.546089e-05,0.0,nan,nan,nan
4350.766,1.545983e-05,0.0,nan,nan,nan
4350.85,1.546362e-05,0.0,nan,nan,nan
4350.934,1.546185e-05,0.0,nan,nan,nan
4351.017,1.545971e-05,0.0,nan,nan,nan
4351.102,1.546194e-05,0.0,nan,nan,nan
4351.189,1.546037e-05,0.0,nan,nan,nan
4351.273,1.545949e-05,0.0,nan,nan,nan
4351.359,1.545875e-05,0.0,nan,nan,nan
4351.443,1.545737e-05,0.0,nan,nan,nan
4351.526,1.545762e-05,0.0,nan,nan,nan
4351.61,1.546238e-05,0.0,nan,nan,nan
4351.694,1.546014e-05,0.0,nan,nan,nan
4351.793,1.545842e-05,0.0,nan,nan,nan
4351.876,1.54592e-05,0.0,nan,nan,nan
4351.959,1.545816e-05,0.0,nan,nan,nan
4352.043,1.545957e-05,0.0,nan,nan,nan
4352.17,1.546232e-05,0.0,nan,nan,nan
4352.254,1.546318e-05,0.0,nan,nan,nan
4352.337,1.545859e-05,0.0,nan,nan,nan
4352.421,1.546049e-05,0.0,nan,nan,nan
4352.505,1.54592e-05,0.0,nan,nan,nan
4352.601,1.546207e-05,0.0,nan,nan,nan
4352.685,1.546243e-05,0.0,nan,nan,nan
4352.769,1.546308e-05,0.0,nan,nan,nan
4352.853,1.545842e-05,0.0,nan,nan,nan
4352.939,1.546071e-05,0.0,nan,nan,nan
4353.041,1.546124e-05,0.0,nan,nan,nan
4353.125,1.545976e-05,0.0,nan,nan,nan
4353.235,1.545656e-05,0.0,nan,nan,nan
4353.318,1.545568e-05,0.0,nan,nan,nan
4353.403,1.545765e-05,0.0,nan,nan,nan
4353.486,1.545857e-05,0.0,nan,nan,nan
4353.57,1.545885e-05,0.0,nan,nan,nan
4353.654,1.545995e-05,0.0,nan,nan,nan
4353.738,1.546264e-05,0.0,nan,nan,nan
4353.838,1.54621e-05,0.0,nan,nan,nan
4353.922,1.546096e-05,0.0,nan,nan,nan
4354.007,1.546146e-05,0.0,nan,nan,nan
4354.09,1.545981e-05,0.0,nan,nan,nan
4354.174,1.546237e-05,0.0,nan,nan,nan
4354.257,1.54589e-05,0.0,nan,nan,nan
4354.341,1.546024e-05,0.0,nan,nan,nan
4354.427,1.54605e-05,0.0,nan,nan,nan
4354.511,1.54641e-05,0.0,nan,nan,nan
4354.595,1.546314e-05,0.0,nan,nan,nan
4354.678,1.546496e-05,0.0,nan,nan,nan
4354.762,1.5461e-05,0.0,nan,nan,nan
4354.853,1.546032e-05,0.0,nan,nan,nan
4354.937,1.545836e-05,0.0,nan,nan,nan
4355.021,1.54578e-05,0.0,nan,nan,nan
4355.105,1.545612e-05,0.0,nan,nan,nan
4355.189,1.545668e-05,0.0,nan,nan,nan
4355.293,1.545285e-05,0.0,nan,nan,nan
4355.377,1.545445e-05,0.0,nan,nan,nan
4355.481,1.545585e-05,0.0,nan,nan,nan
4355.565,1.54583e-05,0.0,nan,nan,nan
4355.649,1.545686e-05,0.0,nan,nan,nan
4355.732,1.545912e-05,0.0,nan,nan,nan
4355.816,1.545989e-05,0.0,nan,nan,nan
4355.9,1.545748e-05,0.0,nan,nan,nan
4355.983,1.54585e-05,0.0,nan,nan,nan
4356.087,1.545479e-05,0.0,nan,nan,nan
4356.171,1.545578e-05,0.0,nan,nan,nan
4356.296,1.545816e-05,0.0,nan,nan,nan
4356.38,1.54578e-05,0.0,nan,nan,nan
4356.463,1.545597e-05,0.0,nan,nan,nan
4356.547,1.545598e-05,0.0,nan,nan,nan
4356.633,1.54601e-05,0.0,nan,nan,nan
4356.718,1.545654e-05,0.0,nan,nan,nan
4356.802,1.545713e-05,0.0,nan,nan,nan
4356.889,1.545639e-05,0.0,nan,nan,nan
4356.973,1.545553e-05,0.0,nan,nan,nan
4357.056,1.545553e-05,0.0,nan,nan,nan
4357.14,1.545636e-05,0.0,nan,nan,nan
4357.224,1.545506e-05,0.0,nan,nan,nan
4357.315,1.545458e-05,0.0,nan,nan,nan
4357.399,1.545435e-05,0.0,nan,nan,nan
4357.482,1.545814e-05,0.0,nan,nan,nan
4357.566,1.545392e-05,0.0,nan,nan,nan
4357.654,1.545638e-05,0.0,nan,nan,nan
4357.75,1.545591e-05,0.0,nan,nan,nan
4357.834,1.545749e-05,0.0,nan,nan,nan
4357.944,1.545514e-05,0.0,nan,nan,nan
4358.028,1.545309e-05,0.0,nan,nan,nan
4358.111,1.545425e-05,0.0,nan,nan,nan
4358.195,1.545417e-05,0.0,nan,nan,nan
4358.279,1.545413e-05,0.0,nan,nan,nan
4358.369,1.545685e-05,0.0,nan,nan,nan
4358.453,1.54583e-05,0.0,nan,nan,nan
4358.546,1.54598e-05,0.0,nan,nan,nan
4358.629,1.545907e-05,0.0,nan,nan,nan
4358.714,1.546033e-05,0.0,nan,nan,nan
4358.797,1.545646e-05,0.0,nan,nan,nan
4358.881,1.545689e-05,0.0,nan,nan,nan
4358.965,1.545696e-05,0.0,nan,nan,nan
4359.049,1.546082e-05,0.0,nan,nan,nan
4359.149,1.545703e-05,0.0,nan,nan,nan
4359.233,1.5458e-05,0.0,nan,nan,nan
4359.318,1.545787e-05,0.0,nan,nan,nan
4359.401,1.545895e-05,0.0,nan,nan,nan
4359.485,1.545687e-05,0.0,nan,nan,nan
4359.576,1.545461e-05,0.0,nan,nan,nan
4359.66,1.545932e-05,0.0,nan,nan,nan
4359.743,1.545829e-05,0.0,nan,nan,nan
4359.827,1.545601e-05,0.0,nan,nan,nan
4359.911,1.545617e-05,0.0,nan,nan,nan
4359.998,1.545406e-05,0.0,nan,nan,nan
4360.084,1.545703e-05,0.0,nan,nan,nan
4360.18,1.545324e-05,0.0,nan,nan,nan
4360.264,1.545359e-05,0.0,nan,nan,nan
4360.373,1.5457e-05,0.0,nan,nan,nan
4360.457,1.544954e-05,0.0,nan,nan,nan
4360.541,1.545937e-05,0.0,nan,nan,nan
4360.625,1.545577e-05,0.0,nan,nan,nan
4360.709,1.545391e-05,0.0,nan,nan,nan
4360.793,1.545744e-05,0.0,nan,nan,nan
4360.877,1.545649e-05,0.0,nan,nan,nan
4360.96,1.545892e-05,0.0,nan,nan,nan
4361.044,1.545324e-05,0.0,nan,nan,nan
4361.127,1.545674e-05,0.0,nan,nan,nan
4361.211,1.545782e-05,0.0,nan,nan,nan
4361.295,1.545955e-05,0.0,nan,nan,nan
4361.396,1.545989e-05,0.0,nan,nan,nan
4361.48,1.545894e-05,0.0,nan,nan,nan
4361.565,1.545915e-05,0.0,nan,nan,nan
4361.649,1.545674e-05,0.0,nan,nan,nan
4361.736,1.545884e-05,0.0,nan,nan,nan
4361.82,1.545757e-05,0.0,nan,nan,nan
4361.903,1.545927e-05,0.0,nan,nan,nan
4362.003,1.545668e-05,0.0,nan,nan,nan
4362.087,1.545528e-05,0.0,nan,nan,nan
4362.171,1.545436e-05,0.0,nan,nan,nan
4362.255,1.545571e-05,0.0,nan,nan,nan
4362.338,1.546004e-05,0.0,nan,nan,nan
4362.422,1.545682e-05,0.0,nan,nan,nan
4363.249,1.545891e-05,0.0,nan,nan,nan
4363.341,1.546206e-05,0.0,nan,nan,nan
4363.43,1.546189e-05,0.0,nan,nan,nan
4363.53,1.545939e-05,0.0,nan,nan,nan
4363.613,1.546192e-05,0.0,nan,nan,nan
4363.699,1.546068e-05,0.0,nan,nan,nan
4363.783,1.545584e-05,0.0,nan,nan,nan
4363.874,1.546008e-05,0.0,nan,nan,nan
4363.957,1.546019e-05,0.0,nan,nan,nan
4364.054,1.546067e-05,0.0,nan,nan,nan
4364.137,1.545763e-05,0.0,nan,nan,nan
4364.22,1.545771e-05,0.0,nan,nan,nan
4364.305,1.54569e-05,0.0,nan,nan,nan
4364.388,1.545809e-05,0.0,nan,nan,nan
4364.486,1.545808e-05,0.0,nan,nan,nan
4364.57,1.545827e-05,0.0,nan,nan,nan
4364.653,1.54575e-05,0.0,nan,nan,nan
4364.737,1.545768e-05,0.0,nan,nan,nan
4364.821,1.545556e-05,0.0,nan,nan,nan
4364.916,1.545739e-05,0.0,nan,nan,nan
4365.0,1.546015e-05,0.0,nan,nan,nan
4365.1,1.545743e-05,0.0,nan,nan,nan
4365.184,1.545871e-05,0.0,nan,nan,nan
4365.271,1.546062e-05,0.0,nan,nan,nan
4365.396,1.545531e-05,0.0,nan,nan,nan
4365.48,1.545844e-05,0.0,nan,nan,nan
4365.564,1.545748e-05,0.0,nan,nan,nan
4365.65,1.545758e-05,0.0,nan,nan,nan
4365.741,1.545677e-05,0.0,nan,nan,nan
4365.824,1.546348e-05,0.0,nan,nan,nan
4365.918,1.545667e-05,0.0,nan,nan,nan
4366.002,1.545329e-05,0.0,nan,nan,nan
4366.108,1.545638e-05,0.0,nan,nan,nan
4366.192,1.545873e-05,0.0,nan,nan,nan
4366.275,1.545407e-05,0.0,nan,nan,nan
4366.359,1.545602e-05,0.0,nan,nan,nan
4366.442,1.545778e-05,0.0,nan,nan,nan
4366.537,1.545484e-05,0.0,nan,nan,nan
4366.621,1.54535e-05,0.0,nan,nan,nan
4366.727,1.545491e-05,0.0,nan,nan,nan
4366.81,1.545867e-05,0.0,nan,nan,nan
4366.894,1.545441e-05,0.0,nan,nan,nan
4366.978,1.545089e-05,0.0,nan,nan,nan
4367.063,1.545399e-05,0.0,nan,nan,nan
4367.146,1.54501e-05,0.0,nan,nan,nan
4367.233,1.545945e-05,0.0,nan,nan,nan
4367.333,1.545861e-05,0.0,nan,nan,nan
4367.417,1.54561e-05,0.0,nan,nan,nan
4367.502,1.545783e-05,0.0,nan,nan,nan
4367.59,1.545771e-05,0.0,nan,nan,nan
4367.674,1.545517e-05,0.0,nan,nan,nan
4367.763,1.545774e-05,0.0,nan,nan,nan
4367.846,1.545271e-05,0.0,nan,nan,nan
4367.934,1.545778e-05,0.0,nan,nan,nan
4368.018,1.545709e-05,0.0,nan,nan,nan
4368.102,1.54573e-05,0.0,nan,nan,nan
4368.185,1.545762e-05,0.0,nan,nan,nan
4368.269,1.545552e-05,0.0,nan,nan,nan
4368.367,1.545898e-05,0.0,nan,nan,nan
4368.451,1.545857e-05,0.0,nan,nan,nan
4368.534,1.545706e-05,0.0,nan,nan,nan
4368.618,1.545692e-05,0.0,nan,nan,nan
4368.701,1.545479e-05,0.0,nan,nan,nan
4368.796,1.54539e-05,0.0,nan,nan,nan
4368.879,1.545771e-05,0.0,nan,nan,nan
4368.981,1.545705e-05,0.0,nan,nan,nan
4369.065,1.545964e-05,0.0,nan,nan,nan
4369.172,1.546006e-05,0.0,nan,nan,nan
4369.255,1.545545e-05,0.0,nan,nan,nan
4369.34,1.545577e-05,0.0,nan,nan,nan
4369.423,1.54612e-05,0.0,nan,nan,nan
4369.508,1.545769e-05,0.0,nan,nan,nan
4369.591,1.546022e-05,0.0,nan,nan,nan
4369.687,1.545634e-05,0.0,nan,nan,nan
4369.799,1.546068e-05,0.0,nan,nan,nan
4369.882,1.54537e-05,0.0,nan,nan,nan
4369.966,1.545578e-05,0.0,nan,nan,nan
4370.05,1.545105e-05,0.0,nan,nan,nan
4370.134,1.545441e-05,0.0,nan,nan,nan
4370.218,1.545674e-05,0.0,nan,nan,nan
4370.302,1.545971e-05,0.0,nan,nan,nan
4370.394,1.545547e-05,0.0,nan,nan,nan
4370.477,1.545458e-05,0.0,nan,nan,nan
4370.561,1.545601e-05,0.0,nan,nan,nan
4370.645,1.545646e-05,0.0,nan,nan,nan
4370.728,1.545938e-05,0.0,nan,nan,nan
4370.812,1.545463e-05,0.0,nan,nan,nan
4370.896,1.54575e-05,0.0,nan,nan,nan
4370.998,1.545604e-05,0.0,nan,nan,nan
4371.082,1.545788e-05,0.0,nan,nan,nan
4371.165,1.545625e-05,0.0,nan,nan,nan
4371.249,1.545368e-05,0.0,nan,nan,nan
4371.333,1.544917e-05,0.0,nan,nan,nan
4371.44,1.54561e-05,0.0,nan,nan,nan
4371.523,1.545504e-05,0.0,nan,nan,nan
4371.63,1.545536e-05,0.0,nan,nan,nan
4371.716,1.545712e-05,0.0,nan,nan,nan
4371.799,1.545868e-05,0.0,nan,nan,nan
4371.883,1.545514e-05,0.0,nan,nan,nan
4371.967,1.545981e-05,0.0,nan,nan,nan
4372.05,1.545212e-05,0.0,nan,nan,nan
4372.134,1.54559e-05,0.0,nan,nan,nan
4372.217,1.545409e-05,0.0,nan,nan,nan
4372.301,1.545429e-05,0.0,nan,nan,nan
4372.385,1.54553e-05,0.0,nan,nan,nan
4372.469,1.545458e-05,0.0,nan,nan,nan
4372.553,1.545475e-05,0.0,nan,nan,nan
4372.636,1.545699e-05,0.0,nan,nan,nan
4372.72,1.545635e-05,0.0,nan,nan,nan
4372.804,1.545683e-05,0.0,nan,nan,nan
4372.888,1.545982e-05,0.0,nan,nan,nan
4372.972,1.546086e-05,0.0,nan,nan,nan
4373.064,1.54605e-05,0.0,nan,nan,nan
4373.152,1.545623e-05,0.0,nan,nan,nan
4373.259,1.545798e-05,0.0,nan,nan,nan
4373.343,1.545619e-05,0.0,nan,nan,nan
4373.435,1.545616e-05,0.0,nan,nan,nan
4373.519,1.545474e-05,0.0,nan,nan,nan
4373.602,1.545962e-05,0.0,nan,nan,nan
4373.712,1.545728e-05,0.0,nan,nan,nan
4373.796,1.54537e-05,0.0,nan,nan,nan
4373.88,1.5454e-05,0.0,nan,nan,nan
4373.969,1.545606e-05,0.0,nan,nan,nan
4374.059,1.545537e-05,0.0,nan,nan,nan
4374.143,1.545396e-05,0.0,nan,nan,nan
4374.253,1.545447e-05,0.0,nan,nan,nan
4374.337,1.545816e-05,0.0,nan,nan,nan
4374.42,1.545357e-05,0.0,nan,nan,nan
4374.504,1.54503e-05,0.0,nan,nan,nan
4374.587,1.545748e-05,0.0,nan,nan,nan
4374.672,1.545978e-05,0.0,nan,nan,nan
4374.756,1.545732e-05,0.0,nan,nan,nan
4374.863,1.545398e-05,0.0,nan,nan,nan
4374.947,1.545722e-05,0.0,nan,nan,nan
4375.031,1.546124e-05,0.0,nan,nan,nan
4375.114,1.545395e-05,0.0,nan,nan,nan
4375.198,1.545769e-05,0.0,nan,nan,nan
4375.292,1.545254e-05,0.0,nan,nan,nan
4375.376,1.545611e-05,0.0,nan,nan,nan
4375.487,1.54538e-05,0.0,nan,nan,nan
4375.57,1.545369e-05,0.0,nan,nan,nan
4375.654,1.545466e-05,0.0,nan,nan,nan
4375.765,1.545522e-05,0.0,nan,nan,nan
4375.848,1.545078e-05,0.0,nan,nan,nan
4375.932,1.545473e-05,0.0,nan,nan,nan
4376.016,1.545387e-05,0.0,nan,nan,nan
4376.107,1.545246e-05,0.0,nan,nan,nan
4376.191,1.545496e-05,0.0,nan,nan,nan
4376.274,1.545374e-05,0.0,nan,nan,nan
4376.358,1.545774e-05,0.0,nan,nan,nan
4376.442,1.545738e-05,0.0,nan,nan,nan
4376.532,1.545348e-05,0.0,nan,nan,nan
4376.618,1.545627e-05,0.0,nan,nan,nan
4376.714,1.545592e-05,0.0,nan,nan,nan
4376.798,1.545061e-05,0.0,nan,nan,nan
4376.881,1.545713e-05,0.0,nan,nan,nan
4376.965,1.545762e-05,0.0,nan,nan,nan
4377.051,1.545513e-05,0.0,nan,nan,nan
4377.134,1.545742e-05,0.0,nan,nan,nan
4377.219,1.545561e-05,0.0,nan,nan,nan
4377.31,1.545622e-05,0.0,nan,nan,nan
4377.394,1.545381e-05,0.0,nan,nan,nan
4377.477,1.545534e-05,0.0,nan,nan,nan
4377.561,1.545582e-05,0.0,nan,nan,nan
4377.645,1.545923e-05,0.0,nan,nan,nan
4377.737,1.546276e-05,0.0,nan,nan,nan
4377.843,1.545939e-05,0.0,nan,nan,nan
4377.937,1.545775e-05,0.0,nan,nan,nan
4378.021,1.545321e-05,0.0,nan,nan,nan
4378.127,1.545249e-05,0.0,nan,nan,nan
4378.211,1.545434e-05,0.0,nan,nan,nan
4378.294,1.54545e-05,0.0,nan,nan,nan
4378.378,1.545654e-05,0.0,nan,nan,nan
4378.462,1.545563e-05,0.0,nan,nan,nan
4378.546,1.545462e-05,0.0,nan,nan,nan
4378.629,1.54572e-05,0.0,nan,nan,nan
4378.713,1.545676e-05,0.0,nan,nan,nan
4378.796,1.545921e-05,0.0,nan,nan,nan
4378.88,1.545652e-05,0.0,nan,nan,nan
4378.963,1.545521e-05,0.0,nan,nan,nan
4379.051,1.545779e-05,0.0,nan,nan,nan
4379.134,1.545808e-05,0.0,nan,nan,nan
4379.218,1.545763e-05,0.0,nan,nan,nan
4379.305,1.546155e-05,0.0,nan,nan,nan
4379.389,1.545817e-05,0.0,nan,nan,nan
4379.472,1.545838e-05,0.0,nan,nan,nan
4379.556,1.545688e-05,0.0,nan,nan,nan
4379.64,1.545821e-05,0.0,nan,nan,nan
4379.723,1.545817e-05,0.0,nan,nan,nan
4379.807,1.545326e-05,0.0,nan,nan,nan
4379.926,1.545734e-05,0.0,nan,nan,nan
4380.022,1.545992e-05,0.0,nan,nan,nan
4380.106,1.54581e-05,0.0,nan,nan,nan
4380.19,1.545951e-05,0.0,nan,nan,nan
4380.273,1.545801e-05,0.0,nan,nan,nan
4380.372,1.545801e-05,0.0,nan,nan,nan
4380.456,1.545491e-05,0.0,nan,nan,nan
4380.551,1.545867e-05,0.0,nan,nan,nan
4380.635,1.545458e-05,0.0,nan,nan,nan
4380.719,1.545544e-05,0.0,nan,nan,nan
4380.803,1.545706e-05,0.0,nan,nan,nan
4380.886,1.5457e-05,0.0,nan,nan,nan
4380.98,1.546041e-05,0.0,nan,nan,nan
4381.064,1.545432e-05,0.0,nan,nan,nan
4381.148,1.545656e-05,0.0,nan,nan,nan
4381.232,1.545929e-05,0.0,nan,nan,nan
4381.317,1.546039e-05,0.0,nan,nan,nan
4381.403,1.545774e-05,0.0,nan,nan,nan
4381.486,1.545656e-05,0.0,nan,nan,nan
4381.587,1.545657e-05,0.0,nan,nan,nan
4381.671,1.545674e-05,0.0,nan,nan,nan
4381.755,1.545487e-05,0.0,nan,nan,nan
4381.838,1.545859e-05,0.0,nan,nan,nan
4381.922,1.545942e-05,0.0,nan,nan,nan
4382.008,1.545886e-05,0.0,nan,nan,nan
4382.093,1.545802e-05,0.0,nan,nan,nan
4382.177,1.545845e-05,0.0,nan,nan,nan
4382.261,1.545474e-05,0.0,nan,nan,nan
4382.345,1.546028e-05,0.0,nan,nan,nan
4382.431,1.545975e-05,0.0,nan,nan,nan
4382.52,1.545821e-05,0.0,nan,nan,nan
4382.604,1.545803e-05,0.0,nan,nan,nan
4382.688,1.545575e-05,0.0,nan,nan,nan
4382.772,1.546101e-05,0.0,nan,nan,nan
4382.856,1.545872e-05,0.0,nan,nan,nan
4382.939,1.545829e-05,0.0,nan,nan,nan
4383.022,1.545737e-05,0.0,nan,nan,nan
4383.106,1.54576e-05,0.0,nan,nan,nan
4383.205,1.545913e-05,0.0,nan,nan,nan
4383.289,1.54566e-05,0.0,nan,nan,nan
4383.376,1.546248e-05,0.0,nan,nan,nan
4383.459,1.54622e-05,0.0,nan,nan,nan
4383.543,1.546066e-05,0.0,nan,nan,nan
4383.628,1.546032e-05,0.0,nan,nan,nan
4383.712,1.546036e-05,0.0,nan,nan,nan
4383.813,1.54578e-05,0.0,nan,nan,nan
4383.896,1.545943e-05,0.0,nan,nan,nan
4383.98,1.546023e-05,0.0,nan,nan,nan
4384.063,1.54587e-05,0.0,nan,nan,nan
4384.147,1.545534e-05,0.0,nan,nan,nan
4384.23,1.545702e-05,0.0,nan,nan,nan
4384.314,1.545632e-05,0.0,nan,nan,nan
4384.399,1.545506e-05,0.0,nan,nan,nan
4384.483,1.546039e-05,0.0,nan,nan,nan
4384.568,1.545766e-05,0.0,nan,nan,nan
4384.663,1.545892e-05,0.0,nan,nan,nan
4384.75,1.545529e-05,0.0,nan,nan,nan
4384.866,1.54572e-05,0.0,nan,nan,nan
4384.95,1.545843e-05,0.0,nan,nan,nan
4385.035,1.545664e-05,0.0,nan,nan,nan
4385.119,1.545556e-05,0.0,nan,nan,nan
4385.203,1.545826e-05,0.0,nan,nan,nan
4385.286,1.545138e-05,0.0,nan,nan,nan
4385.37,1.545467e-05,0.0,nan,nan,nan
4385.459,1.54558e-05,0.0,nan,nan,nan
4385.543,1.545665e-05,0.0,nan,nan,nan
4385.627,1.545637e-05,0.0,nan,nan,nan
4385.711,1.545524e-05,0.0,nan,nan,nan
4385.794,1.5453e-05,0.0,nan,nan,nan
4385.897,1.545538e-05,0.0,nan,nan,nan
4385.985,1.545529e-05,0.0,nan,nan,nan
4386.096,1.545468e-05,0.0,nan,nan,nan
4386.18,1.545682e-05,0.0,nan,nan,nan
4386.276,1.545493e-05,0.0,nan,nan,nan
4386.36,1.545878e-05,0.0,nan,nan,nan
4386.446,1.545633e-05,0.0,nan,nan,nan
4386.53,1.545909e-05,0.0,nan,nan,nan
4386.617,1.545777e-05,0.0,nan,nan,nan
4386.713,1.546122e-05,0.0,nan,nan,nan
4386.801,1.546023e-05,0.0,nan,nan,nan
4386.893,1.545682e-05,0.0,nan,nan,nan
4386.977,1.545857e-05,0.0,nan,nan,nan
4387.078,1.545565e-05,0.0,nan,nan,nan
4387.162,1.545452e-05,0.0,nan,nan,nan
4387.245,1.545664e-05,0.0,nan,nan,nan
4387.329,1.545947e-05,0.0,nan,nan,nan
4387.413,1.545776e-05,0.0,nan,nan,nan
4387.523,1.545723e-05,0.0,nan,nan,nan
4387.607,1.54579e-05,0.0,nan,nan,nan
4387.69,1.545593e-05,0.0,nan,nan,nan
4387.774,1.545459e-05,0.0,nan,nan,nan
4387.857,1.545532e-05,0.0,nan,nan,nan
4387.941,1.545711e-05,0.0,nan,nan,nan
4388.025,1.545603e-05,0.0,nan,nan,nan
4388.112,1.545711e-05,0.0,nan,nan,nan
4388.196,1.545748e-05,0.0,nan,nan,nan
4388.3,1.545628e-05,0.0,nan,nan,nan
4388.384,1.545782e-05,0.0,nan,nan,nan
4388.472,1.54552e-05,0.0,nan,nan,nan
4388.556,1.545887e-05,0.0,nan,nan,nan
4388.64,1.545704e-05,0.0,nan,nan,nan
4388.738,1.545997e-05,0.0,nan,nan,nan
4388.821,1.545319e-05,0.0,nan,nan,nan
4388.913,1.545907e-05,0.0,nan,nan,nan
4388.997,1.545914e-05,0.0,nan,nan,nan
4389.081,1.545662e-05,0.0,nan,nan,nan
4389.165,1.545945e-05,0.0,nan,nan,nan
4389.249,1.545999e-05,0.0,nan,nan,nan
4389.332,1.545849e-05,0.0,nan,nan,nan
4389.416,1.546027e-05,0.0,nan,nan,nan
4389.501,1.545935e-05,0.0,nan,nan,nan
4389.585,1.545988e-05,0.0,nan,nan,nan
4389.669,1.545738e-05,0.0,nan,nan,nan
4389.763,1.545435e-05,0.0,nan,nan,nan
4389.847,1.545518e-05,0.0,nan,nan,nan
4389.93,1.545939e-05,0.0,nan,nan,nan
4390.013,1.545891e-05,0.0,nan,nan,nan
4390.1,1.545912e-05,0.0,nan,nan,nan
4390.184,1.546464e-05,0.0,nan,nan,nan
4390.268,1.545757e-05,0.0,nan,nan,nan
4390.375,1.546003e-05,0.0,nan,nan,nan
4390.459,1.545833e-05,0.0,nan,nan,nan
4390.543,1.545829e-05,0.0,nan,nan,nan
4390.626,1.545459e-05,0.0,nan,nan,nan
4390.71,1.545637e-05,0.0,nan,nan,nan
4390.804,1.545757e-05,0.0,nan,nan,nan
4390.888,1.54569e-05,0.0,nan,nan,nan
4390.971,1.545665e-05,0.0,nan,nan,nan
4391.055,1.545937e-05,0.0,nan,nan,nan
4391.139,1.545761e-05,0.0,nan,nan,nan
4391.223,1.545681e-05,0.0,nan,nan,nan
4391.307,1.54569e-05,0.0,nan,nan,nan
4391.401,1.545899e-05,0.0,nan,nan,nan
4391.484,1.545678e-05,0.0,nan,nan,nan
4391.568,1.545579e-05,0.0,nan,nan,nan
4391.652,1.545677e-05,0.0,nan,nan,nan
4391.735,1.545573e-05,0.0,nan,nan,nan
4391.827,1.545621e-05,0.0,nan,nan,nan
4391.911,1.545895e-05,0.0,nan,nan,nan
4391.994,1.545773e-05,0.0,nan,nan,nan
4392.078,1.545559e-05,0.0,nan,nan,nan
4392.161,1.54539e-05,0.0,nan,nan,nan
4392.245,1.545692e-05,0.0,nan,nan,nan
4392.328,1.54571e-05,0.0,nan,nan,nan
4392.414,1.545611e-05,0.0,nan,nan,nan
4392.498,1.545598e-05,0.0,nan,nan,nan
4392.581,1.545547e-05,0.0,nan,nan,nan
4392.665,1.545792e-05,0.0,nan,nan,nan
4392.749,1.545822e-05,0.0,nan,nan,nan
4392.848,1.546054e-05,0.0,nan,nan,nan
4392.938,1.546151e-05,0.0,nan,nan,nan
4393.045,1.546419e-05,0.0,nan,nan,nan
4393.129,1.545922e-05,0.0,nan,nan,nan
4393.214,1.545889e-05,0.0,nan,nan,nan
4393.297,1.546209e-05,0.0,nan,nan,nan
4393.382,1.545811e-05,0.0,nan,nan,nan
4393.465,1.546083e-05,0.0,nan,nan,nan
4393.551,1.545727e-05,0.0,nan,nan,nan
4393.652,1.545652e-05,0.0,nan,nan,nan
4393.735,1.545822e-05,0.0,nan,nan,nan
4393.819,1.545992e-05,0.0,nan,nan,nan
4393.903,1.545851e-05,0.0,nan,nan,nan
4393.99,1.545632e-05,0.0,nan,nan,nan
4394.073,1.546147e-05,0.0,nan,nan,nan
4394.157,1.545408e-05,0.0,nan,nan,nan
4394.247,1.545349e-05,0.0,nan,nan,nan
4394.363,1.545863e-05,0.0,nan,nan,nan
4394.447,1.545414e-05,0.0,nan,nan,nan
4394.53,1.545542e-05,0.0,nan,nan,nan
4394.614,1.545648e-05,0.0,nan,nan,nan
4394.698,1.545611e-05,0.0,nan,nan,nan
4394.782,1.545413e-05,0.0,nan,nan,nan
4394.866,1.545702e-05,0.0,nan,nan,nan
4394.949,1.545571e-05,0.0,nan,nan,nan
4395.033,1.545444e-05,0.0,nan,nan,nan
4395.117,1.545748e-05,0.0,nan,nan,nan
4395.201,1.54603e-05,0.0,nan,nan,nan
4395.293,1.545712e-05,0.0,nan,nan,nan
4395.377,1.545436e-05,0.0,nan,nan,nan
4395.463,1.545752e-05,0.0,nan,nan,nan
4395.546,1.54566e-05,0.0,nan,nan,nan
4395.63,1.545752e-05,0.0,nan,nan,nan
4395.714,1.545812e-05,0.0,nan,nan,nan
4395.803,1.545836e-05,0.0,nan,nan,nan
4395.9,1.54569e-05,0.0,nan,nan,nan
4395.984,1.54584e-05,0.0,nan,nan,nan
4396.067,1.545377e-05,0.0,nan,nan,nan
4396.151,1.545654e-05,0.0,nan,nan,nan
4396.234,1.545438e-05,0.0,nan,nan,nan
4396.317,1.54581e-05,0.0,nan,nan,nan
4396.448,1.546022e-05,0.0,nan,nan,nan
4396.531,1.545898e-05,0.0,nan,nan,nan
4396.619,1.545825e-05,0.0,nan,nan,nan
4396.722,1.545973e-05,0.0,nan,nan,nan
4396.805,1.545236e-05,0.0,nan,nan,nan
4396.889,1.545324e-05,0.0,nan,nan,nan
4396.973,1.545667e-05,0.0,nan,nan,nan
4397.056,1.545873e-05,0.0,nan,nan,nan
4397.14,1.545737e-05,0.0,nan,nan,nan
4397.223,1.545462e-05,0.0,nan,nan,nan
4397.323,1.545325e-05,0.0,nan,nan,nan
4397.407,1.545338e-05,0.0,nan,nan,nan
4397.503,1.545573e-05,0.0,nan,nan,nan
4397.587,1.545598e-05,0.0,nan,nan,nan
4397.671,1.545679e-05,0.0,nan,nan,nan
4397.754,1.545532e-05,0.0,nan,nan,nan
4397.838,1.545935e-05,0.0,nan,nan,nan
4397.947,1.545332e-05,0.0,nan,nan,nan
4398.032,1.545579e-05,0.0,nan,nan,nan
4398.121,1.545605e-05,0.0,nan,nan,nan
4398.205,1.545447e-05,0.0,nan,nan,nan
4398.289,1.54614e-05,0.0,nan,nan,nan
4398.372,1.546118e-05,0.0,nan,nan,nan
4398.457,1.546342e-05,0.0,nan,nan,nan
4398.554,1.545873e-05,0.0,nan,nan,nan
4398.638,1.545769e-05,0.0,nan,nan,nan
4398.722,1.546118e-05,0.0,nan,nan,nan
4398.806,1.546126e-05,0.0,nan,nan,nan
4398.89,1.545986e-05,0.0,nan,nan,nan
4398.973,1.546023e-05,0.0,nan,nan,nan
4399.057,1.545959e-05,0.0,nan,nan,nan
4399.14,1.546112e-05,0.0,nan,nan,nan
4399.224,1.545978e-05,0.0,nan,nan,nan
4399.308,1.545852e-05,0.0,nan,nan,nan
4399.392,1.545517e-05,0.0,nan,nan,nan
4399.475,1.545967e-05,0.0,nan,nan,nan
4399.559,1.545458e-05,0.0,nan,nan,nan
4399.642,1.545735e-05,0.0,nan,nan,nan
4399.726,1.545973e-05,0.0,nan,nan,nan
4399.809,1.545891e-05,0.0,nan,nan,nan
4399.893,1.545918e-05,0.0,nan,nan,nan
4399.982,1.546246e-05,0.0,nan,nan,nan
4400.066,1.546204e-05,0.0,nan,nan,nan
4400.177,1.546043e-05,0.0,nan,nan,nan
4400.261,1.546109e-05,0.0,nan,nan,nan
4400.344,1.546081e-05,0.0,nan,nan,nan
4400.428,1.546234e-05,0.0,nan,nan,nan
4400.512,1.545825e-05,0.0,nan,nan,nan
4400.609,1.546198e-05,0.0,nan,nan,nan
4400.692,1.545895e-05,0.0,nan,nan,nan
4400.795,1.545509e-05,0.0,nan,nan,nan
4400.879,1.546388e-05,0.0,nan,nan,nan
4400.964,1.546078e-05,0.0,nan,nan,nan
4401.047,1.545586e-05,0.0,nan,nan,nan
4401.132,1.546214e-05,0.0,nan,nan,nan
4401.216,1.545761e-05,0.0,nan,nan,nan
4401.303,1.546138e-05,0.0,nan,nan,nan
4401.394,1.545642e-05,0.0,nan,nan,nan
4401.478,1.545902e-05,0.0,nan,nan,nan
4401.561,1.546109e-05,0.0,nan,nan,nan
4401.645,1.545991e-05,0.0,nan,nan,nan
4401.728,1.545733e-05,0.0,nan,nan,nan
4401.812,1.545447e-05,0.0,nan,nan,nan
4401.896,1.545766e-05,0.0,nan,nan,nan
4401.979,1.545402e-05,0.0,nan,nan,nan
4402.063,1.545358e-05,0.0,nan,nan,nan
4402.147,1.545284e-05,0.0,nan,nan,nan
4402.231,1.545775e-05,0.0,nan,nan,nan
4402.319,1.545555e-05,0.0,nan,nan,nan
4402.41,1.546087e-05,0.0,nan,nan,nan
4402.494,1.545868e-05,0.0,nan,nan,nan
4402.577,1.545661e-05,0.0,nan,nan,nan
4402.661,1.54595e-05,0.0,nan,nan,nan
4402.745,1.545831e-05,0.0,nan,nan,nan
4402.829,1.545766e-05,0.0,nan,nan,nan
4402.913,1.546033e-05,0.0,nan,nan,nan
4402.996,1.545996e-05,0.0,nan,nan,nan
4403.08,1.545813e-05,0.0,nan,nan,nan
4403.163,1.5462e-05,0.0,nan,nan,nan
4403.247,1.545758e-05,0.0,nan,nan,nan
4403.337,1.545726e-05,0.0,nan,nan,nan
4403.432,1.545761e-05,0.0,nan,nan,nan
4403.516,1.546035e-05,0.0,nan,nan,nan
4403.616,1.546027e-05,0.0,nan,nan,nan
4403.699,1.545747e-05,0.0,nan,nan,nan
4403.783,1.545714e-05,0.0,nan,nan,nan
4403.866,1.545767e-05,0.0,nan,nan,nan
4403.953,1.54558e-05,0.0,nan,nan,nan
4404.06,1.545562e-05,0.0,nan,nan,nan
4404.144,1.545625e-05,0.0,nan,nan,nan
4404.229,1.545905e-05,0.0,nan,nan,nan
4404.313,1.545528e-05,0.0,nan,nan,nan
4404.398,1.545505e-05,0.0,nan,nan,nan
4404.481,1.545854e-05,0.0,nan,nan,nan
4404.569,1.545308e-05,0.0,nan,nan,nan
4404.67,1.54563e-05,0.0,nan,nan,nan
4404.771,1.545492e-05,0.0,nan,nan,nan
4404.874,1.545948e-05,0.0,nan,nan,nan
4404.957,1.545977e-05,0.0,nan,nan,nan
4405.045,1.545696e-05,0.0,nan,nan,nan
4405.129,1.545682e-05,0.0,nan,nan,nan
4405.213,1.545406e-05,0.0,nan,nan,nan
4405.297,1.545479e-05,0.0,nan,nan,nan
4405.382,1.545406e-05,0.0,nan,nan,nan
4405.465,1.545874e-05,0.0,nan,nan,nan
4405.549,1.54605e-05,0.0,nan,nan,nan
4405.632,1.54535e-05,0.0,nan,nan,nan
4405.716,1.545726e-05,0.0,nan,nan,nan
4405.804,1.546035e-05,0.0,nan,nan,nan
4405.898,1.545861e-05,0.0,nan,nan,nan
4405.982,1.545734e-05,0.0,nan,nan,nan
4406.089,1.546008e-05,0.0,nan,nan,nan
4406.173,1.545903e-05,0.0,nan,nan,nan
4406.262,1.54606e-05,0.0,nan,nan,nan
4406.345,1.54576e-05,0.0,nan,nan,nan
4406.433,1.545758e-05,0.0,nan,nan,nan
4406.53,1.545859e-05,0.0,nan,nan,nan
4406.614,1.546142e-05,0.0,nan,nan,nan
4406.713,1.54594e-05,0.0,nan,nan,nan
4406.796,1.545902e-05,0.0,nan,nan,nan
4406.88,1.545679e-05,0.0,nan,nan,nan
4406.964,1.545863e-05,0.0,nan,nan,nan
4407.049,1.546009e-05,0.0,nan,nan,nan
4407.132,1.545335e-05,0.0,nan,nan,nan
4407.216,1.545662e-05,0.0,nan,nan,nan
4407.322,1.545827e-05,0.0,nan,nan,nan
4407.405,1.546008e-05,0.0,nan,nan,nan
4407.492,1.545734e-05,0.0,nan,nan,nan
4407.576,1.545988e-05,0.0,nan,nan,nan
4407.659,1.545995e-05,0.0,nan,nan,nan
4407.743,1.54609e-05,0.0,nan,nan,nan
4407.827,1.545755e-05,0.0,nan,nan,nan
4407.914,1.546167e-05,0.0,nan,nan,nan
4407.998,1.546275e-05,0.0,nan,nan,nan
4408.083,1.545886e-05,0.0,nan,nan,nan
4408.167,1.546178e-05,0.0,nan,nan,nan
4408.251,1.545994e-05,0.0,nan,nan,nan
4408.339,1.54592e-05,0.0,nan,nan,nan
4408.422,1.545733e-05,0.0,nan,nan,nan
4408.507,1.545677e-05,0.0,nan,nan,nan
4408.591,1.54582e-05,0.0,nan,nan,nan
4408.674,1.545466e-05,0.0,nan,nan,nan
4408.777,1.545379e-05,0.0,nan,nan,nan
4408.86,1.545632e-05,0.0,nan,nan,nan
4408.944,1.545786e-05,0.0,nan,nan,nan
4409.028,1.545634e-05,0.0,nan,nan,nan
4409.111,1.545848e-05,0.0,nan,nan,nan
4409.195,1.545807e-05,0.0,nan,nan,nan
4409.282,1.545575e-05,0.0,nan,nan,nan
4409.376,1.545917e-05,0.0,nan,nan,nan
4409.46,1.545973e-05,0.0,nan,nan,nan
4409.559,1.546104e-05,0.0,nan,nan,nan
4409.643,1.546071e-05,0.0,nan,nan,nan
4409.726,1.54595e-05,0.0,nan,nan,nan
4409.81,1.545396e-05,0.0,nan,nan,nan
4409.894,1.545915e-05,0.0,nan,nan,nan
4409.983,1.545846e-05,0.0,nan,nan,nan
4410.067,1.545953e-05,0.0,nan,nan,nan
4410.15,1.545984e-05,0.0,nan,nan,nan
4410.234,1.546188e-05,0.0,nan,nan,nan
4410.317,1.546173e-05,0.0,nan,nan,nan
4410.401,1.546303e-05,0.0,nan,nan,nan
4410.487,1.545863e-05,0.0,nan,nan,nan
4410.59,1.546186e-05,0.0,nan,nan,nan
4410.674,1.545973e-05,0.0,nan,nan,nan
4410.758,1.546109e-05,0.0,nan,nan,nan
4410.842,1.545883e-05,0.0,nan,nan,nan
4410.925,1.545742e-05,0.0,nan,nan,nan
4411.011,1.546037e-05,0.0,nan,nan,nan
4411.099,1.545656e-05,0.0,nan,nan,nan
4411.184,1.546011e-05,0.0,nan,nan,nan
4411.267,1.546023e-05,0.0,nan,nan,nan
4411.351,1.5457e-05,0.0,nan,nan,nan
4411.435,1.545907e-05,0.0,nan,nan,nan
4411.519,1.545794e-05,0.0,nan,nan,nan
4411.603,1.545972e-05,0.0,nan,nan,nan
4411.686,1.546402e-05,0.0,nan,nan,nan
4411.771,1.54623e-05,0.0,nan,nan,nan
4411.855,1.546293e-05,0.0,nan,nan,nan
4411.938,1.545966e-05,0.0,nan,nan,nan
4412.051,1.546134e-05,0.0,nan,nan,nan
4412.135,1.546069e-05,0.0,nan,nan,nan
4412.218,1.545858e-05,0.0,nan,nan,nan
4412.302,1.546054e-05,0.0,nan,nan,nan
4412.385,1.545718e-05,0.0,nan,nan,nan
4412.468,1.546078e-05,0.0,nan,nan,nan
4412.552,1.545832e-05,0.0,nan,nan,nan
4412.652,1.545906e-05,0.0,nan,nan,nan
4412.736,1.546037e-05,0.0,nan,nan,nan
4412.847,1.545893e-05,0.0,nan,nan,nan
4412.931,1.545971e-05,0.0,nan,nan,nan
4413.047,1.545745e-05,0.0,nan,nan,nan
4413.141,1.546093e-05,0.0,nan,nan,nan
4413.224,1.546476e-05,0.0,nan,nan,nan
4413.308,1.546029e-05,0.0,nan,nan,nan
4413.391,1.54571e-05,0.0,nan,nan,nan
4413.497,1.545825e-05,0.0,nan,nan,nan
4413.587,1.545905e-05,0.0,nan,nan,nan
4413.671,1.545754e-05,0.0,nan,nan,nan
4413.754,1.546227e-05,0.0,nan,nan,nan
4413.839,1.54608e-05,0.0,nan,nan,nan
4413.922,1.545877e-05,0.0,nan,nan,nan
4414.006,1.545864e-05,0.0,nan,nan,nan
4414.105,1.546223e-05,0.0,nan,nan,nan
4414.188,1.545827e-05,0.0,nan,nan,nan
4414.292,1.545993e-05,0.0,nan,nan,nan
4414.375,1.546142e-05,0.0,nan,nan,nan
4414.458,1.546074e-05,0.0,nan,nan,nan
4414.542,1.545997e-05,0.0,nan,nan,nan
4414.626,1.545859e-05,0.0,nan,nan,nan
4414.709,1.546086e-05,0.0,nan,nan,nan
4414.793,1.546275e-05,0.0,nan,nan,nan
4414.881,1.545985e-05,0.0,nan,nan,nan
4414.964,1.546018e-05,0.0,nan,nan,nan
4415.047,1.546061e-05,0.0,nan,nan,nan
4415.131,1.545689e-05,0.0,nan,nan,nan
4415.215,1.545877e-05,0.0,nan,nan,nan
4415.298,1.546107e-05,0.0,nan,nan,nan
4415.382,1.54562e-05,0.0,nan,nan,nan
4415.466,1.545474e-05,0.0,nan,nan,nan
4415.55,1.545672e-05,0.0,nan,nan,nan
4415.633,1.545171e-05,0.0,nan,nan,nan
4415.717,1.545565e-05,0.0,nan,nan,nan
4415.8,1.546001e-05,0.0,nan,nan,nan
4415.889,1.545578e-05,0.0,nan,nan,nan
4415.973,1.54539e-05,0.0,nan,nan,nan
4416.058,1.546034e-05,0.0,nan,nan,nan
4416.141,1.545494e-05,0.0,nan,nan,nan
4416.225,1.545529e-05,0.0,nan,nan,nan
4416.31,1.545621e-05,0.0,nan,nan,nan
4416.393,1.545753e-05,0.0,nan,nan,nan
4416.477,1.545355e-05,0.0,nan,nan,nan
4416.561,1.54593e-05,0.0,nan,nan,nan
4416.645,1.545571e-05,0.0,nan,nan,nan
4416.728,1.545805e-05,0.0,nan,nan,nan
4416.812,1.545679e-05,0.0,nan,nan,nan
4416.898,1.545506e-05,0.0,nan,nan,nan
4416.982,1.545681e-05,0.0,nan,nan,nan
4417.065,1.545732e-05,0.0,nan,nan,nan
4417.174,1.545436e-05,0.0,nan,nan,nan
4417.26,1.545585e-05,0.0,nan,nan,nan
4417.344,1.545613e-05,0.0,nan,nan,nan
4417.428,1.545671e-05,0.0,nan,nan,nan
4417.527,1.545813e-05,0.0,nan,nan,nan
4417.61,1.545684e-05,0.0,nan,nan,nan
4417.694,1.546126e-05,0.0,nan,nan,nan
4417.778,1.545672e-05,0.0,nan,nan,nan
4417.861,1.545758e-05,0.0,nan,nan,nan
4417.948,1.545751e-05,0.0,nan,nan,nan
4418.031,1.545665e-05,0.0,nan,nan,nan
4418.115,1.545593e-05,0.0,nan,nan,nan
4418.199,1.545461e-05,0.0,nan,nan,nan
4418.282,1.545828e-05,0.0,nan,nan,nan
4418.368,1.54594e-05,0.0,nan,nan,nan
4418.451,1.545925e-05,0.0,nan,nan,nan
4418.546,1.545484e-05,0.0,nan,nan,nan
4418.63,1.545756e-05,0.0,nan,nan,nan
4418.714,1.545654e-05,0.0,nan,nan,nan
4418.797,1.545633e-05,0.0,nan,nan,nan
4418.884,1.546e-05,0.0,nan,nan,nan
4418.968,1.545858e-05,0.0,nan,nan,nan
4419.052,1.545602e-05,0.0,nan,nan,nan
4419.136,1.545995e-05,0.0,nan,nan,nan
4419.238,1.545841e-05,0.0,nan,nan,nan
4419.324,1.545979e-05,0.0,nan,nan,nan
4419.421,1.545838e-05,0.0,nan,nan,nan
4419.504,1.545587e-05,0.0,nan,nan,nan
4419.616,1.545494e-05,0.0,nan,nan,nan
4419.701,1.545713e-05,0.0,nan,nan,nan
4419.784,1.545753e-05,0.0,nan,nan,nan
4419.868,1.54569e-05,0.0,nan,nan,nan
4419.952,1.54527e-05,0.0,nan,nan,nan
4420.035,1.545583e-05,0.0,nan,nan,nan
4420.12,1.545672e-05,0.0,nan,nan,nan
4420.204,1.545453e-05,0.0,nan,nan,nan
4420.288,1.545461e-05,0.0,nan,nan,nan
4420.377,1.545515e-05,0.0,nan,nan,nan
4420.461,1.545527e-05,0.0,nan,nan,nan
4420.545,1.545995e-05,0.0,nan,nan,nan
4420.634,1.545755e-05,0.0,nan,nan,nan
4420.718,1.545752e-05,0.0,nan,nan,nan
4420.801,1.545826e-05,0.0,nan,nan,nan
4420.885,1.545882e-05,0.0,nan,nan,nan
4420.97,1.545887e-05,0.0,nan,nan,nan
4421.053,1.545962e-05,0.0,nan,nan,nan
4421.137,1.546167e-05,0.0,nan,nan,nan
4421.236,1.545719e-05,0.0,nan,nan,nan
4421.332,1.54612e-05,0.0,nan,nan,nan
4421.431,1.546184e-05,0.0,nan,nan,nan
4421.515,1.545689e-05,0.0,nan,nan,nan
4421.599,1.545577e-05,0.0,nan,nan,nan
4421.682,1.545677e-05,0.0,nan,nan,nan
4421.766,1.545683e-05,0.0,nan,nan,nan
4421.854,1.545763e-05,0.0,nan,nan,nan
4421.938,1.545596e-05,0.0,nan,nan,nan
4422.027,1.545953e-05,0.0,nan,nan,nan
4422.111,1.545781e-05,0.0,nan,nan,nan
4422.198,1.546131e-05,0.0,nan,nan,nan
4422.293,1.54538e-05,0.0,nan,nan,nan
4422.377,1.54575e-05,0.0,nan,nan,nan
4422.466,1.545875e-05,0.0,nan,nan,nan
4422.55,1.54578e-05,0.0,nan,nan,nan
4422.633,1.545898e-05,0.0,nan,nan,nan
4422.717,1.545676e-05,0.0,nan,nan,nan
4422.801,1.545507e-05,0.0,nan,nan,nan
4422.885,1.545947e-05,0.0,nan,nan,nan
4422.968,1.545775e-05,0.0,nan,nan,nan
4423.052,1.545712e-05,0.0,nan,nan,nan
4423.136,1.545449e-05,0.0,nan,nan,nan
4423.22,1.545634e-05,0.0,nan,nan,nan
4423.305,1.545595e-05,0.0,nan,nan,nan
4423.395,1.54614e-05,0.0,nan,nan,nan
4423.479,1.546141e-05,0.0,nan,nan,nan
4423.563,1.546377e-05,0.0,nan,nan,nan
4423.646,1.545719e-05,0.0,nan,nan,nan
4423.73,1.545431e-05,0.0,nan,nan,nan
4423.817,1.545716e-05,0.0,nan,nan,nan
4423.907,1.545529e-05,0.0,nan,nan,nan
4423.991,1.545816e-05,0.0,nan,nan,nan
4424.075,1.545419e-05,0.0,nan,nan,nan
4424.159,1.545572e-05,0.0,nan,nan,nan
4424.243,1.5454e-05,0.0,nan,nan,nan
4424.327,1.545108e-05,0.0,nan,nan,nan
4424.411,1.545111e-05,0.0,nan,nan,nan
4424.494,1.545287e-05,0.0,nan,nan,nan
4424.578,1.545692e-05,0.0,nan,nan,nan
4424.662,1.545728e-05,0.0,nan,nan,nan
4424.748,1.54534e-05,0.0,nan,nan,nan
4424.833,1.545336e-05,0.0,nan,nan,nan
4424.937,1.54559e-05,0.0,nan,nan,nan
4425.021,1.545938e-05,0.0,nan,nan,nan
4425.105,1.545639e-05,0.0,nan,nan,nan
4425.189,1.545475e-05,0.0,nan,nan,nan
4425.272,1.545675e-05,0.0,nan,nan,nan
4425.356,1.545848e-05,0.0,nan,nan,nan
4425.46,1.545651e-05,0.0,nan,nan,nan
4425.546,1.545784e-05,0.0,nan,nan,nan
4425.63,1.545727e-05,0.0,nan,nan,nan
4425.714,1.54578e-05,0.0,nan,nan,nan
4425.797,1.545967e-05,0.0,nan,nan,nan
4425.885,1.545798e-05,0.0,nan,nan,nan
4425.971,1.545885e-05,0.0,nan,nan,nan
4426.055,1.545967e-05,0.0,nan,nan,nan
4426.148,1.545985e-05,0.0,nan,nan,nan
4426.232,1.5456e-05,0.0,nan,nan,nan
4426.322,1.545278e-05,0.0,nan,nan,nan
4426.405,1.545758e-05,0.0,nan,nan,nan
4426.489,1.545986e-05,0.0,nan,nan,nan
4426.581,1.545864e-05,0.0,nan,nan,nan
4426.664,1.545665e-05,0.0,nan,nan,nan
4426.767,1.545788e-05,0.0,nan,nan,nan
4426.851,1.545928e-05,0.0,nan,nan,nan
4426.936,1.54591e-05,0.0,nan,nan,nan
4427.02,1.54575e-05,0.0,nan,nan,nan
4427.103,1.546053e-05,0.0,nan,nan,nan
4427.191,1.546e-05,0.0,nan,nan,nan
4427.275,1.545743e-05,0.0,nan,nan,nan
4427.377,1.545648e-05,0.0,nan,nan,nan
4427.461,1.545396e-05,0.0,nan,nan,nan
4427.548,1.54558e-05,0.0,nan,nan,nan
4427.632,1.545664e-05,0.0,nan,nan,nan
4427.715,1.545802e-05,0.0,nan,nan,nan
4427.798,1.546074e-05,0.0,nan,nan,nan
4427.882,1.545858e-05,0.0,nan,nan,nan
4427.98,1.545636e-05,0.0,nan,nan,nan
4428.064,1.545483e-05,0.0,nan,nan,nan
4428.148,1.545936e-05,0.0,nan,nan,nan
4428.231,1.546124e-05,0.0,nan,nan,nan
4428.315,1.546009e-05,0.0,nan,nan,nan
4428.4,1.546042e-05,0.0,nan,nan,nan
4428.484,1.545991e-05,0.0,nan,nan,nan
4428.567,1.545853e-05,0.0,nan,nan,nan
4428.651,1.545846e-05,0.0,nan,nan,nan
4428.735,1.545748e-05,0.0,nan,nan,nan
4428.819,1.54579e-05,0.0,nan,nan,nan
4428.902,1.545529e-05,0.0,nan,nan,nan
4428.993,1.54568e-05,0.0,nan,nan,nan
4429.077,1.545622e-05,0.0,nan,nan,nan
4429.162,1.545399e-05,0.0,nan,nan,nan
4429.246,1.545706e-05,0.0,nan,nan,nan
4429.331,1.545422e-05,0.0,nan,nan,nan
4429.42,1.545382e-05,0.0,nan,nan,nan
4429.504,1.545513e-05,0.0,nan,nan,nan
4429.609,1.545181e-05,0.0,nan,nan,nan
4429.693,1.545575e-05,0.0,nan,nan,nan
4429.776,1.545627e-05,0.0,nan,nan,nan
4429.86,1.545631e-05,0.0,nan,nan,nan
4429.943,1.546024e-05,0.0,nan,nan,nan
4430.032,1.545821e-05,0.0,nan,nan,nan
4430.116,1.545692e-05,0.0,nan,nan,nan
4430.199,1.545446e-05,0.0,nan,nan,nan
4430.283,1.54568e-05,0.0,nan,nan,nan
4430.367,1.545263e-05,0.0,nan,nan,nan
4430.45,1.545964e-05,0.0,nan,nan,nan
4430.535,1.545462e-05,0.0,nan,nan,nan
4430.622,1.545162e-05,0.0,nan,nan,nan
4430.705,1.545469e-05,0.0,nan,nan,nan
4430.789,1.545379e-05,0.0,nan,nan,nan
4430.873,1.545888e-05,0.0,nan,nan,nan
4430.956,1.545461e-05,0.0,nan,nan,nan
4431.063,1.545663e-05,0.0,nan,nan,nan
4431.147,1.545734e-05,0.0,nan,nan,nan
4431.23,1.545197e-05,0.0,nan,nan,nan
4431.314,1.545573e-05,0.0,nan,nan,nan
4431.398,1.545587e-05,0.0,nan,nan,nan
4431.482,1.545901e-05,0.0,nan,nan,nan
4431.568,1.54541e-05,0.0,nan,nan,nan
4431.67,1.545691e-05,0.0,nan,nan,nan
4431.754,1.545539e-05,0.0,nan,nan,nan
4431.853,1.545288e-05,0.0,nan,nan,nan
4431.936,1.545508e-05,0.0,nan,nan,nan
4432.021,1.545721e-05,0.0,nan,nan,nan
4432.105,1.545282e-05,0.0,nan,nan,nan
4432.188,1.545786e-05,0.0,nan,nan,nan
4432.291,1.545605e-05,0.0,nan,nan,nan
4432.375,1.545421e-05,0.0,nan,nan,nan
4432.459,1.54586e-05,0.0,nan,nan,nan
4432.543,1.545774e-05,0.0,nan,nan,nan
4432.627,1.545671e-05,0.0,nan,nan,nan
4432.714,1.545784e-05,0.0,nan,nan,nan
4432.798,1.545424e-05,0.0,nan,nan,nan
4432.896,1.545598e-05,0.0,nan,nan,nan
4432.98,1.545549e-05,0.0,nan,nan,nan
4433.064,1.5455e-05,0.0,nan,nan,nan
4433.148,1.545691e-05,0.0,nan,nan,nan
4433.231,1.545528e-05,0.0,nan,nan,nan
4433.314,1.545693e-05,0.0,nan,nan,nan
4433.398,1.545538e-05,0.0,nan,nan,nan
4433.482,1.545359e-05,0.0,nan,nan,nan
4433.566,1.545806e-05,0.0,nan,nan,nan
4433.649,1.545532e-05,0.0,nan,nan,nan
4433.741,1.545788e-05,0.0,nan,nan,nan
4433.824,1.545645e-05,0.0,nan,nan,nan
4433.914,1.545768e-05,0.0,nan,nan,nan
4433.998,1.545485e-05,0.0,nan,nan,nan
4434.101,1.545416e-05,0.0,nan,nan,nan
4434.185,1.545393e-05,0.0,nan,nan,nan
4434.272,1.545514e-05,0.0,nan,nan,nan
4434.362,1.54551e-05,0.0,nan,nan,nan
4434.446,1.545924e-05,0.0,nan,nan,nan
4434.548,1.545894e-05,0.0,nan,nan,nan
4434.632,1.545485e-05,0.0,nan,nan,nan
4434.715,1.545474e-05,0.0,nan,nan,nan
4434.799,1.545551e-05,0.0,nan,nan,nan
4434.882,1.545644e-05,0.0,nan,nan,nan
4434.971,1.545509e-05,0.0,nan,nan,nan
4435.055,1.544815e-05,0.0,nan,nan,nan
4435.154,1.545782e-05,0.0,nan,nan,nan
4435.237,1.545867e-05,0.0,nan,nan,nan
4435.322,1.545398e-05,0.0,nan,nan,nan
4435.406,1.545454e-05,0.0,nan,nan,nan
4435.49,1.545745e-05,0.0,nan,nan,nan
4435.598,1.545844e-05,0.0,nan,nan,nan
4435.686,1.545838e-05,0.0,nan,nan,nan
4435.796,1.545689e-05,0.0,nan,nan,nan
4435.883,1.545582e-05,0.0,nan,nan,nan
4436.0,1.54576e-05,0.0,nan,nan,nan
4436.087,1.545915e-05,0.0,nan,nan,nan
4436.192,1.545809e-05,0.0,nan,nan,nan
4436.276,1.545691e-05,0.0,nan,nan,nan
4436.379,1.54558e-05,0.0,nan,nan,nan
4436.463,1.546014e-05,0.0,nan,nan,nan
4436.55,1.545782e-05,0.0,nan,nan,nan
4436.634,1.545849e-05,0.0,nan,nan,nan
4436.719,1.546092e-05,0.0,nan,nan,nan
4436.803,1.545849e-05,0.0,nan,nan,nan
4436.886,1.545724e-05,0.0,nan,nan,nan
4436.989,1.545526e-05,0.0,nan,nan,nan
4437.073,1.545864e-05,0.0,nan,nan,nan
4437.156,1.545532e-05,0.0,nan,nan,nan
4437.24,1.545795e-05,0.0,nan,nan,nan
4437.324,1.54552e-05,0.0,nan,nan,nan
4437.409,1.545819e-05,0.0,nan,nan,nan
4437.492,1.545703e-05,0.0,nan,nan,nan
4437.576,1.545748e-05,0.0,nan,nan,nan
4437.66,1.545451e-05,0.0,nan,nan,nan
4437.743,1.545263e-05,0.0,nan,nan,nan
4437.846,1.545302e-05,0.0,nan,nan,nan
4437.93,1.545239e-05,0.0,nan,nan,nan
4438.021,1.545297e-05,0.0,nan,nan,nan
4438.105,1.545278e-05,0.0,nan,nan,nan
4438.19,1.545844e-05,0.0,nan,nan,nan
4438.274,1.545611e-05,0.0,nan,nan,nan
4438.358,1.545503e-05,0.0,nan,nan,nan
4438.442,1.546128e-05,0.0,nan,nan,nan
4438.525,1.545789e-05,0.0,nan,nan,nan
4438.613,1.545573e-05,0.0,nan,nan,nan
4438.697,1.545661e-05,0.0,nan,nan,nan
4438.78,1.545936e-05,0.0,nan,nan,nan
4438.864,1.545463e-05,0.0,nan,nan,nan
4438.951,1.545869e-05,0.0,nan,nan,nan
4439.035,1.545754e-05,0.0,nan,nan,nan
4439.119,1.546311e-05,0.0,nan,nan,nan
4439.226,1.545712e-05,0.0,nan,nan,nan
4439.31,1.545523e-05,0.0,nan,nan,nan
4439.397,1.545557e-05,0.0,nan,nan,nan
4439.481,1.545995e-05,0.0,nan,nan,nan
4439.564,1.546184e-05,0.0,nan,nan,nan
4439.648,1.545926e-05,0.0,nan,nan,nan
4439.735,1.546252e-05,0.0,nan,nan,nan
4439.832,1.545997e-05,0.0,nan,nan,nan
4439.919,1.546531e-05,0.0,nan,nan,nan
4440.007,1.545866e-05,0.0,nan,nan,nan
4440.091,1.546013e-05,0.0,nan,nan,nan
4440.174,1.54594e-05,0.0,nan,nan,nan
4440.271,1.546054e-05,0.0,nan,nan,nan
4440.355,1.545606e-05,0.0,nan,nan,nan
4440.439,1.545653e-05,0.0,nan,nan,nan
4440.522,1.545764e-05,0.0,nan,nan,nan
4440.606,1.546079e-05,0.0,nan,nan,nan
4440.69,1.545805e-05,0.0,nan,nan,nan
4440.774,1.545564e-05,0.0,nan,nan,nan
4440.87,1.545786e-05,0.0,nan,nan,nan
4440.953,1.545394e-05,0.0,nan,nan,nan
4441.053,1.545736e-05,0.0,nan,nan,nan
4441.137,1.545518e-05,0.0,nan,nan,nan
4441.221,1.545693e-05,0.0,nan,nan,nan
4441.305,1.545397e-05,0.0,nan,nan,nan
4441.388,1.545451e-05,0.0,nan,nan,nan
4441.481,1.545242e-05,0.0,nan,nan,nan
4441.565,1.545495e-05,0.0,nan,nan,nan
4441.65,1.545592e-05,0.0,nan,nan,nan
4441.733,1.545429e-05,0.0,nan,nan,nan
4441.817,1.545464e-05,0.0,nan,nan,nan
4441.904,1.545394e-05,0.0,nan,nan,nan
4441.988,1.545837e-05,0.0,nan,nan,nan
4442.073,1.545285e-05,0.0,nan,nan,nan
4442.157,1.545267e-05,0.0,nan,nan,nan
4442.241,1.545539e-05,0.0,nan,nan,nan
4442.324,1.545625e-05,0.0,nan,nan,nan
4442.408,1.545679e-05,0.0,nan,nan,nan
4442.505,1.545467e-05,0.0,nan,nan,nan
4442.589,1.545744e-05,0.0,nan,nan,nan
4442.672,1.545577e-05,0.0,nan,nan,nan
4442.756,1.545569e-05,0.0,nan,nan,nan
4442.841,1.545643e-05,0.0,nan,nan,nan
4442.929,1.545687e-05,0.0,nan,nan,nan
4443.013,1.545806e-05,0.0,nan,nan,nan
4443.105,1.546093e-05,0.0,nan,nan,nan
4443.188,1.546141e-05,0.0,nan,nan,nan
4443.272,1.546549e-05,0.0,nan,nan,nan
4443.355,1.546118e-05,0.0,nan,nan,nan
4443.439,1.54638e-05,0.0,nan,nan,nan
4443.54,1.546341e-05,0.0,nan,nan,nan
4443.624,1.54628e-05,0.0,nan,nan,nan
4443.723,1.546305e-05,0.0,nan,nan,nan
4443.807,1.546447e-05,0.0,nan,nan,nan
4443.891,1.546548e-05,0.0,nan,nan,nan
4443.975,1.546412e-05,0.0,nan,nan,nan
4444.06,1.545984e-05,0.0,nan,nan,nan
4444.146,1.546028e-05,0.0,nan,nan,nan
4444.23,1.546126e-05,0.0,nan,nan,nan
4444.328,1.546204e-05,0.0,nan,nan,nan
4444.411,1.545821e-05,0.0,nan,nan,nan
4444.497,1.546158e-05,0.0,nan,nan,nan
4444.581,1.546352e-05,0.0,nan,nan,nan
4444.665,1.546286e-05,0.0,nan,nan,nan
4444.757,1.546502e-05,0.0,nan,nan,nan
4444.841,1.546457e-05,0.0,nan,nan,nan
4444.94,1.546367e-05,0.0,nan,nan,nan
4445.023,1.546315e-05,0.0,nan,nan,nan
4445.107,1.546152e-05,0.0,nan,nan,nan
4445.191,1.545847e-05,0.0,nan,nan,nan
4445.274,1.546005e-05,0.0,nan,nan,nan
4445.358,1.546224e-05,0.0,nan,nan,nan
4445.442,1.546289e-05,0.0,nan,nan,nan
4445.525,1.545882e-05,0.0,nan,nan,nan
4445.608,1.546376e-05,0.0,nan,nan,nan
4445.694,1.545841e-05,0.0,nan,nan,nan
4445.78,1.546219e-05,0.0,nan,nan,nan
4445.864,1.545711e-05,0.0,nan,nan,nan
4445.965,1.546011e-05,0.0,nan,nan,nan
4446.096,1.54625e-05,0.0,nan,nan,nan
4446.204,1.545838e-05,0.0,nan,nan,nan
4446.288,1.546268e-05,0.0,nan,nan,nan
4446.383,1.546007e-05,0.0,nan,nan,nan
4446.468,1.546374e-05,0.0,nan,nan,nan
4446.571,1.546314e-05,0.0,nan,nan,nan
4446.654,1.546438e-05,0.0,nan,nan,nan
4446.741,1.54613e-05,0.0,nan,nan,nan
4446.825,1.546955e-05,0.0,nan,nan,nan
4446.908,1.546333e-05,0.0,nan,nan,nan
4446.992,1.546207e-05,0.0,nan,nan,nan
4447.076,1.546308e-05,0.0,nan,nan,nan
4447.181,1.5462e-05,0.0,nan,nan,nan
4447.265,1.546609e-05,0.0,nan,nan,nan
4447.349,1.54641e-05,0.0,nan,nan,nan
4447.432,1.546151e-05,0.0,nan,nan,nan
4447.518,1.54599e-05,0.0,nan,nan,nan
4447.601,1.546244e-05,0.0,nan,nan,nan
4447.685,1.546354e-05,0.0,nan,nan,nan
4447.783,1.546201e-05,0.0,nan,nan,nan
4447.867,1.546126e-05,0.0,nan,nan,nan
4447.952,1.546066e-05,0.0,nan,nan,nan
4448.036,1.546103e-05,0.0,nan,nan,nan
4448.146,1.546634e-05,0.0,nan,nan,nan
4448.257,1.546249e-05,0.0,nan,nan,nan
4448.343,1.546274e-05,0.0,nan,nan,nan
4448.427,1.546352e-05,0.0,nan,nan,nan
4448.512,1.545937e-05,0.0,nan,nan,nan
4448.598,1.546e-05,0.0,nan,nan,nan
4448.681,1.545967e-05,0.0,nan,nan,nan
4448.765,1.54594e-05,0.0,nan,nan,nan
4448.848,1.545826e-05,0.0,nan,nan,nan
4448.932,1.546034e-05,0.0,nan,nan,nan
4449.03,1.546213e-05,0.0,nan,nan,nan
4449.116,1.545948e-05,0.0,nan,nan,nan
4449.216,1.546032e-05,0.0,nan,nan,nan
4449.3,1.545731e-05,0.0,nan,nan,nan
4449.409,1.546061e-05,0.0,nan,nan,nan
4449.492,1.54595e-05,0.0,nan,nan,nan
4449.576,1.546328e-05,0.0,nan,nan,nan
4449.659,1.546275e-05,0.0,nan,nan,nan
4449.743,1.545957e-05,0.0,nan,nan,nan
4449.829,1.546133e-05,0.0,nan,nan,nan
4449.912,1.545961e-05,0.0,nan,nan,nan
4449.996,1.545953e-05,0.0,nan,nan,nan
4450.08,1.545842e-05,0.0,nan,nan,nan
4450.197,1.546038e-05,0.0,nan,nan,nan
4450.281,1.545659e-05,0.0,nan,nan,nan
4450.365,1.545795e-05,0.0,nan,nan,nan
4450.45,1.546239e-05,0.0,nan,nan,nan
4450.534,1.545478e-05,0.0,nan,nan,nan
4450.634,1.546066e-05,0.0,nan,nan,nan
4450.718,1.545969e-05,0.0,nan,nan,nan
4450.803,1.54608e-05,0.0,nan,nan,nan
4450.887,1.545662e-05,0.0,nan,nan,nan
4450.97,1.546026e-05,0.0,nan,nan,nan
4451.063,1.545758e-05,0.0,nan,nan,nan
4451.146,1.54592e-05,0.0,nan,nan,nan
4451.231,1.545947e-05,0.0,nan,nan,nan
4451.315,1.545816e-05,0.0,nan,nan,nan
4451.399,1.545666e-05,0.0,nan,nan,nan
4451.482,1.545971e-05,0.0,nan,nan,nan
4451.57,1.545555e-05,0.0,nan,nan,nan
4451.662,1.545707e-05,0.0,nan,nan,nan
4451.746,1.545709e-05,0.0,nan,nan,nan
4451.843,1.546115e-05,0.0,nan,nan,nan
4451.927,1.545917e-05,0.0,nan,nan,nan
4452.01,1.545996e-05,0.0,nan,nan,nan
4452.094,1.545717e-05,0.0,nan,nan,nan
4452.178,1.545509e-05,0.0,nan,nan,nan
4452.28,1.545784e-05,0.0,nan,nan,nan
4452.363,1.545885e-05,0.0,nan,nan,nan
4452.471,1.546044e-05,0.0,nan,nan,nan
4452.554,1.546122e-05,0.0,nan,nan,nan
4452.639,1.545846e-05,0.0,nan,nan,nan
4452.722,1.545904e-05,0.0,nan,nan,nan
4452.806,1.54574e-05,0.0,nan,nan,nan
4452.89,1.545962e-05,0.0,nan,nan,nan
4452.973,1.546051e-05,0.0,nan,nan,nan
4453.067,1.545739e-05,0.0,nan,nan,nan
4453.151,1.546295e-05,0.0,nan,nan,nan
4453.235,1.546305e-05,0.0,nan,nan,nan
4453.319,1.546362e-05,0.0,nan,nan,nan
4453.403,1.546038e-05,0.0,nan,nan,nan
4453.509,1.546062e-05,0.0,nan,nan,nan
4453.593,1.545295e-05,0.0,nan,nan,nan
4453.691,1.545983e-05,0.0,nan,nan,nan
4453.775,1.54629e-05,0.0,nan,nan,nan
4453.859,1.545772e-05,0.0,nan,nan,nan
4453.943,1.545838e-05,0.0,nan,nan,nan
4454.026,1.546155e-05,0.0,nan,nan,nan
4454.11,1.545847e-05,0.0,nan,nan,nan
4454.194,1.545955e-05,0.0,nan,nan,nan
4454.285,1.54598e-05,0.0,nan,nan,nan
4454.369,1.546457e-05,0.0,nan,nan,nan
4454.453,1.545877e-05,0.0,nan,nan,nan
4454.536,1.545637e-05,0.0,nan,nan,nan
4454.62,1.545959e-05,0.0,nan,nan,nan
4454.713,1.546075e-05,0.0,nan,nan,nan
4454.797,1.54608e-05,0.0,nan,nan,nan
4454.881,1.545564e-05,0.0,nan,nan,nan
4454.964,1.545591e-05,0.0,nan,nan,nan
4455.048,1.545734e-05,0.0,nan,nan,nan
4455.132,1.545398e-05,0.0,nan,nan,nan
4455.22,1.545871e-05,0.0,nan,nan,nan
4455.332,1.546113e-05,0.0,nan,nan,nan
4455.415,1.545826e-05,0.0,nan,nan,nan
4455.499,1.545813e-05,0.0,nan,nan,nan
4455.582,1.546022e-05,0.0,nan,nan,nan
4455.667,1.546264e-05,0.0,nan,nan,nan
4455.754,1.545712e-05,0.0,nan,nan,nan
4455.838,1.546572e-05,0.0,nan,nan,nan
4455.937,1.546245e-05,0.0,nan,nan,nan
4456.021,1.54618e-05,0.0,nan,nan,nan
4456.105,1.546228e-05,0.0,nan,nan,nan
4456.188,1.546326e-05,0.0,nan,nan,nan
4456.273,1.545786e-05,0.0,nan,nan,nan
4456.379,1.545975e-05,0.0,nan,nan,nan
4456.463,1.545939e-05,0.0,nan,nan,nan
4456.555,1.545636e-05,0.0,nan,nan,nan
4456.639,1.546109e-05,0.0,nan,nan,nan
4456.723,1.54598e-05,0.0,nan,nan,nan
4456.807,1.545716e-05,0.0,nan,nan,nan
4456.89,1.545832e-05,0.0,nan,nan,nan
4456.974,1.546017e-05,0.0,nan,nan,nan
4457.058,1.545784e-05,0.0,nan,nan,nan
4457.141,1.545953e-05,0.0,nan,nan,nan
4457.225,1.545882e-05,0.0,nan,nan,nan
4457.311,1.545718e-05,0.0,nan,nan,nan
4457.394,1.546009e-05,0.0,nan,nan,nan
4457.485,1.545703e-05,0.0,nan,nan,nan
4457.574,1.545575e-05,0.0,nan,nan,nan
4457.657,1.545633e-05,0.0,nan,nan,nan
4457.744,1.54597e-05,0.0,nan,nan,nan
4457.828,1.546068e-05,0.0,nan,nan,nan
4457.912,1.546138e-05,0.0,nan,nan,nan
4457.995,1.546031e-05,0.0,nan,nan,nan
4458.079,1.546079e-05,0.0,nan,nan,nan
4458.171,1.54657e-05,0.0,nan,nan,nan
4458.255,1.546091e-05,0.0,nan,nan,nan
4458.339,1.546562e-05,0.0,nan,nan,nan
4458.423,1.546345e-05,0.0,nan,nan,nan
4458.507,1.546478e-05,0.0,nan,nan,nan
4458.597,1.546445e-05,0.0,nan,nan,nan
4458.685,1.546167e-05,0.0,nan,nan,nan
4458.768,1.546238e-05,0.0,nan,nan,nan
4458.852,1.546246e-05,0.0,nan,nan,nan
4458.936,1.546147e-05,0.0,nan,nan,nan
4459.019,1.546473e-05,0.0,nan,nan,nan
4459.103,1.54638e-05,0.0,nan,nan,nan
4459.215,1.546071e-05,0.0,nan,nan,nan
4459.306,1.546238e-05,0.0,nan,nan,nan
4459.391,1.546087e-05,0.0,nan,nan,nan
4459.475,1.5459e-05,0.0,nan,nan,nan
4459.559,1.546032e-05,0.0,nan,nan,nan
4459.642,1.545826e-05,0.0,nan,nan,nan
4459.726,1.546067e-05,0.0,nan,nan,nan
4459.809,1.545925e-05,0.0,nan,nan,nan
4459.893,1.546001e-05,0.0,nan,nan,nan
4459.977,1.546479e-05,0.0,nan,nan,nan
4460.061,1.5457e-05,0.0,nan,nan,nan
4460.144,1.546447e-05,0.0,nan,nan,nan
4460.228,1.546012e-05,0.0,nan,nan,nan
4460.311,1.54598e-05,0.0,nan,nan,nan
4460.414,1.545985e-05,0.0,nan,nan,nan
4460.498,1.545845e-05,0.0,nan,nan,nan
4460.592,1.546161e-05,0.0,nan,nan,nan
4460.687,1.545977e-05,0.0,nan,nan,nan
4460.773,1.54638e-05,0.0,nan,nan,nan
4460.856,1.546006e-05,0.0,nan,nan,nan
4460.94,1.546222e-05,0.0,nan,nan,nan
4461.036,1.546349e-05,0.0,nan,nan,nan
4461.119,1.546446e-05,0.0,nan,nan,nan
4461.215,1.546036e-05,0.0,nan,nan,nan
4461.299,1.546166e-05,0.0,nan,nan,nan
4461.383,1.546283e-05,0.0,nan,nan,nan
4461.467,1.546283e-05,0.0,nan,nan,nan
4461.551,1.546578e-05,0.0,nan,nan,nan
4461.649,1.546367e-05,0.0,nan,nan,nan
4461.733,1.546093e-05,0.0,nan,nan,nan
4461.829,1.546428e-05,0.0,nan,nan,nan
4461.913,1.54638e-05,0.0,nan,nan,nan
4461.996,1.546352e-05,0.0,nan,nan,nan
4462.08,1.546404e-05,0.0,nan,nan,nan
4462.166,1.545738e-05,0.0,nan,nan,nan
4462.265,1.546132e-05,0.0,nan,nan,nan
4462.349,1.546188e-05,0.0,nan,nan,nan
4462.434,1.546077e-05,0.0,nan,nan,nan
4462.517,1.546027e-05,0.0,nan,nan,nan
4462.613,1.545749e-05,0.0,nan,nan,nan
4462.697,1.54608e-05,0.0,nan,nan,nan
4462.78,1.54595e-05,0.0,nan,nan,nan
4462.879,1.546046e-05,0.0,nan,nan,nan
4462.97,1.546178e-05,0.0,nan,nan,nan
4463.055,1.546044e-05,0.0,nan,nan,nan
4463.139,1.546056e-05,0.0,nan,nan,nan
4463.222,1.546157e-05,0.0,nan,nan,nan
4463.306,1.546e-05,0.0,nan,nan,nan
4463.39,1.546363e-05,0.0,nan,nan,nan
4463.473,1.54634e-05,0.0,nan,nan,nan
4463.557,1.545887e-05,0.0,nan,nan,nan
4463.641,1.546167e-05,0.0,nan,nan,nan
4463.724,1.54586e-05,0.0,nan,nan,nan
4463.81,1.545935e-05,0.0,nan,nan,nan
4463.895,1.546329e-05,0.0,nan,nan,nan
4463.979,1.546169e-05,0.0,nan,nan,nan
4464.084,1.545895e-05,0.0,nan,nan,nan
4464.167,1.546305e-05,0.0,nan,nan,nan
4464.251,1.546145e-05,0.0,nan,nan,nan
4464.335,1.545984e-05,0.0,nan,nan,nan
4464.418,1.546195e-05,0.0,nan,nan,nan
4464.513,1.545432e-05,0.0,nan,nan,nan
4464.597,1.545737e-05,0.0,nan,nan,nan
4464.713,1.545558e-05,0.0,nan,nan,nan
4464.797,1.545988e-05,0.0,nan,nan,nan
4464.912,1.545947e-05,0.0,nan,nan,nan
4464.996,1.546037e-05,0.0,nan,nan,nan
4465.079,1.545961e-05,0.0,nan,nan,nan
4465.163,1.546012e-05,0.0,nan,nan,nan
4465.246,1.546297e-05,0.0,nan,nan,nan
4465.333,1.546217e-05,0.0,nan,nan,nan
4465.42,1.54626e-05,0.0,nan,nan,nan
4465.521,1.546019e-05,0.0,nan,nan,nan
4465.604,1.546132e-05,0.0,nan,nan,nan
4465.688,1.546551e-05,0.0,nan,nan,nan
4465.771,1.546224e-05,0.0,nan,nan,nan
4465.855,1.546596e-05,0.0,nan,nan,nan
4465.948,1.546286e-05,0.0,nan,nan,nan
4466.034,1.546118e-05,0.0,nan,nan,nan
4466.143,1.546228e-05,0.0,nan,nan,nan
4466.227,1.546203e-05,0.0,nan,nan,nan
4466.31,1.546236e-05,0.0,nan,nan,nan
4466.394,1.54638e-05,0.0,nan,nan,nan
4466.478,1.546221e-05,0.0,nan,nan,nan
4466.561,1.545829e-05,0.0,nan,nan,nan
4466.645,1.545973e-05,0.0,nan,nan,nan
4466.73,1.545834e-05,0.0,nan,nan,nan
4466.826,1.545982e-05,0.0,nan,nan,nan
4466.912,1.546019e-05,0.0,nan,nan,nan
4466.995,1.546049e-05,0.0,nan,nan,nan
4467.082,1.546035e-05,0.0,nan,nan,nan
4467.166,1.546323e-05,0.0,nan,nan,nan
4467.25,1.546022e-05,0.0,nan,nan,nan
4467.333,1.545846e-05,0.0,nan,nan,nan
4467.417,1.545926e-05,0.0,nan,nan,nan
4467.501,1.546307e-05,0.0,nan,nan,nan
4467.585,1.545599e-05,0.0,nan,nan,nan
4467.668,1.545826e-05,0.0,nan,nan,nan
4467.765,1.54616e-05,0.0,nan,nan,nan
4467.848,1.54572e-05,0.0,nan,nan,nan
4467.933,1.546342e-05,0.0,nan,nan,nan
4468.017,1.545519e-05,0.0,nan,nan,nan
4468.102,1.545771e-05,0.0,nan,nan,nan
4468.203,1.546094e-05,0.0,nan,nan,nan
4468.286,1.545597e-05,0.0,nan,nan,nan
4468.389,1.545918e-05,0.0,nan,nan,nan
4468.472,1.545992e-05,0.0,nan,nan,nan
4468.558,1.545904e-05,0.0,nan,nan,nan
4468.642,1.545824e-05,0.0,nan,nan,nan
4468.727,1.546398e-05,0.0,nan,nan,nan
4468.811,1.545894e-05,0.0,nan,nan,nan
4468.897,1.546097e-05,0.0,nan,nan,nan
4468.99,1.545838e-05,0.0,nan,nan,nan
4469.074,1.545698e-05,0.0,nan,nan,nan
4469.157,1.545721e-05,0.0,nan,nan,nan
4469.241,1.545772e-05,0.0,nan,nan,nan
4469.324,1.546048e-05,0.0,nan,nan,nan
4469.408,1.5461e-05,0.0,nan,nan,nan
4469.492,1.545981e-05,0.0,nan,nan,nan
4469.596,1.54598e-05,0.0,nan,nan,nan
4469.68,1.546035e-05,0.0,nan,nan,nan
4469.764,1.545974e-05,0.0,nan,nan,nan
4469.847,1.546061e-05,0.0,nan,nan,nan
4469.933,1.545988e-05,0.0,nan,nan,nan
4470.025,1.546077e-05,0.0,nan,nan,nan
4470.109,1.545495e-05,0.0,nan,nan,nan
4470.213,1.545825e-05,0.0,nan,nan,nan
4470.297,1.545853e-05,0.0,nan,nan,nan
4470.381,1.545982e-05,0.0,nan,nan,nan
4470.465,1.545784e-05,0.0,nan,nan,nan
4470.548,1.546042e-05,0.0,nan,nan,nan
4470.634,1.546191e-05,0.0,nan,nan,nan
4470.72,1.545885e-05,0.0,nan,nan,nan
4470.817,1.546209e-05,0.0,nan,nan,nan
4470.913,1.546181e-05,0.0,nan,nan,nan
4470.997,1.546141e-05,0.0,nan,nan,nan
4471.081,1.546137e-05,0.0,nan,nan,nan
4471.165,1.545784e-05,0.0,nan,nan,nan
4471.249,1.545488e-05,0.0,nan,nan,nan
4471.333,1.546098e-05,0.0,nan,nan,nan
4471.417,1.545952e-05,0.0,nan,nan,nan
4471.5,1.546078e-05,0.0,nan,nan,nan
4471.584,1.545834e-05,0.0,nan,nan,nan
4471.668,1.546276e-05,0.0,nan,nan,nan
4471.751,1.546019e-05,0.0,nan,nan,nan
4471.835,1.546031e-05,0.0,nan,nan,nan
4471.919,1.546104e-05,0.0,nan,nan,nan
4472.023,1.546475e-05,0.0,nan,nan,nan
4472.107,1.546065e-05,0.0,nan,nan,nan
4472.191,1.545636e-05,0.0,nan,nan,nan
4472.274,1.546278e-05,0.0,nan,nan,nan
4472.358,1.546012e-05,0.0,nan,nan,nan
4472.441,1.546347e-05,0.0,nan,nan,nan
4472.525,1.546386e-05,0.0,nan,nan,nan
4472.609,1.545865e-05,0.0,nan,nan,nan
4472.693,1.546382e-05,0.0,nan,nan,nan
4472.776,1.546446e-05,0.0,nan,nan,nan
4472.864,1.546087e-05,0.0,nan,nan,nan
4472.95,1.546525e-05,0.0,nan,nan,nan
4473.034,1.546447e-05,0.0,nan,nan,nan
4473.117,1.546738e-05,0.0,nan,nan,nan
4473.201,1.546339e-05,0.0,nan,nan,nan
4473.285,1.546052e-05,0.0,nan,nan,nan
4473.368,1.54576e-05,0.0,nan,nan,nan
4473.452,1.546011e-05,0.0,nan,nan,nan
4473.535,1.546336e-05,0.0,nan,nan,nan
4473.619,1.546315e-05,0.0,nan,nan,nan
4473.703,1.546487e-05,0.0,nan,nan,nan
4473.786,1.546177e-05,0.0,nan,nan,nan
4473.881,1.546403e-05,0.0,nan,nan,nan
4473.967,1.546503e-05,0.0,nan,nan,nan
4474.082,1.546324e-05,0.0,nan,nan,nan
4474.166,1.545991e-05,0.0,nan,nan,nan
4474.249,1.545925e-05,0.0,nan,nan,nan
4474.333,1.54598e-05,0.0,nan,nan,nan
4474.417,1.545875e-05,0.0,nan,nan,nan
4474.512,1.546337e-05,0.0,nan,nan,nan
4474.595,1.546539e-05,0.0,nan,nan,nan
4474.69,1.546494e-05,0.0,nan,nan,nan
4474.774,1.546334e-05,0.0,nan,nan,nan
4474.858,1.546064e-05,0.0,nan,nan,nan
4474.942,1.546621e-05,0.0,nan,nan,nan
4475.025,1.545979e-05,0.0,nan,nan,nan
4475.114,1.546584e-05,0.0,nan,nan,nan
4475.203,1.546574e-05,0.0,nan,nan,nan
4475.306,1.546577e-05,0.0,nan,nan,nan
4475.39,1.546527e-05,0.0,nan,nan,nan
4475.473,1.546403e-05,0.0,nan,nan,nan
4475.557,1.546379e-05,0.0,nan,nan,nan
4475.641,1.5463e-05,0.0,nan,nan,nan
4475.733,1.546328e-05,0.0,nan,nan,nan
4475.819,1.546218e-05,0.0,nan,nan,nan
4475.903,1.546332e-05,0.0,nan,nan,nan
4475.987,1.546081e-05,0.0,nan,nan,nan
4476.071,1.546184e-05,0.0,nan,nan,nan
4476.154,1.546046e-05,0.0,nan,nan,nan
4476.238,1.546395e-05,0.0,nan,nan,nan
4476.331,1.546377e-05,0.0,nan,nan,nan
4476.414,1.545999e-05,0.0,nan,nan,nan
4476.521,1.546246e-05,0.0,nan,nan,nan
4476.604,1.546451e-05,0.0,nan,nan,nan
4476.691,1.546111e-05,0.0,nan,nan,nan
4476.775,1.546103e-05,0.0,nan,nan,nan
4476.859,1.546189e-05,0.0,nan,nan,nan
4476.956,1.546125e-05,0.0,nan,nan,nan
4477.04,1.546325e-05,0.0,nan,nan,nan
4477.146,1.546356e-05,0.0,nan,nan,nan
4477.23,1.546103e-05,0.0,nan,nan,nan
4477.316,1.546455e-05,0.0,nan,nan,nan
4477.4,1.546242e-05,0.0,nan,nan,nan
4477.485,1.545918e-05,0.0,nan,nan,nan
4477.569,1.546045e-05,0.0,nan,nan,nan
4477.653,1.54617e-05,0.0,nan,nan,nan
4477.749,1.545951e-05,0.0,nan,nan,nan
4477.833,1.546117e-05,0.0,nan,nan,nan
4477.919,1.546387e-05,0.0,nan,nan,nan
4478.003,1.546141e-05,0.0,nan,nan,nan
4478.086,1.545988e-05,0.0,nan,nan,nan
4478.17,1.546357e-05,0.0,nan,nan,nan
4478.253,1.545878e-05,0.0,nan,nan,nan
4478.337,1.545686e-05,0.0,nan,nan,nan
4478.421,1.545751e-05,0.0,nan,nan,nan
4478.505,1.546123e-05,0.0,nan,nan,nan
4478.59,1.5459e-05,0.0,nan,nan,nan
4478.674,1.546277e-05,0.0,nan,nan,nan
4478.776,1.545826e-05,0.0,nan,nan,nan
4478.86,1.545723e-05,0.0,nan,nan,nan
4478.944,1.545979e-05,0.0,nan,nan,nan
4479.028,1.545344e-05,0.0,nan,nan,nan
4479.113,1.545853e-05,0.0,nan,nan,nan
4479.229,1.545821e-05,0.0,nan,nan,nan
4479.313,1.545924e-05,0.0,nan,nan,nan
4479.396,1.545746e-05,0.0,nan,nan,nan
4479.483,1.545675e-05,0.0,nan,nan,nan
4479.588,1.546129e-05,0.0,nan,nan,nan
4479.672,1.546144e-05,0.0,nan,nan,nan
4479.773,1.54599e-05,0.0,nan,nan,nan
4479.857,1.545595e-05,0.0,nan,nan,nan
4479.941,1.545933e-05,0.0,nan,nan,nan
4480.025,1.545899e-05,0.0,nan,nan,nan
4480.108,1.545931e-05,0.0,nan,nan,nan
4480.206,1.545561e-05,0.0,nan,nan,nan
4480.29,1.54582e-05,0.0,nan,nan,nan
4480.397,1.545602e-05,0.0,nan,nan,nan
4480.481,1.545609e-05,0.0,nan,nan,nan
4480.565,1.545632e-05,0.0,nan,nan,nan
4480.648,1.545872e-05,0.0,nan,nan,nan
4480.733,1.545725e-05,0.0,nan,nan,nan
4480.816,1.545979e-05,0.0,nan,nan,nan
4480.9,1.545521e-05,0.0,nan,nan,nan
4481.002,1.545978e-05,0.0,nan,nan,nan
4481.086,1.545921e-05,0.0,nan,nan,nan
4481.171,1.54554e-05,0.0,nan,nan,nan
4481.254,1.545565e-05,0.0,nan,nan,nan
4481.338,1.546287e-05,0.0,nan,nan,nan
4481.422,1.545902e-05,0.0,nan,nan,nan
4481.506,1.546078e-05,0.0,nan,nan,nan
4481.59,1.545804e-05,0.0,nan,nan,nan
4481.674,1.546151e-05,0.0,nan,nan,nan
4481.759,1.545975e-05,0.0,nan,nan,nan
4481.842,1.546029e-05,0.0,nan,nan,nan
4481.926,1.546165e-05,0.0,nan,nan,nan
4482.027,1.545997e-05,0.0,nan,nan,nan
4482.111,1.545937e-05,0.0,nan,nan,nan
4482.194,1.546105e-05,0.0,nan,nan,nan
4482.278,1.545914e-05,0.0,nan,nan,nan
4482.363,1.546113e-05,0.0,nan,nan,nan
4482.446,1.545955e-05,0.0,nan,nan,nan
4482.537,1.545931e-05,0.0,nan,nan,nan
4482.636,1.546137e-05,0.0,nan,nan,nan
4482.72,1.545921e-05,0.0,nan,nan,nan
4482.803,1.546031e-05,0.0,nan,nan,nan
4482.887,1.545168e-05,0.0,nan,nan,nan
4482.971,1.545706e-05,0.0,nan,nan,nan
4483.054,1.54592e-05,0.0,nan,nan,nan
4483.138,1.546114e-05,0.0,nan,nan,nan
4483.241,1.545811e-05,0.0,nan,nan,nan
4483.324,1.54573e-05,0.0,nan,nan,nan
4483.408,1.545788e-05,0.0,nan,nan,nan
4483.491,1.545836e-05,0.0,nan,nan,nan
4483.575,1.545985e-05,0.0,nan,nan,nan
4483.659,1.545945e-05,0.0,nan,nan,nan
4483.743,1.54589e-05,0.0,nan,nan,nan
4483.843,1.546322e-05,0.0,nan,nan,nan
4483.927,1.546493e-05,0.0,nan,nan,nan
4484.011,1.546051e-05,0.0,nan,nan,nan
4484.095,1.546681e-05,0.0,nan,nan,nan
4484.18,1.545927e-05,0.0,nan,nan,nan
4484.276,1.545904e-05,0.0,nan,nan,nan
4484.36,1.546133e-05,0.0,nan,nan,nan
4484.461,1.546254e-05,0.0,nan,nan,nan
4484.545,1.54642e-05,0.0,nan,nan,nan
4484.628,1.54631e-05,0.0,nan,nan,nan
4484.712,1.546022e-05,0.0,nan,nan,nan
4484.796,1.546192e-05,0.0,nan,nan,nan
4484.879,1.546317e-05,0.0,nan,nan,nan
4484.963,1.546104e-05,0.0,nan,nan,nan
4485.062,1.546137e-05,0.0,nan,nan,nan
4485.145,1.545897e-05,0.0,nan,nan,nan
4485.229,1.545372e-05,0.0,nan,nan,nan
4485.313,1.545937e-05,0.0,nan,nan,nan
4485.401,1.546041e-05,0.0,nan,nan,nan
4485.485,1.546154e-05,0.0,nan,nan,nan
4485.569,1.545833e-05,0.0,nan,nan,nan
4485.652,1.546195e-05,0.0,nan,nan,nan
4485.736,1.545863e-05,0.0,nan,nan,nan
4485.819,1.546011e-05,0.0,nan,nan,nan
4485.903,1.545799e-05,0.0,nan,nan,nan
4485.986,1.545835e-05,0.0,nan,nan,nan
4486.07,1.545714e-05,0.0,nan,nan,nan
4486.154,1.545556e-05,0.0,nan,nan,nan
4486.238,1.546373e-05,0.0,nan,nan,nan
4486.323,1.545664e-05,0.0,nan,nan,nan
4486.407,1.545948e-05,0.0,nan,nan,nan
4486.492,1.545881e-05,0.0,nan,nan,nan
4486.576,1.545988e-05,0.0,nan,nan,nan
4486.659,1.54583e-05,0.0,nan,nan,nan
4486.743,1.546264e-05,0.0,nan,nan,nan
4486.828,1.545771e-05,0.0,nan,nan,nan
4486.913,1.546429e-05,0.0,nan,nan,nan
4486.999,1.545778e-05,0.0,nan,nan,nan
4487.085,1.545831e-05,0.0,nan,nan,nan
4487.169,1.545847e-05,0.0,nan,nan,nan
4487.252,1.545881e-05,0.0,nan,nan,nan
4487.336,1.546196e-05,0.0,nan,nan,nan
4487.42,1.545877e-05,0.0,nan,nan,nan
4487.54,1.545774e-05,0.0,nan,nan,nan
4487.624,1.545553e-05,0.0,nan,nan,nan
4487.722,1.546042e-05,0.0,nan,nan,nan
4487.806,1.54565e-05,0.0,nan,nan,nan
4487.891,1.545994e-05,0.0,nan,nan,nan
4487.975,1.545683e-05,0.0,nan,nan,nan
4488.058,1.545991e-05,0.0,nan,nan,nan
4488.142,1.545752e-05,0.0,nan,nan,nan
4488.226,1.546009e-05,0.0,nan,nan,nan
4488.309,1.545363e-05,0.0,nan,nan,nan
4488.393,1.545588e-05,0.0,nan,nan,nan
4488.476,1.545716e-05,0.0,nan,nan,nan
4488.56,1.545508e-05,0.0,nan,nan,nan
4488.644,1.545878e-05,0.0,nan,nan,nan
4488.727,1.545835e-05,0.0,nan,nan,nan
4488.811,1.545674e-05,0.0,nan,nan,nan
4488.895,1.545824e-05,0.0,nan,nan,nan
4488.978,1.545743e-05,0.0,nan,nan,nan
4489.062,1.545988e-05,0.0,nan,nan,nan
4489.171,1.545998e-05,0.0,nan,nan,nan
4489.255,1.545619e-05,0.0,nan,nan,nan
4489.36,1.545569e-05,0.0,nan,nan,nan
4489.444,1.545604e-05,0.0,nan,nan,nan
4489.527,1.545601e-05,0.0,nan,nan,nan
4489.611,1.545562e-05,0.0,nan,nan,nan
4489.694,1.546135e-05,0.0,nan,nan,nan
4489.8,1.546021e-05,0.0,nan,nan,nan
4489.887,1.545895e-05,0.0,nan,nan,nan
4489.996,1.546106e-05,0.0,nan,nan,nan
4490.082,1.546132e-05,0.0,nan,nan,nan
4490.18,1.545858e-05,0.0,nan,nan,nan
4490.264,1.545848e-05,0.0,nan,nan,nan
4490.349,1.546156e-05,0.0,nan,nan,nan
4490.432,1.545625e-05,0.0,nan,nan,nan
4490.517,1.545831e-05,0.0,nan,nan,nan
4490.601,1.545716e-05,0.0,nan,nan,nan
4490.684,1.546054e-05,0.0,nan,nan,nan
4490.784,1.545684e-05,0.0,nan,nan,nan
4490.867,1.545578e-05,0.0,nan,nan,nan
4490.951,1.545886e-05,0.0,nan,nan,nan
4491.035,1.545931e-05,0.0,nan,nan,nan
4491.118,1.546242e-05,0.0,nan,nan,nan
4491.203,1.546165e-05,0.0,nan,nan,nan
4491.287,1.54601e-05,0.0,nan,nan,nan
4491.372,1.545848e-05,0.0,nan,nan,nan
4491.456,1.545367e-05,0.0,nan,nan,nan
4491.54,1.546158e-05,0.0,nan,nan,nan
4491.647,1.545851e-05,0.0,nan,nan,nan
4491.731,1.545982e-05,0.0,nan,nan,nan
4491.829,1.54623e-05,0.0,nan,nan,nan
4491.918,1.545696e-05,0.0,nan,nan,nan
4492.013,1.546323e-05,0.0,nan,nan,nan
4492.097,1.546115e-05,0.0,nan,nan,nan
4492.18,1.546152e-05,0.0,nan,nan,nan
4492.264,1.546072e-05,0.0,nan,nan,nan
4492.355,1.546122e-05,0.0,nan,nan,nan
4492.438,1.546168e-05,0.0,nan,nan,nan
4492.522,1.546361e-05,0.0,nan,nan,nan
4492.639,1.546259e-05,0.0,nan,nan,nan
4492.722,1.546089e-05,0.0,nan,nan,nan
4492.806,1.546015e-05,0.0,nan,nan,nan
4492.89,1.545902e-05,0.0,nan,nan,nan
4492.973,1.545805e-05,0.0,nan,nan,nan
4493.057,1.546316e-05,0.0,nan,nan,nan
4493.141,1.546506e-05,0.0,nan,nan,nan
4493.239,1.546396e-05,0.0,nan,nan,nan
4493.322,1.545906e-05,0.0,nan,nan,nan
4493.406,1.546407e-05,0.0,nan,nan,nan
4493.49,1.546273e-05,0.0,nan,nan,nan
4493.573,1.545902e-05,0.0,nan,nan,nan
4493.657,1.545823e-05,0.0,nan,nan,nan
4493.763,1.546192e-05,0.0,nan,nan,nan
4493.868,1.546334e-05,0.0,nan,nan,nan
4493.952,1.54573e-05,0.0,nan,nan,nan
4494.057,1.546257e-05,0.0,nan,nan,nan
4494.141,1.545982e-05,0.0,nan,nan,nan
4494.225,1.545934e-05,0.0,nan,nan,nan
4494.309,1.54616e-05,0.0,nan,nan,nan
4494.392,1.546683e-05,0.0,nan,nan,nan
4494.475,1.546286e-05,0.0,nan,nan,nan
4494.559,1.545916e-05,0.0,nan,nan,nan
4494.667,1.546471e-05,0.0,nan,nan,nan
4494.75,1.546696e-05,0.0,nan,nan,nan
4494.834,1.54639e-05,0.0,nan,nan,nan
4494.918,1.546413e-05,0.0,nan,nan,nan
4495.001,1.546234e-05,0.0,nan,nan,nan
4495.085,1.546402e-05,0.0,nan,nan,nan
4495.169,1.546529e-05,0.0,nan,nan,nan
4495.264,1.546287e-05,0.0,nan,nan,nan
4495.348,1.546583e-05,0.0,nan,nan,nan
4495.432,1.546751e-05,0.0,nan,nan,nan
4495.515,1.546957e-05,0.0,nan,nan,nan
4495.599,1.546786e-05,0.0,nan,nan,nan
4495.684,1.546538e-05,0.0,nan,nan,nan
4495.768,1.546749e-05,0.0,nan,nan,nan
4495.855,1.546741e-05,0.0,nan,nan,nan
4495.955,1.546255e-05,0.0,nan,nan,nan
4496.039,1.546455e-05,0.0,nan,nan,nan
4496.123,1.546239e-05,0.0,nan,nan,nan
4496.207,1.546491e-05,0.0,nan,nan,nan
4496.29,1.546519e-05,0.0,nan,nan,nan
4496.374,1.546365e-05,0.0,nan,nan,nan
4496.459,1.546286e-05,0.0,nan,nan,nan
4496.542,1.546268e-05,0.0,nan,nan,nan
4496.626,1.546024e-05,0.0,nan,nan,nan
4496.722,1.546198e-05,0.0,nan,nan,nan
4496.806,1.545946e-05,0.0,nan,nan,nan
4496.895,1.546083e-05,0.0,nan,nan,nan
4496.979,1.546376e-05,0.0,nan,nan,nan
4497.062,1.54631e-05,0.0,nan,nan,nan
4497.146,1.546166e-05,0.0,nan,nan,nan
4497.23,1.546243e-05,0.0,nan,nan,nan
4497.314,1.546182e-05,0.0,nan,nan,nan
4497.398,1.546159e-05,0.0,nan,nan,nan
4497.482,1.546401e-05,0.0,nan,nan,nan
4497.565,1.546207e-05,0.0,nan,nan,nan
4497.65,1.546303e-05,0.0,nan,nan,nan
4497.736,1.545683e-05,0.0,nan,nan,nan
4497.819,1.54626e-05,0.0,nan,nan,nan
4497.913,1.546113e-05,0.0,nan,nan,nan
4497.996,1.546398e-05,0.0,nan,nan,nan
4498.08,1.546183e-05,0.0,nan,nan,nan
4498.164,1.546167e-05,0.0,nan,nan,nan
4498.247,1.545529e-05,0.0,nan,nan,nan
4498.331,1.546447e-05,0.0,nan,nan,nan
4498.414,1.546531e-05,0.0,nan,nan,nan
4498.499,1.546366e-05,0.0,nan,nan,nan
4498.583,1.546175e-05,0.0,nan,nan,nan
4498.667,1.546374e-05,0.0,nan,nan,nan
4498.75,1.546505e-05,0.0,nan,nan,nan
4498.834,1.54681e-05,0.0,nan,nan,nan
4498.935,1.546256e-05,0.0,nan,nan,nan
4499.019,1.54643e-05,0.0,nan,nan,nan
4499.103,1.546794e-05,0.0,nan,nan,nan
4499.187,1.545888e-05,0.0,nan,nan,nan
4499.27,1.546504e-05,0.0,nan,nan,nan
4499.354,1.546404e-05,0.0,nan,nan,nan
4499.437,1.546246e-05,0.0,nan,nan,nan
4499.524,1.546257e-05,0.0,nan,nan,nan
4499.607,1.546802e-05,0.0,nan,nan,nan
4499.691,1.546406e-05,0.0,nan,nan,nan
4499.775,1.546097e-05,0.0,nan,nan,nan
4499.858,1.546329e-05,0.0,nan,nan,nan
4499.963,1.546311e-05,0.0,nan,nan,nan
4500.047,1.546194e-05,0.0,nan,nan,nan
4500.142,1.546145e-05,0.0,nan,nan,nan
4500.226,1.546311e-05,0.0,nan,nan,nan
4500.311,1.546519e-05,0.0,nan,nan,nan
4500.395,1.546338e-05,0.0,nan,nan,nan
4500.481,1.546414e-05,0.0,nan,nan,nan
4500.564,1.54638e-05,0.0,nan,nan,nan
4500.648,1.546662e-05,0.0,nan,nan,nan
4500.731,1.546182e-05,0.0,nan,nan,nan
4500.815,1.546266e-05,0.0,nan,nan,nan
4500.899,1.546626e-05,0.0,nan,nan,nan
4500.983,1.54662e-05,0.0,nan,nan,nan
4501.069,1.546412e-05,0.0,nan,nan,nan
4501.168,1.546448e-05,0.0,nan,nan,nan
4501.251,1.546407e-05,0.0,nan,nan,nan
4501.335,1.54624e-05,0.0,nan,nan,nan
4501.419,1.546395e-05,0.0,nan,nan,nan
4501.503,1.546164e-05,0.0,nan,nan,nan
4501.586,1.546171e-05,0.0,nan,nan,nan
4501.67,1.546414e-05,0.0,nan,nan,nan
4501.763,1.546081e-05,0.0,nan,nan,nan
4501.847,1.54644e-05,0.0,nan,nan,nan
4501.93,1.546392e-05,0.0,nan,nan,nan
4502.046,1.5461e-05,0.0,nan,nan,nan
4502.129,1.546343e-05,0.0,nan,nan,nan
4502.213,1.546249e-05,0.0,nan,nan,nan
4502.298,1.546655e-05,0.0,nan,nan,nan
4502.383,1.54641e-05,0.0,nan,nan,nan
4502.467,1.545929e-05,0.0,nan,nan,nan
4502.575,1.546057e-05,0.0,nan,nan,nan
4502.658,1.545852e-05,0.0,nan,nan,nan
4502.746,1.545891e-05,0.0,nan,nan,nan
4502.829,1.546147e-05,0.0,nan,nan,nan
4502.913,1.545977e-05,0.0,nan,nan,nan
4503.001,1.545964e-05,0.0,nan,nan,nan
4503.085,1.546001e-05,0.0,nan,nan,nan
4503.169,1.546321e-05,0.0,nan,nan,nan
4503.252,1.546327e-05,0.0,nan,nan,nan
4503.336,1.546567e-05,0.0,nan,nan,nan
4503.427,1.54662e-05,0.0,nan,nan,nan
4503.511,1.546252e-05,0.0,nan,nan,nan
4503.597,1.546439e-05,0.0,nan,nan,nan
4503.68,1.54623e-05,0.0,nan,nan,nan
4503.764,1.546373e-05,0.0,nan,nan,nan
4503.848,1.546585e-05,0.0,nan,nan,nan
4503.935,1.54635e-05,0.0,nan,nan,nan
4504.018,1.54612e-05,0.0,nan,nan,nan
4504.146,1.546124e-05,0.0,nan,nan,nan
4504.233,1.546037e-05,0.0,nan,nan,nan
4504.317,1.545658e-05,0.0,nan,nan,nan
4504.4,1.546645e-05,0.0,nan,nan,nan
4504.484,1.546264e-05,0.0,nan,nan,nan
4504.567,1.546232e-05,0.0,nan,nan,nan
4504.667,1.545641e-05,0.0,nan,nan,nan
4504.753,1.546068e-05,0.0,nan,nan,nan
4504.849,1.545914e-05,0.0,nan,nan,nan
4504.932,1.545975e-05,0.0,nan,nan,nan
4505.016,1.546048e-05,0.0,nan,nan,nan
4505.1,1.546276e-05,0.0,nan,nan,nan
4505.183,1.546329e-05,0.0,nan,nan,nan
4505.267,1.545906e-05,0.0,nan,nan,nan
4505.351,1.545962e-05,0.0,nan,nan,nan
4505.434,1.545873e-05,0.0,nan,nan,nan
4505.518,1.546319e-05,0.0,nan,nan,nan
4505.602,1.545714e-05,0.0,nan,nan,nan
4505.686,1.546139e-05,0.0,nan,nan,nan
4505.77,1.546612e-05,0.0,nan,nan,nan
4505.873,1.546366e-05,0.0,nan,nan,nan
4505.957,1.546258e-05,0.0,nan,nan,nan
4506.056,1.546277e-05,0.0,nan,nan,nan
4506.14,1.545719e-05,0.0,nan,nan,nan
4506.229,1.546012e-05,0.0,nan,nan,nan
4506.331,1.546348e-05,0.0,nan,nan,nan
4506.415,1.546082e-05,0.0,nan,nan,nan
4506.501,1.546487e-05,0.0,nan,nan,nan
4506.585,1.546246e-05,0.0,nan,nan,nan
4506.69,1.546166e-05,0.0,nan,nan,nan
4506.774,1.546194e-05,0.0,nan,nan,nan
4506.858,1.54626e-05,0.0,nan,nan,nan
4506.942,1.546292e-05,0.0,nan,nan,nan
4507.025,1.545902e-05,0.0,nan,nan,nan
4507.11,1.546163e-05,0.0,nan,nan,nan
4507.194,1.545899e-05,0.0,nan,nan,nan
4507.278,1.546258e-05,0.0,nan,nan,nan
4507.362,1.545897e-05,0.0,nan,nan,nan
4507.446,1.546093e-05,0.0,nan,nan,nan
4507.53,1.546271e-05,0.0,nan,nan,nan
4507.614,1.546107e-05,0.0,nan,nan,nan
4507.698,1.546006e-05,0.0,nan,nan,nan
4507.781,1.546221e-05,0.0,nan,nan,nan
4507.867,1.546625e-05,0.0,nan,nan,nan
4507.95,1.546287e-05,0.0,nan,nan,nan
4508.034,1.546356e-05,0.0,nan,nan,nan
4508.126,1.546208e-05,0.0,nan,nan,nan
4508.21,1.54628e-05,0.0,nan,nan,nan
4508.296,1.546352e-05,0.0,nan,nan,nan
4508.38,1.546264e-05,0.0,nan,nan,nan
4508.465,1.545914e-05,0.0,nan,nan,nan
4508.555,1.545852e-05,0.0,nan,nan,nan
4508.638,1.546106e-05,0.0,nan,nan,nan
4508.722,1.546021e-05,0.0,nan,nan,nan
4508.806,1.546169e-05,0.0,nan,nan,nan
4508.889,1.546147e-05,0.0,nan,nan,nan
4508.973,1.545989e-05,0.0,nan,nan,nan
4509.057,1.546213e-05,0.0,nan,nan,nan
4509.156,1.54628e-05,0.0,nan,nan,nan
4509.24,1.54625e-05,0.0,nan,nan,nan
4509.328,1.545939e-05,0.0,nan,nan,nan
4509.411,1.545885e-05,0.0,nan,nan,nan
4509.495,1.54589e-05,0.0,nan,nan,nan
4509.582,1.546038e-05,0.0,nan,nan,nan
4509.666,1.545886e-05,0.0,nan,nan,nan
4509.776,1.546656e-05,0.0,nan,nan,nan
4509.86,1.546477e-05,0.0,nan,nan,nan
4509.944,1.546552e-05,0.0,nan,nan,nan
4510.027,1.546557e-05,0.0,nan,nan,nan
4510.111,1.546646e-05,0.0,nan,nan,nan
4510.199,1.546629e-05,0.0,nan,nan,nan
4510.283,1.546398e-05,0.0,nan,nan,nan
4510.392,1.545973e-05,0.0,nan,nan,nan
4510.476,1.545965e-05,0.0,nan,nan,nan
4510.56,1.546052e-05,0.0,nan,nan,nan
4510.643,1.545939e-05,0.0,nan,nan,nan
4510.728,1.546475e-05,0.0,nan,nan,nan
4510.822,1.546194e-05,0.0,nan,nan,nan
4510.906,1.546103e-05,0.0,nan,nan,nan
4510.991,1.546076e-05,0.0,nan,nan,nan
4511.074,1.546032e-05,0.0,nan,nan,nan
4511.158,1.546193e-05,0.0,nan,nan,nan
4511.241,1.546026e-05,0.0,nan,nan,nan
4511.325,1.545626e-05,0.0,nan,nan,nan
4511.414,1.545487e-05,0.0,nan,nan,nan
4511.498,1.545875e-05,0.0,nan,nan,nan
4511.581,1.545667e-05,0.0,nan,nan,nan
4511.665,1.545754e-05,0.0,nan,nan,nan
4511.749,1.545434e-05,0.0,nan,nan,nan
4511.833,1.54563e-05,0.0,nan,nan,nan
4511.92,1.545939e-05,0.0,nan,nan,nan
4512.014,1.545953e-05,0.0,nan,nan,nan
4512.098,1.545911e-05,0.0,nan,nan,nan
4512.181,1.545806e-05,0.0,nan,nan,nan
4512.265,1.546274e-05,0.0,nan,nan,nan
4512.349,1.545632e-05,0.0,nan,nan,nan
4512.445,1.54551e-05,0.0,nan,nan,nan
4512.529,1.545951e-05,0.0,nan,nan,nan
4512.631,1.545708e-05,0.0,nan,nan,nan
4512.714,1.545462e-05,0.0,nan,nan,nan
4512.814,1.545739e-05,0.0,nan,nan,nan
4512.897,1.545729e-05,0.0,nan,nan,nan
4512.981,1.546073e-05,0.0,nan,nan,nan
4513.064,1.54593e-05,0.0,nan,nan,nan
4513.153,1.545978e-05,0.0,nan,nan,nan
4513.244,1.545755e-05,0.0,nan,nan,nan
4513.327,1.545385e-05,0.0,nan,nan,nan
4513.442,1.54546e-05,0.0,nan,nan,nan
4513.526,1.545344e-05,0.0,nan,nan,nan
4513.609,1.545227e-05,0.0,nan,nan,nan
4513.693,1.545801e-05,0.0,nan,nan,nan
4513.779,1.545903e-05,0.0,nan,nan,nan
4513.863,1.545793e-05,0.0,nan,nan,nan
4513.95,1.546135e-05,0.0,nan,nan,nan
4514.05,1.546124e-05,0.0,nan,nan,nan
4514.134,1.545939e-05,0.0,nan,nan,nan
4514.219,1.545909e-05,0.0,nan,nan,nan
4514.302,1.546213e-05,0.0,nan,nan,nan
4514.386,1.545712e-05,0.0,nan,nan,nan
4514.488,1.54583e-05,0.0,nan,nan,nan
4514.571,1.545867e-05,0.0,nan,nan,nan
4514.67,1.545792e-05,0.0,nan,nan,nan
4514.754,1.545895e-05,0.0,nan,nan,nan
4514.841,1.545768e-05,0.0,nan,nan,nan
4514.924,1.545829e-05,0.0,nan,nan,nan
4515.01,1.545444e-05,0.0,nan,nan,nan
4515.094,1.545384e-05,0.0,nan,nan,nan
4515.177,1.545765e-05,0.0,nan,nan,nan
4515.281,1.545967e-05,0.0,nan,nan,nan
4515.365,1.54553e-05,0.0,nan,nan,nan
4515.463,1.545459e-05,0.0,nan,nan,nan
4515.547,1.545761e-05,0.0,nan,nan,nan
4515.63,1.545708e-05,0.0,nan,nan,nan
4515.714,1.545764e-05,0.0,nan,nan,nan
4515.8,1.545856e-05,0.0,nan,nan,nan
4515.886,1.545551e-05,0.0,nan,nan,nan
4515.969,1.545573e-05,0.0,nan,nan,nan
4516.054,1.545959e-05,0.0,nan,nan,nan
4516.138,1.545885e-05,0.0,nan,nan,nan
4516.221,1.545712e-05,0.0,nan,nan,nan
4516.305,1.545581e-05,0.0,nan,nan,nan
4516.389,1.545803e-05,0.0,nan,nan,nan
4516.472,1.546115e-05,0.0,nan,nan,nan
4516.579,1.545724e-05,0.0,nan,nan,nan
4516.664,1.545772e-05,0.0,nan,nan,nan
4516.748,1.545407e-05,0.0,nan,nan,nan
4516.832,1.545508e-05,0.0,nan,nan,nan
4516.927,1.545858e-05,0.0,nan,nan,nan
4517.01,1.546326e-05,0.0,nan,nan,nan
4517.114,1.545933e-05,0.0,nan,nan,nan
4517.197,1.54576e-05,0.0,nan,nan,nan
4517.281,1.545629e-05,0.0,nan,nan,nan
4517.364,1.545646e-05,0.0,nan,nan,nan
4517.45,1.545737e-05,0.0,nan,nan,nan
4517.546,1.545373e-05,0.0,nan,nan,nan
4517.629,1.545671e-05,0.0,nan,nan,nan
4517.713,1.545694e-05,0.0,nan,nan,nan
4517.797,1.545494e-05,0.0,nan,nan,nan
4517.884,1.545404e-05,0.0,nan,nan,nan
4517.968,1.545732e-05,0.0,nan,nan,nan
4518.051,1.546117e-05,0.0,nan,nan,nan
4518.154,1.545733e-05,0.0,nan,nan,nan
4518.237,1.546626e-05,0.0,nan,nan,nan
4518.337,1.545946e-05,0.0,nan,nan,nan
4518.421,1.546451e-05,0.0,nan,nan,nan
4518.504,1.546082e-05,0.0,nan,nan,nan
4518.612,1.545764e-05,0.0,nan,nan,nan
4518.696,1.545852e-05,0.0,nan,nan,nan
4518.786,1.546042e-05,0.0,nan,nan,nan
4518.87,1.545841e-05,0.0,nan,nan,nan
4518.964,1.545758e-05,0.0,nan,nan,nan
4519.048,1.545262e-05,0.0,nan,nan,nan
4519.133,1.545611e-05,0.0,nan,nan,nan
4519.216,1.545765e-05,0.0,nan,nan,nan
4519.301,1.545513e-05,0.0,nan,nan,nan
4519.385,1.545913e-05,0.0,nan,nan,nan
4519.469,1.545965e-05,0.0,nan,nan,nan
4519.565,1.545775e-05,0.0,nan,nan,nan
4519.649,1.545719e-05,0.0,nan,nan,nan
4519.75,1.545722e-05,0.0,nan,nan,nan
4519.834,1.545739e-05,0.0,nan,nan,nan
4519.917,1.545827e-05,0.0,nan,nan,nan
4520.001,1.545411e-05,0.0,nan,nan,nan
4520.087,1.545344e-05,0.0,nan,nan,nan
4520.181,1.545783e-05,0.0,nan,nan,nan
4520.264,1.546041e-05,0.0,nan,nan,nan
4520.348,1.545741e-05,0.0,nan,nan,nan
4520.431,1.545557e-05,0.0,nan,nan,nan
4520.515,1.545996e-05,0.0,nan,nan,nan
4520.601,1.545835e-05,0.0,nan,nan,nan
4520.741,1.546025e-05,0.0,nan,nan,nan
4520.824,1.545828e-05,0.0,nan,nan,nan
4520.908,1.545654e-05,0.0,nan,nan,nan
4521.013,1.546117e-05,0.0,nan,nan,nan
4521.097,1.54622e-05,0.0,nan,nan,nan
4521.182,1.546297e-05,0.0,nan,nan,nan
4521.266,1.54566e-05,0.0,nan,nan,nan
4521.349,1.546103e-05,0.0,nan,nan,nan
4521.433,1.545896e-05,0.0,nan,nan,nan
4521.521,1.545769e-05,0.0,nan,nan,nan
4521.605,1.545805e-05,0.0,nan,nan,nan
4521.688,1.545867e-05,0.0,nan,nan,nan
4521.772,1.54567e-05,0.0,nan,nan,nan
4521.856,1.545565e-05,0.0,nan,nan,nan
4521.939,1.545869e-05,0.0,nan,nan,nan
4522.024,1.545864e-05,0.0,nan,nan,nan
4522.108,1.545741e-05,0.0,nan,nan,nan
4522.192,1.545699e-05,0.0,nan,nan,nan
4522.277,1.545624e-05,0.0,nan,nan,nan
4522.36,1.545312e-05,0.0,nan,nan,nan
4522.444,1.545616e-05,0.0,nan,nan,nan
4522.527,1.545585e-05,0.0,nan,nan,nan
4522.633,1.545642e-05,0.0,nan,nan,nan
4522.717,1.545379e-05,0.0,nan,nan,nan
4522.823,1.545488e-05,0.0,nan,nan,nan
4522.907,1.545649e-05,0.0,nan,nan,nan
4522.991,1.545612e-05,0.0,nan,nan,nan
4523.075,1.545585e-05,0.0,nan,nan,nan
4523.158,1.545609e-05,0.0,nan,nan,nan
4523.256,1.545889e-05,0.0,nan,nan,nan
4523.339,1.545542e-05,0.0,nan,nan,nan
4523.423,1.545733e-05,0.0,nan,nan,nan
4523.506,1.545591e-05,0.0,nan,nan,nan
4523.592,1.545503e-05,0.0,nan,nan,nan
4523.68,1.546022e-05,0.0,nan,nan,nan
4523.766,1.545515e-05,0.0,nan,nan,nan
4523.852,1.545333e-05,0.0,nan,nan,nan
4523.936,1.545724e-05,0.0,nan,nan,nan
4524.02,1.545766e-05,0.0,nan,nan,nan
4524.103,1.545736e-05,0.0,nan,nan,nan
4524.187,1.545768e-05,0.0,nan,nan,nan
4524.284,1.545779e-05,0.0,nan,nan,nan
4524.367,1.545763e-05,0.0,nan,nan,nan
4524.473,1.54574e-05,0.0,nan,nan,nan
4524.557,1.545369e-05,0.0,nan,nan,nan
4524.641,1.545183e-05,0.0,nan,nan,nan
4524.724,1.5456e-05,0.0,nan,nan,nan
4524.809,1.545353e-05,0.0,nan,nan,nan
4524.893,1.545458e-05,0.0,nan,nan,nan
4524.977,1.545531e-05,0.0,nan,nan,nan
4525.081,1.545652e-05,0.0,nan,nan,nan
4525.166,1.545332e-05,0.0,nan,nan,nan
4525.273,1.545846e-05,0.0,nan,nan,nan
4525.356,1.545088e-05,0.0,nan,nan,nan
4525.44,1.545071e-05,0.0,nan,nan,nan
4525.524,1.54524e-05,0.0,nan,nan,nan
4525.607,1.545342e-05,0.0,nan,nan,nan
4525.695,1.545287e-05,0.0,nan,nan,nan
4525.779,1.545061e-05,0.0,nan,nan,nan
4525.862,1.545744e-05,0.0,nan,nan,nan
4525.946,1.54553e-05,0.0,nan,nan,nan
4526.032,1.54539e-05,0.0,nan,nan,nan
4526.116,1.545329e-05,0.0,nan,nan,nan
4526.203,1.545292e-05,0.0,nan,nan,nan
4526.287,1.54555e-05,0.0,nan,nan,nan
4526.371,1.545531e-05,0.0,nan,nan,nan
4526.455,1.545514e-05,0.0,nan,nan,nan
4526.538,1.545481e-05,0.0,nan,nan,nan
4526.622,1.54576e-05,0.0,nan,nan,nan
4526.724,1.545909e-05,0.0,nan,nan,nan
4526.808,1.545399e-05,0.0,nan,nan,nan
4526.898,1.545738e-05,0.0,nan,nan,nan
4526.982,1.545823e-05,0.0,nan,nan,nan
4527.065,1.54539e-05,0.0,nan,nan,nan
4527.149,1.545624e-05,0.0,nan,nan,nan
4527.233,1.545719e-05,0.0,nan,nan,nan
4527.319,1.545588e-05,0.0,nan,nan,nan
4527.402,1.545561e-05,0.0,nan,nan,nan
4527.486,1.545394e-05,0.0,nan,nan,nan
4527.57,1.545887e-05,0.0,nan,nan,nan
4527.653,1.546009e-05,0.0,nan,nan,nan
4527.737,1.54533e-05,0.0,nan,nan,nan
4527.821,1.54583e-05,0.0,nan,nan,nan
4527.905,1.545404e-05,0.0,nan,nan,nan
4527.989,1.545602e-05,0.0,nan,nan,nan
4528.072,1.545221e-05,0.0,nan,nan,nan
4528.156,1.545973e-05,0.0,nan,nan,nan
4528.24,1.545628e-05,0.0,nan,nan,nan
4528.335,1.545633e-05,0.0,nan,nan,nan
4528.419,1.545237e-05,0.0,nan,nan,nan
4528.521,1.545877e-05,0.0,nan,nan,nan
4528.604,1.545874e-05,0.0,nan,nan,nan
4528.688,1.545667e-05,0.0,nan,nan,nan
4528.772,1.545741e-05,0.0,nan,nan,nan
4528.855,1.545728e-05,0.0,nan,nan,nan
4528.987,1.546096e-05,0.0,nan,nan,nan
4529.071,1.545567e-05,0.0,nan,nan,nan
4529.154,1.54607e-05,0.0,nan,nan,nan
4529.237,1.545798e-05,0.0,nan,nan,nan
4529.321,1.545739e-05,0.0,nan,nan,nan
4529.405,1.545798e-05,0.0,nan,nan,nan
4529.493,1.545653e-05,0.0,nan,nan,nan
4529.577,1.545816e-05,0.0,nan,nan,nan
4529.661,1.545985e-05,0.0,nan,nan,nan
4529.759,1.545494e-05,0.0,nan,nan,nan
4529.843,1.545731e-05,0.0,nan,nan,nan
4529.927,1.545711e-05,0.0,nan,nan,nan
4530.011,1.545592e-05,0.0,nan,nan,nan
4530.094,1.546104e-05,0.0,nan,nan,nan
4530.182,1.546e-05,0.0,nan,nan,nan
4530.266,1.545625e-05,0.0,nan,nan,nan
4530.377,1.545978e-05,0.0,nan,nan,nan
4530.461,1.546078e-05,0.0,nan,nan,nan
4530.557,1.545949e-05,0.0,nan,nan,nan
4530.64,1.545861e-05,0.0,nan,nan,nan
4530.725,1.546636e-05,0.0,nan,nan,nan
4530.809,1.546263e-05,0.0,nan,nan,nan
4530.896,1.54591e-05,0.0,nan,nan,nan
4530.989,1.5461e-05,0.0,nan,nan,nan
4531.087,1.546482e-05,0.0,nan,nan,nan
4531.182,1.546122e-05,0.0,nan,nan,nan
4531.266,1.545857e-05,0.0,nan,nan,nan
4531.365,1.545958e-05,0.0,nan,nan,nan
4531.448,1.545949e-05,0.0,nan,nan,nan
4531.532,1.545678e-05,0.0,nan,nan,nan
4531.615,1.545796e-05,0.0,nan,nan,nan
4531.701,1.545784e-05,0.0,nan,nan,nan
4531.813,1.545998e-05,0.0,nan,nan,nan
4531.896,1.545619e-05,0.0,nan,nan,nan
4531.98,1.545703e-05,0.0,nan,nan,nan
4532.063,1.546127e-05,0.0,nan,nan,nan
4532.148,1.546001e-05,0.0,nan,nan,nan
4532.232,1.545796e-05,0.0,nan,nan,nan
4532.318,1.546119e-05,0.0,nan,nan,nan
4532.425,1.545853e-05,0.0,nan,nan,nan
4532.509,1.54566e-05,0.0,nan,nan,nan
4532.61,1.546004e-05,0.0,nan,nan,nan
4532.694,1.546375e-05,0.0,nan,nan,nan
4532.777,1.545881e-05,0.0,nan,nan,nan
4532.861,1.545784e-05,0.0,nan,nan,nan
4532.948,1.54561e-05,0.0,nan,nan,nan
4533.033,1.546313e-05,0.0,nan,nan,nan
4533.149,1.545428e-05,0.0,nan,nan,nan
4533.24,1.545422e-05,0.0,nan,nan,nan
4533.324,1.545574e-05,0.0,nan,nan,nan
4533.416,1.545529e-05,0.0,nan,nan,nan
4533.5,1.545915e-05,0.0,nan,nan,nan
4533.584,1.54568e-05,0.0,nan,nan,nan
4533.667,1.54592e-05,0.0,nan,nan,nan
4533.751,1.545698e-05,0.0,nan,nan,nan
4533.837,1.54544e-05,0.0,nan,nan,nan
4533.921,1.545231e-05,0.0,nan,nan,nan
4534.004,1.545547e-05,0.0,nan,nan,nan
4534.088,1.545703e-05,0.0,nan,nan,nan
4534.172,1.545621e-05,0.0,nan,nan,nan
4534.274,1.545471e-05,0.0,nan,nan,nan
4534.358,1.545337e-05,0.0,nan,nan,nan
4534.464,1.545855e-05,0.0,nan,nan,nan
4534.547,1.545843e-05,0.0,nan,nan,nan
4534.63,1.54618e-05,0.0,nan,nan,nan
4534.714,1.545742e-05,0.0,nan,nan,nan
4534.8,1.546251e-05,0.0,nan,nan,nan
4534.89,1.545745e-05,0.0,nan,nan,nan
4534.974,1.545874e-05,0.0,nan,nan,nan
4535.081,1.546178e-05,0.0,nan,nan,nan
4535.196,1.545329e-05,0.0,nan,nan,nan
4535.28,1.545573e-05,0.0,nan,nan,nan
4535.363,1.545832e-05,0.0,nan,nan,nan
4535.447,1.545588e-05,0.0,nan,nan,nan
4535.53,1.545442e-05,0.0,nan,nan,nan
4535.616,1.545415e-05,0.0,nan,nan,nan
4535.704,1.545459e-05,0.0,nan,nan,nan
4535.788,1.545317e-05,0.0,nan,nan,nan
4535.872,1.545574e-05,0.0,nan,nan,nan
4535.955,1.545524e-05,0.0,nan,nan,nan
4536.043,1.545563e-05,0.0,nan,nan,nan
4536.126,1.545995e-05,0.0,nan,nan,nan
4536.211,1.546147e-05,0.0,nan,nan,nan
4536.296,1.545543e-05,0.0,nan,nan,nan
4536.38,1.545462e-05,0.0,nan,nan,nan
4536.463,1.546154e-05,0.0,nan,nan,nan
4536.547,1.546068e-05,0.0,nan,nan,nan
4536.637,1.546277e-05,0.0,nan,nan,nan
4536.73,1.545969e-05,0.0,nan,nan,nan
4536.813,1.54579e-05,0.0,nan,nan,nan
4536.897,1.545938e-05,0.0,nan,nan,nan
4536.98,1.545533e-05,0.0,nan,nan,nan
4537.064,1.545979e-05,0.0,nan,nan,nan
4537.148,1.546376e-05,0.0,nan,nan,nan
4537.234,1.546e-05,0.0,nan,nan,nan
4537.318,1.546227e-05,0.0,nan,nan,nan
4537.404,1.546182e-05,0.0,nan,nan,nan
4537.491,1.545964e-05,0.0,nan,nan,nan
4537.578,1.545625e-05,0.0,nan,nan,nan
4537.662,1.545834e-05,0.0,nan,nan,nan
4537.763,1.545814e-05,0.0,nan,nan,nan
4537.847,1.545664e-05,0.0,nan,nan,nan
4537.931,1.545726e-05,0.0,nan,nan,nan
4538.014,1.545894e-05,0.0,nan,nan,nan
4538.098,1.546057e-05,0.0,nan,nan,nan
4538.182,1.545796e-05,0.0,nan,nan,nan
4538.27,1.545929e-05,0.0,nan,nan,nan
4538.354,1.545897e-05,0.0,nan,nan,nan
4538.438,1.545943e-05,0.0,nan,nan,nan
4538.522,1.545624e-05,0.0,nan,nan,nan
4538.606,1.545817e-05,0.0,nan,nan,nan
4538.689,1.54588e-05,0.0,nan,nan,nan
4538.781,1.546158e-05,0.0,nan,nan,nan
4538.865,1.546299e-05,0.0,nan,nan,nan
4538.949,1.545668e-05,0.0,nan,nan,nan
4539.033,1.546011e-05,0.0,nan,nan,nan
4539.122,1.545845e-05,0.0,nan,nan,nan
4539.205,1.545986e-05,0.0,nan,nan,nan
4539.289,1.5459e-05,0.0,nan,nan,nan
4539.383,1.545648e-05,0.0,nan,nan,nan
4539.467,1.54556e-05,0.0,nan,nan,nan
4539.551,1.545606e-05,0.0,nan,nan,nan
4539.635,1.545183e-05,0.0,nan,nan,nan
4539.719,1.54527e-05,0.0,nan,nan,nan
4539.804,1.5455e-05,0.0,nan,nan,nan
4539.888,1.54544e-05,0.0,nan,nan,nan
4539.976,1.545769e-05,0.0,nan,nan,nan
4540.059,1.545653e-05,0.0,nan,nan,nan
4540.143,1.545437e-05,0.0,nan,nan,nan
4540.229,1.545875e-05,0.0,nan,nan,nan
4540.312,1.545724e-05,0.0,nan,nan,nan
4540.407,1.545604e-05,0.0,nan,nan,nan
4540.491,1.545889e-05,0.0,nan,nan,nan
4540.575,1.545717e-05,0.0,nan,nan,nan
4540.658,1.546013e-05,0.0,nan,nan,nan
4540.742,1.546176e-05,0.0,nan,nan,nan
4540.833,1.545876e-05,0.0,nan,nan,nan
4540.917,1.545714e-05,0.0,nan,nan,nan
4541.0,1.545559e-05,0.0,nan,nan,nan
4541.084,1.545559e-05,0.0,nan,nan,nan
4541.17,1.54607e-05,0.0,nan,nan,nan
4541.254,1.545528e-05,0.0,nan,nan,nan
4541.337,1.545606e-05,0.0,nan,nan,nan
4541.447,1.545975e-05,0.0,nan,nan,nan
4541.531,1.545976e-05,0.0,nan,nan,nan
4541.618,1.546058e-05,0.0,nan,nan,nan
4541.701,1.545709e-05,0.0,nan,nan,nan
4541.79,1.546063e-05,0.0,nan,nan,nan
4541.874,1.545307e-05,0.0,nan,nan,nan
4541.957,1.545323e-05,0.0,nan,nan,nan
4542.05,1.545753e-05,0.0,nan,nan,nan
4542.134,1.545659e-05,0.0,nan,nan,nan
4542.218,1.545776e-05,0.0,nan,nan,nan
4542.302,1.545752e-05,0.0,nan,nan,nan
4542.385,1.545462e-05,0.0,nan,nan,nan
4542.482,1.545675e-05,0.0,nan,nan,nan
4542.566,1.545343e-05,0.0,nan,nan,nan
4542.666,1.545075e-05,0.0,nan,nan,nan
4542.75,1.545199e-05,0.0,nan,nan,nan
4542.834,1.54549e-05,0.0,nan,nan,nan
4542.917,1.545732e-05,0.0,nan,nan,nan
4543.004,1.545633e-05,0.0,nan,nan,nan
4543.088,1.545474e-05,0.0,nan,nan,nan
4543.171,1.545332e-05,0.0,nan,nan,nan
4543.266,1.545845e-05,0.0,nan,nan,nan
4543.349,1.545607e-05,0.0,nan,nan,nan
4543.433,1.545529e-05,0.0,nan,nan,nan
4543.521,1.545333e-05,0.0,nan,nan,nan
4543.605,1.545612e-05,0.0,nan,nan,nan
4543.699,1.54566e-05,0.0,nan,nan,nan
4543.783,1.545538e-05,0.0,nan,nan,nan
4543.893,1.545187e-05,0.0,nan,nan,nan
4543.976,1.545796e-05,0.0,nan,nan,nan
4544.082,1.545732e-05,0.0,nan,nan,nan
4544.166,1.545458e-05,0.0,nan,nan,nan
4544.251,1.545784e-05,0.0,nan,nan,nan
4544.334,1.545854e-05,0.0,nan,nan,nan
4544.421,1.545577e-05,0.0,nan,nan,nan
4544.526,1.545543e-05,0.0,nan,nan,nan
4544.61,1.545206e-05,0.0,nan,nan,nan
4544.71,1.545814e-05,0.0,nan,nan,nan
4544.793,1.545787e-05,0.0,nan,nan,nan
4544.879,1.545686e-05,0.0,nan,nan,nan
4544.963,1.545825e-05,0.0,nan,nan,nan
4545.047,1.545822e-05,0.0,nan,nan,nan
4545.131,1.546178e-05,0.0,nan,nan,nan
4545.218,1.545483e-05,0.0,nan,nan,nan
4545.324,1.545505e-05,0.0,nan,nan,nan
4545.407,1.545797e-05,0.0,nan,nan,nan
4545.491,1.545372e-05,0.0,nan,nan,nan
4545.596,1.545873e-05,0.0,nan,nan,nan
4545.685,1.545276e-05,0.0,nan,nan,nan
4545.772,1.545637e-05,0.0,nan,nan,nan
4545.856,1.545762e-05,0.0,nan,nan,nan
4545.964,1.545286e-05,0.0,nan,nan,nan
4546.049,1.545713e-05,0.0,nan,nan,nan
4546.164,1.545678e-05,0.0,nan,nan,nan
4546.249,1.54583e-05,0.0,nan,nan,nan
4546.333,1.545915e-05,0.0,nan,nan,nan
4546.417,1.545622e-05,0.0,nan,nan,nan
4546.501,1.545441e-05,0.0,nan,nan,nan
4546.585,1.5457e-05,0.0,nan,nan,nan
4546.668,1.545737e-05,0.0,nan,nan,nan
4546.777,1.54607e-05,0.0,nan,nan,nan
4546.86,1.545967e-05,0.0,nan,nan,nan
4546.961,1.54593e-05,0.0,nan,nan,nan
4547.045,1.546188e-05,0.0,nan,nan,nan
4547.128,1.545865e-05,0.0,nan,nan,nan
4547.212,1.545669e-05,0.0,nan,nan,nan
4547.297,1.54557e-05,0.0,nan,nan,nan
4547.394,1.545778e-05,0.0,nan,nan,nan
4547.477,1.545749e-05,0.0,nan,nan,nan
4547.565,1.545767e-05,0.0,nan,nan,nan
4547.667,1.546155e-05,0.0,nan,nan,nan
4547.751,1.545932e-05,0.0,nan,nan,nan
4547.835,1.545795e-05,0.0,nan,nan,nan
4547.919,1.54572e-05,0.0,nan,nan,nan
4548.002,1.545501e-05,0.0,nan,nan,nan
4548.086,1.545935e-05,0.0,nan,nan,nan
4548.189,1.545718e-05,0.0,nan,nan,nan
4548.273,1.545644e-05,0.0,nan,nan,nan
4548.359,1.545461e-05,0.0,nan,nan,nan
4548.443,1.545835e-05,0.0,nan,nan,nan
4548.526,1.545944e-05,0.0,nan,nan,nan
4548.61,1.546057e-05,0.0,nan,nan,nan
4548.693,1.545631e-05,0.0,nan,nan,nan
4548.792,1.545684e-05,0.0,nan,nan,nan
4548.876,1.545463e-05,0.0,nan,nan,nan
4548.959,1.545519e-05,0.0,nan,nan,nan
4549.043,1.545324e-05,0.0,nan,nan,nan
4549.126,1.545974e-05,0.0,nan,nan,nan
4549.213,1.54569e-05,0.0,nan,nan,nan
4549.3,1.546079e-05,0.0,nan,nan,nan
4549.384,1.545954e-05,0.0,nan,nan,nan
4549.467,1.545987e-05,0.0,nan,nan,nan
4549.555,1.545971e-05,0.0,nan,nan,nan
4549.639,1.545966e-05,0.0,nan,nan,nan
4549.748,1.545754e-05,0.0,nan,nan,nan
4549.832,1.54557e-05,0.0,nan,nan,nan
4549.917,1.545852e-05,0.0,nan,nan,nan
4550.002,1.545875e-05,0.0,nan,nan,nan
4550.085,1.546092e-05,0.0,nan,nan,nan
4550.169,1.545855e-05,0.0,nan,nan,nan
4550.253,1.545791e-05,0.0,nan,nan,nan
4550.336,1.545788e-05,0.0,nan,nan,nan
4550.423,1.546103e-05,0.0,nan,nan,nan
4550.506,1.545959e-05,0.0,nan,nan,nan
4550.61,1.545941e-05,0.0,nan,nan,nan
4550.694,1.545853e-05,0.0,nan,nan,nan
4550.777,1.545739e-05,0.0,nan,nan,nan
4550.861,1.545795e-05,0.0,nan,nan,nan
4550.945,1.54608e-05,0.0,nan,nan,nan
4551.039,1.545701e-05,0.0,nan,nan,nan
4551.123,1.545642e-05,0.0,nan,nan,nan
4551.213,1.545646e-05,0.0,nan,nan,nan
4551.297,1.545707e-05,0.0,nan,nan,nan
4551.385,1.545542e-05,0.0,nan,nan,nan
4551.469,1.545165e-05,0.0,nan,nan,nan
4551.552,1.545701e-05,0.0,nan,nan,nan
4551.638,1.545935e-05,0.0,nan,nan,nan
4551.721,1.545312e-05,0.0,nan,nan,nan
4551.833,1.545434e-05,0.0,nan,nan,nan
4551.92,1.545659e-05,0.0,nan,nan,nan
4552.004,1.545355e-05,0.0,nan,nan,nan
4552.088,1.545612e-05,0.0,nan,nan,nan
4552.171,1.545981e-05,0.0,nan,nan,nan
4552.271,1.54583e-05,0.0,nan,nan,nan
4552.354,1.54564e-05,0.0,nan,nan,nan
4552.447,1.545995e-05,0.0,nan,nan,nan
4552.531,1.545599e-05,0.0,nan,nan,nan
4552.616,1.545726e-05,0.0,nan,nan,nan
4552.7,1.545697e-05,0.0,nan,nan,nan
4552.784,1.545696e-05,0.0,nan,nan,nan
4552.87,1.545486e-05,0.0,nan,nan,nan
4552.953,1.545737e-05,0.0,nan,nan,nan
4553.061,1.545954e-05,0.0,nan,nan,nan
4553.144,1.545852e-05,0.0,nan,nan,nan
4553.228,1.545661e-05,0.0,nan,nan,nan
4553.312,1.545428e-05,0.0,nan,nan,nan
4553.398,1.545793e-05,0.0,nan,nan,nan
4553.506,1.545834e-05,0.0,nan,nan,nan
4553.59,1.545708e-05,0.0,nan,nan,nan
4553.688,1.545665e-05,0.0,nan,nan,nan
4553.772,1.545751e-05,0.0,nan,nan,nan
4553.896,1.545599e-05,0.0,nan,nan,nan
4553.992,1.545423e-05,0.0,nan,nan,nan
4554.086,1.545851e-05,0.0,nan,nan,nan
4554.17,1.545623e-05,0.0,nan,nan,nan
4554.256,1.545554e-05,0.0,nan,nan,nan
4554.34,1.545785e-05,0.0,nan,nan,nan
4554.423,1.545826e-05,0.0,nan,nan,nan
4554.516,1.546026e-05,0.0,nan,nan,nan
4554.6,1.546023e-05,0.0,nan,nan,nan
4554.683,1.546205e-05,0.0,nan,nan,nan
4554.767,1.545661e-05,0.0,nan,nan,nan
4554.85,1.545788e-05,0.0,nan,nan,nan
4554.934,1.545696e-05,0.0,nan,nan,nan
4555.017,1.545787e-05,0.0,nan,nan,nan
4555.123,1.545696e-05,0.0,nan,nan,nan
4555.207,1.545788e-05,0.0,nan,nan,nan
4555.29,1.545801e-05,0.0,nan,nan,nan
4555.374,1.546037e-05,0.0,nan,nan,nan
4555.458,1.545573e-05,0.0,nan,nan,nan
4555.542,1.545783e-05,0.0,nan,nan,nan
4555.626,1.545607e-05,0.0,nan,nan,nan
4555.713,1.545413e-05,0.0,nan,nan,nan
4555.797,1.54571e-05,0.0,nan,nan,nan
4555.88,1.546017e-05,0.0,nan,nan,nan
4555.98,1.545318e-05,0.0,nan,nan,nan
4556.066,1.545185e-05,0.0,nan,nan,nan
4556.152,1.545745e-05,0.0,nan,nan,nan
4556.236,1.545462e-05,0.0,nan,nan,nan
4556.32,1.545541e-05,0.0,nan,nan,nan
4556.403,1.545188e-05,0.0,nan,nan,nan
4556.487,1.545105e-05,0.0,nan,nan,nan
4556.571,1.545296e-05,0.0,nan,nan,nan
4556.654,1.545541e-05,0.0,nan,nan,nan
4556.757,1.54537e-05,0.0,nan,nan,nan
4556.841,1.545227e-05,0.0,nan,nan,nan
4556.924,1.545238e-05,0.0,nan,nan,nan
4557.008,1.545491e-05,0.0,nan,nan,nan
4557.092,1.544791e-05,0.0,nan,nan,nan
4557.178,1.545031e-05,0.0,nan,nan,nan
4557.262,1.545415e-05,0.0,nan,nan,nan
4557.349,1.545634e-05,0.0,nan,nan,nan
4557.433,1.545362e-05,0.0,nan,nan,nan
4557.517,1.545061e-05,0.0,nan,nan,nan
4557.6,1.545236e-05,0.0,nan,nan,nan
4557.685,1.545159e-05,0.0,nan,nan,nan
4557.77,1.545497e-05,0.0,nan,nan,nan
4557.854,1.544669e-05,0.0,nan,nan,nan
4557.943,1.544976e-05,0.0,nan,nan,nan
4558.047,1.545031e-05,0.0,nan,nan,nan
4558.13,1.545349e-05,0.0,nan,nan,nan
4558.214,1.545269e-05,0.0,nan,nan,nan
4558.298,1.545168e-05,0.0,nan,nan,nan
4558.409,1.545623e-05,0.0,nan,nan,nan
4558.493,1.545638e-05,0.0,nan,nan,nan
4558.582,1.545825e-05,0.0,nan,nan,nan
4558.666,1.545546e-05,0.0,nan,nan,nan
4558.775,1.545378e-05,0.0,nan,nan,nan
4558.859,1.545501e-05,0.0,nan,nan,nan
4558.943,1.545542e-05,0.0,nan,nan,nan
4559.027,1.545764e-05,0.0,nan,nan,nan
4559.11,1.545789e-05,0.0,nan,nan,nan
4559.206,1.545833e-05,0.0,nan,nan,nan
4559.29,1.545738e-05,0.0,nan,nan,nan
4559.373,1.545618e-05,0.0,nan,nan,nan
4559.457,1.545306e-05,0.0,nan,nan,nan
4559.541,1.545545e-05,0.0,nan,nan,nan
4559.624,1.545388e-05,0.0,nan,nan,nan
4559.708,1.54581e-05,0.0,nan,nan,nan
4559.792,1.545489e-05,0.0,nan,nan,nan
4559.875,1.545661e-05,0.0,nan,nan,nan
4559.959,1.545666e-05,0.0,nan,nan,nan
4560.043,1.545511e-05,0.0,nan,nan,nan
4560.126,1.545513e-05,0.0,nan,nan,nan
4560.227,1.545298e-05,0.0,nan,nan,nan
4560.311,1.546023e-05,0.0,nan,nan,nan
4560.394,1.54593e-05,0.0,nan,nan,nan
4560.478,1.545954e-05,0.0,nan,nan,nan
4560.562,1.545204e-05,0.0,nan,nan,nan
4560.646,1.545753e-05,0.0,nan,nan,nan
4560.733,1.545364e-05,0.0,nan,nan,nan
4560.827,1.545259e-05,0.0,nan,nan,nan
4560.911,1.545255e-05,0.0,nan,nan,nan
4560.995,1.545512e-05,0.0,nan,nan,nan
4561.079,1.544919e-05,0.0,nan,nan,nan
4561.162,1.545192e-05,0.0,nan,nan,nan
4561.246,1.545064e-05,0.0,nan,nan,nan
4561.332,1.545601e-05,0.0,nan,nan,nan
4561.421,1.545549e-05,0.0,nan,nan,nan
4561.504,1.545299e-05,0.0,nan,nan,nan
4561.588,1.545461e-05,0.0,nan,nan,nan
4561.672,1.545953e-05,0.0,nan,nan,nan
4561.755,1.545182e-05,0.0,nan,nan,nan
4561.839,1.544987e-05,0.0,nan,nan,nan
4561.922,1.544747e-05,0.0,nan,nan,nan
4562.006,1.545096e-05,0.0,nan,nan,nan
4562.089,1.545237e-05,0.0,nan,nan,nan
4562.178,1.545514e-05,0.0,nan,nan,nan
4562.276,1.545416e-05,0.0,nan,nan,nan
4562.359,1.545181e-05,0.0,nan,nan,nan
4562.443,1.545404e-05,0.0,nan,nan,nan
4562.527,1.545508e-05,0.0,nan,nan,nan
4562.61,1.545044e-05,0.0,nan,nan,nan
4562.694,1.545405e-05,0.0,nan,nan,nan
4562.78,1.545437e-05,0.0,nan,nan,nan
4562.863,1.545507e-05,0.0,nan,nan,nan
4562.947,1.545415e-05,0.0,nan,nan,nan
4563.03,1.545633e-05,0.0,nan,nan,nan
4563.114,1.545467e-05,0.0,nan,nan,nan
4563.198,1.545867e-05,0.0,nan,nan,nan
4563.282,1.545689e-05,0.0,nan,nan,nan
4563.366,1.546096e-05,0.0,nan,nan,nan
4563.466,1.545665e-05,0.0,nan,nan,nan
4563.55,1.545593e-05,0.0,nan,nan,nan
4563.635,1.545872e-05,0.0,nan,nan,nan
4563.719,1.545386e-05,0.0,nan,nan,nan
4563.803,1.545261e-05,0.0,nan,nan,nan
4563.89,1.545483e-05,0.0,nan,nan,nan
4563.974,1.545424e-05,0.0,nan,nan,nan
4564.057,1.545599e-05,0.0,nan,nan,nan
4564.141,1.545685e-05,0.0,nan,nan,nan
4564.255,1.545208e-05,0.0,nan,nan,nan
4564.344,1.545426e-05,0.0,nan,nan,nan
4564.429,1.546056e-05,0.0,nan,nan,nan
4564.512,1.545939e-05,0.0,nan,nan,nan
4564.6,1.545784e-05,0.0,nan,nan,nan
4564.689,1.545487e-05,0.0,nan,nan,nan
4564.773,1.545549e-05,0.0,nan,nan,nan
4564.857,1.54535e-05,0.0,nan,nan,nan
4564.941,1.545469e-05,0.0,nan,nan,nan
4565.025,1.545391e-05,0.0,nan,nan,nan
4565.113,1.545728e-05,0.0,nan,nan,nan
4565.201,1.545733e-05,0.0,nan,nan,nan
4565.302,1.545519e-05,0.0,nan,nan,nan
4565.386,1.545508e-05,0.0,nan,nan,nan
4565.469,1.545476e-05,0.0,nan,nan,nan
4565.553,1.545706e-05,0.0,nan,nan,nan
4565.637,1.545784e-05,0.0,nan,nan,nan
4565.72,1.54581e-05,0.0,nan,nan,nan
4565.804,1.545698e-05,0.0,nan,nan,nan
4565.893,1.545847e-05,0.0,nan,nan,nan
4565.977,1.545519e-05,0.0,nan,nan,nan
4566.061,1.545755e-05,0.0,nan,nan,nan
4566.144,1.545454e-05,0.0,nan,nan,nan
4566.229,1.545595e-05,0.0,nan,nan,nan
4566.326,1.545748e-05,0.0,nan,nan,nan
4566.41,1.545506e-05,0.0,nan,nan,nan
4566.493,1.545639e-05,0.0,nan,nan,nan
4566.577,1.546228e-05,0.0,nan,nan,nan
4566.661,1.546196e-05,0.0,nan,nan,nan
4566.744,1.545739e-05,0.0,nan,nan,nan
4566.828,1.545773e-05,0.0,nan,nan,nan
4566.912,1.545702e-05,0.0,nan,nan,nan
4566.996,1.545939e-05,0.0,nan,nan,nan
4567.079,1.545862e-05,0.0,nan,nan,nan
4567.163,1.545556e-05,0.0,nan,nan,nan
4567.252,1.545475e-05,0.0,nan,nan,nan
4567.352,1.545692e-05,0.0,nan,nan,nan
4567.435,1.546165e-05,0.0,nan,nan,nan
4567.519,1.54556e-05,0.0,nan,nan,nan
4567.603,1.546263e-05,0.0,nan,nan,nan
4567.686,1.545925e-05,0.0,nan,nan,nan
4567.784,1.545725e-05,0.0,nan,nan,nan
4567.867,1.54603e-05,0.0,nan,nan,nan
4567.968,1.545839e-05,0.0,nan,nan,nan
4568.052,1.545507e-05,0.0,nan,nan,nan
4568.157,1.545327e-05,0.0,nan,nan,nan
4568.24,1.545668e-05,0.0,nan,nan,nan
4568.324,1.545931e-05,0.0,nan,nan,nan
4568.417,1.545362e-05,0.0,nan,nan,nan
4568.5,1.545642e-05,0.0,nan,nan,nan
4568.584,1.54581e-05,0.0,nan,nan,nan
4568.668,1.546159e-05,0.0,nan,nan,nan
4568.767,1.546071e-05,0.0,nan,nan,nan
4568.851,1.546228e-05,0.0,nan,nan,nan
4568.937,1.545881e-05,0.0,nan,nan,nan
4569.021,1.545881e-05,0.0,nan,nan,nan
4569.105,1.545766e-05,0.0,nan,nan,nan
4569.189,1.545915e-05,0.0,nan,nan,nan
4569.273,1.546127e-05,0.0,nan,nan,nan
4569.357,1.545761e-05,0.0,nan,nan,nan
4569.44,1.545785e-05,0.0,nan,nan,nan
4569.524,1.54575e-05,0.0,nan,nan,nan
4569.607,1.545706e-05,0.0,nan,nan,nan
4569.691,1.545816e-05,0.0,nan,nan,nan
4569.783,1.545833e-05,0.0,nan,nan,nan
4569.867,1.545835e-05,0.0,nan,nan,nan
4569.952,1.546023e-05,0.0,nan,nan,nan
4570.036,1.545832e-05,0.0,nan,nan,nan
4570.119,1.545844e-05,0.0,nan,nan,nan
4570.225,1.546176e-05,0.0,nan,nan,nan
4570.308,1.545937e-05,0.0,nan,nan,nan
4570.429,1.54577e-05,0.0,nan,nan,nan
4570.514,1.545764e-05,0.0,nan,nan,nan
4570.604,1.545719e-05,0.0,nan,nan,nan
4570.688,1.545665e-05,0.0,nan,nan,nan
4570.772,1.545503e-05,0.0,nan,nan,nan
4570.856,1.545623e-05,0.0,nan,nan,nan
4570.939,1.546439e-05,0.0,nan,nan,nan
4571.024,1.546394e-05,0.0,nan,nan,nan
4571.108,1.546145e-05,0.0,nan,nan,nan
4571.191,1.546304e-05,0.0,nan,nan,nan
4571.275,1.545777e-05,0.0,nan,nan,nan
4571.359,1.545839e-05,0.0,nan,nan,nan
4571.446,1.54589e-05,0.0,nan,nan,nan
4571.535,1.545606e-05,0.0,nan,nan,nan
4571.633,1.545915e-05,0.0,nan,nan,nan
4571.717,1.54584e-05,0.0,nan,nan,nan
4571.801,1.545423e-05,0.0,nan,nan,nan
4571.884,1.545808e-05,0.0,nan,nan,nan
4571.968,1.54555e-05,0.0,nan,nan,nan
4572.052,1.5454e-05,0.0,nan,nan,nan
4572.136,1.545718e-05,0.0,nan,nan,nan
4572.225,1.545334e-05,0.0,nan,nan,nan
4572.309,1.545442e-05,0.0,nan,nan,nan
4572.393,1.545678e-05,0.0,nan,nan,nan
4572.479,1.545737e-05,0.0,nan,nan,nan
4572.562,1.545454e-05,0.0,nan,nan,nan
4572.665,1.545565e-05,0.0,nan,nan,nan
4572.748,1.54527e-05,0.0,nan,nan,nan
4572.862,1.545344e-05,0.0,nan,nan,nan
4572.946,1.545445e-05,0.0,nan,nan,nan
4573.029,1.545264e-05,0.0,nan,nan,nan
4573.113,1.545203e-05,0.0,nan,nan,nan
4573.197,1.54539e-05,0.0,nan,nan,nan
4573.285,1.545385e-05,0.0,nan,nan,nan
4573.369,1.54509e-05,0.0,nan,nan,nan
4573.455,1.545001e-05,0.0,nan,nan,nan
4573.538,1.545669e-05,0.0,nan,nan,nan
4573.622,1.545331e-05,0.0,nan,nan,nan
4573.707,1.545416e-05,0.0,nan,nan,nan
4573.791,1.545692e-05,0.0,nan,nan,nan
4573.896,1.545455e-05,0.0,nan,nan,nan
4573.98,1.545449e-05,0.0,nan,nan,nan
4574.063,1.545134e-05,0.0,nan,nan,nan
4574.147,1.545665e-05,0.0,nan,nan,nan
4574.233,1.545508e-05,0.0,nan,nan,nan
4574.317,1.544942e-05,0.0,nan,nan,nan
4574.401,1.545355e-05,0.0,nan,nan,nan
4574.51,1.545214e-05,0.0,nan,nan,nan
4574.593,1.545384e-05,0.0,nan,nan,nan
4574.677,1.545489e-05,0.0,nan,nan,nan
4574.761,1.545291e-05,0.0,nan,nan,nan
4574.844,1.545101e-05,0.0,nan,nan,nan
4574.931,1.54544e-05,0.0,nan,nan,nan
4575.018,1.545475e-05,0.0,nan,nan,nan
4575.121,1.545216e-05,0.0,nan,nan,nan
4575.205,1.545189e-05,0.0,nan,nan,nan
4575.29,1.545602e-05,0.0,nan,nan,nan
4575.373,1.545677e-05,0.0,nan,nan,nan
4575.457,1.545646e-05,0.0,nan,nan,nan
4575.562,1.544943e-05,0.0,nan,nan,nan
4575.653,1.545118e-05,0.0,nan,nan,nan
4575.738,1.54505e-05,0.0,nan,nan,nan
4575.821,1.545031e-05,0.0,nan,nan,nan
4575.906,1.545692e-05,0.0,nan,nan,nan
4575.99,1.545625e-05,0.0,nan,nan,nan
4576.073,1.545694e-05,0.0,nan,nan,nan
4576.166,1.545663e-05,0.0,nan,nan,nan
4576.252,1.54592e-05,0.0,nan,nan,nan
4576.356,1.545814e-05,0.0,nan,nan,nan
4576.439,1.545749e-05,0.0,nan,nan,nan
4576.523,1.545621e-05,0.0,nan,nan,nan
4576.629,1.545669e-05,0.0,nan,nan,nan
4576.714,1.545711e-05,0.0,nan,nan,nan
4576.798,1.545445e-05,0.0,nan,nan,nan
4576.882,1.545281e-05,0.0,nan,nan,nan
4576.975,1.54548e-05,0.0,nan,nan,nan
4577.058,1.545385e-05,0.0,nan,nan,nan
4577.155,1.545687e-05,0.0,nan,nan,nan
4577.239,1.54545e-05,0.0,nan,nan,nan
4577.326,1.545401e-05,0.0,nan,nan,nan
4577.41,1.545622e-05,0.0,nan,nan,nan
4577.493,1.545621e-05,0.0,nan,nan,nan
4577.587,1.545289e-05,0.0,nan,nan,nan
4577.671,1.545888e-05,0.0,nan,nan,nan
4577.754,1.545125e-05,0.0,nan,nan,nan
4577.838,1.54565e-05,0.0,nan,nan,nan
4577.921,1.545204e-05,0.0,nan,nan,nan
4578.005,1.545232e-05,0.0,nan,nan,nan
4578.089,1.545058e-05,0.0,nan,nan,nan
4578.179,1.545279e-05,0.0,nan,nan,nan
4578.263,1.545298e-05,0.0,nan,nan,nan
4578.347,1.545296e-05,0.0,nan,nan,nan
4578.431,1.545397e-05,0.0,nan,nan,nan
4578.515,1.545144e-05,0.0,nan,nan,nan
4578.598,1.545588e-05,0.0,nan,nan,nan
4578.733,1.545631e-05,0.0,nan,nan,nan
4578.826,1.545545e-05,0.0,nan,nan,nan
4578.91,1.545871e-05,0.0,nan,nan,nan
4579.015,1.545734e-05,0.0,nan,nan,nan
4579.099,1.54577e-05,0.0,nan,nan,nan
4579.183,1.545639e-05,0.0,nan,nan,nan
4579.266,1.545769e-05,0.0,nan,nan,nan
4579.35,1.545383e-05,0.0,nan,nan,nan
4579.434,1.545504e-05,0.0,nan,nan,nan
4579.517,1.545242e-05,0.0,nan,nan,nan
4579.605,1.545383e-05,0.0,nan,nan,nan
4579.689,1.545662e-05,0.0,nan,nan,nan
4579.773,1.545342e-05,0.0,nan,nan,nan
4579.857,1.545942e-05,0.0,nan,nan,nan
4579.94,1.545943e-05,0.0,nan,nan,nan
4580.044,1.546114e-05,0.0,nan,nan,nan
4580.128,1.545293e-05,0.0,nan,nan,nan
4580.212,1.54544e-05,0.0,nan,nan,nan
4580.296,1.545465e-05,0.0,nan,nan,nan
4580.38,1.545703e-05,0.0,nan,nan,nan
4580.464,1.545706e-05,0.0,nan,nan,nan
4580.553,1.545637e-05,0.0,nan,nan,nan
4580.659,1.545804e-05,0.0,nan,nan,nan
4580.767,1.546141e-05,0.0,nan,nan,nan
4580.854,1.545818e-05,0.0,nan,nan,nan
4580.937,1.545645e-05,0.0,nan,nan,nan
4581.039,1.545206e-05,0.0,nan,nan,nan
4581.123,1.545057e-05,0.0,nan,nan,nan
4581.206,1.545315e-05,0.0,nan,nan,nan
4581.29,1.545549e-05,0.0,nan,nan,nan
4581.374,1.545335e-05,0.0,nan,nan,nan
4581.481,1.545219e-05,0.0,nan,nan,nan
4581.57,1.545676e-05,0.0,nan,nan,nan
4581.653,1.545732e-05,0.0,nan,nan,nan
4581.737,1.545682e-05,0.0,nan,nan,nan
4581.821,1.545678e-05,0.0,nan,nan,nan
4581.905,1.545805e-05,0.0,nan,nan,nan
4581.988,1.546027e-05,0.0,nan,nan,nan
4582.089,1.545391e-05,0.0,nan,nan,nan
4582.172,1.545545e-05,0.0,nan,nan,nan
4582.279,1.545403e-05,0.0,nan,nan,nan
4582.363,1.545334e-05,0.0,nan,nan,nan
4582.448,1.545124e-05,0.0,nan,nan,nan
4582.532,1.54517e-05,0.0,nan,nan,nan
4582.616,1.545662e-05,0.0,nan,nan,nan
4582.7,1.545698e-05,0.0,nan,nan,nan
4582.786,1.545694e-05,0.0,nan,nan,nan
4582.884,1.545459e-05,0.0,nan,nan,nan
4582.967,1.546161e-05,0.0,nan,nan,nan
4583.065,1.545812e-05,0.0,nan,nan,nan
4583.148,1.54612e-05,0.0,nan,nan,nan
4583.232,1.545646e-05,0.0,nan,nan,nan
4583.316,1.545721e-05,0.0,nan,nan,nan
4583.401,1.545795e-05,0.0,nan,nan,nan
4583.485,1.545323e-05,0.0,nan,nan,nan
4583.569,1.545503e-05,0.0,nan,nan,nan
4583.653,1.545675e-05,0.0,nan,nan,nan
4583.736,1.5455e-05,0.0,nan,nan,nan
4583.82,1.545651e-05,0.0,nan,nan,nan
4583.907,1.545113e-05,0.0,nan,nan,nan
4583.991,1.545498e-05,0.0,nan,nan,nan
4584.09,1.545331e-05,0.0,nan,nan,nan
4584.173,1.546047e-05,0.0,nan,nan,nan
4584.257,1.54577e-05,0.0,nan,nan,nan
4584.341,1.545535e-05,0.0,nan,nan,nan
4584.424,1.545531e-05,0.0,nan,nan,nan
4584.511,1.545798e-05,0.0,nan,nan,nan
4584.594,1.545427e-05,0.0,nan,nan,nan
4584.678,1.545637e-05,0.0,nan,nan,nan
4584.762,1.54592e-05,0.0,nan,nan,nan
4584.845,1.545756e-05,0.0,nan,nan,nan
4584.945,1.545832e-05,0.0,nan,nan,nan
4585.029,1.545514e-05,0.0,nan,nan,nan
4585.116,1.545768e-05,0.0,nan,nan,nan
4585.2,1.545744e-05,0.0,nan,nan,nan
4585.283,1.545483e-05,0.0,nan,nan,nan
4585.367,1.545521e-05,0.0,nan,nan,nan
4585.451,1.54544e-05,0.0,nan,nan,nan
4585.534,1.545338e-05,0.0,nan,nan,nan
4585.618,1.545652e-05,0.0,nan,nan,nan
4585.714,1.545806e-05,0.0,nan,nan,nan
4585.798,1.545943e-05,0.0,nan,nan,nan
4585.884,1.545207e-05,0.0,nan,nan,nan
4585.968,1.545946e-05,0.0,nan,nan,nan
4586.052,1.546087e-05,0.0,nan,nan,nan
4586.14,1.545524e-05,0.0,nan,nan,nan
4586.223,1.545031e-05,0.0,nan,nan,nan
4586.324,1.54589e-05,0.0,nan,nan,nan
4586.408,1.54576e-05,0.0,nan,nan,nan
4586.491,1.546154e-05,0.0,nan,nan,nan
4586.575,1.546044e-05,0.0,nan,nan,nan
4586.658,1.545663e-05,0.0,nan,nan,nan
4586.751,1.545862e-05,0.0,nan,nan,nan
4586.835,1.545666e-05,0.0,nan,nan,nan
4586.946,1.545576e-05,0.0,nan,nan,nan
4587.029,1.545676e-05,0.0,nan,nan,nan
4587.113,1.545718e-05,0.0,nan,nan,nan
4587.196,1.545654e-05,0.0,nan,nan,nan
4587.28,1.544961e-05,0.0,nan,nan,nan
4587.363,1.545487e-05,0.0,nan,nan,nan
4587.453,1.545362e-05,0.0,nan,nan,nan
4587.547,1.545591e-05,0.0,nan,nan,nan
4587.631,1.545428e-05,0.0,nan,nan,nan
4587.715,1.54594e-05,0.0,nan,nan,nan
4587.798,1.545493e-05,0.0,nan,nan,nan
4587.882,1.545403e-05,0.0,nan,nan,nan
4587.982,1.545648e-05,0.0,nan,nan,nan
4588.068,1.545787e-05,0.0,nan,nan,nan
4588.16,1.545754e-05,0.0,nan,nan,nan
4588.243,1.545791e-05,0.0,nan,nan,nan
4588.327,1.545749e-05,0.0,nan,nan,nan
4588.411,1.54611e-05,0.0,nan,nan,nan
4588.494,1.545659e-05,0.0,nan,nan,nan
4588.578,1.545822e-05,0.0,nan,nan,nan
4588.662,1.546052e-05,0.0,nan,nan,nan
4588.747,1.546063e-05,0.0,nan,nan,nan
4588.831,1.54584e-05,0.0,nan,nan,nan
4588.915,1.545844e-05,0.0,nan,nan,nan
4588.999,1.545613e-05,0.0,nan,nan,nan
4589.099,1.545818e-05,0.0,nan,nan,nan
4589.192,1.546066e-05,0.0,nan,nan,nan
4589.275,1.546008e-05,0.0,nan,nan,nan
4589.37,1.545783e-05,0.0,nan,nan,nan
4589.454,1.545919e-05,0.0,nan,nan,nan
4589.538,1.54607e-05,0.0,nan,nan,nan
4589.621,1.546025e-05,0.0,nan,nan,nan
4589.705,1.546123e-05,0.0,nan,nan,nan
4589.792,1.546571e-05,0.0,nan,nan,nan
4589.876,1.546193e-05,0.0,nan,nan,nan
4589.959,1.545937e-05,0.0,nan,nan,nan
4590.043,1.546215e-05,0.0,nan,nan,nan
4590.126,1.546409e-05,0.0,nan,nan,nan
4590.21,1.546161e-05,0.0,nan,nan,nan
4590.294,1.546017e-05,0.0,nan,nan,nan
4590.397,1.545735e-05,0.0,nan,nan,nan
4590.481,1.545752e-05,0.0,nan,nan,nan
4590.566,1.545857e-05,0.0,nan,nan,nan
4590.65,1.545932e-05,0.0,nan,nan,nan
4590.737,1.546048e-05,0.0,nan,nan,nan
4590.821,1.545934e-05,0.0,nan,nan,nan
4590.904,1.545817e-05,0.0,nan,nan,nan
4591.004,1.545606e-05,0.0,nan,nan,nan
4591.088,1.54608e-05,0.0,nan,nan,nan
4591.18,1.546082e-05,0.0,nan,nan,nan
4591.269,1.546169e-05,0.0,nan,nan,nan
4591.353,1.546188e-05,0.0,nan,nan,nan
4591.437,1.546214e-05,0.0,nan,nan,nan
4591.521,1.545784e-05,0.0,nan,nan,nan
4591.604,1.546346e-05,0.0,nan,nan,nan
4591.688,1.546066e-05,0.0,nan,nan,nan
4591.771,1.545909e-05,0.0,nan,nan,nan
4591.855,1.546144e-05,0.0,nan,nan,nan
4591.939,1.545982e-05,0.0,nan,nan,nan
4592.022,1.545908e-05,0.0,nan,nan,nan
4592.106,1.546204e-05,0.0,nan,nan,nan
4592.189,1.545812e-05,0.0,nan,nan,nan
4592.273,1.545899e-05,0.0,nan,nan,nan
4592.356,1.545819e-05,0.0,nan,nan,nan
4592.468,1.545634e-05,0.0,nan,nan,nan
4592.553,1.545865e-05,0.0,nan,nan,nan
4592.654,1.546308e-05,0.0,nan,nan,nan
4592.738,1.545211e-05,0.0,nan,nan,nan
4592.844,1.54551e-05,0.0,nan,nan,nan
4592.928,1.545414e-05,0.0,nan,nan,nan
4593.012,1.5454e-05,0.0,nan,nan,nan
4593.095,1.545896e-05,0.0,nan,nan,nan
4593.179,1.545815e-05,0.0,nan,nan,nan
4593.263,1.545714e-05,0.0,nan,nan,nan
4593.346,1.54544e-05,0.0,nan,nan,nan
4593.43,1.545823e-05,0.0,nan,nan,nan
4593.514,1.545848e-05,0.0,nan,nan,nan
4593.598,1.545988e-05,0.0,nan,nan,nan
4593.681,1.54597e-05,0.0,nan,nan,nan
4593.768,1.545678e-05,0.0,nan,nan,nan
4593.852,1.54618e-05,0.0,nan,nan,nan
4593.936,1.546091e-05,0.0,nan,nan,nan
4594.024,1.545594e-05,0.0,nan,nan,nan
4594.107,1.545532e-05,0.0,nan,nan,nan
4594.191,1.545636e-05,0.0,nan,nan,nan
4594.293,1.545499e-05,0.0,nan,nan,nan
4594.377,1.545558e-05,0.0,nan,nan,nan
4594.463,1.545599e-05,0.0,nan,nan,nan
4594.546,1.54598e-05,0.0,nan,nan,nan
4594.632,1.545609e-05,0.0,nan,nan,nan
4594.716,1.545672e-05,0.0,nan,nan,nan
4594.8,1.545824e-05,0.0,nan,nan,nan
4594.898,1.545334e-05,0.0,nan,nan,nan
4594.986,1.545606e-05,0.0,nan,nan,nan
4595.069,1.546197e-05,0.0,nan,nan,nan
4595.153,1.545914e-05,0.0,nan,nan,nan
4595.236,1.546196e-05,0.0,nan,nan,nan
4595.329,1.546005e-05,0.0,nan,nan,nan
4595.418,1.545917e-05,0.0,nan,nan,nan
4595.517,1.54594e-05,0.0,nan,nan,nan
4595.6,1.545804e-05,0.0,nan,nan,nan
4595.713,1.545932e-05,0.0,nan,nan,nan
4595.796,1.545478e-05,0.0,nan,nan,nan
4595.882,1.545821e-05,0.0,nan,nan,nan
4595.966,1.545619e-05,0.0,nan,nan,nan
4596.053,1.54564e-05,0.0,nan,nan,nan
4596.136,1.545598e-05,0.0,nan,nan,nan
4596.22,1.54591e-05,0.0,nan,nan,nan
4596.321,1.545574e-05,0.0,nan,nan,nan
4596.405,1.545972e-05,0.0,nan,nan,nan
4596.488,1.545882e-05,0.0,nan,nan,nan
4596.572,1.54582e-05,0.0,nan,nan,nan
4596.655,1.545541e-05,0.0,nan,nan,nan
4596.741,1.546122e-05,0.0,nan,nan,nan
4596.825,1.545636e-05,0.0,nan,nan,nan
4596.909,1.545897e-05,0.0,nan,nan,nan
4596.992,1.545794e-05,0.0,nan,nan,nan
4597.076,1.545706e-05,0.0,nan,nan,nan
4597.16,1.545973e-05,0.0,nan,nan,nan
4597.245,1.545507e-05,0.0,nan,nan,nan
4597.388,1.545654e-05,0.0,nan,nan,nan
4597.472,1.545256e-05,0.0,nan,nan,nan
4597.559,1.545466e-05,0.0,nan,nan,nan
4597.642,1.545479e-05,0.0,nan,nan,nan
4597.726,1.545786e-05,0.0,nan,nan,nan
4597.81,1.545703e-05,0.0,nan,nan,nan
4597.893,1.54623e-05,0.0,nan,nan,nan
4597.995,1.545741e-05,0.0,nan,nan,nan
4598.079,1.545625e-05,0.0,nan,nan,nan
4598.179,1.545908e-05,0.0,nan,nan,nan
4598.263,1.54604e-05,0.0,nan,nan,nan
4598.347,1.545906e-05,0.0,nan,nan,nan
4598.43,1.545664e-05,0.0,nan,nan,nan
4598.514,1.545665e-05,0.0,nan,nan,nan
4598.615,1.545684e-05,0.0,nan,nan,nan
4598.7,1.54579e-05,0.0,nan,nan,nan
4598.8,1.545428e-05,0.0,nan,nan,nan
4598.884,1.545632e-05,0.0,nan,nan,nan
4598.967,1.545875e-05,0.0,nan,nan,nan
4599.051,1.545705e-05,0.0,nan,nan,nan
4599.135,1.545676e-05,0.0,nan,nan,nan
4599.237,1.545655e-05,0.0,nan,nan,nan
4599.321,1.545745e-05,0.0,nan,nan,nan
4599.446,1.546069e-05,0.0,nan,nan,nan
4599.533,1.546104e-05,0.0,nan,nan,nan
4599.635,1.545938e-05,0.0,nan,nan,nan
4599.719,1.546262e-05,0.0,nan,nan,nan
4599.822,1.545983e-05,0.0,nan,nan,nan
4599.906,1.546216e-05,0.0,nan,nan,nan
4599.989,1.546354e-05,0.0,nan,nan,nan
4600.073,1.545641e-05,0.0,nan,nan,nan
4600.157,1.545753e-05,0.0,nan,nan,nan
4600.241,1.546165e-05,0.0,nan,nan,nan
4600.325,1.546095e-05,0.0,nan,nan,nan
4600.427,1.545558e-05,0.0,nan,nan,nan
4600.511,1.546122e-05,0.0,nan,nan,nan
4600.597,1.546127e-05,0.0,nan,nan,nan
4600.68,1.545805e-05,0.0,nan,nan,nan
4600.764,1.545925e-05,0.0,nan,nan,nan
4600.847,1.545882e-05,0.0,nan,nan,nan
4600.931,1.546387e-05,0.0,nan,nan,nan
4601.015,1.546369e-05,0.0,nan,nan,nan
4601.098,1.546267e-05,0.0,nan,nan,nan
4601.182,1.545796e-05,0.0,nan,nan,nan
4601.282,1.546003e-05,0.0,nan,nan,nan
4601.368,1.545663e-05,0.0,nan,nan,nan
4601.466,1.545962e-05,0.0,nan,nan,nan
4601.549,1.545893e-05,0.0,nan,nan,nan
4601.658,1.546146e-05,0.0,nan,nan,nan
4601.742,1.545891e-05,0.0,nan,nan,nan
4601.826,1.54588e-05,0.0,nan,nan,nan
4601.909,1.54597e-05,0.0,nan,nan,nan
4601.993,1.545816e-05,0.0,nan,nan,nan
4602.079,1.545588e-05,0.0,nan,nan,nan
4602.163,1.546062e-05,0.0,nan,nan,nan
4602.246,1.545747e-05,0.0,nan,nan,nan
4602.33,1.54605e-05,0.0,nan,nan,nan
4602.413,1.545885e-05,0.0,nan,nan,nan
4602.503,1.545748e-05,0.0,nan,nan,nan
4602.587,1.546064e-05,0.0,nan,nan,nan
4602.687,1.546002e-05,0.0,nan,nan,nan
4602.77,1.54576e-05,0.0,nan,nan,nan
4602.865,1.546242e-05,0.0,nan,nan,nan
4602.949,1.54601e-05,0.0,nan,nan,nan
4603.033,1.546148e-05,0.0,nan,nan,nan
4603.116,1.546122e-05,0.0,nan,nan,nan
4603.2,1.546166e-05,0.0,nan,nan,nan
4603.297,1.546169e-05,0.0,nan,nan,nan
4603.381,1.546112e-05,0.0,nan,nan,nan
4603.464,1.545838e-05,0.0,nan,nan,nan
4603.562,1.545768e-05,0.0,nan,nan,nan
4603.65,1.545987e-05,0.0,nan,nan,nan
4603.734,1.545969e-05,0.0,nan,nan,nan
4603.822,1.546227e-05,0.0,nan,nan,nan
4603.905,1.546079e-05,0.0,nan,nan,nan
4603.989,1.546053e-05,0.0,nan,nan,nan
4604.089,1.545964e-05,0.0,nan,nan,nan
4604.173,1.546201e-05,0.0,nan,nan,nan
4604.256,1.545888e-05,0.0,nan,nan,nan
4604.34,1.546347e-05,0.0,nan,nan,nan
4604.423,1.546256e-05,0.0,nan,nan,nan
4604.519,1.546041e-05,0.0,nan,nan,nan
4604.604,1.546053e-05,0.0,nan,nan,nan
4604.713,1.546085e-05,0.0,nan,nan,nan
4604.797,1.546057e-05,0.0,nan,nan,nan
4604.9,1.546271e-05,0.0,nan,nan,nan
4604.984,1.54605e-05,0.0,nan,nan,nan
4605.069,1.546173e-05,0.0,nan,nan,nan
4605.153,1.546204e-05,0.0,nan,nan,nan
4605.237,1.545899e-05,0.0,nan,nan,nan
4605.32,1.545804e-05,0.0,nan,nan,nan
4605.404,1.546035e-05,0.0,nan,nan,nan
4605.487,1.54586e-05,0.0,nan,nan,nan
4605.571,1.545684e-05,0.0,nan,nan,nan
4605.676,1.545597e-05,0.0,nan,nan,nan
4605.759,1.546031e-05,0.0,nan,nan,nan
4605.843,1.546121e-05,0.0,nan,nan,nan
4605.926,1.54599e-05,0.0,nan,nan,nan
4606.01,1.546095e-05,0.0,nan,nan,nan
4606.098,1.545825e-05,0.0,nan,nan,nan
4606.182,1.545703e-05,0.0,nan,nan,nan
4606.265,1.54573e-05,0.0,nan,nan,nan
4606.349,1.54604e-05,0.0,nan,nan,nan
4606.432,1.54589e-05,0.0,nan,nan,nan
4606.518,1.545999e-05,0.0,nan,nan,nan
4606.601,1.545792e-05,0.0,nan,nan,nan
4606.686,1.545667e-05,0.0,nan,nan,nan
4606.769,1.5463e-05,0.0,nan,nan,nan
4606.853,1.546115e-05,0.0,nan,nan,nan
4606.937,1.54593e-05,0.0,nan,nan,nan
4607.021,1.545869e-05,0.0,nan,nan,nan
4607.105,1.545912e-05,0.0,nan,nan,nan
4607.188,1.545961e-05,0.0,nan,nan,nan
4607.272,1.545653e-05,0.0,nan,nan,nan
4607.355,1.54662e-05,0.0,nan,nan,nan
4607.439,1.545984e-05,0.0,nan,nan,nan
4607.532,1.545827e-05,0.0,nan,nan,nan
4607.616,1.54568e-05,0.0,nan,nan,nan
4607.734,1.545892e-05,0.0,nan,nan,nan
4607.818,1.545828e-05,0.0,nan,nan,nan
4607.902,1.545749e-05,0.0,nan,nan,nan
4607.988,1.546066e-05,0.0,nan,nan,nan
4608.072,1.545977e-05,0.0,nan,nan,nan
4608.166,1.546038e-05,0.0,nan,nan,nan
4608.25,1.546049e-05,0.0,nan,nan,nan
4608.333,1.545454e-05,0.0,nan,nan,nan
4608.417,1.546239e-05,0.0,nan,nan,nan
4608.5,1.546082e-05,0.0,nan,nan,nan
4608.585,1.545823e-05,0.0,nan,nan,nan
4608.669,1.545832e-05,0.0,nan,nan,nan
4608.753,1.545808e-05,0.0,nan,nan,nan
4608.837,1.545693e-05,0.0,nan,nan,nan
4608.92,1.546026e-05,0.0,nan,nan,nan
4609.006,1.545879e-05,0.0,nan,nan,nan
4609.089,1.546048e-05,0.0,nan,nan,nan
4609.18,1.545909e-05,0.0,nan,nan,nan
4609.263,1.545573e-05,0.0,nan,nan,nan
4609.346,1.545485e-05,0.0,nan,nan,nan
4609.43,1.545233e-05,0.0,nan,nan,nan
4609.517,1.545943e-05,0.0,nan,nan,nan
4609.6,1.546148e-05,0.0,nan,nan,nan
4609.683,1.545799e-05,0.0,nan,nan,nan
4609.792,1.546288e-05,0.0,nan,nan,nan
4609.875,1.546029e-05,0.0,nan,nan,nan
4609.959,1.545504e-05,0.0,nan,nan,nan
4610.043,1.545994e-05,0.0,nan,nan,nan
4610.127,1.545428e-05,0.0,nan,nan,nan
4610.216,1.545567e-05,0.0,nan,nan,nan
4610.299,1.545641e-05,0.0,nan,nan,nan
4610.387,1.545959e-05,0.0,nan,nan,nan
4610.474,1.545788e-05,0.0,nan,nan,nan
4610.558,1.545971e-05,0.0,nan,nan,nan
4610.657,1.545863e-05,0.0,nan,nan,nan
4610.74,1.546166e-05,0.0,nan,nan,nan
4610.849,1.545967e-05,0.0,nan,nan,nan
4610.933,1.54573e-05,0.0,nan,nan,nan
4611.017,1.54589e-05,0.0,nan,nan,nan
4611.101,1.546308e-05,0.0,nan,nan,nan
4611.184,1.546246e-05,0.0,nan,nan,nan
4611.286,1.546011e-05,0.0,nan,nan,nan
4611.369,1.545802e-05,0.0,nan,nan,nan
4611.453,1.545766e-05,0.0,nan,nan,nan
4611.537,1.546255e-05,0.0,nan,nan,nan
4611.621,1.546084e-05,0.0,nan,nan,nan
4611.705,1.54609e-05,0.0,nan,nan,nan
4611.788,1.545881e-05,0.0,nan,nan,nan
4611.872,1.546039e-05,0.0,nan,nan,nan
4611.956,1.546194e-05,0.0,nan,nan,nan
4612.055,1.5461e-05,0.0,nan,nan,nan
4612.139,1.545796e-05,0.0,nan,nan,nan
4612.222,1.545647e-05,0.0,nan,nan,nan
4612.306,1.545854e-05,0.0,nan,nan,nan
4612.389,1.546051e-05,0.0,nan,nan,nan
4612.489,1.545769e-05,0.0,nan,nan,nan
4612.572,1.545918e-05,0.0,nan,nan,nan
4612.666,1.546215e-05,0.0,nan,nan,nan
4612.75,1.545336e-05,0.0,nan,nan,nan
4612.835,1.545534e-05,0.0,nan,nan,nan
4612.919,1.546163e-05,0.0,nan,nan,nan
4613.003,1.546021e-05,0.0,nan,nan,nan
4613.092,1.546041e-05,0.0,nan,nan,nan
4613.176,1.546091e-05,0.0,nan,nan,nan
4613.259,1.545691e-05,0.0,nan,nan,nan
4613.343,1.54568e-05,0.0,nan,nan,nan
4613.427,1.546212e-05,0.0,nan,nan,nan
4613.523,1.54568e-05,0.0,nan,nan,nan
4613.606,1.545554e-05,0.0,nan,nan,nan
4613.702,1.545433e-05,0.0,nan,nan,nan
4613.786,1.54595e-05,0.0,nan,nan,nan
4613.907,1.545965e-05,0.0,nan,nan,nan
4613.991,1.54562e-05,0.0,nan,nan,nan
4614.074,1.54563e-05,0.0,nan,nan,nan
4614.158,1.545772e-05,0.0,nan,nan,nan
4614.243,1.545849e-05,0.0,nan,nan,nan
4614.327,1.5459e-05,0.0,nan,nan,nan
4614.411,1.546187e-05,0.0,nan,nan,nan
4614.515,1.545716e-05,0.0,nan,nan,nan
4614.599,1.545842e-05,0.0,nan,nan,nan
4614.682,1.545872e-05,0.0,nan,nan,nan
4614.776,1.54578e-05,0.0,nan,nan,nan
4614.863,1.545652e-05,0.0,nan,nan,nan
4614.954,1.54599e-05,0.0,nan,nan,nan
4615.038,1.546257e-05,0.0,nan,nan,nan
4615.121,1.546078e-05,0.0,nan,nan,nan
4615.205,1.546008e-05,0.0,nan,nan,nan
4615.292,1.546005e-05,0.0,nan,nan,nan
4615.378,1.546278e-05,0.0,nan,nan,nan
4615.465,1.54617e-05,0.0,nan,nan,nan
4615.563,1.546035e-05,0.0,nan,nan,nan
4615.646,1.54598e-05,0.0,nan,nan,nan
4615.73,1.545589e-05,0.0,nan,nan,nan
4615.813,1.545928e-05,0.0,nan,nan,nan
4615.897,1.545857e-05,0.0,nan,nan,nan
4615.982,1.545909e-05,0.0,nan,nan,nan
4616.067,1.545453e-05,0.0,nan,nan,nan
4616.166,1.545933e-05,0.0,nan,nan,nan
4616.25,1.54572e-05,0.0,nan,nan,nan
4616.334,1.545659e-05,0.0,nan,nan,nan
4616.418,1.54596e-05,0.0,nan,nan,nan
4616.501,1.54588e-05,0.0,nan,nan,nan
4616.587,1.545879e-05,0.0,nan,nan,nan
4616.67,1.545778e-05,0.0,nan,nan,nan
4616.759,1.545923e-05,0.0,nan,nan,nan
4616.843,1.546043e-05,0.0,nan,nan,nan
4616.926,1.545672e-05,0.0,nan,nan,nan
4617.01,1.546058e-05,0.0,nan,nan,nan
4617.094,1.54602e-05,0.0,nan,nan,nan
4617.187,1.54587e-05,0.0,nan,nan,nan
4617.271,1.545898e-05,0.0,nan,nan,nan
4617.355,1.546281e-05,0.0,nan,nan,nan
4617.439,1.54616e-05,0.0,nan,nan,nan
4617.523,1.546027e-05,0.0,nan,nan,nan
4617.606,1.545668e-05,0.0,nan,nan,nan
4617.69,1.546447e-05,0.0,nan,nan,nan
4617.785,1.546122e-05,0.0,nan,nan,nan
4617.869,1.545566e-05,0.0,nan,nan,nan
4617.955,1.545388e-05,0.0,nan,nan,nan
4618.049,1.545661e-05,0.0,nan,nan,nan
4618.134,1.545581e-05,0.0,nan,nan,nan
4618.218,1.545481e-05,0.0,nan,nan,nan
4618.301,1.545732e-05,0.0,nan,nan,nan
4618.397,1.545982e-05,0.0,nan,nan,nan
4618.481,1.545456e-05,0.0,nan,nan,nan
4618.564,1.546071e-05,0.0,nan,nan,nan
4618.648,1.54612e-05,0.0,nan,nan,nan
4618.733,1.54588e-05,0.0,nan,nan,nan
4618.817,1.545951e-05,0.0,nan,nan,nan
4618.9,1.545681e-05,0.0,nan,nan,nan
4618.984,1.545776e-05,0.0,nan,nan,nan
4619.068,1.545564e-05,0.0,nan,nan,nan
4619.153,1.54616e-05,0.0,nan,nan,nan
4619.237,1.54559e-05,0.0,nan,nan,nan
4619.321,1.545932e-05,0.0,nan,nan,nan
4619.414,1.545596e-05,0.0,nan,nan,nan
4619.497,1.545416e-05,0.0,nan,nan,nan
4619.584,1.545649e-05,0.0,nan,nan,nan
4619.668,1.545615e-05,0.0,nan,nan,nan
4619.754,1.54606e-05,0.0,nan,nan,nan
4619.838,1.545534e-05,0.0,nan,nan,nan
4619.921,1.545457e-05,0.0,nan,nan,nan
4620.016,1.545868e-05,0.0,nan,nan,nan
4620.116,1.545434e-05,0.0,nan,nan,nan
4620.2,1.545287e-05,0.0,nan,nan,nan
4620.284,1.545483e-05,0.0,nan,nan,nan
4620.367,1.545753e-05,0.0,nan,nan,nan
4620.451,1.545575e-05,0.0,nan,nan,nan
4620.535,1.545886e-05,0.0,nan,nan,nan
4620.619,1.546083e-05,0.0,nan,nan,nan
4620.702,1.545566e-05,0.0,nan,nan,nan
4620.786,1.545532e-05,0.0,nan,nan,nan
4620.87,1.545806e-05,0.0,nan,nan,nan
4620.953,1.545702e-05,0.0,nan,nan,nan
4621.037,1.545887e-05,0.0,nan,nan,nan
4621.121,1.546023e-05,0.0,nan,nan,nan
4621.208,1.546099e-05,0.0,nan,nan,nan
4621.291,1.545605e-05,0.0,nan,nan,nan
4621.376,1.545835e-05,0.0,nan,nan,nan
4621.461,1.545679e-05,0.0,nan,nan,nan
4621.549,1.54518e-05,0.0,nan,nan,nan
4621.655,1.545447e-05,0.0,nan,nan,nan
4621.739,1.545438e-05,0.0,nan,nan,nan
4621.844,1.545438e-05,0.0,nan,nan,nan
4621.928,1.545677e-05,0.0,nan,nan,nan
4622.015,1.545708e-05,0.0,nan,nan,nan
4622.098,1.54565e-05,0.0,nan,nan,nan
4622.182,1.54548e-05,0.0,nan,nan,nan
4622.282,1.545743e-05,0.0,nan,nan,nan
4622.367,1.545551e-05,0.0,nan,nan,nan
4622.475,1.545388e-05,0.0,nan,nan,nan
4622.559,1.545737e-05,0.0,nan,nan,nan
4622.664,1.545466e-05,0.0,nan,nan,nan
4622.747,1.545624e-05,0.0,nan,nan,nan
4622.831,1.545416e-05,0.0,nan,nan,nan
4622.915,1.545404e-05,0.0,nan,nan,nan
4622.999,1.545438e-05,0.0,nan,nan,nan
4623.082,1.54541e-05,0.0,nan,nan,nan
4623.166,1.545543e-05,0.0,nan,nan,nan
4623.25,1.545613e-05,0.0,nan,nan,nan
4623.333,1.545435e-05,0.0,nan,nan,nan
4623.417,1.545557e-05,0.0,nan,nan,nan
4623.52,1.545543e-05,0.0,nan,nan,nan
4623.604,1.545428e-05,0.0,nan,nan,nan
4623.699,1.545634e-05,0.0,nan,nan,nan
4623.783,1.54552e-05,0.0,nan,nan,nan
4623.867,1.545758e-05,0.0,nan,nan,nan
4623.95,1.545997e-05,0.0,nan,nan,nan
4624.034,1.54568e-05,0.0,nan,nan,nan
4624.119,1.545805e-05,0.0,nan,nan,nan
4624.219,1.545471e-05,0.0,nan,nan,nan
4624.305,1.545186e-05,0.0,nan,nan,nan
4624.388,1.545535e-05,0.0,nan,nan,nan
4624.473,1.545538e-05,0.0,nan,nan,nan
4624.556,1.545861e-05,0.0,nan,nan,nan
4624.641,1.545514e-05,0.0,nan,nan,nan
4624.724,1.545867e-05,0.0,nan,nan,nan
4624.808,1.545961e-05,0.0,nan,nan,nan
4624.891,1.545527e-05,0.0,nan,nan,nan
4624.975,1.545705e-05,0.0,nan,nan,nan
4625.059,1.545899e-05,0.0,nan,nan,nan
4625.144,1.546252e-05,0.0,nan,nan,nan
4625.228,1.546336e-05,0.0,nan,nan,nan
4625.334,1.546183e-05,0.0,nan,nan,nan
4625.418,1.546015e-05,0.0,nan,nan,nan
4625.501,1.546168e-05,0.0,nan,nan,nan
4625.585,1.545873e-05,0.0,nan,nan,nan
4625.669,1.54641e-05,0.0,nan,nan,nan
4625.755,1.546115e-05,0.0,nan,nan,nan
4625.839,1.546108e-05,0.0,nan,nan,nan
4625.949,1.545593e-05,0.0,nan,nan,nan
4626.033,1.545711e-05,0.0,nan,nan,nan
4626.12,1.545393e-05,0.0,nan,nan,nan
4626.204,1.546247e-05,0.0,nan,nan,nan
4626.311,1.545941e-05,0.0,nan,nan,nan
4626.395,1.545694e-05,0.0,nan,nan,nan
4626.479,1.545546e-05,0.0,nan,nan,nan
4626.567,1.546036e-05,0.0,nan,nan,nan
4626.65,1.545936e-05,0.0,nan,nan,nan
4626.757,1.546257e-05,0.0,nan,nan,nan
4626.841,1.54585e-05,0.0,nan,nan,nan
4626.925,1.546164e-05,0.0,nan,nan,nan
4627.009,1.54604e-05,0.0,nan,nan,nan
4627.092,1.545814e-05,0.0,nan,nan,nan
4627.182,1.54599e-05,0.0,nan,nan,nan
4627.268,1.545946e-05,0.0,nan,nan,nan
4627.352,1.545595e-05,0.0,nan,nan,nan
4627.435,1.546002e-05,0.0,nan,nan,nan
4627.521,1.545909e-05,0.0,nan,nan,nan
4627.604,1.546267e-05,0.0,nan,nan,nan
4627.688,1.546134e-05,0.0,nan,nan,nan
4627.783,1.545887e-05,0.0,nan,nan,nan
4627.867,1.545874e-05,0.0,nan,nan,nan
4627.95,1.546231e-05,0.0,nan,nan,nan
4628.034,1.546023e-05,0.0,nan,nan,nan
4628.118,1.546137e-05,0.0,nan,nan,nan
4628.202,1.54612e-05,0.0,nan,nan,nan
4628.285,1.546246e-05,0.0,nan,nan,nan
4628.395,1.546085e-05,0.0,nan,nan,nan
4628.478,1.545696e-05,0.0,nan,nan,nan
4628.583,1.545792e-05,0.0,nan,nan,nan
4628.667,1.545508e-05,0.0,nan,nan,nan
4628.754,1.545973e-05,0.0,nan,nan,nan
4628.838,1.546176e-05,0.0,nan,nan,nan
4628.921,1.546311e-05,0.0,nan,nan,nan
4629.028,1.545992e-05,0.0,nan,nan,nan
4629.112,1.545759e-05,0.0,nan,nan,nan
4629.211,1.545984e-05,0.0,nan,nan,nan
4629.295,1.545805e-05,0.0,nan,nan,nan
4629.378,1.546004e-05,0.0,nan,nan,nan
4629.462,1.545917e-05,0.0,nan,nan,nan
4629.545,1.546059e-05,0.0,nan,nan,nan
4629.63,1.545767e-05,0.0,nan,nan,nan
4629.717,1.545867e-05,0.0,nan,nan,nan
4629.823,1.545567e-05,0.0,nan,nan,nan
4629.906,1.545447e-05,0.0,nan,nan,nan
4629.991,1.545759e-05,0.0,nan,nan,nan
4630.075,1.545892e-05,0.0,nan,nan,nan
4630.158,1.545891e-05,0.0,nan,nan,nan
4630.242,1.545654e-05,0.0,nan,nan,nan
4630.326,1.545909e-05,0.0,nan,nan,nan
4630.429,1.545863e-05,0.0,nan,nan,nan
4630.512,1.545209e-05,0.0,nan,nan,nan
4630.597,1.545763e-05,0.0,nan,nan,nan
4630.68,1.545586e-05,0.0,nan,nan,nan
4630.764,1.545931e-05,0.0,nan,nan,nan
4630.848,1.545748e-05,0.0,nan,nan,nan
4630.936,1.545685e-05,0.0,nan,nan,nan
4631.02,1.545604e-05,0.0,nan,nan,nan
4631.104,1.545668e-05,0.0,nan,nan,nan
4631.189,1.5457e-05,0.0,nan,nan,nan
4631.273,1.545881e-05,0.0,nan,nan,nan
4631.356,1.545536e-05,0.0,nan,nan,nan
4631.443,1.545686e-05,0.0,nan,nan,nan
4631.527,1.54543e-05,0.0,nan,nan,nan
4631.611,1.545727e-05,0.0,nan,nan,nan
4631.695,1.5462e-05,0.0,nan,nan,nan
4631.78,1.545653e-05,0.0,nan,nan,nan
4631.864,1.545703e-05,0.0,nan,nan,nan
4631.951,1.545827e-05,0.0,nan,nan,nan
4632.038,1.545719e-05,0.0,nan,nan,nan
4632.122,1.545816e-05,0.0,nan,nan,nan
4632.206,1.545617e-05,0.0,nan,nan,nan
4632.29,1.546036e-05,0.0,nan,nan,nan
4632.374,1.546182e-05,0.0,nan,nan,nan
4632.499,1.54591e-05,0.0,nan,nan,nan
4632.582,1.545833e-05,0.0,nan,nan,nan
4632.668,1.545965e-05,0.0,nan,nan,nan
4632.751,1.545379e-05,0.0,nan,nan,nan
4632.853,1.545962e-05,0.0,nan,nan,nan
4632.937,1.546078e-05,0.0,nan,nan,nan
4633.021,1.545691e-05,0.0,nan,nan,nan
4633.104,1.545808e-05,0.0,nan,nan,nan
4633.188,1.545592e-05,0.0,nan,nan,nan
4633.277,1.546232e-05,0.0,nan,nan,nan
4633.361,1.545676e-05,0.0,nan,nan,nan
4633.446,1.545603e-05,0.0,nan,nan,nan
4633.53,1.545453e-05,0.0,nan,nan,nan
4633.619,1.545565e-05,0.0,nan,nan,nan
4633.702,1.546e-05,0.0,nan,nan,nan
4633.789,1.54548e-05,0.0,nan,nan,nan
4633.875,1.54568e-05,0.0,nan,nan,nan
4633.959,1.545886e-05,0.0,nan,nan,nan
4634.043,1.545708e-05,0.0,nan,nan,nan
4634.126,1.54513e-05,0.0,nan,nan,nan
4634.21,1.545539e-05,0.0,nan,nan,nan
4634.294,1.545315e-05,0.0,nan,nan,nan
4634.378,1.545727e-05,0.0,nan,nan,nan
4634.462,1.54569e-05,0.0,nan,nan,nan
4634.545,1.545328e-05,0.0,nan,nan,nan
4634.629,1.54577e-05,0.0,nan,nan,nan
4634.719,1.545448e-05,0.0,nan,nan,nan
4634.803,1.545772e-05,0.0,nan,nan,nan
4634.893,1.54584e-05,0.0,nan,nan,nan
4634.977,1.545716e-05,0.0,nan,nan,nan
4635.06,1.546161e-05,0.0,nan,nan,nan
4635.144,1.545662e-05,0.0,nan,nan,nan
4635.228,1.545774e-05,0.0,nan,nan,nan
4635.311,1.545658e-05,0.0,nan,nan,nan
4635.395,1.54596e-05,0.0,nan,nan,nan
4635.479,1.545983e-05,0.0,nan,nan,nan
4635.563,1.546232e-05,0.0,nan,nan,nan
4635.646,1.545934e-05,0.0,nan,nan,nan
4635.735,1.546232e-05,0.0,nan,nan,nan
4635.819,1.545965e-05,0.0,nan,nan,nan
4635.916,1.546187e-05,0.0,nan,nan,nan
4636.0,1.545453e-05,0.0,nan,nan,nan
4636.1,1.545231e-05,0.0,nan,nan,nan
4636.183,1.545519e-05,0.0,nan,nan,nan
4636.267,1.545543e-05,0.0,nan,nan,nan
4636.35,1.545759e-05,0.0,nan,nan,nan
4636.434,1.545296e-05,0.0,nan,nan,nan
4636.534,1.545349e-05,0.0,nan,nan,nan
4636.618,1.545898e-05,0.0,nan,nan,nan
4636.702,1.545763e-05,0.0,nan,nan,nan
4636.786,1.545381e-05,0.0,nan,nan,nan
4636.87,1.54546e-05,0.0,nan,nan,nan
4636.954,1.545257e-05,0.0,nan,nan,nan
4637.038,1.54578e-05,0.0,nan,nan,nan
4637.138,1.545765e-05,0.0,nan,nan,nan
4637.221,1.545897e-05,0.0,nan,nan,nan
4637.305,1.545399e-05,0.0,nan,nan,nan
4637.388,1.546052e-05,0.0,nan,nan,nan
4637.474,1.545894e-05,0.0,nan,nan,nan
4637.558,1.545627e-05,0.0,nan,nan,nan
4637.641,1.545569e-05,0.0,nan,nan,nan
4637.739,1.546009e-05,0.0,nan,nan,nan
4637.823,1.546022e-05,0.0,nan,nan,nan
4637.909,1.546196e-05,0.0,nan,nan,nan
4637.993,1.545801e-05,0.0,nan,nan,nan
4638.077,1.545722e-05,0.0,nan,nan,nan
4638.161,1.54566e-05,0.0,nan,nan,nan
4638.244,1.545738e-05,0.0,nan,nan,nan
4638.345,1.545877e-05,0.0,nan,nan,nan
4638.429,1.545591e-05,0.0,nan,nan,nan
4638.513,1.54575e-05,0.0,nan,nan,nan
4638.596,1.545553e-05,0.0,nan,nan,nan
4638.682,1.545822e-05,0.0,nan,nan,nan
4638.765,1.545781e-05,0.0,nan,nan,nan
4638.85,1.545614e-05,0.0,nan,nan,nan
4638.943,1.545497e-05,0.0,nan,nan,nan
4639.027,1.545619e-05,0.0,nan,nan,nan
4639.11,1.545802e-05,0.0,nan,nan,nan
4639.194,1.545665e-05,0.0,nan,nan,nan
4639.282,1.54553e-05,0.0,nan,nan,nan
4639.386,1.546069e-05,0.0,nan,nan,nan
4639.469,1.545724e-05,0.0,nan,nan,nan
4639.574,1.545752e-05,0.0,nan,nan,nan
4639.658,1.545791e-05,0.0,nan,nan,nan
4639.744,1.545649e-05,0.0,nan,nan,nan
4639.828,1.545672e-05,0.0,nan,nan,nan
4639.911,1.546011e-05,0.0,nan,nan,nan
4639.997,1.545904e-05,0.0,nan,nan,nan
4640.084,1.545828e-05,0.0,nan,nan,nan
4640.19,1.54612e-05,0.0,nan,nan,nan
4640.274,1.545409e-05,0.0,nan,nan,nan
4640.364,1.545588e-05,0.0,nan,nan,nan
4640.448,1.54575e-05,0.0,nan,nan,nan
4640.534,1.545851e-05,0.0,nan,nan,nan
4640.617,1.545823e-05,0.0,nan,nan,nan
4640.701,1.545501e-05,0.0,nan,nan,nan
4640.812,1.545805e-05,0.0,nan,nan,nan
4640.896,1.545549e-05,0.0,nan,nan,nan
4640.98,1.545555e-05,0.0,nan,nan,nan
4641.063,1.545933e-05,0.0,nan,nan,nan
4641.148,1.545338e-05,0.0,nan,nan,nan
4641.232,1.54565e-05,0.0,nan,nan,nan
4641.328,1.545535e-05,0.0,nan,nan,nan
4641.429,1.545449e-05,0.0,nan,nan,nan
4641.52,1.545494e-05,0.0,nan,nan,nan
4641.626,1.545255e-05,0.0,nan,nan,nan
4641.71,1.545312e-05,0.0,nan,nan,nan
4641.794,1.545328e-05,0.0,nan,nan,nan
4641.878,1.545318e-05,0.0,nan,nan,nan
4641.961,1.545824e-05,0.0,nan,nan,nan
4642.048,1.545424e-05,0.0,nan,nan,nan
4642.132,1.54568e-05,0.0,nan,nan,nan
4642.216,1.545579e-05,0.0,nan,nan,nan
4642.3,1.545818e-05,0.0,nan,nan,nan
4642.384,1.546032e-05,0.0,nan,nan,nan
4642.467,1.545657e-05,0.0,nan,nan,nan
4642.553,1.545642e-05,0.0,nan,nan,nan
4642.654,1.546017e-05,0.0,nan,nan,nan
4642.737,1.545616e-05,0.0,nan,nan,nan
4642.848,1.545712e-05,0.0,nan,nan,nan
4642.931,1.545627e-05,0.0,nan,nan,nan
4643.015,1.54556e-05,0.0,nan,nan,nan
4643.098,1.545533e-05,0.0,nan,nan,nan
4643.182,1.546041e-05,0.0,nan,nan,nan
4643.287,1.545531e-05,0.0,nan,nan,nan
4643.371,1.545752e-05,0.0,nan,nan,nan
4643.455,1.545738e-05,0.0,nan,nan,nan
4643.538,1.545731e-05,0.0,nan,nan,nan
4643.622,1.545684e-05,0.0,nan,nan,nan
4643.705,1.546184e-05,0.0,nan,nan,nan
4643.789,1.545613e-05,0.0,nan,nan,nan
4643.884,1.546016e-05,0.0,nan,nan,nan
4643.968,1.545912e-05,0.0,nan,nan,nan
4644.068,1.545906e-05,0.0,nan,nan,nan
4644.152,1.54544e-05,0.0,nan,nan,nan
4644.236,1.545557e-05,0.0,nan,nan,nan
4644.32,1.545143e-05,0.0,nan,nan,nan
4644.403,1.545568e-05,0.0,nan,nan,nan
4644.502,1.545296e-05,0.0,nan,nan,nan
4644.586,1.545772e-05,0.0,nan,nan,nan
4644.695,1.545801e-05,0.0,nan,nan,nan
4644.779,1.545818e-05,0.0,nan,nan,nan
4644.863,1.54569e-05,0.0,nan,nan,nan
4644.963,1.545691e-05,0.0,nan,nan,nan
4645.047,1.545621e-05,0.0,nan,nan,nan
4645.131,1.545536e-05,0.0,nan,nan,nan
4645.215,1.545706e-05,0.0,nan,nan,nan
4645.306,1.545939e-05,0.0,nan,nan,nan
4645.39,1.545727e-05,0.0,nan,nan,nan
4645.474,1.545601e-05,0.0,nan,nan,nan
4645.558,1.545423e-05,0.0,nan,nan,nan
4645.642,1.545445e-05,0.0,nan,nan,nan
4645.726,1.546348e-05,0.0,nan,nan,nan
4645.81,1.546134e-05,0.0,nan,nan,nan
4645.92,1.545833e-05,0.0,nan,nan,nan
4646.004,1.545921e-05,0.0,nan,nan,nan
4646.089,1.546147e-05,0.0,nan,nan,nan
4646.172,1.545796e-05,0.0,nan,nan,nan
4646.256,1.545658e-05,0.0,nan,nan,nan
4646.339,1.545984e-05,0.0,nan,nan,nan
4646.423,1.546123e-05,0.0,nan,nan,nan
4646.521,1.546266e-05,0.0,nan,nan,nan
4646.605,1.545935e-05,0.0,nan,nan,nan
4646.689,1.546018e-05,0.0,nan,nan,nan
4646.772,1.546026e-05,0.0,nan,nan,nan
4646.856,1.546436e-05,0.0,nan,nan,nan
4646.94,1.546078e-05,0.0,nan,nan,nan
4647.033,1.545731e-05,0.0,nan,nan,nan
4647.135,1.546057e-05,0.0,nan,nan,nan
4647.219,1.545976e-05,0.0,nan,nan,nan
4647.317,1.545363e-05,0.0,nan,nan,nan
4647.4,1.545184e-05,0.0,nan,nan,nan
4647.484,1.54517e-05,0.0,nan,nan,nan
4647.568,1.545643e-05,0.0,nan,nan,nan
4647.651,1.545593e-05,0.0,nan,nan,nan
4647.747,1.545706e-05,0.0,nan,nan,nan
4647.831,1.545668e-05,0.0,nan,nan,nan
4647.942,1.545638e-05,0.0,nan,nan,nan
4648.026,1.545873e-05,0.0,nan,nan,nan
4648.109,1.545461e-05,0.0,nan,nan,nan
4648.193,1.545825e-05,0.0,nan,nan,nan
4648.277,1.546086e-05,0.0,nan,nan,nan
4648.36,1.54624e-05,0.0,nan,nan,nan
4648.444,1.546041e-05,0.0,nan,nan,nan
4648.528,1.545603e-05,0.0,nan,nan,nan
4648.611,1.546087e-05,0.0,nan,nan,nan
4648.695,1.545702e-05,0.0,nan,nan,nan
4648.779,1.546177e-05,0.0,nan,nan,nan
4648.862,1.54617e-05,0.0,nan,nan,nan
4648.946,1.546098e-05,0.0,nan,nan,nan
4649.029,1.545835e-05,0.0,nan,nan,nan
4649.114,1.545685e-05,0.0,nan,nan,nan
4649.207,1.545691e-05,0.0,nan,nan,nan
4649.29,1.545757e-05,0.0,nan,nan,nan
4649.387,1.546272e-05,0.0,nan,nan,nan
4649.47,1.54616e-05,0.0,nan,nan,nan
4649.557,1.546269e-05,0.0,nan,nan,nan
4649.64,1.546207e-05,0.0,nan,nan,nan
4649.724,1.546215e-05,0.0,nan,nan,nan
4649.807,1.546148e-05,0.0,nan,nan,nan
4649.891,1.546162e-05,0.0,nan,nan,nan
4649.975,1.546094e-05,0.0,nan,nan,nan
4650.059,1.546076e-05,0.0,nan,nan,nan
4650.144,1.546059e-05,0.0,nan,nan,nan
4650.228,1.545947e-05,0.0,nan,nan,nan
4650.312,1.545627e-05,0.0,nan,nan,nan
4650.404,1.54589e-05,0.0,nan,nan,nan
4650.488,1.545971e-05,0.0,nan,nan,nan
4650.572,1.545966e-05,0.0,nan,nan,nan
4650.656,1.546452e-05,0.0,nan,nan,nan
4650.739,1.546498e-05,0.0,nan,nan,nan
4650.823,1.546404e-05,0.0,nan,nan,nan
4650.906,1.545693e-05,0.0,nan,nan,nan
4651.012,1.545982e-05,0.0,nan,nan,nan
4651.096,1.546294e-05,0.0,nan,nan,nan
4651.19,1.545945e-05,0.0,nan,nan,nan
4651.274,1.54619e-05,0.0,nan,nan,nan
4651.357,1.546088e-05,0.0,nan,nan,nan
4651.441,1.546123e-05,0.0,nan,nan,nan
4651.525,1.546257e-05,0.0,nan,nan,nan
4651.626,1.545912e-05,0.0,nan,nan,nan
4651.71,1.545871e-05,0.0,nan,nan,nan
4651.822,1.546164e-05,0.0,nan,nan,nan
4651.906,1.545993e-05,0.0,nan,nan,nan
4651.989,1.546261e-05,0.0,nan,nan,nan
4652.073,1.545951e-05,0.0,nan,nan,nan
4652.156,1.54595e-05,0.0,nan,nan,nan
4652.248,1.546219e-05,0.0,nan,nan,nan
4652.332,1.546309e-05,0.0,nan,nan,nan
4652.416,1.545998e-05,0.0,nan,nan,nan
4652.499,1.546559e-05,0.0,nan,nan,nan
4652.584,1.546015e-05,0.0,nan,nan,nan
4652.668,1.54602e-05,0.0,nan,nan,nan
4652.752,1.545948e-05,0.0,nan,nan,nan
4652.849,1.546226e-05,0.0,nan,nan,nan
4652.933,1.545975e-05,0.0,nan,nan,nan
4653.038,1.546057e-05,0.0,nan,nan,nan
4653.122,1.546388e-05,0.0,nan,nan,nan
4653.213,1.545713e-05,0.0,nan,nan,nan
4653.298,1.545961e-05,0.0,nan,nan,nan
4653.382,1.54595e-05,0.0,nan,nan,nan
4653.469,1.545971e-05,0.0,nan,nan,nan
4653.553,1.54597e-05,0.0,nan,nan,nan
4653.649,1.546005e-05,0.0,nan,nan,nan
4653.733,1.545948e-05,0.0,nan,nan,nan
4653.816,1.546051e-05,0.0,nan,nan,nan
4653.899,1.54616e-05,0.0,nan,nan,nan
4653.983,1.546062e-05,0.0,nan,nan,nan
4654.073,1.546366e-05,0.0,nan,nan,nan
4654.157,1.545912e-05,0.0,nan,nan,nan
4654.242,1.546276e-05,0.0,nan,nan,nan
4654.325,1.546195e-05,0.0,nan,nan,nan
4654.409,1.545747e-05,0.0,nan,nan,nan
4654.493,1.545732e-05,0.0,nan,nan,nan
4654.577,1.546184e-05,0.0,nan,nan,nan
4654.68,1.545902e-05,0.0,nan,nan,nan
4654.764,1.546055e-05,0.0,nan,nan,nan
4654.847,1.545745e-05,0.0,nan,nan,nan
4654.931,1.546044e-05,0.0,nan,nan,nan
4655.016,1.546091e-05,0.0,nan,nan,nan
4655.099,1.545869e-05,0.0,nan,nan,nan
4655.186,1.545736e-05,0.0,nan,nan,nan
4655.312,1.546044e-05,0.0,nan,nan,nan
4655.396,1.545911e-05,0.0,nan,nan,nan
4655.505,1.545992e-05,0.0,nan,nan,nan
4655.589,1.546265e-05,0.0,nan,nan,nan
4655.672,1.54616e-05,0.0,nan,nan,nan
4655.756,1.546456e-05,0.0,nan,nan,nan
4655.846,1.546648e-05,0.0,nan,nan,nan
4655.93,1.54613e-05,0.0,nan,nan,nan
4656.015,1.545799e-05,0.0,nan,nan,nan
4656.1,1.546313e-05,0.0,nan,nan,nan
4656.184,1.545628e-05,0.0,nan,nan,nan
4656.267,1.545825e-05,0.0,nan,nan,nan
4656.351,1.545845e-05,0.0,nan,nan,nan
4656.435,1.54614e-05,0.0,nan,nan,nan
4656.519,1.546231e-05,0.0,nan,nan,nan
4656.602,1.546357e-05,0.0,nan,nan,nan
4656.698,1.546498e-05,0.0,nan,nan,nan
4656.782,1.545886e-05,0.0,nan,nan,nan
4656.865,1.546007e-05,0.0,nan,nan,nan
4656.949,1.546236e-05,0.0,nan,nan,nan
4657.033,1.545811e-05,0.0,nan,nan,nan
4657.127,1.545722e-05,0.0,nan,nan,nan
4657.211,1.546132e-05,0.0,nan,nan,nan
4657.306,1.546313e-05,0.0,nan,nan,nan
4657.404,1.546179e-05,0.0,nan,nan,nan
4657.487,1.546182e-05,0.0,nan,nan,nan
4657.571,1.546077e-05,0.0,nan,nan,nan
4657.655,1.545804e-05,0.0,nan,nan,nan
4657.743,1.546145e-05,0.0,nan,nan,nan
4657.827,1.546143e-05,0.0,nan,nan,nan
4657.91,1.546301e-05,0.0,nan,nan,nan
4657.994,1.545923e-05,0.0,nan,nan,nan
4658.078,1.545796e-05,0.0,nan,nan,nan
4658.161,1.546421e-05,0.0,nan,nan,nan
4658.245,1.546176e-05,0.0,nan,nan,nan
4658.341,1.545887e-05,0.0,nan,nan,nan
4658.425,1.545887e-05,0.0,nan,nan,nan
4658.508,1.546251e-05,0.0,nan,nan,nan
4658.592,1.546001e-05,0.0,nan,nan,nan
4658.676,1.54598e-05,0.0,nan,nan,nan
4658.766,1.545992e-05,0.0,nan,nan,nan
4658.85,1.54645e-05,0.0,nan,nan,nan
4658.934,1.54596e-05,0.0,nan,nan,nan
4659.017,1.545989e-05,0.0,nan,nan,nan
4659.101,1.545989e-05,0.0,nan,nan,nan
4659.185,1.545841e-05,0.0,nan,nan,nan
4659.269,1.545938e-05,0.0,nan,nan,nan
4659.375,1.546305e-05,0.0,nan,nan,nan
4659.481,1.546041e-05,0.0,nan,nan,nan
4659.581,1.546159e-05,0.0,nan,nan,nan
4659.664,1.546383e-05,0.0,nan,nan,nan
4659.748,1.546272e-05,0.0,nan,nan,nan
4659.832,1.546177e-05,0.0,nan,nan,nan
4659.916,1.546267e-05,0.0,nan,nan,nan
4660.002,1.546317e-05,0.0,nan,nan,nan
4660.086,1.546523e-05,0.0,nan,nan,nan
4660.171,1.546241e-05,0.0,nan,nan,nan
4660.255,1.546271e-05,0.0,nan,nan,nan
4660.339,1.546261e-05,0.0,nan,nan,nan
4660.422,1.546308e-05,0.0,nan,nan,nan
4660.506,1.546553e-05,0.0,nan,nan,nan
4660.612,1.546437e-05,0.0,nan,nan,nan
4660.696,1.546621e-05,0.0,nan,nan,nan
4660.8,1.546553e-05,0.0,nan,nan,nan
4660.883,1.546635e-05,0.0,nan,nan,nan
4660.97,1.546214e-05,0.0,nan,nan,nan
4661.054,1.546501e-05,0.0,nan,nan,nan
4661.138,1.54655e-05,0.0,nan,nan,nan
4661.221,1.546489e-05,0.0,nan,nan,nan
4661.305,1.546679e-05,0.0,nan,nan,nan
4661.412,1.545942e-05,0.0,nan,nan,nan
4661.529,1.547079e-05,0.0,nan,nan,nan
4661.612,1.546773e-05,0.0,nan,nan,nan
4661.696,1.546333e-05,0.0,nan,nan,nan
4661.78,1.546613e-05,0.0,nan,nan,nan
4661.864,1.54656e-05,0.0,nan,nan,nan
4661.951,1.546713e-05,0.0,nan,nan,nan
4662.062,1.546925e-05,0.0,nan,nan,nan
4662.147,1.546875e-05,0.0,nan,nan,nan
4662.23,1.546685e-05,0.0,nan,nan,nan
4662.314,1.546437e-05,0.0,nan,nan,nan
4662.429,1.54671e-05,0.0,nan,nan,nan
4662.513,1.546785e-05,0.0,nan,nan,nan
4662.597,1.546469e-05,0.0,nan,nan,nan
4662.68,1.54619e-05,0.0,nan,nan,nan
4662.765,1.546229e-05,0.0,nan,nan,nan
4662.848,1.546323e-05,0.0,nan,nan,nan
4662.932,1.546215e-05,0.0,nan,nan,nan
4663.037,1.54658e-05,0.0,nan,nan,nan
4663.121,1.546615e-05,0.0,nan,nan,nan
4663.205,1.546571e-05,0.0,nan,nan,nan
4663.288,1.546548e-05,0.0,nan,nan,nan
4663.372,1.546175e-05,0.0,nan,nan,nan
4663.475,1.546717e-05,0.0,nan,nan,nan
4663.559,1.546337e-05,0.0,nan,nan,nan
4663.648,1.546522e-05,0.0,nan,nan,nan
4663.731,1.546229e-05,0.0,nan,nan,nan
4663.815,1.546224e-05,0.0,nan,nan,nan
4663.899,1.545927e-05,0.0,nan,nan,nan
4663.983,1.546579e-05,0.0,nan,nan,nan
4664.069,1.54639e-05,0.0,nan,nan,nan
4664.153,1.546218e-05,0.0,nan,nan,nan
4664.237,1.546419e-05,0.0,nan,nan,nan
4664.321,1.546713e-05,0.0,nan,nan,nan
4664.404,1.546103e-05,0.0,nan,nan,nan
4664.488,1.545967e-05,0.0,nan,nan,nan
4664.572,1.546192e-05,0.0,nan,nan,nan
4664.667,1.546359e-05,0.0,nan,nan,nan
4664.751,1.546425e-05,0.0,nan,nan,nan
4664.836,1.546003e-05,0.0,nan,nan,nan
4664.92,1.545562e-05,0.0,nan,nan,nan
4665.004,1.545812e-05,0.0,nan,nan,nan
4665.088,1.545518e-05,0.0,nan,nan,nan
4665.171,1.54567e-05,0.0,nan,nan,nan
4665.256,1.546208e-05,0.0,nan,nan,nan
4665.339,1.546127e-05,0.0,nan,nan,nan
4665.423,1.546051e-05,0.0,nan,nan,nan
4665.515,1.546091e-05,0.0,nan,nan,nan
4665.598,1.546067e-05,0.0,nan,nan,nan
4665.725,1.546008e-05,0.0,nan,nan,nan
4665.808,1.545905e-05,0.0,nan,nan,nan
4665.913,1.545934e-05,0.0,nan,nan,nan
4665.997,1.5462e-05,0.0,nan,nan,nan
4666.113,1.546011e-05,0.0,nan,nan,nan
4666.197,1.546277e-05,0.0,nan,nan,nan
4666.28,1.546111e-05,0.0,nan,nan,nan
4666.364,1.54596e-05,0.0,nan,nan,nan
4666.448,1.546317e-05,0.0,nan,nan,nan
4666.538,1.546222e-05,0.0,nan,nan,nan
4666.621,1.546261e-05,0.0,nan,nan,nan
4666.705,1.546456e-05,0.0,nan,nan,nan
4666.789,1.546346e-05,0.0,nan,nan,nan
4666.872,1.546405e-05,0.0,nan,nan,nan
4666.955,1.546053e-05,0.0,nan,nan,nan
4667.039,1.545941e-05,0.0,nan,nan,nan
4667.128,1.546045e-05,0.0,nan,nan,nan
4667.212,1.546266e-05,0.0,nan,nan,nan
4667.295,1.545673e-05,0.0,nan,nan,nan
4667.379,1.545858e-05,0.0,nan,nan,nan
4667.465,1.546128e-05,0.0,nan,nan,nan
4667.549,1.546065e-05,0.0,nan,nan,nan
4667.633,1.546027e-05,0.0,nan,nan,nan
4667.719,1.546079e-05,0.0,nan,nan,nan
4667.831,1.546052e-05,0.0,nan,nan,nan
4667.915,1.546047e-05,0.0,nan,nan,nan
4667.998,1.546021e-05,0.0,nan,nan,nan
4668.082,1.546351e-05,0.0,nan,nan,nan
4668.168,1.545634e-05,0.0,nan,nan,nan
4668.252,1.545579e-05,0.0,nan,nan,nan
4668.339,1.545887e-05,0.0,nan,nan,nan
4668.423,1.545462e-05,0.0,nan,nan,nan
4668.507,1.545757e-05,0.0,nan,nan,nan
4668.591,1.54622e-05,0.0,nan,nan,nan
4668.674,1.545961e-05,0.0,nan,nan,nan
4668.767,1.545993e-05,0.0,nan,nan,nan
4668.85,1.545856e-05,0.0,nan,nan,nan
4668.934,1.545768e-05,0.0,nan,nan,nan
4669.018,1.545726e-05,0.0,nan,nan,nan
4669.102,1.545952e-05,0.0,nan,nan,nan
4669.203,1.545795e-05,0.0,nan,nan,nan
4669.287,1.545847e-05,0.0,nan,nan,nan
4669.38,1.545671e-05,0.0,nan,nan,nan
4669.464,1.545677e-05,0.0,nan,nan,nan
4669.548,1.545613e-05,0.0,nan,nan,nan
4669.631,1.545805e-05,0.0,nan,nan,nan
4669.715,1.545967e-05,0.0,nan,nan,nan
4669.82,1.545391e-05,0.0,nan,nan,nan
4669.904,1.546127e-05,0.0,nan,nan,nan
4669.994,1.545926e-05,0.0,nan,nan,nan
4670.078,1.545841e-05,0.0,nan,nan,nan
4670.186,1.545508e-05,0.0,nan,nan,nan
4670.269,1.545344e-05,0.0,nan,nan,nan
4670.355,1.545862e-05,0.0,nan,nan,nan
4670.438,1.545803e-05,0.0,nan,nan,nan
4670.522,1.545913e-05,0.0,nan,nan,nan
4670.606,1.545908e-05,0.0,nan,nan,nan
4670.69,1.545469e-05,0.0,nan,nan,nan
4670.776,1.546084e-05,0.0,nan,nan,nan
4670.87,1.545824e-05,0.0,nan,nan,nan
4670.953,1.545802e-05,0.0,nan,nan,nan
4671.037,1.545678e-05,0.0,nan,nan,nan
4671.121,1.545753e-05,0.0,nan,nan,nan
4671.204,1.545559e-05,0.0,nan,nan,nan
4671.288,1.545411e-05,0.0,nan,nan,nan
4671.375,1.545566e-05,0.0,nan,nan,nan
4671.458,1.545576e-05,0.0,nan,nan,nan
4671.544,1.545817e-05,0.0,nan,nan,nan
4671.635,1.546116e-05,0.0,nan,nan,nan
4671.719,1.545853e-05,0.0,nan,nan,nan
4671.829,1.545519e-05,0.0,nan,nan,nan
4671.917,1.545625e-05,0.0,nan,nan,nan
4672.024,1.545637e-05,0.0,nan,nan,nan
4672.108,1.545522e-05,0.0,nan,nan,nan
4672.192,1.546111e-05,0.0,nan,nan,nan
4672.275,1.545695e-05,0.0,nan,nan,nan
4672.361,1.545552e-05,0.0,nan,nan,nan
4672.446,1.545388e-05,0.0,nan,nan,nan
4672.533,1.545718e-05,0.0,nan,nan,nan
4672.631,1.54584e-05,0.0,nan,nan,nan
4672.715,1.545636e-05,0.0,nan,nan,nan
4672.816,1.54563e-05,0.0,nan,nan,nan
4672.9,1.545594e-05,0.0,nan,nan,nan
4672.983,1.545891e-05,0.0,nan,nan,nan
4673.067,1.545982e-05,0.0,nan,nan,nan
4673.15,1.545829e-05,0.0,nan,nan,nan
4673.242,1.545542e-05,0.0,nan,nan,nan
4673.326,1.545724e-05,0.0,nan,nan,nan
4673.411,1.545776e-05,0.0,nan,nan,nan
4673.494,1.545935e-05,0.0,nan,nan,nan
4673.582,1.545825e-05,0.0,nan,nan,nan
4673.685,1.545861e-05,0.0,nan,nan,nan
4673.769,1.545848e-05,0.0,nan,nan,nan
4673.853,1.545618e-05,0.0,nan,nan,nan
4673.962,1.545832e-05,0.0,nan,nan,nan
4674.047,1.54601e-05,0.0,nan,nan,nan
4674.13,1.54533e-05,0.0,nan,nan,nan
4674.214,1.545969e-05,0.0,nan,nan,nan
4674.297,1.546215e-05,0.0,nan,nan,nan
4674.381,1.546179e-05,0.0,nan,nan,nan
4674.465,1.546254e-05,0.0,nan,nan,nan
4674.548,1.546141e-05,0.0,nan,nan,nan
4674.632,1.545691e-05,0.0,nan,nan,nan
4674.72,1.545715e-05,0.0,nan,nan,nan
4674.804,1.545713e-05,0.0,nan,nan,nan
4674.888,1.545618e-05,0.0,nan,nan,nan
4674.972,1.545932e-05,0.0,nan,nan,nan
4675.055,1.545763e-05,0.0,nan,nan,nan
4675.139,1.545892e-05,0.0,nan,nan,nan
4675.223,1.545239e-05,0.0,nan,nan,nan
4675.307,1.545873e-05,0.0,nan,nan,nan
4675.391,1.545546e-05,0.0,nan,nan,nan
4675.475,1.545883e-05,0.0,nan,nan,nan
4675.558,1.545882e-05,0.0,nan,nan,nan
4675.643,1.546102e-05,0.0,nan,nan,nan
4675.727,1.545812e-05,0.0,nan,nan,nan
4675.81,1.545875e-05,0.0,nan,nan,nan
4675.896,1.545569e-05,0.0,nan,nan,nan
4675.98,1.545984e-05,0.0,nan,nan,nan
4676.084,1.545735e-05,0.0,nan,nan,nan
4676.171,1.545629e-05,0.0,nan,nan,nan
4676.255,1.545711e-05,0.0,nan,nan,nan
4676.338,1.545925e-05,0.0,nan,nan,nan
4676.422,1.545733e-05,0.0,nan,nan,nan
4676.527,1.54598e-05,0.0,nan,nan,nan
4676.61,1.546297e-05,0.0,nan,nan,nan
4676.694,1.546154e-05,0.0,nan,nan,nan
4676.777,1.546102e-05,0.0,nan,nan,nan
4676.861,1.545673e-05,0.0,nan,nan,nan
4676.947,1.546092e-05,0.0,nan,nan,nan
4677.035,1.546236e-05,0.0,nan,nan,nan
4677.148,1.545904e-05,0.0,nan,nan,nan
4677.235,1.545787e-05,0.0,nan,nan,nan
4677.332,1.546062e-05,0.0,nan,nan,nan
4677.416,1.54627e-05,0.0,nan,nan,nan
4677.505,1.546135e-05,0.0,nan,nan,nan
4677.589,1.545741e-05,0.0,nan,nan,nan
4677.673,1.54612e-05,0.0,nan,nan,nan
4677.772,1.545894e-05,0.0,nan,nan,nan
4677.855,1.54582e-05,0.0,nan,nan,nan
4677.941,1.545914e-05,0.0,nan,nan,nan
4678.025,1.545755e-05,0.0,nan,nan,nan
4678.129,1.546114e-05,0.0,nan,nan,nan
4678.233,1.545794e-05,0.0,nan,nan,nan
4678.321,1.545771e-05,0.0,nan,nan,nan
4678.405,1.545572e-05,0.0,nan,nan,nan
4678.489,1.54593e-05,0.0,nan,nan,nan
4678.578,1.545826e-05,0.0,nan,nan,nan
4678.662,1.545691e-05,0.0,nan,nan,nan
4678.746,1.54609e-05,0.0,nan,nan,nan
4678.829,1.545959e-05,0.0,nan,nan,nan
4678.913,1.546304e-05,0.0,nan,nan,nan
4679.032,1.545835e-05,0.0,nan,nan,nan
4679.116,1.545334e-05,0.0,nan,nan,nan
4679.205,1.545976e-05,0.0,nan,nan,nan
4679.29,1.546259e-05,0.0,nan,nan,nan
4679.373,1.546307e-05,0.0,nan,nan,nan
4679.463,1.546134e-05,0.0,nan,nan,nan
4679.546,1.545896e-05,0.0,nan,nan,nan
4679.645,1.545689e-05,0.0,nan,nan,nan
4679.728,1.545957e-05,0.0,nan,nan,nan
4679.812,1.545629e-05,0.0,nan,nan,nan
4679.896,1.545501e-05,0.0,nan,nan,nan
4679.98,1.54617e-05,0.0,nan,nan,nan
4680.087,1.545978e-05,0.0,nan,nan,nan
4680.212,1.545881e-05,0.0,nan,nan,nan
4680.296,1.546062e-05,0.0,nan,nan,nan
4680.38,1.546044e-05,0.0,nan,nan,nan
4680.474,1.546306e-05,0.0,nan,nan,nan
4680.557,1.545928e-05,0.0,nan,nan,nan
4680.641,1.546119e-05,0.0,nan,nan,nan
4680.725,1.546031e-05,0.0,nan,nan,nan
4680.834,1.546092e-05,0.0,nan,nan,nan
4680.918,1.545802e-05,0.0,nan,nan,nan
4681.017,1.545756e-05,0.0,nan,nan,nan
4681.101,1.54569e-05,0.0,nan,nan,nan
4681.184,1.545713e-05,0.0,nan,nan,nan
4681.268,1.545661e-05,0.0,nan,nan,nan
4681.352,1.546214e-05,0.0,nan,nan,nan
4681.439,1.546321e-05,0.0,nan,nan,nan
4681.523,1.545936e-05,0.0,nan,nan,nan
4681.63,1.545976e-05,0.0,nan,nan,nan
4681.714,1.545852e-05,0.0,nan,nan,nan
4681.797,1.54615e-05,0.0,nan,nan,nan
4681.881,1.546221e-05,0.0,nan,nan,nan
4681.965,1.54612e-05,0.0,nan,nan,nan
4682.057,1.546235e-05,0.0,nan,nan,nan
4682.141,1.546011e-05,0.0,nan,nan,nan
4682.224,1.54655e-05,0.0,nan,nan,nan
4682.317,1.546194e-05,0.0,nan,nan,nan
4682.401,1.545971e-05,0.0,nan,nan,nan
4682.484,1.546151e-05,0.0,nan,nan,nan
4682.568,1.545863e-05,0.0,nan,nan,nan
4682.662,1.546275e-05,0.0,nan,nan,nan
4682.746,1.546225e-05,0.0,nan,nan,nan
4682.832,1.546115e-05,0.0,nan,nan,nan
4682.916,1.545938e-05,0.0,nan,nan,nan
4683.006,1.546438e-05,0.0,nan,nan,nan
4683.09,1.546319e-05,0.0,nan,nan,nan
4683.173,1.546495e-05,0.0,nan,nan,nan
4683.285,1.546371e-05,0.0,nan,nan,nan
4683.369,1.546073e-05,0.0,nan,nan,nan
4683.47,1.546618e-05,0.0,nan,nan,nan
4683.554,1.546418e-05,0.0,nan,nan,nan
4683.641,1.546428e-05,0.0,nan,nan,nan
4683.725,1.546616e-05,0.0,nan,nan,nan
4683.809,1.546045e-05,0.0,nan,nan,nan
4683.893,1.546252e-05,0.0,nan,nan,nan
4683.977,1.546311e-05,0.0,nan,nan,nan
4684.06,1.546394e-05,0.0,nan,nan,nan
4684.144,1.545864e-05,0.0,nan,nan,nan
4684.229,1.546246e-05,0.0,nan,nan,nan
4684.312,1.546186e-05,0.0,nan,nan,nan
4684.396,1.546085e-05,0.0,nan,nan,nan
4684.479,1.546278e-05,0.0,nan,nan,nan
4684.562,1.546206e-05,0.0,nan,nan,nan
4684.648,1.546284e-05,0.0,nan,nan,nan
4684.732,1.546176e-05,0.0,nan,nan,nan
4684.818,1.546246e-05,0.0,nan,nan,nan
4684.92,1.54602e-05,0.0,nan,nan,nan
4685.004,1.546387e-05,0.0,nan,nan,nan
4685.11,1.546533e-05,0.0,nan,nan,nan
4685.194,1.546412e-05,0.0,nan,nan,nan
4685.28,1.546585e-05,0.0,nan,nan,nan
4685.364,1.5465e-05,0.0,nan,nan,nan
4685.448,1.546347e-05,0.0,nan,nan,nan
4685.548,1.546623e-05,0.0,nan,nan,nan
4685.632,1.545816e-05,0.0,nan,nan,nan
4685.734,1.546121e-05,0.0,nan,nan,nan
4685.818,1.546011e-05,0.0,nan,nan,nan
4685.902,1.54605e-05,0.0,nan,nan,nan
4685.986,1.546281e-05,0.0,nan,nan,nan
4686.07,1.546248e-05,0.0,nan,nan,nan
4686.158,1.54618e-05,0.0,nan,nan,nan
4686.241,1.546222e-05,0.0,nan,nan,nan
4686.346,1.546255e-05,0.0,nan,nan,nan
4686.446,1.546855e-05,0.0,nan,nan,nan
4686.529,1.546438e-05,0.0,nan,nan,nan
4686.613,1.546282e-05,0.0,nan,nan,nan
4686.698,1.546141e-05,0.0,nan,nan,nan
4686.783,1.545948e-05,0.0,nan,nan,nan
4686.866,1.546114e-05,0.0,nan,nan,nan
4686.95,1.545897e-05,0.0,nan,nan,nan
4687.034,1.545169e-05,0.0,nan,nan,nan
4687.122,1.545706e-05,0.0,nan,nan,nan
4687.206,1.546133e-05,0.0,nan,nan,nan
4687.289,1.545541e-05,0.0,nan,nan,nan
4687.384,1.54549e-05,0.0,nan,nan,nan
4687.467,1.545664e-05,0.0,nan,nan,nan
4687.559,1.545612e-05,0.0,nan,nan,nan
4687.642,1.545694e-05,0.0,nan,nan,nan
4687.726,1.545717e-05,0.0,nan,nan,nan
4687.81,1.546142e-05,0.0,nan,nan,nan
4687.893,1.545992e-05,0.0,nan,nan,nan
4687.981,1.546143e-05,0.0,nan,nan,nan
4688.065,1.546244e-05,0.0,nan,nan,nan
4688.148,1.546166e-05,0.0,nan,nan,nan
4688.232,1.546279e-05,0.0,nan,nan,nan
4688.316,1.54598e-05,0.0,nan,nan,nan
4688.405,1.545733e-05,0.0,nan,nan,nan
4688.545,1.545853e-05,0.0,nan,nan,nan
4688.639,1.546212e-05,0.0,nan,nan,nan
4688.723,1.545571e-05,0.0,nan,nan,nan
4688.807,1.546104e-05,0.0,nan,nan,nan
4688.89,1.54579e-05,0.0,nan,nan,nan
4688.991,1.545741e-05,0.0,nan,nan,nan
4689.075,1.545741e-05,0.0,nan,nan,nan
4689.158,1.545627e-05,0.0,nan,nan,nan
4689.242,1.545571e-05,0.0,nan,nan,nan
4689.326,1.545951e-05,0.0,nan,nan,nan
4689.409,1.546012e-05,0.0,nan,nan,nan
4689.493,1.545941e-05,0.0,nan,nan,nan
4689.577,1.545557e-05,0.0,nan,nan,nan
4689.661,1.545893e-05,0.0,nan,nan,nan
4689.744,1.546207e-05,0.0,nan,nan,nan
4689.828,1.545946e-05,0.0,nan,nan,nan
4689.912,1.546204e-05,0.0,nan,nan,nan
4690.014,1.546227e-05,0.0,nan,nan,nan
4690.099,1.545558e-05,0.0,nan,nan,nan
4690.182,1.545771e-05,0.0,nan,nan,nan
4690.266,1.546016e-05,0.0,nan,nan,nan
4690.351,1.545823e-05,0.0,nan,nan,nan
4690.435,1.545985e-05,0.0,nan,nan,nan
4690.52,1.546299e-05,0.0,nan,nan,nan
4690.613,1.54572e-05,0.0,nan,nan,nan
4690.696,1.545282e-05,0.0,nan,nan,nan
4690.807,1.545827e-05,0.0,nan,nan,nan
4690.891,1.545135e-05,0.0,nan,nan,nan
4690.976,1.545463e-05,0.0,nan,nan,nan
4691.06,1.545461e-05,0.0,nan,nan,nan
4691.144,1.545769e-05,0.0,nan,nan,nan
4691.245,1.54534e-05,0.0,nan,nan,nan
4691.329,1.545481e-05,0.0,nan,nan,nan
4691.412,1.54568e-05,0.0,nan,nan,nan
4691.496,1.545565e-05,0.0,nan,nan,nan
4691.58,1.545775e-05,0.0,nan,nan,nan
4691.664,1.54571e-05,0.0,nan,nan,nan
4691.751,1.545768e-05,0.0,nan,nan,nan
4691.848,1.545328e-05,0.0,nan,nan,nan
4691.932,1.545493e-05,0.0,nan,nan,nan
4692.015,1.545458e-05,0.0,nan,nan,nan
4692.099,1.545827e-05,0.0,nan,nan,nan
4692.187,1.545848e-05,0.0,nan,nan,nan
4692.293,1.545478e-05,0.0,nan,nan,nan
4692.382,1.545675e-05,0.0,nan,nan,nan
4692.47,1.545529e-05,0.0,nan,nan,nan
4692.554,1.545554e-05,0.0,nan,nan,nan
4692.662,1.545855e-05,0.0,nan,nan,nan
4692.745,1.545973e-05,0.0,nan,nan,nan
4692.832,1.545324e-05,0.0,nan,nan,nan
4692.916,1.545755e-05,0.0,nan,nan,nan
4692.999,1.545157e-05,0.0,nan,nan,nan
4693.083,1.54582e-05,0.0,nan,nan,nan
4693.167,1.545586e-05,0.0,nan,nan,nan
4693.25,1.545482e-05,0.0,nan,nan,nan
4693.334,1.546002e-05,0.0,nan,nan,nan
4693.418,1.545739e-05,0.0,nan,nan,nan
4693.513,1.545903e-05,0.0,nan,nan,nan
4693.602,1.545282e-05,0.0,nan,nan,nan
4693.704,1.545738e-05,0.0,nan,nan,nan
4693.788,1.545734e-05,0.0,nan,nan,nan
4693.871,1.545782e-05,0.0,nan,nan,nan
4693.955,1.545705e-05,0.0,nan,nan,nan
4694.039,1.545531e-05,0.0,nan,nan,nan
4694.123,1.545451e-05,0.0,nan,nan,nan
4694.207,1.54588e-05,0.0,nan,nan,nan
4694.29,1.546128e-05,0.0,nan,nan,nan
4694.374,1.546117e-05,0.0,nan,nan,nan
4694.457,1.545937e-05,0.0,nan,nan,nan
4694.541,1.54593e-05,0.0,nan,nan,nan
4694.625,1.546414e-05,0.0,nan,nan,nan
4694.726,1.546118e-05,0.0,nan,nan,nan
4694.81,1.546064e-05,0.0,nan,nan,nan
4694.908,1.546431e-05,0.0,nan,nan,nan
4694.991,1.546366e-05,0.0,nan,nan,nan
4695.076,1.546118e-05,0.0,nan,nan,nan
4695.16,1.54643e-05,0.0,nan,nan,nan
4695.244,1.54583e-05,0.0,nan,nan,nan
4695.331,1.546324e-05,0.0,nan,nan,nan
4695.419,1.546069e-05,0.0,nan,nan,nan
4695.517,1.545933e-05,0.0,nan,nan,nan
4695.6,1.545675e-05,0.0,nan,nan,nan
4695.689,1.54575e-05,0.0,nan,nan,nan
4695.772,1.545827e-05,0.0,nan,nan,nan
4695.856,1.545794e-05,0.0,nan,nan,nan
4695.939,1.545936e-05,0.0,nan,nan,nan
4696.023,1.545469e-05,0.0,nan,nan,nan
4696.106,1.545858e-05,0.0,nan,nan,nan
4696.19,1.546086e-05,0.0,nan,nan,nan
4696.274,1.546009e-05,0.0,nan,nan,nan
4696.357,1.545655e-05,0.0,nan,nan,nan
4696.441,1.545814e-05,0.0,nan,nan,nan
4696.525,1.546062e-05,0.0,nan,nan,nan
4696.608,1.545708e-05,0.0,nan,nan,nan
4696.692,1.54569e-05,0.0,nan,nan,nan
4696.782,1.545542e-05,0.0,nan,nan,nan
4696.866,1.545756e-05,0.0,nan,nan,nan
4696.949,1.546095e-05,0.0,nan,nan,nan
4697.033,1.545679e-05,0.0,nan,nan,nan
4697.117,1.545661e-05,0.0,nan,nan,nan
4697.201,1.545547e-05,0.0,nan,nan,nan
4697.288,1.545827e-05,0.0,nan,nan,nan
4697.371,1.54554e-05,0.0,nan,nan,nan
4697.455,1.545343e-05,0.0,nan,nan,nan
4697.557,1.545423e-05,0.0,nan,nan,nan
4697.641,1.545417e-05,0.0,nan,nan,nan
4697.743,1.545869e-05,0.0,nan,nan,nan
4697.826,1.545729e-05,0.0,nan,nan,nan
4697.913,1.545801e-05,0.0,nan,nan,nan
4697.996,1.545643e-05,0.0,nan,nan,nan
4698.082,1.54569e-05,0.0,nan,nan,nan
4698.17,1.545487e-05,0.0,nan,nan,nan
4698.254,1.545736e-05,0.0,nan,nan,nan
4698.338,1.545674e-05,0.0,nan,nan,nan
4698.421,1.545468e-05,0.0,nan,nan,nan
4698.505,1.545672e-05,0.0,nan,nan,nan
4698.589,1.545791e-05,0.0,nan,nan,nan
4698.672,1.545681e-05,0.0,nan,nan,nan
4698.774,1.545688e-05,0.0,nan,nan,nan
4698.858,1.545756e-05,0.0,nan,nan,nan
4698.944,1.545743e-05,0.0,nan,nan,nan
4699.028,1.5456e-05,0.0,nan,nan,nan
4699.112,1.545692e-05,0.0,nan,nan,nan
4699.196,1.545648e-05,0.0,nan,nan,nan
4699.287,1.545532e-05,0.0,nan,nan,nan
4699.382,1.545788e-05,0.0,nan,nan,nan
4699.466,1.545479e-05,0.0,nan,nan,nan
4699.55,1.545549e-05,0.0,nan,nan,nan
4699.633,1.545803e-05,0.0,nan,nan,nan
4699.718,1.545886e-05,0.0,nan,nan,nan
4699.804,1.545873e-05,0.0,nan,nan,nan
4699.887,1.545708e-05,0.0,nan,nan,nan
4699.974,1.545479e-05,0.0,nan,nan,nan
4700.058,1.545376e-05,0.0,nan,nan,nan
4700.141,1.545345e-05,0.0,nan,nan,nan
4700.225,1.545492e-05,0.0,nan,nan,nan
4700.309,1.545575e-05,0.0,nan,nan,nan
4700.397,1.545913e-05,0.0,nan,nan,nan
4700.481,1.545857e-05,0.0,nan,nan,nan
4700.565,1.545834e-05,0.0,nan,nan,nan
4700.648,1.545414e-05,0.0,nan,nan,nan
4700.733,1.545981e-05,0.0,nan,nan,nan
4700.817,1.545689e-05,0.0,nan,nan,nan
4700.908,1.545659e-05,0.0,nan,nan,nan
4701.008,1.546264e-05,0.0,nan,nan,nan
4701.092,1.545826e-05,0.0,nan,nan,nan
4701.176,1.546099e-05,0.0,nan,nan,nan
4701.259,1.546209e-05,0.0,nan,nan,nan
4701.343,1.545966e-05,0.0,nan,nan,nan
4701.426,1.546647e-05,0.0,nan,nan,nan
4701.51,1.546408e-05,0.0,nan,nan,nan
4701.594,1.545842e-05,0.0,nan,nan,nan
4701.678,1.546044e-05,0.0,nan,nan,nan
4701.762,1.545922e-05,0.0,nan,nan,nan
4701.845,1.546039e-05,0.0,nan,nan,nan
4701.934,1.546067e-05,0.0,nan,nan,nan
4702.038,1.545789e-05,0.0,nan,nan,nan
4702.122,1.545859e-05,0.0,nan,nan,nan
4702.223,1.545733e-05,0.0,nan,nan,nan
4702.306,1.54614e-05,0.0,nan,nan,nan
4702.39,1.546235e-05,0.0,nan,nan,nan
4702.474,1.545919e-05,0.0,nan,nan,nan
4702.558,1.546287e-05,0.0,nan,nan,nan
4702.643,1.546281e-05,0.0,nan,nan,nan
4702.727,1.545833e-05,0.0,nan,nan,nan
4702.831,1.545976e-05,0.0,nan,nan,nan
4702.962,1.545878e-05,0.0,nan,nan,nan
4703.045,1.546024e-05,0.0,nan,nan,nan
4703.129,1.545776e-05,0.0,nan,nan,nan
4703.213,1.546205e-05,0.0,nan,nan,nan
4703.296,1.545997e-05,0.0,nan,nan,nan
4703.38,1.546084e-05,0.0,nan,nan,nan
4703.483,1.546054e-05,0.0,nan,nan,nan
4703.57,1.546044e-05,0.0,nan,nan,nan
4703.673,1.545777e-05,0.0,nan,nan,nan
4703.757,1.545839e-05,0.0,nan,nan,nan
4703.841,1.545865e-05,0.0,nan,nan,nan
4703.925,1.545913e-05,0.0,nan,nan,nan
4704.008,1.545937e-05,0.0,nan,nan,nan
4704.092,1.545937e-05,0.0,nan,nan,nan
4704.175,1.545796e-05,0.0,nan,nan,nan
4704.265,1.546011e-05,0.0,nan,nan,nan
4704.349,1.546194e-05,0.0,nan,nan,nan
4704.434,1.5458e-05,0.0,nan,nan,nan
4704.518,1.546005e-05,0.0,nan,nan,nan
4704.604,1.545951e-05,0.0,nan,nan,nan
4704.688,1.545791e-05,0.0,nan,nan,nan
4704.771,1.545591e-05,0.0,nan,nan,nan
4704.887,1.546041e-05,0.0,nan,nan,nan
4704.97,1.546303e-05,0.0,nan,nan,nan
4705.06,1.546452e-05,0.0,nan,nan,nan
4705.153,1.5465e-05,0.0,nan,nan,nan
4705.238,1.546511e-05,0.0,nan,nan,nan
4705.322,1.546288e-05,0.0,nan,nan,nan
4705.406,1.546349e-05,0.0,nan,nan,nan
4705.511,1.546737e-05,0.0,nan,nan,nan
4705.594,1.545941e-05,0.0,nan,nan,nan
4705.683,1.546327e-05,0.0,nan,nan,nan
4705.767,1.546263e-05,0.0,nan,nan,nan
4705.851,1.546229e-05,0.0,nan,nan,nan
4705.934,1.546098e-05,0.0,nan,nan,nan
4706.018,1.545911e-05,0.0,nan,nan,nan
4706.108,1.546259e-05,0.0,nan,nan,nan
4706.192,1.545939e-05,0.0,nan,nan,nan
4706.296,1.545826e-05,0.0,nan,nan,nan
4706.379,1.545893e-05,0.0,nan,nan,nan
4706.465,1.54595e-05,0.0,nan,nan,nan
4706.548,1.545751e-05,0.0,nan,nan,nan
4706.634,1.545586e-05,0.0,nan,nan,nan
4706.736,1.545871e-05,0.0,nan,nan,nan
4706.819,1.545881e-05,0.0,nan,nan,nan
4706.928,1.546241e-05,0.0,nan,nan,nan
4707.012,1.546351e-05,0.0,nan,nan,nan
4707.12,1.545914e-05,0.0,nan,nan,nan
4707.204,1.546482e-05,0.0,nan,nan,nan
4707.304,1.546598e-05,0.0,nan,nan,nan
4707.388,1.54621e-05,0.0,nan,nan,nan
4707.471,1.546518e-05,0.0,nan,nan,nan
4707.555,1.546632e-05,0.0,nan,nan,nan
4707.638,1.546286e-05,0.0,nan,nan,nan
4707.74,1.545929e-05,0.0,nan,nan,nan
4707.824,1.546118e-05,0.0,nan,nan,nan
4707.923,1.546172e-05,0.0,nan,nan,nan
4708.006,1.546408e-05,0.0,nan,nan,nan
4708.09,1.546538e-05,0.0,nan,nan,nan
4708.174,1.546026e-05,0.0,nan,nan,nan
4708.257,1.546192e-05,0.0,nan,nan,nan
4708.345,1.545877e-05,0.0,nan,nan,nan
4708.428,1.546226e-05,0.0,nan,nan,nan
4708.515,1.546311e-05,0.0,nan,nan,nan
4708.599,1.546313e-05,0.0,nan,nan,nan
4708.682,1.546396e-05,0.0,nan,nan,nan
4708.766,1.546463e-05,0.0,nan,nan,nan
4708.851,1.546156e-05,0.0,nan,nan,nan
4708.958,1.546121e-05,0.0,nan,nan,nan
4709.042,1.5463e-05,0.0,nan,nan,nan
4709.179,1.546342e-05,0.0,nan,nan,nan
4709.264,1.546277e-05,0.0,nan,nan,nan
4709.348,1.546194e-05,0.0,nan,nan,nan
4709.432,1.546016e-05,0.0,nan,nan,nan
4709.515,1.546136e-05,0.0,nan,nan,nan
4709.599,1.546339e-05,0.0,nan,nan,nan
4709.682,1.546095e-05,0.0,nan,nan,nan
4709.765,1.546227e-05,0.0,nan,nan,nan
4709.849,1.546204e-05,0.0,nan,nan,nan
4709.934,1.546342e-05,0.0,nan,nan,nan
4710.018,1.546796e-05,0.0,nan,nan,nan
4710.102,1.546287e-05,0.0,nan,nan,nan
4710.185,1.546389e-05,0.0,nan,nan,nan
4710.269,1.545826e-05,0.0,nan,nan,nan
4710.353,1.545869e-05,0.0,nan,nan,nan
4710.436,1.546549e-05,0.0,nan,nan,nan
4710.522,1.546168e-05,0.0,nan,nan,nan
4710.605,1.546045e-05,0.0,nan,nan,nan
4710.689,1.546105e-05,0.0,nan,nan,nan
4710.787,1.546402e-05,0.0,nan,nan,nan
4710.871,1.546335e-05,0.0,nan,nan,nan
4710.954,1.546779e-05,0.0,nan,nan,nan
4711.038,1.546119e-05,0.0,nan,nan,nan
4711.121,1.546321e-05,0.0,nan,nan,nan
4711.205,1.546243e-05,0.0,nan,nan,nan
4711.305,1.545967e-05,0.0,nan,nan,nan
4711.395,1.54621e-05,0.0,nan,nan,nan
4711.478,1.546024e-05,0.0,nan,nan,nan
4711.564,1.546123e-05,0.0,nan,nan,nan
4711.648,1.545822e-05,0.0,nan,nan,nan
4711.732,1.546325e-05,0.0,nan,nan,nan
4711.824,1.54648e-05,0.0,nan,nan,nan
4711.908,1.546326e-05,0.0,nan,nan,nan
4711.996,1.546103e-05,0.0,nan,nan,nan
4712.08,1.546206e-05,0.0,nan,nan,nan
4712.163,1.545966e-05,0.0,nan,nan,nan
4712.247,1.54631e-05,0.0,nan,nan,nan
4712.331,1.546515e-05,0.0,nan,nan,nan
4712.426,1.545942e-05,0.0,nan,nan,nan
4712.51,1.546096e-05,0.0,nan,nan,nan
4712.612,1.545919e-05,0.0,nan,nan,nan
4712.696,1.545889e-05,0.0,nan,nan,nan
4712.78,1.54613e-05,0.0,nan,nan,nan
4712.863,1.546347e-05,0.0,nan,nan,nan
4712.947,1.54619e-05,0.0,nan,nan,nan
4713.03,1.546197e-05,0.0,nan,nan,nan
4713.114,1.546005e-05,0.0,nan,nan,nan
4713.225,1.545772e-05,0.0,nan,nan,nan
4713.309,1.546134e-05,0.0,nan,nan,nan
4713.396,1.546095e-05,0.0,nan,nan,nan
4713.479,1.546078e-05,0.0,nan,nan,nan
4713.563,1.546014e-05,0.0,nan,nan,nan
4713.646,1.54623e-05,0.0,nan,nan,nan
4713.734,1.546301e-05,0.0,nan,nan,nan
4713.831,1.545719e-05,0.0,nan,nan,nan
4713.914,1.546051e-05,0.0,nan,nan,nan
4713.998,1.545889e-05,0.0,nan,nan,nan
4714.082,1.54619e-05,0.0,nan,nan,nan
4714.169,1.545746e-05,0.0,nan,nan,nan
4714.262,1.546029e-05,0.0,nan,nan,nan
4714.346,1.54619e-05,0.0,nan,nan,nan
4714.43,1.545752e-05,0.0,nan,nan,nan
4714.513,1.545757e-05,0.0,nan,nan,nan
4714.598,1.546225e-05,0.0,nan,nan,nan
4714.682,1.546165e-05,0.0,nan,nan,nan
4714.766,1.546263e-05,0.0,nan,nan,nan
4714.876,1.54603e-05,0.0,nan,nan,nan
4714.96,1.545953e-05,0.0,nan,nan,nan
4715.047,1.546128e-05,0.0,nan,nan,nan
4715.13,1.546249e-05,0.0,nan,nan,nan
4715.218,1.546051e-05,0.0,nan,nan,nan
4715.302,1.546253e-05,0.0,nan,nan,nan
4715.412,1.546145e-05,0.0,nan,nan,nan
4715.496,1.546516e-05,0.0,nan,nan,nan
4715.579,1.546125e-05,0.0,nan,nan,nan
4715.663,1.546077e-05,0.0,nan,nan,nan
4715.747,1.546556e-05,0.0,nan,nan,nan
4715.831,1.546653e-05,0.0,nan,nan,nan
4715.919,1.546066e-05,0.0,nan,nan,nan
4716.003,1.545986e-05,0.0,nan,nan,nan
4716.087,1.546503e-05,0.0,nan,nan,nan
4716.17,1.545895e-05,0.0,nan,nan,nan
4716.256,1.546177e-05,0.0,nan,nan,nan
4716.34,1.545979e-05,0.0,nan,nan,nan
4716.424,1.54601e-05,0.0,nan,nan,nan
4716.526,1.546032e-05,0.0,nan,nan,nan
4716.61,1.546168e-05,0.0,nan,nan,nan
4716.693,1.546071e-05,0.0,nan,nan,nan
4716.777,1.545725e-05,0.0,nan,nan,nan
4716.861,1.546082e-05,0.0,nan,nan,nan
4716.951,1.545757e-05,0.0,nan,nan,nan
4717.035,1.545927e-05,0.0,nan,nan,nan
4717.14,1.546002e-05,0.0,nan,nan,nan
4717.223,1.546108e-05,0.0,nan,nan,nan
4717.321,1.54633e-05,0.0,nan,nan,nan
4717.405,1.546236e-05,0.0,nan,nan,nan
4717.533,1.546103e-05,0.0,nan,nan,nan
4717.617,1.546064e-05,0.0,nan,nan,nan
4717.7,1.546058e-05,0.0,nan,nan,nan
4717.784,1.545784e-05,0.0,nan,nan,nan
4717.868,1.546359e-05,0.0,nan,nan,nan
4717.952,1.546257e-05,0.0,nan,nan,nan
4718.036,1.546129e-05,0.0,nan,nan,nan
4718.119,1.546392e-05,0.0,nan,nan,nan
4718.203,1.546106e-05,0.0,nan,nan,nan
4718.292,1.546255e-05,0.0,nan,nan,nan
4718.375,1.54644e-05,0.0,nan,nan,nan
4718.459,1.546256e-05,0.0,nan,nan,nan
4718.553,1.546075e-05,0.0,nan,nan,nan
4718.637,1.545712e-05,0.0,nan,nan,nan
4718.722,1.545882e-05,0.0,nan,nan,nan
4718.805,1.54595e-05,0.0,nan,nan,nan
4718.889,1.545653e-05,0.0,nan,nan,nan
4718.974,1.545648e-05,0.0,nan,nan,nan
4719.058,1.546403e-05,0.0,nan,nan,nan
4719.141,1.545937e-05,0.0,nan,nan,nan
4719.225,1.546201e-05,0.0,nan,nan,nan
4719.309,1.546102e-05,0.0,nan,nan,nan
4719.393,1.545909e-05,0.0,nan,nan,nan
4719.479,1.546199e-05,0.0,nan,nan,nan
4719.612,1.546146e-05,0.0,nan,nan,nan
4719.698,1.546433e-05,0.0,nan,nan,nan
4719.793,1.545923e-05,0.0,nan,nan,nan
4719.877,1.545851e-05,0.0,nan,nan,nan
4719.96,1.545401e-05,0.0,nan,nan,nan
4720.044,1.545918e-05,0.0,nan,nan,nan
4720.13,1.546389e-05,0.0,nan,nan,nan
4720.214,1.546094e-05,0.0,nan,nan,nan
4720.298,1.546059e-05,0.0,nan,nan,nan
4720.4,1.546254e-05,0.0,nan,nan,nan
4720.483,1.545905e-05,0.0,nan,nan,nan
4720.567,1.545903e-05,0.0,nan,nan,nan
4720.651,1.546219e-05,0.0,nan,nan,nan
4720.734,1.546409e-05,0.0,nan,nan,nan
4720.848,1.545934e-05,0.0,nan,nan,nan
4720.932,1.545689e-05,0.0,nan,nan,nan
4721.02,1.545901e-05,0.0,nan,nan,nan
4721.104,1.546179e-05,0.0,nan,nan,nan
4721.191,1.546263e-05,0.0,nan,nan,nan
4721.274,1.545868e-05,0.0,nan,nan,nan
4721.358,1.545605e-05,0.0,nan,nan,nan
4721.441,1.545854e-05,0.0,nan,nan,nan
4721.525,1.5458e-05,0.0,nan,nan,nan
4721.63,1.54622e-05,0.0,nan,nan,nan
4721.716,1.546066e-05,0.0,nan,nan,nan
4721.8,1.545753e-05,0.0,nan,nan,nan
4721.884,1.545899e-05,0.0,nan,nan,nan
4721.967,1.545836e-05,0.0,nan,nan,nan
4722.051,1.546124e-05,0.0,nan,nan,nan
4722.136,1.545874e-05,0.0,nan,nan,nan
4722.22,1.546112e-05,0.0,nan,nan,nan
4722.304,1.546025e-05,0.0,nan,nan,nan
4722.387,1.545666e-05,0.0,nan,nan,nan
4722.471,1.545948e-05,0.0,nan,nan,nan
4722.555,1.545711e-05,0.0,nan,nan,nan
4722.64,1.545794e-05,0.0,nan,nan,nan
4722.723,1.545831e-05,0.0,nan,nan,nan
4722.807,1.546131e-05,0.0,nan,nan,nan
4722.891,1.545946e-05,0.0,nan,nan,nan
4722.974,1.546373e-05,0.0,nan,nan,nan
4723.067,1.546323e-05,0.0,nan,nan,nan
4723.151,1.546269e-05,0.0,nan,nan,nan
4723.235,1.546198e-05,0.0,nan,nan,nan
4723.318,1.545971e-05,0.0,nan,nan,nan
4723.403,1.546389e-05,0.0,nan,nan,nan
4723.487,1.546121e-05,0.0,nan,nan,nan
4723.57,1.545955e-05,0.0,nan,nan,nan
4723.654,1.546301e-05,0.0,nan,nan,nan
4723.761,1.545869e-05,0.0,nan,nan,nan
4723.846,1.546099e-05,0.0,nan,nan,nan
4723.929,1.546064e-05,0.0,nan,nan,nan
4724.012,1.54593e-05,0.0,nan,nan,nan
4724.102,1.546059e-05,0.0,nan,nan,nan
4724.186,1.546041e-05,0.0,nan,nan,nan
4724.272,1.545974e-05,0.0,nan,nan,nan
4724.355,1.546084e-05,0.0,nan,nan,nan
4724.439,1.545684e-05,0.0,nan,nan,nan
4724.537,1.545668e-05,0.0,nan,nan,nan
4724.621,1.546002e-05,0.0,nan,nan,nan
4724.705,1.545688e-05,0.0,nan,nan,nan
4724.789,1.545912e-05,0.0,nan,nan,nan
4724.874,1.546201e-05,0.0,nan,nan,nan
4724.961,1.545607e-05,0.0,nan,nan,nan
4725.044,1.546154e-05,0.0,nan,nan,nan
4725.145,1.545916e-05,0.0,nan,nan,nan
4725.229,1.545828e-05,0.0,nan,nan,nan
4725.34,1.546408e-05,0.0,nan,nan,nan
4725.424,1.54596e-05,0.0,nan,nan,nan
4725.507,1.5462e-05,0.0,nan,nan,nan
4725.591,1.546215e-05,0.0,nan,nan,nan
4725.674,1.546212e-05,0.0,nan,nan,nan
4725.758,1.546252e-05,0.0,nan,nan,nan
4725.895,1.545799e-05,0.0,nan,nan,nan
4725.981,1.546003e-05,0.0,nan,nan,nan
4726.065,1.545997e-05,0.0,nan,nan,nan
4726.149,1.545789e-05,0.0,nan,nan,nan
4726.232,1.545601e-05,0.0,nan,nan,nan
4726.347,1.545762e-05,0.0,nan,nan,nan
4726.434,1.546112e-05,0.0,nan,nan,nan
4726.52,1.546108e-05,0.0,nan,nan,nan
4726.604,1.545615e-05,0.0,nan,nan,nan
4726.688,1.546167e-05,0.0,nan,nan,nan
4726.785,1.54602e-05,0.0,nan,nan,nan
4726.869,1.546197e-05,0.0,nan,nan,nan
4726.953,1.546208e-05,0.0,nan,nan,nan
4727.036,1.546059e-05,0.0,nan,nan,nan
4727.149,1.546066e-05,0.0,nan,nan,nan
4727.234,1.54633e-05,0.0,nan,nan,nan
4727.318,1.546061e-05,0.0,nan,nan,nan
4727.414,1.545883e-05,0.0,nan,nan,nan
4727.498,1.546065e-05,0.0,nan,nan,nan
4727.588,1.546233e-05,0.0,nan,nan,nan
4727.672,1.546495e-05,0.0,nan,nan,nan
4727.779,1.545668e-05,0.0,nan,nan,nan
4727.869,1.546078e-05,0.0,nan,nan,nan
4727.994,1.546351e-05,0.0,nan,nan,nan
4728.079,1.546351e-05,0.0,nan,nan,nan
4728.172,1.546289e-05,0.0,nan,nan,nan
4728.256,1.545975e-05,0.0,nan,nan,nan
4728.339,1.546146e-05,0.0,nan,nan,nan
4728.423,1.546135e-05,0.0,nan,nan,nan
4728.507,1.5464e-05,0.0,nan,nan,nan
4728.595,1.546006e-05,0.0,nan,nan,nan
4728.679,1.546261e-05,0.0,nan,nan,nan
4728.762,1.546173e-05,0.0,nan,nan,nan
4728.846,1.546517e-05,0.0,nan,nan,nan
4728.929,1.54617e-05,0.0,nan,nan,nan
4729.013,1.546403e-05,0.0,nan,nan,nan
4729.097,1.546236e-05,0.0,nan,nan,nan
4729.18,1.546243e-05,0.0,nan,nan,nan
4729.291,1.545989e-05,0.0,nan,nan,nan
4729.375,1.54603e-05,0.0,nan,nan,nan
4729.464,1.54581e-05,0.0,nan,nan,nan
4729.547,1.545771e-05,0.0,nan,nan,nan
4729.631,1.546128e-05,0.0,nan,nan,nan
4729.757,1.545842e-05,0.0,nan,nan,nan
4729.845,1.54647e-05,0.0,nan,nan,nan
4729.929,1.545747e-05,0.0,nan,nan,nan
4730.013,1.545921e-05,0.0,nan,nan,nan
4730.112,1.545817e-05,0.0,nan,nan,nan
4730.195,1.545839e-05,0.0,nan,nan,nan
4730.279,1.545821e-05,0.0,nan,nan,nan
4730.365,1.545996e-05,0.0,nan,nan,nan
4730.451,1.546167e-05,0.0,nan,nan,nan
4730.536,1.545952e-05,0.0,nan,nan,nan
4730.623,1.545818e-05,0.0,nan,nan,nan
4730.711,1.546041e-05,0.0,nan,nan,nan
4730.804,1.545749e-05,0.0,nan,nan,nan
4730.888,1.545554e-05,0.0,nan,nan,nan
4730.974,1.54609e-05,0.0,nan,nan,nan
4731.081,1.545965e-05,0.0,nan,nan,nan
4731.168,1.545735e-05,0.0,nan,nan,nan
4731.272,1.545644e-05,0.0,nan,nan,nan
4731.355,1.546019e-05,0.0,nan,nan,nan
4731.451,1.545939e-05,0.0,nan,nan,nan
4731.535,1.546156e-05,0.0,nan,nan,nan
4731.618,1.545796e-05,0.0,nan,nan,nan
4731.702,1.54574e-05,0.0,nan,nan,nan
4731.786,1.546036e-05,0.0,nan,nan,nan
4731.877,1.546414e-05,0.0,nan,nan,nan
4731.961,1.546089e-05,0.0,nan,nan,nan
4732.063,1.546172e-05,0.0,nan,nan,nan
4732.178,1.546528e-05,0.0,nan,nan,nan
4732.27,1.546279e-05,0.0,nan,nan,nan
4732.354,1.546195e-05,0.0,nan,nan,nan
4732.437,1.546029e-05,0.0,nan,nan,nan
4732.521,1.545926e-05,0.0,nan,nan,nan
4732.604,1.546266e-05,0.0,nan,nan,nan
4732.692,1.546225e-05,0.0,nan,nan,nan
4732.776,1.54677e-05,0.0,nan,nan,nan
4732.862,1.546391e-05,0.0,nan,nan,nan
4732.945,1.546069e-05,0.0,nan,nan,nan
4733.029,1.546118e-05,0.0,nan,nan,nan
4733.113,1.546179e-05,0.0,nan,nan,nan
4733.198,1.545893e-05,0.0,nan,nan,nan
4733.286,1.545786e-05,0.0,nan,nan,nan
4733.37,1.545787e-05,0.0,nan,nan,nan
4733.454,1.546261e-05,0.0,nan,nan,nan
4733.538,1.546033e-05,0.0,nan,nan,nan
4733.622,1.545916e-05,0.0,nan,nan,nan
4733.715,1.54611e-05,0.0,nan,nan,nan
4733.804,1.546253e-05,0.0,nan,nan,nan
4733.893,1.546319e-05,0.0,nan,nan,nan
4733.977,1.546296e-05,0.0,nan,nan,nan
4734.062,1.546023e-05,0.0,nan,nan,nan
4734.146,1.546032e-05,0.0,nan,nan,nan
4734.229,1.546102e-05,0.0,nan,nan,nan
4734.313,1.546065e-05,0.0,nan,nan,nan
4734.396,1.545731e-05,0.0,nan,nan,nan
4734.48,1.546251e-05,0.0,nan,nan,nan
4734.563,1.546203e-05,0.0,nan,nan,nan
4734.648,1.546173e-05,0.0,nan,nan,nan
4734.732,1.546474e-05,0.0,nan,nan,nan
4734.82,1.546182e-05,0.0,nan,nan,nan
4734.905,1.54644e-05,0.0,nan,nan,nan
4734.989,1.546197e-05,0.0,nan,nan,nan
4735.073,1.546122e-05,0.0,nan,nan,nan
4735.157,1.545933e-05,0.0,nan,nan,nan
4735.24,1.546341e-05,0.0,nan,nan,nan
4735.324,1.545765e-05,0.0,nan,nan,nan
4735.408,1.546128e-05,0.0,nan,nan,nan
4735.491,1.545757e-05,0.0,nan,nan,nan
4735.575,1.546211e-05,0.0,nan,nan,nan
4735.659,1.545971e-05,0.0,nan,nan,nan
4735.743,1.545969e-05,0.0,nan,nan,nan
4735.826,1.545952e-05,0.0,nan,nan,nan
4735.924,1.546035e-05,0.0,nan,nan,nan
4736.008,1.545745e-05,0.0,nan,nan,nan
4736.094,1.545892e-05,0.0,nan,nan,nan
4736.178,1.546074e-05,0.0,nan,nan,nan
4736.261,1.5456e-05,0.0,nan,nan,nan
4736.345,1.545871e-05,0.0,nan,nan,nan
4736.428,1.545792e-05,0.0,nan,nan,nan
4736.529,1.546045e-05,0.0,nan,nan,nan
4736.612,1.546053e-05,0.0,nan,nan,nan
4736.697,1.545814e-05,0.0,nan,nan,nan
4736.781,1.546306e-05,0.0,nan,nan,nan
4736.867,1.545706e-05,0.0,nan,nan,nan
4736.97,1.545658e-05,0.0,nan,nan,nan
4737.054,1.545912e-05,0.0,nan,nan,nan
4737.137,1.546238e-05,0.0,nan,nan,nan
4737.221,1.546104e-05,0.0,nan,nan,nan
4737.305,1.54592e-05,0.0,nan,nan,nan
4737.389,1.546122e-05,0.0,nan,nan,nan
4737.473,1.546199e-05,0.0,nan,nan,nan
4737.574,1.546326e-05,0.0,nan,nan,nan
4737.658,1.546052e-05,0.0,nan,nan,nan
4737.741,1.546277e-05,0.0,nan,nan,nan
4737.825,1.546192e-05,0.0,nan,nan,nan
4737.909,1.546369e-05,0.0,nan,nan,nan
4738.002,1.546351e-05,0.0,nan,nan,nan
4738.086,1.546428e-05,0.0,nan,nan,nan
4738.184,1.546217e-05,0.0,nan,nan,nan
4738.268,1.546352e-05,0.0,nan,nan,nan
4738.379,1.5466e-05,0.0,nan,nan,nan
4738.471,1.54631e-05,0.0,nan,nan,nan
4738.556,1.54655e-05,0.0,nan,nan,nan
4738.64,1.546483e-05,0.0,nan,nan,nan
4738.724,1.546788e-05,0.0,nan,nan,nan
4738.81,1.546532e-05,0.0,nan,nan,nan
4738.894,1.546519e-05,0.0,nan,nan,nan
4738.979,1.546147e-05,0.0,nan,nan,nan
4739.062,1.546205e-05,0.0,nan,nan,nan
4739.147,1.546171e-05,0.0,nan,nan,nan
4739.231,1.546123e-05,0.0,nan,nan,nan
4739.319,1.546012e-05,0.0,nan,nan,nan
4739.419,1.545952e-05,0.0,nan,nan,nan
4739.502,1.545701e-05,0.0,nan,nan,nan
4739.6,1.545603e-05,0.0,nan,nan,nan
4739.684,1.545929e-05,0.0,nan,nan,nan
4739.77,1.545861e-05,0.0,nan,nan,nan
4739.854,1.545614e-05,0.0,nan,nan,nan
4739.937,1.545711e-05,0.0,nan,nan,nan
4740.032,1.54605e-05,0.0,nan,nan,nan
4740.116,1.546332e-05,0.0,nan,nan,nan
4740.226,1.546094e-05,0.0,nan,nan,nan
4740.31,1.546392e-05,0.0,nan,nan,nan
4740.393,1.54574e-05,0.0,nan,nan,nan
4740.483,1.546086e-05,0.0,nan,nan,nan
4740.567,1.545962e-05,0.0,nan,nan,nan
4740.651,1.546302e-05,0.0,nan,nan,nan
4740.735,1.546058e-05,0.0,nan,nan,nan
4740.825,1.546198e-05,0.0,nan,nan,nan
4740.909,1.546087e-05,0.0,nan,nan,nan
4740.993,1.54614e-05,0.0,nan,nan,nan
4741.077,1.546098e-05,0.0,nan,nan,nan
4741.161,1.5461e-05,0.0,nan,nan,nan
4741.258,1.546123e-05,0.0,nan,nan,nan
4741.341,1.54621e-05,0.0,nan,nan,nan
4741.43,1.546139e-05,0.0,nan,nan,nan
4741.513,1.546515e-05,0.0,nan,nan,nan
4741.599,1.546001e-05,0.0,nan,nan,nan
4741.687,1.546348e-05,0.0,nan,nan,nan
4741.771,1.546202e-05,0.0,nan,nan,nan
4741.856,1.546209e-05,0.0,nan,nan,nan
4741.939,1.546154e-05,0.0,nan,nan,nan
4742.025,1.546098e-05,0.0,nan,nan,nan
4742.109,1.546525e-05,0.0,nan,nan,nan
4742.192,1.545941e-05,0.0,nan,nan,nan
4742.284,1.546046e-05,0.0,nan,nan,nan
4742.368,1.546092e-05,0.0,nan,nan,nan
4742.478,1.54582e-05,0.0,nan,nan,nan
4742.562,1.546191e-05,0.0,nan,nan,nan
4742.646,1.546349e-05,0.0,nan,nan,nan
4742.729,1.546399e-05,0.0,nan,nan,nan
4742.813,1.546311e-05,0.0,nan,nan,nan
4742.9,1.54571e-05,0.0,nan,nan,nan
4742.986,1.545516e-05,0.0,nan,nan,nan
4743.076,1.545728e-05,0.0,nan,nan,nan
4743.16,1.545956e-05,0.0,nan,nan,nan
4743.248,1.546128e-05,0.0,nan,nan,nan
4743.331,1.546086e-05,0.0,nan,nan,nan
4743.416,1.546077e-05,0.0,nan,nan,nan
4743.513,1.546182e-05,0.0,nan,nan,nan
4743.596,1.546125e-05,0.0,nan,nan,nan
4743.685,1.545795e-05,0.0,nan,nan,nan
4743.769,1.54561e-05,0.0,nan,nan,nan
4743.852,1.545511e-05,0.0,nan,nan,nan
4743.936,1.545503e-05,0.0,nan,nan,nan
4744.02,1.545781e-05,0.0,nan,nan,nan
4744.115,1.546514e-05,0.0,nan,nan,nan
4744.202,1.546169e-05,0.0,nan,nan,nan
4744.294,1.546272e-05,0.0,nan,nan,nan
4744.378,1.546445e-05,0.0,nan,nan,nan
4744.462,1.546212e-05,0.0,nan,nan,nan
4744.562,1.546205e-05,0.0,nan,nan,nan
4744.65,1.546256e-05,0.0,nan,nan,nan
4744.733,1.54609e-05,0.0,nan,nan,nan
4744.818,1.546394e-05,0.0,nan,nan,nan
4744.907,1.546462e-05,0.0,nan,nan,nan
4744.991,1.546165e-05,0.0,nan,nan,nan
4745.075,1.545903e-05,0.0,nan,nan,nan
4745.159,1.54622e-05,0.0,nan,nan,nan
4745.243,1.546474e-05,0.0,nan,nan,nan
4745.33,1.545959e-05,0.0,nan,nan,nan
4745.413,1.54663e-05,0.0,nan,nan,nan
4745.497,1.546443e-05,0.0,nan,nan,nan
4745.581,1.546451e-05,0.0,nan,nan,nan
4745.665,1.546081e-05,0.0,nan,nan,nan
4745.749,1.545716e-05,0.0,nan,nan,nan
4745.833,1.545937e-05,0.0,nan,nan,nan
4745.937,1.546089e-05,0.0,nan,nan,nan
4746.021,1.546016e-05,0.0,nan,nan,nan
4746.106,1.545953e-05,0.0,nan,nan,nan
4746.189,1.546357e-05,0.0,nan,nan,nan
4746.273,1.546299e-05,0.0,nan,nan,nan
4746.357,1.545837e-05,0.0,nan,nan,nan
4746.44,1.546175e-05,0.0,nan,nan,nan
4746.54,1.546035e-05,0.0,nan,nan,nan
4746.63,1.5461e-05,0.0,nan,nan,nan
4746.714,1.546379e-05,0.0,nan,nan,nan
4746.797,1.546279e-05,0.0,nan,nan,nan
4746.881,1.546062e-05,0.0,nan,nan,nan
4746.964,1.546306e-05,0.0,nan,nan,nan
4747.054,1.546076e-05,0.0,nan,nan,nan
4747.138,1.545841e-05,0.0,nan,nan,nan
4747.221,1.546058e-05,0.0,nan,nan,nan
4747.307,1.545935e-05,0.0,nan,nan,nan
4747.391,1.546358e-05,0.0,nan,nan,nan
4747.474,1.546078e-05,0.0,nan,nan,nan
4747.558,1.545802e-05,0.0,nan,nan,nan
4747.641,1.545782e-05,0.0,nan,nan,nan
4747.743,1.545943e-05,0.0,nan,nan,nan
4747.827,1.546091e-05,0.0,nan,nan,nan
4747.911,1.545891e-05,0.0,nan,nan,nan
4747.995,1.546338e-05,0.0,nan,nan,nan
4748.081,1.546439e-05,0.0,nan,nan,nan
4748.165,1.546269e-05,0.0,nan,nan,nan
4748.248,1.546451e-05,0.0,nan,nan,nan
4748.332,1.546051e-05,0.0,nan,nan,nan
4748.416,1.546329e-05,0.0,nan,nan,nan
4748.5,1.546104e-05,0.0,nan,nan,nan
4748.584,1.545935e-05,0.0,nan,nan,nan
4748.679,1.546142e-05,0.0,nan,nan,nan
4748.77,1.54591e-05,0.0,nan,nan,nan
4748.854,1.545675e-05,0.0,nan,nan,nan
4748.939,1.546015e-05,0.0,nan,nan,nan
4749.022,1.545259e-05,0.0,nan,nan,nan
4749.106,1.54579e-05,0.0,nan,nan,nan
4749.202,1.54639e-05,0.0,nan,nan,nan
4749.286,1.546062e-05,0.0,nan,nan,nan
4749.382,1.545905e-05,0.0,nan,nan,nan
4749.465,1.545761e-05,0.0,nan,nan,nan
4749.549,1.545911e-05,0.0,nan,nan,nan
4749.633,1.545891e-05,0.0,nan,nan,nan
4749.719,1.545688e-05,0.0,nan,nan,nan
4749.81,1.545796e-05,0.0,nan,nan,nan
4749.894,1.546158e-05,0.0,nan,nan,nan
4749.977,1.546005e-05,0.0,nan,nan,nan
4750.061,1.545936e-05,0.0,nan,nan,nan
4750.146,1.546152e-05,0.0,nan,nan,nan
4750.23,1.545999e-05,0.0,nan,nan,nan
4750.314,1.545953e-05,0.0,nan,nan,nan
4750.403,1.545652e-05,0.0,nan,nan,nan
4750.486,1.546384e-05,0.0,nan,nan,nan
4750.572,1.546021e-05,0.0,nan,nan,nan
4750.656,1.545535e-05,0.0,nan,nan,nan
4750.768,1.546301e-05,0.0,nan,nan,nan
4750.852,1.545896e-05,0.0,nan,nan,nan
4750.937,1.546263e-05,0.0,nan,nan,nan
4751.04,1.546095e-05,0.0,nan,nan,nan
4751.125,1.546283e-05,0.0,nan,nan,nan
4751.212,1.545735e-05,0.0,nan,nan,nan
4751.296,1.546181e-05,0.0,nan,nan,nan
4751.379,1.546076e-05,0.0,nan,nan,nan
4751.463,1.546387e-05,0.0,nan,nan,nan
4751.548,1.546241e-05,0.0,nan,nan,nan
4751.639,1.545798e-05,0.0,nan,nan,nan
4751.722,1.546232e-05,0.0,nan,nan,nan
4751.816,1.546239e-05,0.0,nan,nan,nan
4751.9,1.546119e-05,0.0,nan,nan,nan
4751.988,1.546269e-05,0.0,nan,nan,nan
4752.072,1.546135e-05,0.0,nan,nan,nan
4752.156,1.545813e-05,0.0,nan,nan,nan
4752.247,1.545842e-05,0.0,nan,nan,nan
4752.331,1.546397e-05,0.0,nan,nan,nan
4752.414,1.545752e-05,0.0,nan,nan,nan
4752.498,1.545339e-05,0.0,nan,nan,nan
4752.581,1.545659e-05,0.0,nan,nan,nan
4752.666,1.545236e-05,0.0,nan,nan,nan
4752.75,1.545773e-05,0.0,nan,nan,nan
4752.84,1.545941e-05,0.0,nan,nan,nan
4752.924,1.545839e-05,0.0,nan,nan,nan
4753.008,1.545604e-05,0.0,nan,nan,nan
4753.092,1.545517e-05,0.0,nan,nan,nan
4753.175,1.545678e-05,0.0,nan,nan,nan
4753.277,1.546429e-05,0.0,nan,nan,nan
4753.361,1.546039e-05,0.0,nan,nan,nan
4753.444,1.546395e-05,0.0,nan,nan,nan
4753.528,1.546177e-05,0.0,nan,nan,nan
4753.612,1.545731e-05,0.0,nan,nan,nan
4753.701,1.545713e-05,0.0,nan,nan,nan
4753.787,1.545961e-05,0.0,nan,nan,nan
4753.892,1.545399e-05,0.0,nan,nan,nan
4753.976,1.545894e-05,0.0,nan,nan,nan
4754.077,1.546235e-05,0.0,nan,nan,nan
4754.161,1.546087e-05,0.0,nan,nan,nan
4754.244,1.545949e-05,0.0,nan,nan,nan
4754.328,1.546028e-05,0.0,nan,nan,nan
4754.412,1.54587e-05,0.0,nan,nan,nan
4754.511,1.545616e-05,0.0,nan,nan,nan
4754.596,1.546359e-05,0.0,nan,nan,nan
4754.69,1.546228e-05,0.0,nan,nan,nan
4754.774,1.54631e-05,0.0,nan,nan,nan
4754.879,1.546268e-05,0.0,nan,nan,nan
4754.967,1.546139e-05,0.0,nan,nan,nan
4755.05,1.546026e-05,0.0,nan,nan,nan
4755.134,1.546457e-05,0.0,nan,nan,nan
4755.217,1.546262e-05,0.0,nan,nan,nan
4755.311,1.546413e-05,0.0,nan,nan,nan
4755.395,1.546434e-05,0.0,nan,nan,nan
4755.478,1.5465e-05,0.0,nan,nan,nan
4755.562,1.546338e-05,0.0,nan,nan,nan
4755.647,1.546639e-05,0.0,nan,nan,nan
4755.731,1.546896e-05,0.0,nan,nan,nan
4755.821,1.546588e-05,0.0,nan,nan,nan
4755.914,1.546385e-05,0.0,nan,nan,nan
4755.998,1.546225e-05,0.0,nan,nan,nan
4756.082,1.546278e-05,0.0,nan,nan,nan
4756.165,1.546701e-05,0.0,nan,nan,nan
4756.249,1.546285e-05,0.0,nan,nan,nan
4756.333,1.546567e-05,0.0,nan,nan,nan
4756.419,1.546639e-05,0.0,nan,nan,nan
4756.519,1.546344e-05,0.0,nan,nan,nan
4756.602,1.546323e-05,0.0,nan,nan,nan
4756.686,1.546029e-05,0.0,nan,nan,nan
4756.77,1.546024e-05,0.0,nan,nan,nan
4756.854,1.546308e-05,0.0,nan,nan,nan
4756.96,1.546053e-05,0.0,nan,nan,nan
4757.043,1.546642e-05,0.0,nan,nan,nan
4757.134,1.546557e-05,0.0,nan,nan,nan
4757.218,1.546336e-05,0.0,nan,nan,nan
4757.322,1.54631e-05,0.0,nan,nan,nan
4757.406,1.546519e-05,0.0,nan,nan,nan
4757.489,1.546227e-05,0.0,nan,nan,nan
4757.573,1.545909e-05,0.0,nan,nan,nan
4757.657,1.545968e-05,0.0,nan,nan,nan
4757.761,1.546249e-05,0.0,nan,nan,nan
4757.845,1.546063e-05,0.0,nan,nan,nan
4757.929,1.546281e-05,0.0,nan,nan,nan
4758.012,1.546163e-05,0.0,nan,nan,nan
4758.096,1.546102e-05,0.0,nan,nan,nan
4758.18,1.546631e-05,0.0,nan,nan,nan
4758.264,1.546298e-05,0.0,nan,nan,nan
4758.367,1.546632e-05,0.0,nan,nan,nan
4758.45,1.54615e-05,0.0,nan,nan,nan
4758.534,1.546412e-05,0.0,nan,nan,nan
4758.618,1.546346e-05,0.0,nan,nan,nan
4758.701,1.546386e-05,0.0,nan,nan,nan
4758.785,1.546797e-05,0.0,nan,nan,nan
4758.869,1.546944e-05,0.0,nan,nan,nan
4758.955,1.546807e-05,0.0,nan,nan,nan
4759.039,1.546347e-05,0.0,nan,nan,nan
4759.123,1.546354e-05,0.0,nan,nan,nan
4759.207,1.546775e-05,0.0,nan,nan,nan
4759.29,1.546684e-05,0.0,nan,nan,nan
4759.382,1.546015e-05,0.0,nan,nan,nan
4759.466,1.546489e-05,0.0,nan,nan,nan
4759.549,1.546488e-05,0.0,nan,nan,nan
4759.633,1.546245e-05,0.0,nan,nan,nan
4759.716,1.546017e-05,0.0,nan,nan,nan
4759.814,1.545826e-05,0.0,nan,nan,nan
4759.898,1.546022e-05,0.0,nan,nan,nan
4759.981,1.545878e-05,0.0,nan,nan,nan
4760.065,1.546558e-05,0.0,nan,nan,nan
4760.148,1.546243e-05,0.0,nan,nan,nan
4760.232,1.546344e-05,0.0,nan,nan,nan
4760.321,1.545976e-05,0.0,nan,nan,nan
4760.417,1.545867e-05,0.0,nan,nan,nan
4760.502,1.545712e-05,0.0,nan,nan,nan
4760.599,1.546131e-05,0.0,nan,nan,nan
4760.682,1.546177e-05,0.0,nan,nan,nan
4760.766,1.546017e-05,0.0,nan,nan,nan
4760.85,1.546415e-05,0.0,nan,nan,nan
4760.937,1.546292e-05,0.0,nan,nan,nan
4761.043,1.54645e-05,0.0,nan,nan,nan
4761.127,1.546484e-05,0.0,nan,nan,nan
4761.213,1.546721e-05,0.0,nan,nan,nan
4761.299,1.546369e-05,0.0,nan,nan,nan
4761.382,1.546166e-05,0.0,nan,nan,nan
4761.466,1.546326e-05,0.0,nan,nan,nan
4761.554,1.546017e-05,0.0,nan,nan,nan
4761.639,1.546311e-05,0.0,nan,nan,nan
4761.723,1.546193e-05,0.0,nan,nan,nan
4761.807,1.545752e-05,0.0,nan,nan,nan
4761.891,1.545905e-05,0.0,nan,nan,nan
4761.974,1.546107e-05,0.0,nan,nan,nan
4762.058,1.546123e-05,0.0,nan,nan,nan
4762.142,1.545872e-05,0.0,nan,nan,nan
4762.225,1.546605e-05,0.0,nan,nan,nan
4762.309,1.54604e-05,0.0,nan,nan,nan
4762.392,1.546544e-05,0.0,nan,nan,nan
4762.482,1.546193e-05,0.0,nan,nan,nan
4762.57,1.546158e-05,0.0,nan,nan,nan
4762.664,1.546109e-05,0.0,nan,nan,nan
4762.748,1.546461e-05,0.0,nan,nan,nan
4762.831,1.546505e-05,0.0,nan,nan,nan
4762.915,1.546193e-05,0.0,nan,nan,nan
4762.998,1.546279e-05,0.0,nan,nan,nan
4763.082,1.546099e-05,0.0,nan,nan,nan
4763.195,1.546411e-05,0.0,nan,nan,nan
4763.278,1.546723e-05,0.0,nan,nan,nan
4763.362,1.54685e-05,0.0,nan,nan,nan
4763.446,1.546842e-05,0.0,nan,nan,nan
4763.529,1.54662e-05,0.0,nan,nan,nan
4763.612,1.546502e-05,0.0,nan,nan,nan
4763.696,1.546002e-05,0.0,nan,nan,nan
4763.78,1.545943e-05,0.0,nan,nan,nan
4763.871,1.546599e-05,0.0,nan,nan,nan
4763.955,1.546624e-05,0.0,nan,nan,nan
4764.042,1.546138e-05,0.0,nan,nan,nan
4764.125,1.546337e-05,0.0,nan,nan,nan
4764.21,1.545974e-05,0.0,nan,nan,nan
4764.293,1.54592e-05,0.0,nan,nan,nan
4764.377,1.54588e-05,0.0,nan,nan,nan
4764.461,1.5466e-05,0.0,nan,nan,nan
4764.544,1.546314e-05,0.0,nan,nan,nan
4764.628,1.546275e-05,0.0,nan,nan,nan
4764.713,1.54626e-05,0.0,nan,nan,nan
4764.801,1.546158e-05,0.0,nan,nan,nan
4764.907,1.546323e-05,0.0,nan,nan,nan
4764.991,1.546275e-05,0.0,nan,nan,nan
4765.082,1.545992e-05,0.0,nan,nan,nan
4765.165,1.546271e-05,0.0,nan,nan,nan
4765.263,1.546386e-05,0.0,nan,nan,nan
4765.346,1.54618e-05,0.0,nan,nan,nan
4765.43,1.546504e-05,0.0,nan,nan,nan
4765.52,1.545974e-05,0.0,nan,nan,nan
4765.604,1.546097e-05,0.0,nan,nan,nan
4765.698,1.546128e-05,0.0,nan,nan,nan
4765.781,1.546383e-05,0.0,nan,nan,nan
4765.866,1.546197e-05,0.0,nan,nan,nan
4765.949,1.546418e-05,0.0,nan,nan,nan
4766.033,1.546568e-05,0.0,nan,nan,nan
4766.133,1.546697e-05,0.0,nan,nan,nan
4766.22,1.546234e-05,0.0,nan,nan,nan
4766.312,1.546476e-05,0.0,nan,nan,nan
4766.396,1.545896e-05,0.0,nan,nan,nan
4766.479,1.546126e-05,0.0,nan,nan,nan
4766.563,1.546002e-05,0.0,nan,nan,nan
4766.647,1.546214e-05,0.0,nan,nan,nan
4766.733,1.546224e-05,0.0,nan,nan,nan
4766.817,1.545977e-05,0.0,nan,nan,nan
4766.902,1.545906e-05,0.0,nan,nan,nan
4766.986,1.545824e-05,0.0,nan,nan,nan
4767.069,1.546122e-05,0.0,nan,nan,nan
4767.153,1.546272e-05,0.0,nan,nan,nan
4767.238,1.545756e-05,0.0,nan,nan,nan
4767.332,1.545981e-05,0.0,nan,nan,nan
4767.416,1.545521e-05,0.0,nan,nan,nan
4767.5,1.54581e-05,0.0,nan,nan,nan
4767.584,1.545885e-05,0.0,nan,nan,nan
4767.668,1.546307e-05,0.0,nan,nan,nan
4767.757,1.545696e-05,0.0,nan,nan,nan
4767.841,1.545979e-05,0.0,nan,nan,nan
4767.928,1.545867e-05,0.0,nan,nan,nan
4768.012,1.545883e-05,0.0,nan,nan,nan
4768.095,1.546446e-05,0.0,nan,nan,nan
4768.179,1.546231e-05,0.0,nan,nan,nan
4768.263,1.546268e-05,0.0,nan,nan,nan
4768.367,1.54671e-05,0.0,nan,nan,nan
4768.451,1.54618e-05,0.0,nan,nan,nan
4768.534,1.546707e-05,0.0,nan,nan,nan
4768.618,1.546236e-05,0.0,nan,nan,nan
4768.704,1.546098e-05,0.0,nan,nan,nan
4768.792,1.546278e-05,0.0,nan,nan,nan
4768.876,1.546111e-05,0.0,nan,nan,nan
4768.96,1.545553e-05,0.0,nan,nan,nan
4769.044,1.545621e-05,0.0,nan,nan,nan
4769.129,1.546075e-05,0.0,nan,nan,nan
4769.213,1.546076e-05,0.0,nan,nan,nan
4769.297,1.545691e-05,0.0,nan,nan,nan
4769.403,1.54569e-05,0.0,nan,nan,nan
4769.487,1.546108e-05,0.0,nan,nan,nan
4769.58,1.54653e-05,0.0,nan,nan,nan
4769.664,1.546218e-05,0.0,nan,nan,nan
4769.751,1.5459e-05,0.0,nan,nan,nan
4769.835,1.545849e-05,0.0,nan,nan,nan
4769.92,1.545915e-05,0.0,nan,nan,nan
4770.015,1.545978e-05,0.0,nan,nan,nan
4770.099,1.546028e-05,0.0,nan,nan,nan
4770.182,1.546117e-05,0.0,nan,nan,nan
4770.266,1.54636e-05,0.0,nan,nan,nan
4770.354,1.546378e-05,0.0,nan,nan,nan
4770.437,1.545903e-05,0.0,nan,nan,nan
4770.521,1.545778e-05,0.0,nan,nan,nan
4770.618,1.54582e-05,0.0,nan,nan,nan
4770.701,1.545956e-05,0.0,nan,nan,nan
4770.804,1.546246e-05,0.0,nan,nan,nan
4770.888,1.545973e-05,0.0,nan,nan,nan
4770.972,1.546293e-05,0.0,nan,nan,nan
4771.055,1.545983e-05,0.0,nan,nan,nan
4771.139,1.546124e-05,0.0,nan,nan,nan
4771.23,1.546179e-05,0.0,nan,nan,nan
4771.314,1.546137e-05,0.0,nan,nan,nan
4771.398,1.546126e-05,0.0,nan,nan,nan
4771.481,1.546311e-05,0.0,nan,nan,nan
4771.568,1.545804e-05,0.0,nan,nan,nan
4771.652,1.546008e-05,0.0,nan,nan,nan
4771.736,1.546161e-05,0.0,nan,nan,nan
4771.833,1.545791e-05,0.0,nan,nan,nan
4771.917,1.546037e-05,0.0,nan,nan,nan
4772.001,1.545912e-05,0.0,nan,nan,nan
4772.085,1.545825e-05,0.0,nan,nan,nan
4772.168,1.545618e-05,0.0,nan,nan,nan
4772.252,1.546022e-05,0.0,nan,nan,nan
4772.336,1.545611e-05,0.0,nan,nan,nan
4772.433,1.54603e-05,0.0,nan,nan,nan
4772.517,1.546157e-05,0.0,nan,nan,nan
4772.6,1.546244e-05,0.0,nan,nan,nan
4772.684,1.546414e-05,0.0,nan,nan,nan
4772.767,1.546181e-05,0.0,nan,nan,nan
4772.851,1.546312e-05,0.0,nan,nan,nan
4772.935,1.546172e-05,0.0,nan,nan,nan
4773.042,1.546133e-05,0.0,nan,nan,nan
4773.126,1.546494e-05,0.0,nan,nan,nan
4773.213,1.54576e-05,0.0,nan,nan,nan
4773.297,1.545933e-05,0.0,nan,nan,nan
4773.383,1.545543e-05,0.0,nan,nan,nan
4773.477,1.546059e-05,0.0,nan,nan,nan
4773.561,1.54598e-05,0.0,nan,nan,nan
4773.647,1.546239e-05,0.0,nan,nan,nan
4773.731,1.545739e-05,0.0,nan,nan,nan
4773.815,1.54609e-05,0.0,nan,nan,nan
4773.899,1.545858e-05,0.0,nan,nan,nan
4773.982,1.545909e-05,0.0,nan,nan,nan
4774.076,1.546137e-05,0.0,nan,nan,nan
4774.159,1.545827e-05,0.0,nan,nan,nan
4774.247,1.545851e-05,0.0,nan,nan,nan
4774.33,1.5456e-05,0.0,nan,nan,nan
4774.418,1.545784e-05,0.0,nan,nan,nan
4774.502,1.545524e-05,0.0,nan,nan,nan
4774.589,1.545994e-05,0.0,nan,nan,nan
4774.681,1.545708e-05,0.0,nan,nan,nan
4774.764,1.546071e-05,0.0,nan,nan,nan
4774.867,1.545916e-05,0.0,nan,nan,nan
4774.95,1.545803e-05,0.0,nan,nan,nan
4775.034,1.546203e-05,0.0,nan,nan,nan
4775.118,1.546058e-05,0.0,nan,nan,nan
4775.201,1.546242e-05,0.0,nan,nan,nan
4775.287,1.54624e-05,0.0,nan,nan,nan
4775.371,1.545921e-05,0.0,nan,nan,nan
4775.455,1.545903e-05,0.0,nan,nan,nan
4775.539,1.545825e-05,0.0,nan,nan,nan
4775.623,1.54557e-05,0.0,nan,nan,nan
4775.708,1.54609e-05,0.0,nan,nan,nan
4775.792,1.546064e-05,0.0,nan,nan,nan
4775.897,1.545942e-05,0.0,nan,nan,nan
4775.982,1.545857e-05,0.0,nan,nan,nan
4776.065,1.545395e-05,0.0,nan,nan,nan
4776.149,1.545739e-05,0.0,nan,nan,nan
4776.233,1.545992e-05,0.0,nan,nan,nan
4776.317,1.54586e-05,0.0,nan,nan,nan
4776.401,1.546161e-05,0.0,nan,nan,nan
4776.485,1.545883e-05,0.0,nan,nan,nan
4776.569,1.5456e-05,0.0,nan,nan,nan
4776.653,1.545642e-05,0.0,nan,nan,nan
4776.737,1.545467e-05,0.0,nan,nan,nan
4776.82,1.545637e-05,0.0,nan,nan,nan
4776.912,1.545674e-05,0.0,nan,nan,nan
4776.996,1.545744e-05,0.0,nan,nan,nan
4777.1,1.545504e-05,0.0,nan,nan,nan
4777.184,1.545481e-05,0.0,nan,nan,nan
4777.269,1.545587e-05,0.0,nan,nan,nan
4777.352,1.54589e-05,0.0,nan,nan,nan
4777.436,1.546149e-05,0.0,nan,nan,nan
4777.541,1.545928e-05,0.0,nan,nan,nan
4777.645,1.545876e-05,0.0,nan,nan,nan
4777.731,1.545769e-05,0.0,nan,nan,nan
4777.815,1.545847e-05,0.0,nan,nan,nan
4777.899,1.545918e-05,0.0,nan,nan,nan
4777.983,1.545766e-05,0.0,nan,nan,nan
4778.067,1.54598e-05,0.0,nan,nan,nan
4778.155,1.545982e-05,0.0,nan,nan,nan
4778.238,1.546441e-05,0.0,nan,nan,nan
4778.336,1.545776e-05,0.0,nan,nan,nan
4778.42,1.545933e-05,0.0,nan,nan,nan
4778.515,1.545883e-05,0.0,nan,nan,nan
4778.598,1.546144e-05,0.0,nan,nan,nan
4778.682,1.546135e-05,0.0,nan,nan,nan
4778.765,1.545822e-05,0.0,nan,nan,nan
4778.852,1.545797e-05,0.0,nan,nan,nan
4778.948,1.545777e-05,0.0,nan,nan,nan
4779.031,1.545652e-05,0.0,nan,nan,nan
4779.115,1.545874e-05,0.0,nan,nan,nan
4779.198,1.545822e-05,0.0,nan,nan,nan
4779.282,1.545757e-05,0.0,nan,nan,nan
4779.366,1.545911e-05,0.0,nan,nan,nan
4779.453,1.545869e-05,0.0,nan,nan,nan
4779.544,1.545902e-05,0.0,nan,nan,nan
4779.628,1.545548e-05,0.0,nan,nan,nan
4779.713,1.545607e-05,0.0,nan,nan,nan
4779.824,1.545777e-05,0.0,nan,nan,nan
4779.909,1.545698e-05,0.0,nan,nan,nan
4779.993,1.545748e-05,0.0,nan,nan,nan
4780.076,1.545853e-05,0.0,nan,nan,nan
4780.172,1.545819e-05,0.0,nan,nan,nan
4780.256,1.545539e-05,0.0,nan,nan,nan
4780.339,1.546047e-05,0.0,nan,nan,nan
4780.423,1.54534e-05,0.0,nan,nan,nan
4780.507,1.545418e-05,0.0,nan,nan,nan
4780.59,1.545684e-05,0.0,nan,nan,nan
4780.674,1.545698e-05,0.0,nan,nan,nan
4780.758,1.545627e-05,0.0,nan,nan,nan
4780.841,1.545378e-05,0.0,nan,nan,nan
4780.925,1.545585e-05,0.0,nan,nan,nan
4781.008,1.545335e-05,0.0,nan,nan,nan
4781.092,1.545485e-05,0.0,nan,nan,nan
4781.176,1.545407e-05,0.0,nan,nan,nan
4781.259,1.545544e-05,0.0,nan,nan,nan
4781.343,1.545558e-05,0.0,nan,nan,nan
4781.427,1.54527e-05,0.0,nan,nan,nan
4781.51,1.545724e-05,0.0,nan,nan,nan
4781.597,1.545793e-05,0.0,nan,nan,nan
4781.681,1.545865e-05,0.0,nan,nan,nan
4781.785,1.545538e-05,0.0,nan,nan,nan
4781.869,1.545534e-05,0.0,nan,nan,nan
4781.953,1.545697e-05,0.0,nan,nan,nan
4782.048,1.545489e-05,0.0,nan,nan,nan
4782.135,1.545289e-05,0.0,nan,nan,nan
4782.23,1.545969e-05,0.0,nan,nan,nan
4782.313,1.54548e-05,0.0,nan,nan,nan
4782.422,1.545808e-05,0.0,nan,nan,nan
4782.506,1.54565e-05,0.0,nan,nan,nan
4782.589,1.545694e-05,0.0,nan,nan,nan
4782.673,1.545552e-05,0.0,nan,nan,nan
4782.756,1.545819e-05,0.0,nan,nan,nan
4782.84,1.545748e-05,0.0,nan,nan,nan
4782.924,1.545799e-05,0.0,nan,nan,nan
4783.007,1.546019e-05,0.0,nan,nan,nan
4783.091,1.545741e-05,0.0,nan,nan,nan
4783.175,1.545542e-05,0.0,nan,nan,nan
4783.28,1.546104e-05,0.0,nan,nan,nan
4783.369,1.546032e-05,0.0,nan,nan,nan
4783.466,1.545948e-05,0.0,nan,nan,nan
4783.55,1.545752e-05,0.0,nan,nan,nan
4783.651,1.546209e-05,0.0,nan,nan,nan
4783.735,1.545884e-05,0.0,nan,nan,nan
4783.851,1.546343e-05,0.0,nan,nan,nan
4783.935,1.545994e-05,0.0,nan,nan,nan
4784.021,1.545701e-05,0.0,nan,nan,nan
4784.104,1.545582e-05,0.0,nan,nan,nan
4784.188,1.546051e-05,0.0,nan,nan,nan
4784.287,1.546051e-05,0.0,nan,nan,nan
4784.371,1.545903e-05,0.0,nan,nan,nan
4784.464,1.545392e-05,0.0,nan,nan,nan
4784.548,1.545731e-05,0.0,nan,nan,nan
4784.632,1.546e-05,0.0,nan,nan,nan
4784.715,1.545684e-05,0.0,nan,nan,nan
4784.799,1.545722e-05,0.0,nan,nan,nan
4784.883,1.545872e-05,0.0,nan,nan,nan
4784.966,1.546088e-05,0.0,nan,nan,nan
4785.05,1.545905e-05,0.0,nan,nan,nan
4785.133,1.545865e-05,0.0,nan,nan,nan
4785.217,1.545973e-05,0.0,nan,nan,nan
4785.32,1.546012e-05,0.0,nan,nan,nan
4785.403,1.545899e-05,0.0,nan,nan,nan
4785.496,1.54587e-05,0.0,nan,nan,nan
4785.579,1.545498e-05,0.0,nan,nan,nan
4785.665,1.546057e-05,0.0,nan,nan,nan
4785.749,1.545759e-05,0.0,nan,nan,nan
4785.832,1.545862e-05,0.0,nan,nan,nan
4785.919,1.545833e-05,0.0,nan,nan,nan
4786.002,1.546231e-05,0.0,nan,nan,nan
4786.104,1.545974e-05,0.0,nan,nan,nan
4786.188,1.545877e-05,0.0,nan,nan,nan
4786.274,1.546139e-05,0.0,nan,nan,nan
4786.358,1.545986e-05,0.0,nan,nan,nan
4786.441,1.546224e-05,0.0,nan,nan,nan
4786.528,1.545773e-05,0.0,nan,nan,nan
4786.612,1.546111e-05,0.0,nan,nan,nan
4786.696,1.545525e-05,0.0,nan,nan,nan
4786.779,1.545948e-05,0.0,nan,nan,nan
4786.863,1.545974e-05,0.0,nan,nan,nan
4786.946,1.545951e-05,0.0,nan,nan,nan
4787.03,1.546163e-05,0.0,nan,nan,nan
4787.13,1.545789e-05,0.0,nan,nan,nan
4787.214,1.54615e-05,0.0,nan,nan,nan
4787.297,1.546029e-05,0.0,nan,nan,nan
4787.381,1.545823e-05,0.0,nan,nan,nan
4787.465,1.546016e-05,0.0,nan,nan,nan
4787.555,1.546118e-05,0.0,nan,nan,nan
4787.639,1.545652e-05,0.0,nan,nan,nan
4787.722,1.54615e-05,0.0,nan,nan,nan
4787.806,1.545814e-05,0.0,nan,nan,nan
4787.89,1.54604e-05,0.0,nan,nan,nan
4787.983,1.545998e-05,0.0,nan,nan,nan
4788.067,1.546075e-05,0.0,nan,nan,nan
4788.163,1.545933e-05,0.0,nan,nan,nan
4788.248,1.546078e-05,0.0,nan,nan,nan
4788.333,1.545969e-05,0.0,nan,nan,nan
4788.417,1.546205e-05,0.0,nan,nan,nan
4788.501,1.546032e-05,0.0,nan,nan,nan
4788.584,1.546172e-05,0.0,nan,nan,nan
4788.668,1.545971e-05,0.0,nan,nan,nan
4788.779,1.54616e-05,0.0,nan,nan,nan
4788.862,1.546215e-05,0.0,nan,nan,nan
4788.964,1.54595e-05,0.0,nan,nan,nan
4789.048,1.545988e-05,0.0,nan,nan,nan
4789.132,1.546134e-05,0.0,nan,nan,nan
4789.216,1.546145e-05,0.0,nan,nan,nan
4789.299,1.545685e-05,0.0,nan,nan,nan
4789.414,1.546168e-05,0.0,nan,nan,nan
4789.498,1.546099e-05,0.0,nan,nan,nan
4789.584,1.54621e-05,0.0,nan,nan,nan
4789.668,1.546113e-05,0.0,nan,nan,nan
4789.763,1.545987e-05,0.0,nan,nan,nan
4789.847,1.546263e-05,0.0,nan,nan,nan
4789.931,1.546235e-05,0.0,nan,nan,nan
4790.045,1.545926e-05,0.0,nan,nan,nan
4790.129,1.546115e-05,0.0,nan,nan,nan
4790.214,1.546365e-05,0.0,nan,nan,nan
4790.303,1.546067e-05,0.0,nan,nan,nan
4790.403,1.546298e-05,0.0,nan,nan,nan
4790.487,1.546319e-05,0.0,nan,nan,nan
4790.571,1.546434e-05,0.0,nan,nan,nan
4790.654,1.546565e-05,0.0,nan,nan,nan
4790.739,1.54664e-05,0.0,nan,nan,nan
4790.823,1.546283e-05,0.0,nan,nan,nan
4790.906,1.5461e-05,0.0,nan,nan,nan
4791.015,1.546618e-05,0.0,nan,nan,nan
4791.099,1.546368e-05,0.0,nan,nan,nan
4791.211,1.546522e-05,0.0,nan,nan,nan
4791.295,1.546092e-05,0.0,nan,nan,nan
4791.379,1.545819e-05,0.0,nan,nan,nan
4791.463,1.546259e-05,0.0,nan,nan,nan
4791.546,1.546391e-05,0.0,nan,nan,nan
4791.63,1.546168e-05,0.0,nan,nan,nan
4791.714,1.546389e-05,0.0,nan,nan,nan
4791.811,1.54638e-05,0.0,nan,nan,nan
4791.895,1.545718e-05,0.0,nan,nan,nan
4791.98,1.545975e-05,0.0,nan,nan,nan
4792.095,1.545891e-05,0.0,nan,nan,nan
4792.178,1.546199e-05,0.0,nan,nan,nan
4792.262,1.545916e-05,0.0,nan,nan,nan
4792.345,1.546258e-05,0.0,nan,nan,nan
4792.452,1.546058e-05,0.0,nan,nan,nan
4792.536,1.545885e-05,0.0,nan,nan,nan
4792.632,1.546037e-05,0.0,nan,nan,nan
4792.716,1.546095e-05,0.0,nan,nan,nan
4792.799,1.546123e-05,0.0,nan,nan,nan
4792.883,1.546065e-05,0.0,nan,nan,nan
4792.966,1.545906e-05,0.0,nan,nan,nan
4793.05,1.546215e-05,0.0,nan,nan,nan
4793.134,1.546233e-05,0.0,nan,nan,nan
4793.23,1.54622e-05,0.0,nan,nan,nan
4793.314,1.546218e-05,0.0,nan,nan,nan
4793.397,1.546115e-05,0.0,nan,nan,nan
4793.481,1.545916e-05,0.0,nan,nan,nan
4793.564,1.545985e-05,0.0,nan,nan,nan
4793.648,1.545825e-05,0.0,nan,nan,nan
4793.732,1.546293e-05,0.0,nan,nan,nan
4793.837,1.546088e-05,0.0,nan,nan,nan
4793.921,1.546024e-05,0.0,nan,nan,nan
4794.004,1.545725e-05,0.0,nan,nan,nan
4794.088,1.545661e-05,0.0,nan,nan,nan
4794.19,1.546118e-05,0.0,nan,nan,nan
4794.294,1.546419e-05,0.0,nan,nan,nan
4794.378,1.545719e-05,0.0,nan,nan,nan
4794.466,1.545742e-05,0.0,nan,nan,nan
4794.55,1.546094e-05,0.0,nan,nan,nan
4794.657,1.545963e-05,0.0,nan,nan,nan
4794.74,1.546275e-05,0.0,nan,nan,nan
4794.825,1.546045e-05,0.0,nan,nan,nan
4794.909,1.545996e-05,0.0,nan,nan,nan
4794.992,1.545986e-05,0.0,nan,nan,nan
4795.078,1.545772e-05,0.0,nan,nan,nan
4795.162,1.545737e-05,0.0,nan,nan,nan
4795.245,1.5456e-05,0.0,nan,nan,nan
4795.329,1.546032e-05,0.0,nan,nan,nan
4795.412,1.545937e-05,0.0,nan,nan,nan
4795.496,1.546083e-05,0.0,nan,nan,nan
4795.58,1.54576e-05,0.0,nan,nan,nan
4795.684,1.54618e-05,0.0,nan,nan,nan
4795.767,1.546002e-05,0.0,nan,nan,nan
4795.851,1.54607e-05,0.0,nan,nan,nan
4795.935,1.546376e-05,0.0,nan,nan,nan
4796.022,1.546042e-05,0.0,nan,nan,nan
4796.106,1.546083e-05,0.0,nan,nan,nan
4796.189,1.546088e-05,0.0,nan,nan,nan
4796.276,1.545609e-05,0.0,nan,nan,nan
4796.359,1.545662e-05,0.0,nan,nan,nan
4796.443,1.545736e-05,0.0,nan,nan,nan
4796.527,1.545814e-05,0.0,nan,nan,nan
4796.615,1.546028e-05,0.0,nan,nan,nan
4796.704,1.545701e-05,0.0,nan,nan,nan
4796.787,1.545848e-05,0.0,nan,nan,nan
4796.873,1.545792e-05,0.0,nan,nan,nan
4796.956,1.546354e-05,0.0,nan,nan,nan
4797.039,1.546174e-05,0.0,nan,nan,nan
4797.123,1.54627e-05,0.0,nan,nan,nan
4797.207,1.545933e-05,0.0,nan,nan,nan
4797.299,1.545884e-05,0.0,nan,nan,nan
4797.382,1.54624e-05,0.0,nan,nan,nan
4797.466,1.545934e-05,0.0,nan,nan,nan
4797.55,1.546219e-05,0.0,nan,nan,nan
4797.633,1.546412e-05,0.0,nan,nan,nan
4797.722,1.546118e-05,0.0,nan,nan,nan
4797.805,1.54586e-05,0.0,nan,nan,nan
4797.889,1.546182e-05,0.0,nan,nan,nan
4797.973,1.545934e-05,0.0,nan,nan,nan
4798.056,1.545631e-05,0.0,nan,nan,nan
4798.139,1.545528e-05,0.0,nan,nan,nan
4798.223,1.545647e-05,0.0,nan,nan,nan
4798.312,1.546005e-05,0.0,nan,nan,nan
4798.395,1.546116e-05,0.0,nan,nan,nan
4798.479,1.545937e-05,0.0,nan,nan,nan
4798.562,1.545848e-05,0.0,nan,nan,nan
4798.648,1.546024e-05,0.0,nan,nan,nan
4798.732,1.546252e-05,0.0,nan,nan,nan
4798.816,1.545855e-05,0.0,nan,nan,nan
4798.9,1.54549e-05,0.0,nan,nan,nan
4798.983,1.545986e-05,0.0,nan,nan,nan
4799.067,1.546293e-05,0.0,nan,nan,nan
4799.151,1.546417e-05,0.0,nan,nan,nan
4799.237,1.546087e-05,0.0,nan,nan,nan
4799.321,1.545931e-05,0.0,nan,nan,nan
4799.404,1.54586e-05,0.0,nan,nan,nan
4799.492,1.546169e-05,0.0,nan,nan,nan
4799.576,1.545998e-05,0.0,nan,nan,nan
4799.66,1.545891e-05,0.0,nan,nan,nan
4799.747,1.545272e-05,0.0,nan,nan,nan
4799.83,1.545678e-05,0.0,nan,nan,nan
4799.936,1.546167e-05,0.0,nan,nan,nan
4800.02,1.545952e-05,0.0,nan,nan,nan
4800.104,1.54593e-05,0.0,nan,nan,nan
4800.187,1.545642e-05,0.0,nan,nan,nan
4800.271,1.546004e-05,0.0,nan,nan,nan
4800.378,1.546019e-05,0.0,nan,nan,nan
4800.463,1.545679e-05,0.0,nan,nan,nan
4800.551,1.545923e-05,0.0,nan,nan,nan
4800.635,1.545802e-05,0.0,nan,nan,nan
4800.719,1.545782e-05,0.0,nan,nan,nan
4800.803,1.546057e-05,0.0,nan,nan,nan
4800.887,1.545537e-05,0.0,nan,nan,nan
4800.981,1.545955e-05,0.0,nan,nan,nan
4801.065,1.54598e-05,0.0,nan,nan,nan
4801.165,1.546073e-05,0.0,nan,nan,nan
4801.249,1.545888e-05,0.0,nan,nan,nan
4801.333,1.546012e-05,0.0,nan,nan,nan
4801.417,1.546022e-05,0.0,nan,nan,nan
4801.5,1.545586e-05,0.0,nan,nan,nan
4801.584,1.54579e-05,0.0,nan,nan,nan
4801.668,1.546003e-05,0.0,nan,nan,nan
4801.763,1.545998e-05,0.0,nan,nan,nan
4801.847,1.545264e-05,0.0,nan,nan,nan
4801.931,1.545837e-05,0.0,nan,nan,nan
4802.015,1.545853e-05,0.0,nan,nan,nan
4802.098,1.54578e-05,0.0,nan,nan,nan
4802.191,1.545743e-05,0.0,nan,nan,nan
4802.275,1.545601e-05,0.0,nan,nan,nan
4802.376,1.545531e-05,0.0,nan,nan,nan
4803.209,1.545619e-05,0.0,nan,nan,nan
4803.3,1.545295e-05,0.0,nan,nan,nan
4803.385,1.545228e-05,0.0,nan,nan,nan
4803.469,1.545545e-05,0.0,nan,nan,nan
4803.552,1.54556e-05,0.0,nan,nan,nan
4803.636,1.545083e-05,0.0,nan,nan,nan
4803.72,1.545579e-05,0.0,nan,nan,nan
4803.812,1.545951e-05,0.0,nan,nan,nan
4803.896,1.545725e-05,0.0,nan,nan,nan
4803.979,1.545656e-05,0.0,nan,nan,nan
4804.063,1.545748e-05,0.0,nan,nan,nan
4804.147,1.546234e-05,0.0,nan,nan,nan
4804.23,1.545798e-05,0.0,nan,nan,nan
4804.318,1.545627e-05,0.0,nan,nan,nan
4804.418,1.545738e-05,0.0,nan,nan,nan
4804.501,1.546115e-05,0.0,nan,nan,nan
4804.587,1.54579e-05,0.0,nan,nan,nan
4804.67,1.545733e-05,0.0,nan,nan,nan
4804.754,1.545461e-05,0.0,nan,nan,nan
4804.837,1.545434e-05,0.0,nan,nan,nan
4804.921,1.545832e-05,0.0,nan,nan,nan
4805.014,1.546091e-05,0.0,nan,nan,nan
4805.098,1.546019e-05,0.0,nan,nan,nan
4805.181,1.545958e-05,0.0,nan,nan,nan
4805.285,1.545891e-05,0.0,nan,nan,nan
4805.368,1.545771e-05,0.0,nan,nan,nan
4805.452,1.545851e-05,0.0,nan,nan,nan
4805.535,1.545789e-05,0.0,nan,nan,nan
4805.619,1.545999e-05,0.0,nan,nan,nan
4805.703,1.546204e-05,0.0,nan,nan,nan
4805.789,1.545793e-05,0.0,nan,nan,nan
4805.873,1.545841e-05,0.0,nan,nan,nan
4805.956,1.546216e-05,0.0,nan,nan,nan
4806.043,1.546549e-05,0.0,nan,nan,nan
4806.127,1.546225e-05,0.0,nan,nan,nan
4806.211,1.546002e-05,0.0,nan,nan,nan
4806.295,1.545771e-05,0.0,nan,nan,nan
4806.379,1.54617e-05,0.0,nan,nan,nan
4806.462,1.545983e-05,0.0,nan,nan,nan
4806.547,1.545655e-05,0.0,nan,nan,nan
4806.637,1.54599e-05,0.0,nan,nan,nan
4806.721,1.54589e-05,0.0,nan,nan,nan
4806.804,1.545658e-05,0.0,nan,nan,nan
4806.888,1.545842e-05,0.0,nan,nan,nan
4806.971,1.545989e-05,0.0,nan,nan,nan
4807.055,1.545953e-05,0.0,nan,nan,nan
4807.139,1.546027e-05,0.0,nan,nan,nan
4807.224,1.546015e-05,0.0,nan,nan,nan
4807.328,1.546056e-05,0.0,nan,nan,nan
4807.412,1.54631e-05,0.0,nan,nan,nan
4807.495,1.54636e-05,0.0,nan,nan,nan
4807.579,1.546454e-05,0.0,nan,nan,nan
4807.668,1.545799e-05,0.0,nan,nan,nan
4807.752,1.546363e-05,0.0,nan,nan,nan
4807.856,1.545887e-05,0.0,nan,nan,nan
4807.939,1.545514e-05,0.0,nan,nan,nan
4808.024,1.54647e-05,0.0,nan,nan,nan
4808.107,1.54643e-05,0.0,nan,nan,nan
4808.191,1.546072e-05,0.0,nan,nan,nan
4808.287,1.546055e-05,0.0,nan,nan,nan
4808.37,1.5456e-05,0.0,nan,nan,nan
4808.454,1.545726e-05,0.0,nan,nan,nan
4808.538,1.546071e-05,0.0,nan,nan,nan
4808.621,1.546077e-05,0.0,nan,nan,nan
4808.706,1.545971e-05,0.0,nan,nan,nan
4808.79,1.546019e-05,0.0,nan,nan,nan
4808.887,1.54571e-05,0.0,nan,nan,nan
4808.971,1.545707e-05,0.0,nan,nan,nan
4809.054,1.545579e-05,0.0,nan,nan,nan
4809.137,1.545796e-05,0.0,nan,nan,nan
4809.221,1.545644e-05,0.0,nan,nan,nan
4809.304,1.545645e-05,0.0,nan,nan,nan
4809.416,1.54578e-05,0.0,nan,nan,nan
4809.513,1.545737e-05,0.0,nan,nan,nan
4809.597,1.545711e-05,0.0,nan,nan,nan
4809.7,1.545296e-05,0.0,nan,nan,nan
4809.784,1.545569e-05,0.0,nan,nan,nan
4809.871,1.545608e-05,0.0,nan,nan,nan
4809.955,1.545781e-05,0.0,nan,nan,nan
4810.039,1.545393e-05,0.0,nan,nan,nan
4810.122,1.545215e-05,0.0,nan,nan,nan
4810.206,1.54547e-05,0.0,nan,nan,nan
4810.29,1.545461e-05,0.0,nan,nan,nan
4810.373,1.544974e-05,0.0,nan,nan,nan
4810.457,1.544619e-05,0.0,nan,nan,nan
4810.541,1.545487e-05,0.0,nan,nan,nan
4810.624,1.545573e-05,0.0,nan,nan,nan
4810.716,1.545509e-05,0.0,nan,nan,nan
4810.799,1.545638e-05,0.0,nan,nan,nan
4810.883,1.545882e-05,0.0,nan,nan,nan
4810.967,1.545634e-05,0.0,nan,nan,nan
4811.05,1.546202e-05,0.0,nan,nan,nan
4811.138,1.545932e-05,0.0,nan,nan,nan
4811.221,1.545729e-05,0.0,nan,nan,nan
4811.333,1.545476e-05,0.0,nan,nan,nan
4811.417,1.545527e-05,0.0,nan,nan,nan
4811.501,1.545626e-05,0.0,nan,nan,nan
4811.585,1.545659e-05,0.0,nan,nan,nan
4811.668,1.545591e-05,0.0,nan,nan,nan
4811.756,1.545729e-05,0.0,nan,nan,nan
4811.84,1.545704e-05,0.0,nan,nan,nan
4811.924,1.545759e-05,0.0,nan,nan,nan
4812.008,1.545542e-05,0.0,nan,nan,nan
4812.091,1.54575e-05,0.0,nan,nan,nan
4812.175,1.54526e-05,0.0,nan,nan,nan
4812.258,1.54583e-05,0.0,nan,nan,nan
4812.351,1.545668e-05,0.0,nan,nan,nan
4812.435,1.545729e-05,0.0,nan,nan,nan
4812.518,1.54572e-05,0.0,nan,nan,nan
4812.602,1.545938e-05,0.0,nan,nan,nan
4812.686,1.545895e-05,0.0,nan,nan,nan
4812.77,1.545619e-05,0.0,nan,nan,nan
4812.854,1.54615e-05,0.0,nan,nan,nan
4812.937,1.545694e-05,0.0,nan,nan,nan
4813.021,1.546172e-05,0.0,nan,nan,nan
4813.105,1.54585e-05,0.0,nan,nan,nan
4813.188,1.54575e-05,0.0,nan,nan,nan
4813.272,1.545756e-05,0.0,nan,nan,nan
4813.38,1.545973e-05,0.0,nan,nan,nan
4813.464,1.545872e-05,0.0,nan,nan,nan
4813.563,1.545935e-05,0.0,nan,nan,nan
4813.647,1.546025e-05,0.0,nan,nan,nan
4813.731,1.546007e-05,0.0,nan,nan,nan
4813.815,1.546019e-05,0.0,nan,nan,nan
4813.902,1.545854e-05,0.0,nan,nan,nan
4813.995,1.545965e-05,0.0,nan,nan,nan
4814.079,1.545997e-05,0.0,nan,nan,nan
4814.162,1.545571e-05,0.0,nan,nan,nan
4814.246,1.545674e-05,0.0,nan,nan,nan
4814.33,1.545605e-05,0.0,nan,nan,nan
4814.413,1.545823e-05,0.0,nan,nan,nan
4814.501,1.545973e-05,0.0,nan,nan,nan
4814.598,1.545423e-05,0.0,nan,nan,nan
4814.682,1.545409e-05,0.0,nan,nan,nan
4814.765,1.545133e-05,0.0,nan,nan,nan
4814.849,1.545739e-05,0.0,nan,nan,nan
4814.932,1.545415e-05,0.0,nan,nan,nan
4815.02,1.545501e-05,0.0,nan,nan,nan
4815.103,1.545733e-05,0.0,nan,nan,nan
4815.187,1.545554e-05,0.0,nan,nan,nan
4815.27,1.545532e-05,0.0,nan,nan,nan
4815.355,1.545523e-05,0.0,nan,nan,nan
4815.439,1.545299e-05,0.0,nan,nan,nan
4815.523,1.545313e-05,0.0,nan,nan,nan
4815.612,1.545348e-05,0.0,nan,nan,nan
4815.695,1.545555e-05,0.0,nan,nan,nan
4815.779,1.545268e-05,0.0,nan,nan,nan
4815.862,1.545597e-05,0.0,nan,nan,nan
4815.946,1.545841e-05,0.0,nan,nan,nan
4816.037,1.545886e-05,0.0,nan,nan,nan
4816.121,1.545639e-05,0.0,nan,nan,nan
4816.206,1.54587e-05,0.0,nan,nan,nan
4816.29,1.545699e-05,0.0,nan,nan,nan
4816.374,1.54574e-05,0.0,nan,nan,nan
4816.458,1.545772e-05,0.0,nan,nan,nan
4816.542,1.545563e-05,0.0,nan,nan,nan
4816.649,1.54587e-05,0.0,nan,nan,nan
4816.733,1.545493e-05,0.0,nan,nan,nan
4816.845,1.545337e-05,0.0,nan,nan,nan
4816.929,1.545525e-05,0.0,nan,nan,nan
4817.012,1.54572e-05,0.0,nan,nan,nan
4817.096,1.545833e-05,0.0,nan,nan,nan
4817.184,1.545421e-05,0.0,nan,nan,nan
4817.272,1.545396e-05,0.0,nan,nan,nan
4817.356,1.545777e-05,0.0,nan,nan,nan
4817.46,1.545343e-05,0.0,nan,nan,nan
4817.544,1.545563e-05,0.0,nan,nan,nan
4817.628,1.545298e-05,0.0,nan,nan,nan
4817.73,1.54528e-05,0.0,nan,nan,nan
4817.814,1.545255e-05,0.0,nan,nan,nan
4817.897,1.545653e-05,0.0,nan,nan,nan
4817.984,1.545631e-05,0.0,nan,nan,nan
4818.082,1.546012e-05,0.0,nan,nan,nan
4818.165,1.545604e-05,0.0,nan,nan,nan
4818.249,1.545842e-05,0.0,nan,nan,nan
4818.333,1.545711e-05,0.0,nan,nan,nan
4818.418,1.545586e-05,0.0,nan,nan,nan
4818.507,1.54566e-05,0.0,nan,nan,nan
4818.591,1.54546e-05,0.0,nan,nan,nan
4818.686,1.545635e-05,0.0,nan,nan,nan
4818.77,1.545762e-05,0.0,nan,nan,nan
4818.853,1.546165e-05,0.0,nan,nan,nan
4818.937,1.54585e-05,0.0,nan,nan,nan
4819.021,1.545604e-05,0.0,nan,nan,nan
4819.104,1.545572e-05,0.0,nan,nan,nan
4819.188,1.545743e-05,0.0,nan,nan,nan
4819.272,1.545846e-05,0.0,nan,nan,nan
4819.355,1.54541e-05,0.0,nan,nan,nan
4819.441,1.545427e-05,0.0,nan,nan,nan
4819.524,1.545815e-05,0.0,nan,nan,nan
4819.608,1.545558e-05,0.0,nan,nan,nan
4819.7,1.545526e-05,0.0,nan,nan,nan
4819.787,1.54592e-05,0.0,nan,nan,nan
4819.889,1.545952e-05,0.0,nan,nan,nan
4819.973,1.545758e-05,0.0,nan,nan,nan
4820.057,1.545449e-05,0.0,nan,nan,nan
4820.141,1.546087e-05,0.0,nan,nan,nan
4820.224,1.545989e-05,0.0,nan,nan,nan
4820.31,1.545587e-05,0.0,nan,nan,nan
4820.394,1.545655e-05,0.0,nan,nan,nan
4820.477,1.545825e-05,0.0,nan,nan,nan
4820.561,1.545591e-05,0.0,nan,nan,nan
4820.645,1.545494e-05,0.0,nan,nan,nan
4820.728,1.545993e-05,0.0,nan,nan,nan
4820.812,1.545681e-05,0.0,nan,nan,nan
4820.895,1.545622e-05,0.0,nan,nan,nan
4820.979,1.545552e-05,0.0,nan,nan,nan
4821.063,1.545624e-05,0.0,nan,nan,nan
4821.146,1.54581e-05,0.0,nan,nan,nan
4821.23,1.545824e-05,0.0,nan,nan,nan
4821.32,1.545724e-05,0.0,nan,nan,nan
4821.404,1.54542e-05,0.0,nan,nan,nan
4821.494,1.54509e-05,0.0,nan,nan,nan
4821.577,1.54527e-05,0.0,nan,nan,nan
4821.661,1.545534e-05,0.0,nan,nan,nan
4821.748,1.545568e-05,0.0,nan,nan,nan
4821.852,1.545631e-05,0.0,nan,nan,nan
4821.945,1.545554e-05,0.0,nan,nan,nan
4822.029,1.545529e-05,0.0,nan,nan,nan
4822.112,1.54559e-05,0.0,nan,nan,nan
4822.196,1.545348e-05,0.0,nan,nan,nan
4822.28,1.545489e-05,0.0,nan,nan,nan
4822.377,1.545029e-05,0.0,nan,nan,nan
4822.46,1.544951e-05,0.0,nan,nan,nan
4822.554,1.544894e-05,0.0,nan,nan,nan
4822.637,1.544823e-05,0.0,nan,nan,nan
4822.727,1.5449e-05,0.0,nan,nan,nan
4822.811,1.545617e-05,0.0,nan,nan,nan
4822.894,1.545484e-05,0.0,nan,nan,nan
4822.986,1.545181e-05,0.0,nan,nan,nan
4823.07,1.545643e-05,0.0,nan,nan,nan
4823.166,1.545867e-05,0.0,nan,nan,nan
4823.249,1.545816e-05,0.0,nan,nan,nan
4823.333,1.545298e-05,0.0,nan,nan,nan
4823.417,1.545567e-05,0.0,nan,nan,nan
4823.505,1.545738e-05,0.0,nan,nan,nan
4823.589,1.545495e-05,0.0,nan,nan,nan
4823.673,1.545742e-05,0.0,nan,nan,nan
4823.764,1.545761e-05,0.0,nan,nan,nan
4823.848,1.545782e-05,0.0,nan,nan,nan
4823.944,1.545305e-05,0.0,nan,nan,nan
4824.046,1.545384e-05,0.0,nan,nan,nan
4824.13,1.545642e-05,0.0,nan,nan,nan
4824.214,1.545512e-05,0.0,nan,nan,nan
4824.302,1.54533e-05,0.0,nan,nan,nan
4824.397,1.545343e-05,0.0,nan,nan,nan
4824.483,1.545468e-05,0.0,nan,nan,nan
4824.577,1.545423e-05,0.0,nan,nan,nan
4824.66,1.545339e-05,0.0,nan,nan,nan
4824.744,1.545141e-05,0.0,nan,nan,nan
4824.828,1.545154e-05,0.0,nan,nan,nan
4824.912,1.545181e-05,0.0,nan,nan,nan
4825.017,1.545649e-05,0.0,nan,nan,nan
4825.101,1.545454e-05,0.0,nan,nan,nan
4825.203,1.545324e-05,0.0,nan,nan,nan
4825.287,1.544981e-05,0.0,nan,nan,nan
4825.37,1.545337e-05,0.0,nan,nan,nan
4825.453,1.544934e-05,0.0,nan,nan,nan
4825.537,1.54544e-05,0.0,nan,nan,nan
4825.627,1.545511e-05,0.0,nan,nan,nan
4825.71,1.545381e-05,0.0,nan,nan,nan
4825.805,1.545883e-05,0.0,nan,nan,nan
4825.889,1.544959e-05,0.0,nan,nan,nan
4826.011,1.545394e-05,0.0,nan,nan,nan
4826.115,1.545387e-05,0.0,nan,nan,nan
4826.221,1.545496e-05,0.0,nan,nan,nan
4826.305,1.545308e-05,0.0,nan,nan,nan
4826.389,1.545135e-05,0.0,nan,nan,nan
4826.472,1.545532e-05,0.0,nan,nan,nan
4826.556,1.545526e-05,0.0,nan,nan,nan
4826.64,1.545252e-05,0.0,nan,nan,nan
4826.723,1.545791e-05,0.0,nan,nan,nan
4826.823,1.545499e-05,0.0,nan,nan,nan
4826.907,1.545292e-05,0.0,nan,nan,nan
4826.99,1.545682e-05,0.0,nan,nan,nan
4827.074,1.545494e-05,0.0,nan,nan,nan
4827.158,1.545297e-05,0.0,nan,nan,nan
4827.247,1.545708e-05,0.0,nan,nan,nan
4827.331,1.54536e-05,0.0,nan,nan,nan
4827.414,1.545381e-05,0.0,nan,nan,nan
4827.498,1.545249e-05,0.0,nan,nan,nan
4827.587,1.544876e-05,0.0,nan,nan,nan
4827.671,1.544944e-05,0.0,nan,nan,nan
4827.754,1.545457e-05,0.0,nan,nan,nan
4827.854,1.544993e-05,0.0,nan,nan,nan
4827.937,1.54513e-05,0.0,nan,nan,nan
4828.023,1.5452e-05,0.0,nan,nan,nan
4828.125,1.545318e-05,0.0,nan,nan,nan
4828.209,1.545453e-05,0.0,nan,nan,nan
4828.292,1.545525e-05,0.0,nan,nan,nan
4828.376,1.545336e-05,0.0,nan,nan,nan
4828.471,1.545467e-05,0.0,nan,nan,nan
4828.555,1.545276e-05,0.0,nan,nan,nan
4828.641,1.545526e-05,0.0,nan,nan,nan
4828.725,1.545576e-05,0.0,nan,nan,nan
4828.81,1.545466e-05,0.0,nan,nan,nan
4828.893,1.545471e-05,0.0,nan,nan,nan
4828.977,1.545336e-05,0.0,nan,nan,nan
4829.061,1.545119e-05,0.0,nan,nan,nan
4829.145,1.545396e-05,0.0,nan,nan,nan
4829.228,1.545542e-05,0.0,nan,nan,nan
4829.313,1.545407e-05,0.0,nan,nan,nan
4829.397,1.545481e-05,0.0,nan,nan,nan
4829.483,1.545273e-05,0.0,nan,nan,nan
4829.567,1.544962e-05,0.0,nan,nan,nan
4829.65,1.545333e-05,0.0,nan,nan,nan
4829.734,1.545422e-05,0.0,nan,nan,nan
4829.818,1.545504e-05,0.0,nan,nan,nan
4829.921,1.545055e-05,0.0,nan,nan,nan
4830.005,1.544906e-05,0.0,nan,nan,nan
4830.089,1.545182e-05,0.0,nan,nan,nan
4830.179,1.545098e-05,0.0,nan,nan,nan
4830.263,1.545358e-05,0.0,nan,nan,nan
4830.346,1.545099e-05,0.0,nan,nan,nan
4830.438,1.54493e-05,0.0,nan,nan,nan
4830.548,1.544873e-05,0.0,nan,nan,nan
4830.636,1.54472e-05,0.0,nan,nan,nan
4830.738,1.54497e-05,0.0,nan,nan,nan
4830.821,1.54472e-05,0.0,nan,nan,nan
4830.928,1.544652e-05,0.0,nan,nan,nan
4831.011,1.544734e-05,0.0,nan,nan,nan
4831.095,1.544839e-05,0.0,nan,nan,nan
4831.179,1.544662e-05,0.0,nan,nan,nan
4831.262,1.545218e-05,0.0,nan,nan,nan
4831.346,1.545316e-05,0.0,nan,nan,nan
4831.429,1.54534e-05,0.0,nan,nan,nan
4831.531,1.545019e-05,0.0,nan,nan,nan
4831.615,1.545269e-05,0.0,nan,nan,nan
4831.701,1.545005e-05,0.0,nan,nan,nan
4831.785,1.545201e-05,0.0,nan,nan,nan
4831.868,1.545072e-05,0.0,nan,nan,nan
4831.973,1.545379e-05,0.0,nan,nan,nan
4832.056,1.545712e-05,0.0,nan,nan,nan
4832.169,1.545436e-05,0.0,nan,nan,nan
4832.258,1.545412e-05,0.0,nan,nan,nan
4832.362,1.545045e-05,0.0,nan,nan,nan
4832.446,1.545721e-05,0.0,nan,nan,nan
4832.529,1.545521e-05,0.0,nan,nan,nan
4832.613,1.545665e-05,0.0,nan,nan,nan
4832.698,1.545488e-05,0.0,nan,nan,nan
4832.782,1.545831e-05,0.0,nan,nan,nan
4832.869,1.545531e-05,0.0,nan,nan,nan
4832.966,1.545295e-05,0.0,nan,nan,nan
4833.049,1.545501e-05,0.0,nan,nan,nan
4833.134,1.545259e-05,0.0,nan,nan,nan
4833.217,1.545565e-05,0.0,nan,nan,nan
4833.301,1.54538e-05,0.0,nan,nan,nan
4833.385,1.545217e-05,0.0,nan,nan,nan
4833.469,1.545092e-05,0.0,nan,nan,nan
4833.573,1.545119e-05,0.0,nan,nan,nan
4833.657,1.545437e-05,0.0,nan,nan,nan
4833.741,1.545426e-05,0.0,nan,nan,nan
4833.825,1.545354e-05,0.0,nan,nan,nan
4833.908,1.545586e-05,0.0,nan,nan,nan
4834.004,1.545544e-05,0.0,nan,nan,nan
4834.087,1.545105e-05,0.0,nan,nan,nan
4834.189,1.545513e-05,0.0,nan,nan,nan
4834.301,1.545432e-05,0.0,nan,nan,nan
4834.385,1.545489e-05,0.0,nan,nan,nan
4834.468,1.545385e-05,0.0,nan,nan,nan
4834.552,1.54501e-05,0.0,nan,nan,nan
4834.636,1.544894e-05,0.0,nan,nan,nan
4834.721,1.544971e-05,0.0,nan,nan,nan
4834.805,1.545343e-05,0.0,nan,nan,nan
4834.889,1.545389e-05,0.0,nan,nan,nan
4834.972,1.545149e-05,0.0,nan,nan,nan
4835.056,1.545316e-05,0.0,nan,nan,nan
4835.14,1.545455e-05,0.0,nan,nan,nan
4835.248,1.54558e-05,0.0,nan,nan,nan
4835.333,1.54528e-05,0.0,nan,nan,nan
4835.428,1.545259e-05,0.0,nan,nan,nan
4835.512,1.545178e-05,0.0,nan,nan,nan
4835.596,1.54511e-05,0.0,nan,nan,nan
4835.679,1.545643e-05,0.0,nan,nan,nan
4835.763,1.545755e-05,0.0,nan,nan,nan
4835.846,1.545299e-05,0.0,nan,nan,nan
4835.93,1.545237e-05,0.0,nan,nan,nan
4836.014,1.54545e-05,0.0,nan,nan,nan
4836.098,1.545441e-05,0.0,nan,nan,nan
4836.188,1.545458e-05,0.0,nan,nan,nan
4836.272,1.545883e-05,0.0,nan,nan,nan
4836.355,1.545901e-05,0.0,nan,nan,nan
4836.439,1.545716e-05,0.0,nan,nan,nan
4836.526,1.545772e-05,0.0,nan,nan,nan
4836.61,1.545998e-05,0.0,nan,nan,nan
4836.694,1.545757e-05,0.0,nan,nan,nan
4836.777,1.54615e-05,0.0,nan,nan,nan
4836.861,1.54577e-05,0.0,nan,nan,nan
4836.944,1.546074e-05,0.0,nan,nan,nan
4837.042,1.546169e-05,0.0,nan,nan,nan
4837.125,1.545919e-05,0.0,nan,nan,nan
4837.209,1.546137e-05,0.0,nan,nan,nan
4837.293,1.545474e-05,0.0,nan,nan,nan
4837.376,1.545443e-05,0.0,nan,nan,nan
4837.483,1.545535e-05,0.0,nan,nan,nan
4837.568,1.545535e-05,0.0,nan,nan,nan
4837.668,1.545312e-05,0.0,nan,nan,nan
4837.752,1.545254e-05,0.0,nan,nan,nan
4837.863,1.545513e-05,0.0,nan,nan,nan
4837.946,1.545366e-05,0.0,nan,nan,nan
4838.031,1.545235e-05,0.0,nan,nan,nan
4838.115,1.545351e-05,0.0,nan,nan,nan
4838.198,1.5455e-05,0.0,nan,nan,nan
4838.292,1.545072e-05,0.0,nan,nan,nan
4838.375,1.545454e-05,0.0,nan,nan,nan
4838.461,1.545244e-05,0.0,nan,nan,nan
4838.545,1.545651e-05,0.0,nan,nan,nan
4838.63,1.545493e-05,0.0,nan,nan,nan
4838.72,1.545204e-05,0.0,nan,nan,nan
4838.803,1.545722e-05,0.0,nan,nan,nan
4838.887,1.545524e-05,0.0,nan,nan,nan
4838.97,1.545593e-05,0.0,nan,nan,nan
4839.054,1.545715e-05,0.0,nan,nan,nan
4839.137,1.545562e-05,0.0,nan,nan,nan
4839.221,1.545703e-05,0.0,nan,nan,nan
4839.312,1.545532e-05,0.0,nan,nan,nan
4839.395,1.545176e-05,0.0,nan,nan,nan
4839.479,1.545238e-05,0.0,nan,nan,nan
4839.562,1.545213e-05,0.0,nan,nan,nan
4839.647,1.545606e-05,0.0,nan,nan,nan
4839.736,1.545584e-05,0.0,nan,nan,nan
4839.819,1.545298e-05,0.0,nan,nan,nan
4839.905,1.545205e-05,0.0,nan,nan,nan
4839.988,1.545242e-05,0.0,nan,nan,nan
4840.072,1.545849e-05,0.0,nan,nan,nan
4840.156,1.5456e-05,0.0,nan,nan,nan
4840.239,1.545511e-05,0.0,nan,nan,nan
4840.348,1.545403e-05,0.0,nan,nan,nan
4840.435,1.545187e-05,0.0,nan,nan,nan
4840.561,1.545627e-05,0.0,nan,nan,nan
4840.646,1.545426e-05,0.0,nan,nan,nan
4840.729,1.544992e-05,0.0,nan,nan,nan
4840.813,1.545432e-05,0.0,nan,nan,nan
4840.898,1.545491e-05,0.0,nan,nan,nan
4840.981,1.545739e-05,0.0,nan,nan,nan
4841.065,1.545063e-05,0.0,nan,nan,nan
4841.149,1.545395e-05,0.0,nan,nan,nan
4841.235,1.545871e-05,0.0,nan,nan,nan
4841.328,1.545282e-05,0.0,nan,nan,nan
4841.412,1.545544e-05,0.0,nan,nan,nan
4841.498,1.545759e-05,0.0,nan,nan,nan
4841.582,1.545759e-05,0.0,nan,nan,nan
4841.668,1.545523e-05,0.0,nan,nan,nan
4841.767,1.545686e-05,0.0,nan,nan,nan
4841.851,1.545758e-05,0.0,nan,nan,nan
4841.952,1.545855e-05,0.0,nan,nan,nan
4842.036,1.545659e-05,0.0,nan,nan,nan
4842.119,1.545473e-05,0.0,nan,nan,nan
4842.203,1.545571e-05,0.0,nan,nan,nan
4842.287,1.54572e-05,0.0,nan,nan,nan
4842.377,1.545888e-05,0.0,nan,nan,nan
4842.461,1.545962e-05,0.0,nan,nan,nan
4842.563,1.545729e-05,0.0,nan,nan,nan
4842.658,1.545667e-05,0.0,nan,nan,nan
4842.742,1.545577e-05,0.0,nan,nan,nan
4842.826,1.545602e-05,0.0,nan,nan,nan
4842.909,1.545378e-05,0.0,nan,nan,nan
4842.994,1.545655e-05,0.0,nan,nan,nan
4843.077,1.545623e-05,0.0,nan,nan,nan
4843.161,1.545566e-05,0.0,nan,nan,nan
4843.245,1.545536e-05,0.0,nan,nan,nan
4843.329,1.545734e-05,0.0,nan,nan,nan
4843.413,1.545873e-05,0.0,nan,nan,nan
4843.5,1.545541e-05,0.0,nan,nan,nan
4843.607,1.545912e-05,0.0,nan,nan,nan
4843.691,1.545803e-05,0.0,nan,nan,nan
4843.798,1.5463e-05,0.0,nan,nan,nan
4843.881,1.545861e-05,0.0,nan,nan,nan
4843.967,1.545897e-05,0.0,nan,nan,nan
4844.052,1.545588e-05,0.0,nan,nan,nan
4844.135,1.545526e-05,0.0,nan,nan,nan
4844.231,1.54556e-05,0.0,nan,nan,nan
4844.315,1.545706e-05,0.0,nan,nan,nan
4844.398,1.54581e-05,0.0,nan,nan,nan
4844.482,1.545611e-05,0.0,nan,nan,nan
4844.566,1.545376e-05,0.0,nan,nan,nan
4844.65,1.545714e-05,0.0,nan,nan,nan
4844.734,1.545403e-05,0.0,nan,nan,nan
4844.817,1.545045e-05,0.0,nan,nan,nan
4844.901,1.545664e-05,0.0,nan,nan,nan
4844.985,1.545553e-05,0.0,nan,nan,nan
4845.068,1.545529e-05,0.0,nan,nan,nan
4845.152,1.545624e-05,0.0,nan,nan,nan
4845.257,1.545388e-05,0.0,nan,nan,nan
4845.34,1.545089e-05,0.0,nan,nan,nan
4845.425,1.545728e-05,0.0,nan,nan,nan
4845.508,1.545621e-05,0.0,nan,nan,nan
4845.592,1.545875e-05,0.0,nan,nan,nan
4845.686,1.546077e-05,0.0,nan,nan,nan
4845.77,1.545603e-05,0.0,nan,nan,nan
4845.854,1.545529e-05,0.0,nan,nan,nan
4845.938,1.545566e-05,0.0,nan,nan,nan
4846.021,1.546043e-05,0.0,nan,nan,nan
4846.105,1.545366e-05,0.0,nan,nan,nan
4846.189,1.545528e-05,0.0,nan,nan,nan
4846.273,1.545953e-05,0.0,nan,nan,nan
4846.357,1.54555e-05,0.0,nan,nan,nan
4846.44,1.545637e-05,0.0,nan,nan,nan
4846.524,1.545508e-05,0.0,nan,nan,nan
4846.607,1.545522e-05,0.0,nan,nan,nan
4846.708,1.54572e-05,0.0,nan,nan,nan
4846.792,1.545467e-05,0.0,nan,nan,nan
4846.875,1.545874e-05,0.0,nan,nan,nan
4846.959,1.545567e-05,0.0,nan,nan,nan
4847.043,1.545794e-05,0.0,nan,nan,nan
4847.127,1.545714e-05,0.0,nan,nan,nan
4847.212,1.545826e-05,0.0,nan,nan,nan
4847.299,1.545759e-05,0.0,nan,nan,nan
4847.383,1.545826e-05,0.0,nan,nan,nan
4847.467,1.545688e-05,0.0,nan,nan,nan
4847.551,1.545799e-05,0.0,nan,nan,nan
4847.634,1.54561e-05,0.0,nan,nan,nan
4847.72,1.545825e-05,0.0,nan,nan,nan
4847.803,1.545543e-05,0.0,nan,nan,nan
4847.887,1.545584e-05,0.0,nan,nan,nan
4847.971,1.545753e-05,0.0,nan,nan,nan
4848.054,1.546012e-05,0.0,nan,nan,nan
4848.138,1.545796e-05,0.0,nan,nan,nan
4848.221,1.545764e-05,0.0,nan,nan,nan
4848.305,1.545641e-05,0.0,nan,nan,nan
4848.389,1.545709e-05,0.0,nan,nan,nan
4848.473,1.545378e-05,0.0,nan,nan,nan
4848.557,1.545445e-05,0.0,nan,nan,nan
4848.64,1.545428e-05,0.0,nan,nan,nan
4848.724,1.545289e-05,0.0,nan,nan,nan
4848.84,1.54568e-05,0.0,nan,nan,nan
4848.924,1.545284e-05,0.0,nan,nan,nan
4849.008,1.545321e-05,0.0,nan,nan,nan
4849.091,1.544903e-05,0.0,nan,nan,nan
4849.175,1.545427e-05,0.0,nan,nan,nan
4849.258,1.545513e-05,0.0,nan,nan,nan
4849.342,1.545323e-05,0.0,nan,nan,nan
4849.426,1.545639e-05,0.0,nan,nan,nan
4849.531,1.545755e-05,0.0,nan,nan,nan
4849.615,1.545618e-05,0.0,nan,nan,nan
4849.699,1.545381e-05,0.0,nan,nan,nan
4849.782,1.545373e-05,0.0,nan,nan,nan
4849.866,1.546074e-05,0.0,nan,nan,nan
4849.964,1.545566e-05,0.0,nan,nan,nan
4850.048,1.545677e-05,0.0,nan,nan,nan
4850.14,1.546043e-05,0.0,nan,nan,nan
4850.224,1.545675e-05,0.0,nan,nan,nan
4850.309,1.545686e-05,0.0,nan,nan,nan
4850.393,1.54543e-05,0.0,nan,nan,nan
4850.476,1.54552e-05,0.0,nan,nan,nan
4850.565,1.54532e-05,0.0,nan,nan,nan
4850.649,1.545323e-05,0.0,nan,nan,nan
4850.732,1.545555e-05,0.0,nan,nan,nan
4850.822,1.546228e-05,0.0,nan,nan,nan
4850.928,1.545695e-05,0.0,nan,nan,nan
4851.011,1.545689e-05,0.0,nan,nan,nan
4851.097,1.545826e-05,0.0,nan,nan,nan
4851.181,1.545522e-05,0.0,nan,nan,nan
4851.27,1.545386e-05,0.0,nan,nan,nan
4851.353,1.545718e-05,0.0,nan,nan,nan
4851.437,1.545627e-05,0.0,nan,nan,nan
4851.52,1.545893e-05,0.0,nan,nan,nan
4851.604,1.546096e-05,0.0,nan,nan,nan
4851.687,1.546023e-05,0.0,nan,nan,nan
4851.777,1.546021e-05,0.0,nan,nan,nan
4851.86,1.546353e-05,0.0,nan,nan,nan
4851.949,1.545963e-05,0.0,nan,nan,nan
4852.033,1.546069e-05,0.0,nan,nan,nan
4852.116,1.545984e-05,0.0,nan,nan,nan
4852.2,1.545947e-05,0.0,nan,nan,nan
4852.283,1.546156e-05,0.0,nan,nan,nan
4852.369,1.545871e-05,0.0,nan,nan,nan
4852.452,1.546174e-05,0.0,nan,nan,nan
4852.537,1.545882e-05,0.0,nan,nan,nan
4852.621,1.546064e-05,0.0,nan,nan,nan
4852.706,1.545965e-05,0.0,nan,nan,nan
4852.79,1.546371e-05,0.0,nan,nan,nan
4852.873,1.546157e-05,0.0,nan,nan,nan
4852.978,1.546377e-05,0.0,nan,nan,nan
4853.062,1.546153e-05,0.0,nan,nan,nan
4853.145,1.546033e-05,0.0,nan,nan,nan
4853.229,1.545918e-05,0.0,nan,nan,nan
4853.312,1.546236e-05,0.0,nan,nan,nan
4853.396,1.545831e-05,0.0,nan,nan,nan
4853.479,1.545555e-05,0.0,nan,nan,nan
4853.577,1.545951e-05,0.0,nan,nan,nan
4853.661,1.546153e-05,0.0,nan,nan,nan
4853.745,1.546175e-05,0.0,nan,nan,nan
4853.828,1.546242e-05,0.0,nan,nan,nan
4853.912,1.546675e-05,0.0,nan,nan,nan
4853.999,1.545844e-05,0.0,nan,nan,nan
4854.082,1.546359e-05,0.0,nan,nan,nan
4854.166,1.54614e-05,0.0,nan,nan,nan
4854.249,1.545848e-05,0.0,nan,nan,nan
4854.333,1.5456e-05,0.0,nan,nan,nan
4854.416,1.546005e-05,0.0,nan,nan,nan
4854.5,1.546329e-05,0.0,nan,nan,nan
4854.592,1.545923e-05,0.0,nan,nan,nan
4854.676,1.545964e-05,0.0,nan,nan,nan
4854.76,1.545832e-05,0.0,nan,nan,nan
4854.844,1.545956e-05,0.0,nan,nan,nan
4854.927,1.546417e-05,0.0,nan,nan,nan
4855.012,1.546148e-05,0.0,nan,nan,nan
4855.096,1.546102e-05,0.0,nan,nan,nan
4855.179,1.54633e-05,0.0,nan,nan,nan
4855.263,1.545969e-05,0.0,nan,nan,nan
4855.346,1.545863e-05,0.0,nan,nan,nan
4855.429,1.546e-05,0.0,nan,nan,nan
4855.513,1.546017e-05,0.0,nan,nan,nan
4855.597,1.545951e-05,0.0,nan,nan,nan
4855.68,1.546297e-05,0.0,nan,nan,nan
4855.764,1.546269e-05,0.0,nan,nan,nan
4855.847,1.546211e-05,0.0,nan,nan,nan
4855.934,1.546075e-05,0.0,nan,nan,nan
4856.018,1.546325e-05,0.0,nan,nan,nan
4856.102,1.546374e-05,0.0,nan,nan,nan
4856.187,1.545926e-05,0.0,nan,nan,nan
4856.27,1.546124e-05,0.0,nan,nan,nan
4856.354,1.546015e-05,0.0,nan,nan,nan
4856.44,1.5456e-05,0.0,nan,nan,nan
4856.524,1.545753e-05,0.0,nan,nan,nan
4856.607,1.545585e-05,0.0,nan,nan,nan
4856.691,1.545575e-05,0.0,nan,nan,nan
4856.774,1.545478e-05,0.0,nan,nan,nan
4856.858,1.545713e-05,0.0,nan,nan,nan
4856.942,1.545739e-05,0.0,nan,nan,nan
4857.038,1.545816e-05,0.0,nan,nan,nan
4857.128,1.545597e-05,0.0,nan,nan,nan
4857.214,1.546538e-05,0.0,nan,nan,nan
4857.297,1.546182e-05,0.0,nan,nan,nan
4857.386,1.545879e-05,0.0,nan,nan,nan
4857.478,1.545809e-05,0.0,nan,nan,nan
4857.562,1.545182e-05,0.0,nan,nan,nan
4857.665,1.545259e-05,0.0,nan,nan,nan
4857.749,1.545521e-05,0.0,nan,nan,nan
4857.833,1.546031e-05,0.0,nan,nan,nan
4857.916,1.545934e-05,0.0,nan,nan,nan
4858.005,1.545631e-05,0.0,nan,nan,nan
4858.089,1.545836e-05,0.0,nan,nan,nan
4858.173,1.546328e-05,0.0,nan,nan,nan
4858.274,1.545574e-05,0.0,nan,nan,nan
4858.358,1.545679e-05,0.0,nan,nan,nan
4858.442,1.545519e-05,0.0,nan,nan,nan
4858.526,1.545965e-05,0.0,nan,nan,nan
4858.611,1.545283e-05,0.0,nan,nan,nan
4858.695,1.545824e-05,0.0,nan,nan,nan
4858.779,1.545385e-05,0.0,nan,nan,nan
4858.881,1.545411e-05,0.0,nan,nan,nan
4858.965,1.545124e-05,0.0,nan,nan,nan
4859.049,1.545358e-05,0.0,nan,nan,nan
4859.133,1.54543e-05,0.0,nan,nan,nan
4859.217,1.544951e-05,0.0,nan,nan,nan
4859.301,1.545199e-05,0.0,nan,nan,nan
4859.384,1.545222e-05,0.0,nan,nan,nan
4859.476,1.545116e-05,0.0,nan,nan,nan
4859.56,1.545407e-05,0.0,nan,nan,nan
4859.643,1.545335e-05,0.0,nan,nan,nan
4859.726,1.545573e-05,0.0,nan,nan,nan
4859.815,1.545832e-05,0.0,nan,nan,nan
4859.903,1.545682e-05,0.0,nan,nan,nan
4859.987,1.545866e-05,0.0,nan,nan,nan
4860.071,1.545153e-05,0.0,nan,nan,nan
4860.154,1.545474e-05,0.0,nan,nan,nan
4860.238,1.545597e-05,0.0,nan,nan,nan
4860.321,1.545911e-05,0.0,nan,nan,nan
4860.405,1.545625e-05,0.0,nan,nan,nan
4860.489,1.545763e-05,0.0,nan,nan,nan
4860.572,1.545362e-05,0.0,nan,nan,nan
4860.66,1.545633e-05,0.0,nan,nan,nan
4860.744,1.545288e-05,0.0,nan,nan,nan
4860.827,1.54538e-05,0.0,nan,nan,nan
4860.927,1.545394e-05,0.0,nan,nan,nan
4861.011,1.545519e-05,0.0,nan,nan,nan
4861.11,1.545752e-05,0.0,nan,nan,nan
4861.194,1.545719e-05,0.0,nan,nan,nan
4861.288,1.545851e-05,0.0,nan,nan,nan
4861.379,1.545612e-05,0.0,nan,nan,nan
4861.467,1.546037e-05,0.0,nan,nan,nan
4861.553,1.54586e-05,0.0,nan,nan,nan
4861.637,1.545729e-05,0.0,nan,nan,nan
4861.732,1.54565e-05,0.0,nan,nan,nan
4861.815,1.545547e-05,0.0,nan,nan,nan
4861.899,1.545793e-05,0.0,nan,nan,nan
4861.983,1.54585e-05,0.0,nan,nan,nan
4862.067,1.545657e-05,0.0,nan,nan,nan
4862.151,1.546243e-05,0.0,nan,nan,nan
4862.235,1.54543e-05,0.0,nan,nan,nan
4862.34,1.545685e-05,0.0,nan,nan,nan
4862.424,1.545617e-05,0.0,nan,nan,nan
4862.507,1.545828e-05,0.0,nan,nan,nan
4862.591,1.546088e-05,0.0,nan,nan,nan
4862.675,1.545604e-05,0.0,nan,nan,nan
4862.763,1.545924e-05,0.0,nan,nan,nan
4862.847,1.545355e-05,0.0,nan,nan,nan
4862.948,1.545532e-05,0.0,nan,nan,nan
4863.032,1.545126e-05,0.0,nan,nan,nan
4863.116,1.545294e-05,0.0,nan,nan,nan
4863.199,1.545643e-05,0.0,nan,nan,nan
4863.283,1.545503e-05,0.0,nan,nan,nan
4863.392,1.545461e-05,0.0,nan,nan,nan
4863.476,1.545606e-05,0.0,nan,nan,nan
4863.559,1.545349e-05,0.0,nan,nan,nan
4863.643,1.544933e-05,0.0,nan,nan,nan
4863.726,1.545404e-05,0.0,nan,nan,nan
4863.81,1.545502e-05,0.0,nan,nan,nan
4863.893,1.545658e-05,0.0,nan,nan,nan
4863.977,1.545554e-05,0.0,nan,nan,nan
4864.061,1.545435e-05,0.0,nan,nan,nan
4864.155,1.545839e-05,0.0,nan,nan,nan
4864.239,1.545414e-05,0.0,nan,nan,nan
4864.325,1.545416e-05,0.0,nan,nan,nan
4864.409,1.545322e-05,0.0,nan,nan,nan
4864.492,1.545535e-05,0.0,nan,nan,nan
4864.583,1.546001e-05,0.0,nan,nan,nan
4864.667,1.545637e-05,0.0,nan,nan,nan
4864.751,1.545697e-05,0.0,nan,nan,nan
4864.834,1.545841e-05,0.0,nan,nan,nan
4864.92,1.54605e-05,0.0,nan,nan,nan
4865.004,1.545557e-05,0.0,nan,nan,nan
4865.087,1.545614e-05,0.0,nan,nan,nan
4865.193,1.546118e-05,0.0,nan,nan,nan
4865.277,1.545634e-05,0.0,nan,nan,nan
4865.395,1.545903e-05,0.0,nan,nan,nan
4865.479,1.545451e-05,0.0,nan,nan,nan
4865.562,1.545681e-05,0.0,nan,nan,nan
4865.646,1.545627e-05,0.0,nan,nan,nan
4865.737,1.545795e-05,0.0,nan,nan,nan
4865.85,1.545884e-05,0.0,nan,nan,nan
4865.933,1.545855e-05,0.0,nan,nan,nan
4866.036,1.54551e-05,0.0,nan,nan,nan
4866.12,1.545618e-05,0.0,nan,nan,nan
4866.204,1.545971e-05,0.0,nan,nan,nan
4866.288,1.546121e-05,0.0,nan,nan,nan
4866.371,1.546062e-05,0.0,nan,nan,nan
4866.455,1.545873e-05,0.0,nan,nan,nan
4866.539,1.54572e-05,0.0,nan,nan,nan
4866.623,1.545923e-05,0.0,nan,nan,nan
4866.707,1.545926e-05,0.0,nan,nan,nan
4866.807,1.546177e-05,0.0,nan,nan,nan
4866.891,1.546462e-05,0.0,nan,nan,nan
4866.974,1.546238e-05,0.0,nan,nan,nan
4867.075,1.545768e-05,0.0,nan,nan,nan
4867.159,1.545756e-05,0.0,nan,nan,nan
4867.243,1.545917e-05,0.0,nan,nan,nan
4867.343,1.545914e-05,0.0,nan,nan,nan
4867.427,1.545824e-05,0.0,nan,nan,nan
4867.528,1.545744e-05,0.0,nan,nan,nan
4867.635,1.545623e-05,0.0,nan,nan,nan
4867.719,1.545992e-05,0.0,nan,nan,nan
4867.803,1.545673e-05,0.0,nan,nan,nan
4867.886,1.545498e-05,0.0,nan,nan,nan
4867.971,1.54574e-05,0.0,nan,nan,nan
4868.055,1.545476e-05,0.0,nan,nan,nan
4868.138,1.545666e-05,0.0,nan,nan,nan
4868.245,1.545332e-05,0.0,nan,nan,nan
4868.329,1.545573e-05,0.0,nan,nan,nan
4868.437,1.545667e-05,0.0,nan,nan,nan
4868.52,1.545811e-05,0.0,nan,nan,nan
4868.604,1.54556e-05,0.0,nan,nan,nan
4868.688,1.545774e-05,0.0,nan,nan,nan
4868.773,1.545693e-05,0.0,nan,nan,nan
4868.856,1.545741e-05,0.0,nan,nan,nan
4868.94,1.545755e-05,0.0,nan,nan,nan
4869.047,1.545888e-05,0.0,nan,nan,nan
4869.131,1.545727e-05,0.0,nan,nan,nan
4869.215,1.545725e-05,0.0,nan,nan,nan
4869.298,1.545669e-05,0.0,nan,nan,nan
4869.388,1.545818e-05,0.0,nan,nan,nan
4869.472,1.545858e-05,0.0,nan,nan,nan
4869.555,1.546183e-05,0.0,nan,nan,nan
4869.639,1.546091e-05,0.0,nan,nan,nan
4869.729,1.546122e-05,0.0,nan,nan,nan
4869.813,1.545722e-05,0.0,nan,nan,nan
4869.897,1.545768e-05,0.0,nan,nan,nan
4869.981,1.545538e-05,0.0,nan,nan,nan
4870.064,1.545288e-05,0.0,nan,nan,nan
4870.148,1.545694e-05,0.0,nan,nan,nan
4870.232,1.545915e-05,0.0,nan,nan,nan
4870.315,1.545849e-05,0.0,nan,nan,nan
4870.399,1.545985e-05,0.0,nan,nan,nan
4870.483,1.545681e-05,0.0,nan,nan,nan
4870.569,1.54553e-05,0.0,nan,nan,nan
4870.664,1.545434e-05,0.0,nan,nan,nan
4870.747,1.54519e-05,0.0,nan,nan,nan
4870.832,1.545548e-05,0.0,nan,nan,nan
4870.916,1.545437e-05,0.0,nan,nan,nan
4871.0,1.545308e-05,0.0,nan,nan,nan
4871.083,1.54553e-05,0.0,nan,nan,nan
4871.167,1.545492e-05,0.0,nan,nan,nan
4871.264,1.545371e-05,0.0,nan,nan,nan
4871.348,1.545648e-05,0.0,nan,nan,nan
4871.432,1.545703e-05,0.0,nan,nan,nan
4871.515,1.545325e-05,0.0,nan,nan,nan
4871.599,1.545175e-05,0.0,nan,nan,nan
4871.701,1.545755e-05,0.0,nan,nan,nan
4871.788,1.54562e-05,0.0,nan,nan,nan
4871.877,1.545794e-05,0.0,nan,nan,nan
4871.961,1.54583e-05,0.0,nan,nan,nan
4872.044,1.546005e-05,0.0,nan,nan,nan
4872.128,1.545766e-05,0.0,nan,nan,nan
4872.214,1.545718e-05,0.0,nan,nan,nan
4872.298,1.545719e-05,0.0,nan,nan,nan
4872.382,1.545728e-05,0.0,nan,nan,nan
4872.465,1.545218e-05,0.0,nan,nan,nan
4872.549,1.545576e-05,0.0,nan,nan,nan
4872.633,1.545798e-05,0.0,nan,nan,nan
4872.717,1.545754e-05,0.0,nan,nan,nan
4872.801,1.545455e-05,0.0,nan,nan,nan
4872.902,1.545356e-05,0.0,nan,nan,nan
4872.985,1.545845e-05,0.0,nan,nan,nan
4873.091,1.545907e-05,0.0,nan,nan,nan
4873.175,1.545446e-05,0.0,nan,nan,nan
4873.258,1.54573e-05,0.0,nan,nan,nan
4873.342,1.54547e-05,0.0,nan,nan,nan
4873.426,1.545832e-05,0.0,nan,nan,nan
4873.526,1.546136e-05,0.0,nan,nan,nan
4873.61,1.546134e-05,0.0,nan,nan,nan
4873.698,1.545763e-05,0.0,nan,nan,nan
4873.783,1.545718e-05,0.0,nan,nan,nan
4873.866,1.545744e-05,0.0,nan,nan,nan
4873.95,1.545992e-05,0.0,nan,nan,nan
4874.034,1.546099e-05,0.0,nan,nan,nan
4874.121,1.545764e-05,0.0,nan,nan,nan
4874.205,1.545573e-05,0.0,nan,nan,nan
4874.288,1.546024e-05,0.0,nan,nan,nan
4874.372,1.545535e-05,0.0,nan,nan,nan
4874.456,1.546313e-05,0.0,nan,nan,nan
4874.539,1.545779e-05,0.0,nan,nan,nan
4874.623,1.54582e-05,0.0,nan,nan,nan
4874.707,1.546177e-05,0.0,nan,nan,nan
4874.791,1.545796e-05,0.0,nan,nan,nan
4874.874,1.545794e-05,0.0,nan,nan,nan
4874.958,1.546057e-05,0.0,nan,nan,nan
4875.042,1.54583e-05,0.0,nan,nan,nan
4875.143,1.54557e-05,0.0,nan,nan,nan
4875.226,1.545781e-05,0.0,nan,nan,nan
4875.335,1.545263e-05,0.0,nan,nan,nan
4875.419,1.545683e-05,0.0,nan,nan,nan
4875.503,1.545588e-05,0.0,nan,nan,nan
4875.586,1.545513e-05,0.0,nan,nan,nan
4875.67,1.545437e-05,0.0,nan,nan,nan
4875.766,1.545503e-05,0.0,nan,nan,nan
4875.85,1.545549e-05,0.0,nan,nan,nan
4875.948,1.545488e-05,0.0,nan,nan,nan
4876.031,1.545559e-05,0.0,nan,nan,nan
4876.115,1.545673e-05,0.0,nan,nan,nan
4876.199,1.545375e-05,0.0,nan,nan,nan
4876.282,1.545515e-05,0.0,nan,nan,nan
4876.372,1.545432e-05,0.0,nan,nan,nan
4876.455,1.545383e-05,0.0,nan,nan,nan
4876.539,1.545351e-05,0.0,nan,nan,nan
4876.622,1.545888e-05,0.0,nan,nan,nan
4876.706,1.545639e-05,0.0,nan,nan,nan
4876.79,1.545392e-05,0.0,nan,nan,nan
4876.873,1.545678e-05,0.0,nan,nan,nan
4876.981,1.545356e-05,0.0,nan,nan,nan
4877.072,1.545402e-05,0.0,nan,nan,nan
4877.166,1.545517e-05,0.0,nan,nan,nan
4877.25,1.545461e-05,0.0,nan,nan,nan
4877.358,1.545474e-05,0.0,nan,nan,nan
4877.441,1.545398e-05,0.0,nan,nan,nan
4877.529,1.545507e-05,0.0,nan,nan,nan
4877.612,1.545534e-05,0.0,nan,nan,nan
4877.698,1.545309e-05,0.0,nan,nan,nan
4877.796,1.545491e-05,0.0,nan,nan,nan
4877.893,1.545309e-05,0.0,nan,nan,nan
4877.989,1.54554e-05,0.0,nan,nan,nan
4878.073,1.545242e-05,0.0,nan,nan,nan
4878.156,1.545311e-05,0.0,nan,nan,nan
4878.24,1.545083e-05,0.0,nan,nan,nan
4878.325,1.545417e-05,0.0,nan,nan,nan
4878.411,1.545439e-05,0.0,nan,nan,nan
4878.495,1.545778e-05,0.0,nan,nan,nan
4878.592,1.545393e-05,0.0,nan,nan,nan
4878.676,1.545726e-05,0.0,nan,nan,nan
4878.764,1.545553e-05,0.0,nan,nan,nan
4878.847,1.545609e-05,0.0,nan,nan,nan
4878.937,1.546019e-05,0.0,nan,nan,nan
4879.022,1.546029e-05,0.0,nan,nan,nan
4879.106,1.545608e-05,0.0,nan,nan,nan
4879.189,1.545937e-05,0.0,nan,nan,nan
4879.273,1.546085e-05,0.0,nan,nan,nan
4879.356,1.545616e-05,0.0,nan,nan,nan
4879.44,1.545652e-05,0.0,nan,nan,nan
4879.524,1.545604e-05,0.0,nan,nan,nan
4879.626,1.545498e-05,0.0,nan,nan,nan
4879.71,1.545698e-05,0.0,nan,nan,nan
4879.804,1.545123e-05,0.0,nan,nan,nan
4879.887,1.545014e-05,0.0,nan,nan,nan
4879.971,1.545004e-05,0.0,nan,nan,nan
4880.061,1.545354e-05,0.0,nan,nan,nan
4880.146,1.545714e-05,0.0,nan,nan,nan
4880.23,1.545594e-05,0.0,nan,nan,nan
4880.314,1.546127e-05,0.0,nan,nan,nan
4880.397,1.545628e-05,0.0,nan,nan,nan
4880.481,1.545863e-05,0.0,nan,nan,nan
4880.565,1.5456e-05,0.0,nan,nan,nan
4880.648,1.545623e-05,0.0,nan,nan,nan
4880.737,1.545699e-05,0.0,nan,nan,nan
4880.84,1.545943e-05,0.0,nan,nan,nan
4880.924,1.546288e-05,0.0,nan,nan,nan
4881.007,1.546048e-05,0.0,nan,nan,nan
4881.091,1.545723e-05,0.0,nan,nan,nan
4881.178,1.545784e-05,0.0,nan,nan,nan
4881.262,1.545861e-05,0.0,nan,nan,nan
4881.346,1.545573e-05,0.0,nan,nan,nan
4881.43,1.545473e-05,0.0,nan,nan,nan
4881.513,1.545366e-05,0.0,nan,nan,nan
4881.597,1.545779e-05,0.0,nan,nan,nan
4881.682,1.545495e-05,0.0,nan,nan,nan
4881.768,1.545644e-05,0.0,nan,nan,nan
4881.852,1.545671e-05,0.0,nan,nan,nan
4881.935,1.545662e-05,0.0,nan,nan,nan
4882.022,1.545423e-05,0.0,nan,nan,nan
4882.105,1.545845e-05,0.0,nan,nan,nan
4882.189,1.545632e-05,0.0,nan,nan,nan
4882.287,1.546035e-05,0.0,nan,nan,nan
4882.371,1.545664e-05,0.0,nan,nan,nan
4882.46,1.545154e-05,0.0,nan,nan,nan
4882.543,1.545423e-05,0.0,nan,nan,nan
4882.628,1.545054e-05,0.0,nan,nan,nan
4882.712,1.545223e-05,0.0,nan,nan,nan
4882.796,1.545207e-05,0.0,nan,nan,nan
4882.894,1.545561e-05,0.0,nan,nan,nan
4882.978,1.545284e-05,0.0,nan,nan,nan
4883.063,1.545214e-05,0.0,nan,nan,nan
4883.146,1.545125e-05,0.0,nan,nan,nan
4883.23,1.545497e-05,0.0,nan,nan,nan
4883.32,1.545732e-05,0.0,nan,nan,nan
4883.404,1.546075e-05,0.0,nan,nan,nan
4883.495,1.545806e-05,0.0,nan,nan,nan
4883.579,1.545844e-05,0.0,nan,nan,nan
4883.663,1.545979e-05,0.0,nan,nan,nan
4883.746,1.545702e-05,0.0,nan,nan,nan
4883.837,1.545644e-05,0.0,nan,nan,nan
4883.921,1.545982e-05,0.0,nan,nan,nan
4884.005,1.5459e-05,0.0,nan,nan,nan
4884.1,1.545495e-05,0.0,nan,nan,nan
4884.184,1.545903e-05,0.0,nan,nan,nan
4884.268,1.545531e-05,0.0,nan,nan,nan
4884.352,1.545743e-05,0.0,nan,nan,nan
4884.436,1.545234e-05,0.0,nan,nan,nan
4884.544,1.545654e-05,0.0,nan,nan,nan
4884.627,1.545248e-05,0.0,nan,nan,nan
4884.732,1.545335e-05,0.0,nan,nan,nan
4884.816,1.545193e-05,0.0,nan,nan,nan
4884.899,1.545692e-05,0.0,nan,nan,nan
4884.983,1.545551e-05,0.0,nan,nan,nan
4885.069,1.545317e-05,0.0,nan,nan,nan
4885.153,1.545367e-05,0.0,nan,nan,nan
4885.237,1.545167e-05,0.0,nan,nan,nan
4885.337,1.545441e-05,0.0,nan,nan,nan
4885.421,1.545547e-05,0.0,nan,nan,nan
4885.504,1.545338e-05,0.0,nan,nan,nan
4885.588,1.545249e-05,0.0,nan,nan,nan
4885.672,1.545609e-05,0.0,nan,nan,nan
4885.756,1.545504e-05,0.0,nan,nan,nan
4885.84,1.545739e-05,0.0,nan,nan,nan
4885.943,1.545778e-05,0.0,nan,nan,nan
4886.027,1.545339e-05,0.0,nan,nan,nan
4886.128,1.545069e-05,0.0,nan,nan,nan
4886.212,1.545229e-05,0.0,nan,nan,nan
4886.297,1.545503e-05,0.0,nan,nan,nan
4886.381,1.54553e-05,0.0,nan,nan,nan
4886.465,1.545666e-05,0.0,nan,nan,nan
4886.556,1.545597e-05,0.0,nan,nan,nan
4886.639,1.545624e-05,0.0,nan,nan,nan
4886.728,1.545661e-05,0.0,nan,nan,nan
4886.811,1.545621e-05,0.0,nan,nan,nan
4886.899,1.545734e-05,0.0,nan,nan,nan
4886.992,1.545581e-05,0.0,nan,nan,nan
4887.075,1.545573e-05,0.0,nan,nan,nan
4887.176,1.545537e-05,0.0,nan,nan,nan
4887.259,1.545653e-05,0.0,nan,nan,nan
4887.362,1.545267e-05,0.0,nan,nan,nan
4887.446,1.545432e-05,0.0,nan,nan,nan
4887.529,1.545852e-05,0.0,nan,nan,nan
4887.613,1.545236e-05,0.0,nan,nan,nan
4887.696,1.545318e-05,0.0,nan,nan,nan
4887.797,1.545358e-05,0.0,nan,nan,nan
4887.881,1.545383e-05,0.0,nan,nan,nan
4887.964,1.545723e-05,0.0,nan,nan,nan
4888.048,1.545624e-05,0.0,nan,nan,nan
4888.134,1.545704e-05,0.0,nan,nan,nan
4888.245,1.545806e-05,0.0,nan,nan,nan
4888.333,1.545803e-05,0.0,nan,nan,nan
4888.426,1.545965e-05,0.0,nan,nan,nan
4888.509,1.545745e-05,0.0,nan,nan,nan
4888.606,1.545788e-05,0.0,nan,nan,nan
4888.69,1.545813e-05,0.0,nan,nan,nan
4888.773,1.545812e-05,0.0,nan,nan,nan
4888.857,1.546088e-05,0.0,nan,nan,nan
4888.941,1.545872e-05,0.0,nan,nan,nan
4889.041,1.545777e-05,0.0,nan,nan,nan
4889.125,1.546001e-05,0.0,nan,nan,nan
4889.208,1.546103e-05,0.0,nan,nan,nan
4889.292,1.545661e-05,0.0,nan,nan,nan
4889.375,1.54583e-05,0.0,nan,nan,nan
4889.459,1.545432e-05,0.0,nan,nan,nan
4889.543,1.54554e-05,0.0,nan,nan,nan
4889.648,1.545707e-05,0.0,nan,nan,nan
4889.735,1.545583e-05,0.0,nan,nan,nan
4889.842,1.545661e-05,0.0,nan,nan,nan
4889.926,1.545487e-05,0.0,nan,nan,nan
4890.009,1.545834e-05,0.0,nan,nan,nan
4890.093,1.545423e-05,0.0,nan,nan,nan
4890.179,1.545693e-05,0.0,nan,nan,nan
4890.282,1.545714e-05,0.0,nan,nan,nan
4890.369,1.545429e-05,0.0,nan,nan,nan
4890.472,1.545505e-05,0.0,nan,nan,nan
4890.556,1.545797e-05,0.0,nan,nan,nan
4890.639,1.545641e-05,0.0,nan,nan,nan
4890.723,1.545834e-05,0.0,nan,nan,nan
4890.806,1.545998e-05,0.0,nan,nan,nan
4890.89,1.545826e-05,0.0,nan,nan,nan
4890.974,1.545556e-05,0.0,nan,nan,nan
4891.082,1.54549e-05,0.0,nan,nan,nan
4891.166,1.54582e-05,0.0,nan,nan,nan
4891.249,1.545869e-05,0.0,nan,nan,nan
4891.333,1.545892e-05,0.0,nan,nan,nan
4891.417,1.54608e-05,0.0,nan,nan,nan
4891.51,1.546016e-05,0.0,nan,nan,nan
4891.599,1.546075e-05,0.0,nan,nan,nan
4891.686,1.546296e-05,0.0,nan,nan,nan
4891.77,1.545834e-05,0.0,nan,nan,nan
4891.871,1.545802e-05,0.0,nan,nan,nan
4891.955,1.546183e-05,0.0,nan,nan,nan
4892.039,1.546369e-05,0.0,nan,nan,nan
4892.122,1.546421e-05,0.0,nan,nan,nan
4892.206,1.545801e-05,0.0,nan,nan,nan
4892.289,1.546144e-05,0.0,nan,nan,nan
4892.386,1.546241e-05,0.0,nan,nan,nan
4892.471,1.546398e-05,0.0,nan,nan,nan
4892.555,1.546255e-05,0.0,nan,nan,nan
4892.639,1.546281e-05,0.0,nan,nan,nan
4892.722,1.54583e-05,0.0,nan,nan,nan
4892.806,1.545725e-05,0.0,nan,nan,nan
4892.899,1.545707e-05,0.0,nan,nan,nan
4892.983,1.546016e-05,0.0,nan,nan,nan
4893.088,1.54595e-05,0.0,nan,nan,nan
4893.171,1.545966e-05,0.0,nan,nan,nan
4893.257,1.5457e-05,0.0,nan,nan,nan
4893.341,1.54609e-05,0.0,nan,nan,nan
4893.425,1.5462e-05,0.0,nan,nan,nan
4893.511,1.546261e-05,0.0,nan,nan,nan
4893.594,1.545822e-05,0.0,nan,nan,nan
4893.678,1.546409e-05,0.0,nan,nan,nan
4893.762,1.545571e-05,0.0,nan,nan,nan
4893.847,1.546232e-05,0.0,nan,nan,nan
4893.939,1.546253e-05,0.0,nan,nan,nan
4894.022,1.546092e-05,0.0,nan,nan,nan
4894.106,1.546003e-05,0.0,nan,nan,nan
4894.189,1.546207e-05,0.0,nan,nan,nan
4894.273,1.545864e-05,0.0,nan,nan,nan
4894.367,1.546045e-05,0.0,nan,nan,nan
4894.465,1.54553e-05,0.0,nan,nan,nan
4894.569,1.545955e-05,0.0,nan,nan,nan
4894.653,1.54577e-05,0.0,nan,nan,nan
4894.738,1.545664e-05,0.0,nan,nan,nan
4894.822,1.545705e-05,0.0,nan,nan,nan
4894.906,1.546077e-05,0.0,nan,nan,nan
4894.989,1.546003e-05,0.0,nan,nan,nan
4895.073,1.54598e-05,0.0,nan,nan,nan
4895.161,1.545962e-05,0.0,nan,nan,nan
4895.244,1.54547e-05,0.0,nan,nan,nan
4895.343,1.545806e-05,0.0,nan,nan,nan
4895.427,1.545359e-05,0.0,nan,nan,nan
4895.511,1.545496e-05,0.0,nan,nan,nan
4895.594,1.545775e-05,0.0,nan,nan,nan
4895.678,1.545396e-05,0.0,nan,nan,nan
4895.765,1.545399e-05,0.0,nan,nan,nan
4895.849,1.545373e-05,0.0,nan,nan,nan
4895.933,1.54563e-05,0.0,nan,nan,nan
4896.017,1.545843e-05,0.0,nan,nan,nan
4896.103,1.545578e-05,0.0,nan,nan,nan
4896.187,1.545657e-05,0.0,nan,nan,nan
4896.27,1.545882e-05,0.0,nan,nan,nan
4896.354,1.545828e-05,0.0,nan,nan,nan
4896.437,1.545523e-05,0.0,nan,nan,nan
4896.545,1.545601e-05,0.0,nan,nan,nan
4896.649,1.545326e-05,0.0,nan,nan,nan
4896.733,1.545476e-05,0.0,nan,nan,nan
4896.816,1.545756e-05,0.0,nan,nan,nan
4896.9,1.545345e-05,0.0,nan,nan,nan
4896.983,1.545592e-05,0.0,nan,nan,nan
4897.067,1.545452e-05,0.0,nan,nan,nan
4897.151,1.545681e-05,0.0,nan,nan,nan
4897.235,1.545392e-05,0.0,nan,nan,nan
4897.318,1.545833e-05,0.0,nan,nan,nan
4897.402,1.545767e-05,0.0,nan,nan,nan
4897.487,1.544992e-05,0.0,nan,nan,nan
4897.596,1.545515e-05,0.0,nan,nan,nan
4897.68,1.545473e-05,0.0,nan,nan,nan
4897.778,1.545665e-05,0.0,nan,nan,nan
4897.862,1.545419e-05,0.0,nan,nan,nan
4897.947,1.545544e-05,0.0,nan,nan,nan
4898.031,1.545875e-05,0.0,nan,nan,nan
4898.114,1.545779e-05,0.0,nan,nan,nan
4898.2,1.545453e-05,0.0,nan,nan,nan
4898.284,1.545477e-05,0.0,nan,nan,nan
4898.369,1.545071e-05,0.0,nan,nan,nan
4898.453,1.545585e-05,0.0,nan,nan,nan
4898.542,1.54586e-05,0.0,nan,nan,nan
4898.633,1.545713e-05,0.0,nan,nan,nan
4898.72,1.545525e-05,0.0,nan,nan,nan
4898.804,1.545354e-05,0.0,nan,nan,nan
4898.888,1.545642e-05,0.0,nan,nan,nan
4898.971,1.545799e-05,0.0,nan,nan,nan
4899.055,1.545579e-05,0.0,nan,nan,nan
4899.139,1.545617e-05,0.0,nan,nan,nan
4899.222,1.545449e-05,0.0,nan,nan,nan
4899.306,1.54552e-05,0.0,nan,nan,nan
4899.39,1.545816e-05,0.0,nan,nan,nan
4899.474,1.546114e-05,0.0,nan,nan,nan
4899.558,1.545712e-05,0.0,nan,nan,nan
4899.664,1.545649e-05,0.0,nan,nan,nan
4899.753,1.545903e-05,0.0,nan,nan,nan
4899.844,1.545951e-05,0.0,nan,nan,nan
4899.928,1.545867e-05,0.0,nan,nan,nan
4900.012,1.546028e-05,0.0,nan,nan,nan
4900.096,1.545759e-05,0.0,nan,nan,nan
4900.179,1.546103e-05,0.0,nan,nan,nan
4900.272,1.545686e-05,0.0,nan,nan,nan
4900.356,1.545901e-05,0.0,nan,nan,nan
4900.464,1.545772e-05,0.0,nan,nan,nan
4900.548,1.54557e-05,0.0,nan,nan,nan
4900.632,1.546075e-05,0.0,nan,nan,nan
4900.717,1.546106e-05,0.0,nan,nan,nan
4900.8,1.545838e-05,0.0,nan,nan,nan
4900.884,1.54576e-05,0.0,nan,nan,nan
4900.968,1.545808e-05,0.0,nan,nan,nan
4901.075,1.545971e-05,0.0,nan,nan,nan
4901.159,1.546024e-05,0.0,nan,nan,nan
4901.242,1.546077e-05,0.0,nan,nan,nan
4901.326,1.545982e-05,0.0,nan,nan,nan
4901.41,1.545703e-05,0.0,nan,nan,nan
4901.5,1.545561e-05,0.0,nan,nan,nan
4901.588,1.545534e-05,0.0,nan,nan,nan
4901.688,1.545747e-05,0.0,nan,nan,nan
4901.772,1.5456e-05,0.0,nan,nan,nan
4901.876,1.5458e-05,0.0,nan,nan,nan
4901.96,1.545778e-05,0.0,nan,nan,nan
4902.043,1.545817e-05,0.0,nan,nan,nan
4902.127,1.545894e-05,0.0,nan,nan,nan
4902.211,1.54568e-05,0.0,nan,nan,nan
4902.296,1.545767e-05,0.0,nan,nan,nan
4902.379,1.545591e-05,0.0,nan,nan,nan
4902.463,1.545695e-05,0.0,nan,nan,nan
4902.546,1.545796e-05,0.0,nan,nan,nan
4902.633,1.545508e-05,0.0,nan,nan,nan
4902.74,1.545384e-05,0.0,nan,nan,nan
4902.823,1.545591e-05,0.0,nan,nan,nan
4902.907,1.545593e-05,0.0,nan,nan,nan
4902.991,1.546016e-05,0.0,nan,nan,nan
4903.096,1.545597e-05,0.0,nan,nan,nan
4903.179,1.54592e-05,0.0,nan,nan,nan
4903.266,1.545417e-05,0.0,nan,nan,nan
4903.349,1.545626e-05,0.0,nan,nan,nan
4903.435,1.545857e-05,0.0,nan,nan,nan
4903.546,1.545522e-05,0.0,nan,nan,nan
4903.633,1.545434e-05,0.0,nan,nan,nan
4903.716,1.545503e-05,0.0,nan,nan,nan
4903.8,1.545446e-05,0.0,nan,nan,nan
4903.884,1.545547e-05,0.0,nan,nan,nan
4903.968,1.54545e-05,0.0,nan,nan,nan
4904.051,1.545448e-05,0.0,nan,nan,nan
4904.135,1.545387e-05,0.0,nan,nan,nan
4904.22,1.545105e-05,0.0,nan,nan,nan
4904.312,1.545649e-05,0.0,nan,nan,nan
4904.396,1.545817e-05,0.0,nan,nan,nan
4904.479,1.546069e-05,0.0,nan,nan,nan
4904.563,1.545481e-05,0.0,nan,nan,nan
4904.649,1.545812e-05,0.0,nan,nan,nan
4904.735,1.545674e-05,0.0,nan,nan,nan
4904.818,1.546151e-05,0.0,nan,nan,nan
4904.919,1.546034e-05,0.0,nan,nan,nan
4905.003,1.545632e-05,0.0,nan,nan,nan
4905.089,1.546364e-05,0.0,nan,nan,nan
4905.173,1.545748e-05,0.0,nan,nan,nan
4905.256,1.545792e-05,0.0,nan,nan,nan
4905.341,1.545554e-05,0.0,nan,nan,nan
4905.424,1.546153e-05,0.0,nan,nan,nan
4905.511,1.546412e-05,0.0,nan,nan,nan
4905.595,1.545949e-05,0.0,nan,nan,nan
4905.681,1.546051e-05,0.0,nan,nan,nan
4905.777,1.546134e-05,0.0,nan,nan,nan
4905.861,1.545912e-05,0.0,nan,nan,nan
4905.944,1.54595e-05,0.0,nan,nan,nan
4906.028,1.545871e-05,0.0,nan,nan,nan
4906.112,1.545869e-05,0.0,nan,nan,nan
4906.195,1.545887e-05,0.0,nan,nan,nan
4906.279,1.545553e-05,0.0,nan,nan,nan
4906.371,1.546128e-05,0.0,nan,nan,nan
4906.455,1.545926e-05,0.0,nan,nan,nan
4906.543,1.546276e-05,0.0,nan,nan,nan
4906.627,1.545914e-05,0.0,nan,nan,nan
4906.71,1.545974e-05,0.0,nan,nan,nan
4906.806,1.546004e-05,0.0,nan,nan,nan
4906.89,1.546126e-05,0.0,nan,nan,nan
4906.987,1.546136e-05,0.0,nan,nan,nan
4907.071,1.545823e-05,0.0,nan,nan,nan
4907.154,1.546045e-05,0.0,nan,nan,nan
4907.238,1.54599e-05,0.0,nan,nan,nan
4907.322,1.545877e-05,0.0,nan,nan,nan
4907.408,1.545723e-05,0.0,nan,nan,nan
4907.492,1.545823e-05,0.0,nan,nan,nan
4907.59,1.545818e-05,0.0,nan,nan,nan
4907.673,1.545626e-05,0.0,nan,nan,nan
4907.759,1.545723e-05,0.0,nan,nan,nan
4907.842,1.545583e-05,0.0,nan,nan,nan
4907.926,1.545439e-05,0.0,nan,nan,nan
4908.021,1.545393e-05,0.0,nan,nan,nan
4908.105,1.545222e-05,0.0,nan,nan,nan
4908.215,1.545786e-05,0.0,nan,nan,nan
4908.299,1.545896e-05,0.0,nan,nan,nan
4908.384,1.545958e-05,0.0,nan,nan,nan
4908.468,1.545949e-05,0.0,nan,nan,nan
4908.552,1.545789e-05,0.0,nan,nan,nan
4908.636,1.545404e-05,0.0,nan,nan,nan
4908.72,1.545628e-05,0.0,nan,nan,nan
4908.824,1.545612e-05,0.0,nan,nan,nan
4908.912,1.545763e-05,0.0,nan,nan,nan
4909.013,1.5452e-05,0.0,nan,nan,nan
4909.096,1.545479e-05,0.0,nan,nan,nan
4909.18,1.545407e-05,0.0,nan,nan,nan
4909.263,1.545529e-05,0.0,nan,nan,nan
4909.348,1.545472e-05,0.0,nan,nan,nan
4909.44,1.545476e-05,0.0,nan,nan,nan
4909.523,1.545632e-05,0.0,nan,nan,nan
4909.619,1.545859e-05,0.0,nan,nan,nan
4909.703,1.545807e-05,0.0,nan,nan,nan
4909.787,1.545771e-05,0.0,nan,nan,nan
4909.87,1.545777e-05,0.0,nan,nan,nan
4909.954,1.545763e-05,0.0,nan,nan,nan
4910.043,1.545903e-05,0.0,nan,nan,nan
4910.127,1.545882e-05,0.0,nan,nan,nan
4910.211,1.545546e-05,0.0,nan,nan,nan
4910.294,1.545742e-05,0.0,nan,nan,nan
4910.379,1.545774e-05,0.0,nan,nan,nan
4910.465,1.545578e-05,0.0,nan,nan,nan
4910.552,1.545294e-05,0.0,nan,nan,nan
4910.667,1.545514e-05,0.0,nan,nan,nan
4910.751,1.545466e-05,0.0,nan,nan,nan
4910.857,1.546031e-05,0.0,nan,nan,nan
4910.995,1.545409e-05,0.0,nan,nan,nan
4911.078,1.545536e-05,0.0,nan,nan,nan
4911.164,1.545131e-05,0.0,nan,nan,nan
4911.248,1.545686e-05,0.0,nan,nan,nan
4911.332,1.545931e-05,0.0,nan,nan,nan
4911.415,1.545629e-05,0.0,nan,nan,nan
4911.501,1.545315e-05,0.0,nan,nan,nan
4911.598,1.545491e-05,0.0,nan,nan,nan
4911.685,1.545565e-05,0.0,nan,nan,nan
4911.77,1.545573e-05,0.0,nan,nan,nan
4911.854,1.546103e-05,0.0,nan,nan,nan
4911.937,1.546118e-05,0.0,nan,nan,nan
4912.026,1.545912e-05,0.0,nan,nan,nan
4912.121,1.545742e-05,0.0,nan,nan,nan
4912.204,1.545475e-05,0.0,nan,nan,nan
4912.315,1.545284e-05,0.0,nan,nan,nan
4912.399,1.545281e-05,0.0,nan,nan,nan
4912.482,1.545635e-05,0.0,nan,nan,nan
4912.566,1.545496e-05,0.0,nan,nan,nan
4912.65,1.545614e-05,0.0,nan,nan,nan
4912.734,1.54537e-05,0.0,nan,nan,nan
4912.817,1.545755e-05,0.0,nan,nan,nan
4912.901,1.545658e-05,0.0,nan,nan,nan
4912.986,1.545378e-05,0.0,nan,nan,nan
4913.072,1.545328e-05,0.0,nan,nan,nan
4913.163,1.545238e-05,0.0,nan,nan,nan
4913.248,1.545387e-05,0.0,nan,nan,nan
4913.332,1.545482e-05,0.0,nan,nan,nan
4913.42,1.544706e-05,0.0,nan,nan,nan
4913.504,1.545076e-05,0.0,nan,nan,nan
4913.587,1.545311e-05,0.0,nan,nan,nan
4913.671,1.545783e-05,0.0,nan,nan,nan
4913.777,1.545555e-05,0.0,nan,nan,nan
4913.861,1.545602e-05,0.0,nan,nan,nan
4913.946,1.545463e-05,0.0,nan,nan,nan
4914.029,1.545485e-05,0.0,nan,nan,nan
4914.12,1.545173e-05,0.0,nan,nan,nan
4914.204,1.545336e-05,0.0,nan,nan,nan
4914.29,1.545378e-05,0.0,nan,nan,nan
4914.373,1.545312e-05,0.0,nan,nan,nan
4914.457,1.545459e-05,0.0,nan,nan,nan
4914.543,1.545589e-05,0.0,nan,nan,nan
4914.627,1.545423e-05,0.0,nan,nan,nan
4914.71,1.545247e-05,0.0,nan,nan,nan
4914.794,1.54558e-05,0.0,nan,nan,nan
4914.877,1.545261e-05,0.0,nan,nan,nan
4914.961,1.545051e-05,0.0,nan,nan,nan
4915.047,1.545319e-05,0.0,nan,nan,nan
4915.145,1.545682e-05,0.0,nan,nan,nan
4915.228,1.545377e-05,0.0,nan,nan,nan
4915.33,1.545844e-05,0.0,nan,nan,nan
4915.413,1.545606e-05,0.0,nan,nan,nan
4915.497,1.544807e-05,0.0,nan,nan,nan
4915.58,1.545e-05,0.0,nan,nan,nan
4915.665,1.545079e-05,0.0,nan,nan,nan
4915.769,1.545576e-05,0.0,nan,nan,nan
4915.853,1.545683e-05,0.0,nan,nan,nan
4915.947,1.545302e-05,0.0,nan,nan,nan
4916.03,1.545505e-05,0.0,nan,nan,nan
4916.114,1.545648e-05,0.0,nan,nan,nan
4916.199,1.545568e-05,0.0,nan,nan,nan
4916.283,1.54558e-05,0.0,nan,nan,nan
4916.379,1.545469e-05,0.0,nan,nan,nan
4916.464,1.5455e-05,0.0,nan,nan,nan
4916.575,1.545724e-05,0.0,nan,nan,nan
4916.659,1.545377e-05,0.0,nan,nan,nan
4916.743,1.545238e-05,0.0,nan,nan,nan
4916.827,1.545574e-05,0.0,nan,nan,nan
4916.913,1.545476e-05,0.0,nan,nan,nan
4917.002,1.545364e-05,0.0,nan,nan,nan
4917.086,1.545641e-05,0.0,nan,nan,nan
4917.18,1.545517e-05,0.0,nan,nan,nan
4917.267,1.545405e-05,0.0,nan,nan,nan
4917.351,1.545588e-05,0.0,nan,nan,nan
4917.435,1.545294e-05,0.0,nan,nan,nan
4917.52,1.545137e-05,0.0,nan,nan,nan
4917.604,1.545347e-05,0.0,nan,nan,nan
4917.687,1.545691e-05,0.0,nan,nan,nan
4917.793,1.545454e-05,0.0,nan,nan,nan
4917.877,1.545447e-05,0.0,nan,nan,nan
4917.96,1.546119e-05,0.0,nan,nan,nan
4918.044,1.545492e-05,0.0,nan,nan,nan
4918.128,1.5453e-05,0.0,nan,nan,nan
4918.212,1.545628e-05,0.0,nan,nan,nan
4918.296,1.545821e-05,0.0,nan,nan,nan
4918.401,1.545576e-05,0.0,nan,nan,nan
4918.485,1.545673e-05,0.0,nan,nan,nan
4918.569,1.545593e-05,0.0,nan,nan,nan
4918.652,1.545679e-05,0.0,nan,nan,nan
4918.736,1.545311e-05,0.0,nan,nan,nan
4918.82,1.545543e-05,0.0,nan,nan,nan
4918.903,1.545584e-05,0.0,nan,nan,nan
4919.013,1.545727e-05,0.0,nan,nan,nan
4919.096,1.545975e-05,0.0,nan,nan,nan
4919.179,1.546039e-05,0.0,nan,nan,nan
4919.267,1.545623e-05,0.0,nan,nan,nan
4919.351,1.54547e-05,0.0,nan,nan,nan
4919.437,1.545963e-05,0.0,nan,nan,nan
4919.52,1.545568e-05,0.0,nan,nan,nan
4919.626,1.545321e-05,0.0,nan,nan,nan
4919.71,1.545618e-05,0.0,nan,nan,nan
4919.793,1.54553e-05,0.0,nan,nan,nan
4919.877,1.545753e-05,0.0,nan,nan,nan
4919.964,1.545658e-05,0.0,nan,nan,nan
4920.05,1.545605e-05,0.0,nan,nan,nan
4920.137,1.545414e-05,0.0,nan,nan,nan
4920.223,1.545638e-05,0.0,nan,nan,nan
4920.307,1.545227e-05,0.0,nan,nan,nan
4920.393,1.545462e-05,0.0,nan,nan,nan
4920.477,1.545867e-05,0.0,nan,nan,nan
4920.56,1.545905e-05,0.0,nan,nan,nan
4920.645,1.545655e-05,0.0,nan,nan,nan
4920.729,1.545522e-05,0.0,nan,nan,nan
4920.833,1.54512e-05,0.0,nan,nan,nan
4920.916,1.545008e-05,0.0,nan,nan,nan
4921.002,1.54529e-05,0.0,nan,nan,nan
4921.086,1.545241e-05,0.0,nan,nan,nan
4921.169,1.54533e-05,0.0,nan,nan,nan
4921.254,1.545175e-05,0.0,nan,nan,nan
4921.338,1.545079e-05,0.0,nan,nan,nan
4921.422,1.545293e-05,0.0,nan,nan,nan
4921.505,1.545338e-05,0.0,nan,nan,nan
4921.589,1.545319e-05,0.0,nan,nan,nan
4921.679,1.545344e-05,0.0,nan,nan,nan
4921.763,1.545121e-05,0.0,nan,nan,nan
4921.846,1.545555e-05,0.0,nan,nan,nan
4921.93,1.545573e-05,0.0,nan,nan,nan
4922.013,1.545479e-05,0.0,nan,nan,nan
4922.097,1.545793e-05,0.0,nan,nan,nan
4922.187,1.5458e-05,0.0,nan,nan,nan
4922.271,1.545225e-05,0.0,nan,nan,nan
4922.355,1.545157e-05,0.0,nan,nan,nan
4922.439,1.545053e-05,0.0,nan,nan,nan
4922.523,1.545208e-05,0.0,nan,nan,nan
4922.606,1.545237e-05,0.0,nan,nan,nan
4922.69,1.545678e-05,0.0,nan,nan,nan
4922.774,1.545462e-05,0.0,nan,nan,nan
4922.867,1.545592e-05,0.0,nan,nan,nan
4922.95,1.5454e-05,0.0,nan,nan,nan
4923.034,1.545873e-05,0.0,nan,nan,nan
4923.118,1.545647e-05,0.0,nan,nan,nan
4923.202,1.545634e-05,0.0,nan,nan,nan
4923.292,1.545478e-05,0.0,nan,nan,nan
4923.396,1.545627e-05,0.0,nan,nan,nan
4923.487,1.545183e-05,0.0,nan,nan,nan
4923.571,1.545389e-05,0.0,nan,nan,nan
4923.656,1.545527e-05,0.0,nan,nan,nan
4923.739,1.545075e-05,0.0,nan,nan,nan
4923.823,1.545531e-05,0.0,nan,nan,nan
4923.908,1.545042e-05,0.0,nan,nan,nan
4923.992,1.545463e-05,0.0,nan,nan,nan
4924.091,1.545258e-05,0.0,nan,nan,nan
4924.175,1.545171e-05,0.0,nan,nan,nan
4924.258,1.545111e-05,0.0,nan,nan,nan
4924.342,1.545356e-05,0.0,nan,nan,nan
4924.426,1.545147e-05,0.0,nan,nan,nan
4924.52,1.545354e-05,0.0,nan,nan,nan
4924.604,1.544882e-05,0.0,nan,nan,nan
4924.687,1.545214e-05,0.0,nan,nan,nan
4924.771,1.54572e-05,0.0,nan,nan,nan
4924.855,1.545425e-05,0.0,nan,nan,nan
4924.954,1.545586e-05,0.0,nan,nan,nan
4925.038,1.545018e-05,0.0,nan,nan,nan
4925.139,1.545131e-05,0.0,nan,nan,nan
4925.223,1.545555e-05,0.0,nan,nan,nan
4925.306,1.545188e-05,0.0,nan,nan,nan
4925.39,1.545333e-05,0.0,nan,nan,nan
4925.48,1.54501e-05,0.0,nan,nan,nan
4925.564,1.545012e-05,0.0,nan,nan,nan
4925.647,1.545493e-05,0.0,nan,nan,nan
4925.733,1.544942e-05,0.0,nan,nan,nan
4925.817,1.545096e-05,0.0,nan,nan,nan
4925.901,1.544916e-05,0.0,nan,nan,nan
4925.987,1.545298e-05,0.0,nan,nan,nan
4926.071,1.545229e-05,0.0,nan,nan,nan
4926.154,1.545294e-05,0.0,nan,nan,nan
4926.238,1.545038e-05,0.0,nan,nan,nan
4926.323,1.545754e-05,0.0,nan,nan,nan
4926.406,1.545705e-05,0.0,nan,nan,nan
4926.493,1.545297e-05,0.0,nan,nan,nan
4926.577,1.545087e-05,0.0,nan,nan,nan
4926.661,1.545393e-05,0.0,nan,nan,nan
4926.744,1.545411e-05,0.0,nan,nan,nan
4926.828,1.545244e-05,0.0,nan,nan,nan
4926.912,1.545397e-05,0.0,nan,nan,nan
4926.997,1.545233e-05,0.0,nan,nan,nan
4927.088,1.545487e-05,0.0,nan,nan,nan
4927.178,1.545439e-05,0.0,nan,nan,nan
4927.262,1.545617e-05,0.0,nan,nan,nan
4927.345,1.545576e-05,0.0,nan,nan,nan
4927.429,1.545524e-05,0.0,nan,nan,nan
4927.536,1.54551e-05,0.0,nan,nan,nan
4927.631,1.545292e-05,0.0,nan,nan,nan
4927.715,1.545372e-05,0.0,nan,nan,nan
4927.799,1.545442e-05,0.0,nan,nan,nan
4927.882,1.54567e-05,0.0,nan,nan,nan
4927.978,1.545275e-05,0.0,nan,nan,nan
4928.062,1.545536e-05,0.0,nan,nan,nan
4928.145,1.545433e-05,0.0,nan,nan,nan
4928.229,1.545444e-05,0.0,nan,nan,nan
4928.315,1.545327e-05,0.0,nan,nan,nan
4928.417,1.54539e-05,0.0,nan,nan,nan
4928.501,1.545637e-05,0.0,nan,nan,nan
4928.597,1.545559e-05,0.0,nan,nan,nan
4928.681,1.545653e-05,0.0,nan,nan,nan
4928.764,1.545405e-05,0.0,nan,nan,nan
4928.848,1.546183e-05,0.0,nan,nan,nan
4928.933,1.545675e-05,0.0,nan,nan,nan
4929.017,1.545308e-05,0.0,nan,nan,nan
4929.101,1.545912e-05,0.0,nan,nan,nan
4929.213,1.545572e-05,0.0,nan,nan,nan
4929.296,1.545625e-05,0.0,nan,nan,nan
4929.38,1.545796e-05,0.0,nan,nan,nan
4929.464,1.545732e-05,0.0,nan,nan,nan
4929.596,1.54578e-05,0.0,nan,nan,nan
4929.683,1.545765e-05,0.0,nan,nan,nan
4929.767,1.545898e-05,0.0,nan,nan,nan
4929.851,1.54568e-05,0.0,nan,nan,nan
4929.935,1.54569e-05,0.0,nan,nan,nan
4930.019,1.545539e-05,0.0,nan,nan,nan
4930.102,1.5459e-05,0.0,nan,nan,nan
4930.186,1.54588e-05,0.0,nan,nan,nan
4930.27,1.545371e-05,0.0,nan,nan,nan
4930.353,1.545673e-05,0.0,nan,nan,nan
4930.454,1.545724e-05,0.0,nan,nan,nan
4930.538,1.545452e-05,0.0,nan,nan,nan
4930.647,1.545745e-05,0.0,nan,nan,nan
4930.737,1.5457e-05,0.0,nan,nan,nan
4930.836,1.545331e-05,0.0,nan,nan,nan
4930.919,1.545599e-05,0.0,nan,nan,nan
4931.003,1.545737e-05,0.0,nan,nan,nan
4931.087,1.545514e-05,0.0,nan,nan,nan
4931.17,1.544905e-05,0.0,nan,nan,nan
4931.266,1.545271e-05,0.0,nan,nan,nan
4931.35,1.545416e-05,0.0,nan,nan,nan
4931.436,1.545457e-05,0.0,nan,nan,nan
4931.52,1.545309e-05,0.0,nan,nan,nan
4931.603,1.545523e-05,0.0,nan,nan,nan
4931.701,1.545204e-05,0.0,nan,nan,nan
4931.787,1.545669e-05,0.0,nan,nan,nan
4931.87,1.544875e-05,0.0,nan,nan,nan
4931.954,1.5457e-05,0.0,nan,nan,nan
4932.038,1.545019e-05,0.0,nan,nan,nan
4932.122,1.545302e-05,0.0,nan,nan,nan
4932.205,1.544864e-05,0.0,nan,nan,nan
4932.289,1.545405e-05,0.0,nan,nan,nan
4932.372,1.545098e-05,0.0,nan,nan,nan
4932.466,1.545009e-05,0.0,nan,nan,nan
4932.55,1.545018e-05,0.0,nan,nan,nan
4932.634,1.545346e-05,0.0,nan,nan,nan
4932.717,1.545059e-05,0.0,nan,nan,nan
4932.801,1.545323e-05,0.0,nan,nan,nan
4932.885,1.545286e-05,0.0,nan,nan,nan
4932.968,1.544964e-05,0.0,nan,nan,nan
4933.053,1.545299e-05,0.0,nan,nan,nan
4933.137,1.545475e-05,0.0,nan,nan,nan
4933.221,1.545334e-05,0.0,nan,nan,nan
4933.317,1.545541e-05,0.0,nan,nan,nan
4933.401,1.54575e-05,0.0,nan,nan,nan
4933.511,1.545335e-05,0.0,nan,nan,nan
4933.595,1.545396e-05,0.0,nan,nan,nan
4933.711,1.545841e-05,0.0,nan,nan,nan
4933.795,1.545158e-05,0.0,nan,nan,nan
4933.9,1.544912e-05,0.0,nan,nan,nan
4933.984,1.545491e-05,0.0,nan,nan,nan
4934.069,1.545495e-05,0.0,nan,nan,nan
4934.152,1.545425e-05,0.0,nan,nan,nan
4934.236,1.545847e-05,0.0,nan,nan,nan
4934.329,1.545419e-05,0.0,nan,nan,nan
4934.412,1.545255e-05,0.0,nan,nan,nan
4934.496,1.545351e-05,0.0,nan,nan,nan
4934.579,1.545213e-05,0.0,nan,nan,nan
4934.663,1.545382e-05,0.0,nan,nan,nan
4934.747,1.54583e-05,0.0,nan,nan,nan
4934.834,1.545205e-05,0.0,nan,nan,nan
4934.917,1.54506e-05,0.0,nan,nan,nan
4935.001,1.54558e-05,0.0,nan,nan,nan
4935.085,1.544997e-05,0.0,nan,nan,nan
4935.169,1.544994e-05,0.0,nan,nan,nan
4935.252,1.544881e-05,0.0,nan,nan,nan
4935.338,1.545266e-05,0.0,nan,nan,nan
4935.422,1.545284e-05,0.0,nan,nan,nan
4935.505,1.54509e-05,0.0,nan,nan,nan
4935.589,1.545459e-05,0.0,nan,nan,nan
4935.672,1.545436e-05,0.0,nan,nan,nan
4935.761,1.545593e-05,0.0,nan,nan,nan
4935.845,1.545432e-05,0.0,nan,nan,nan
4935.933,1.545511e-05,0.0,nan,nan,nan
4936.017,1.544674e-05,0.0,nan,nan,nan
4936.102,1.545237e-05,0.0,nan,nan,nan
4936.186,1.545756e-05,0.0,nan,nan,nan
4936.27,1.545564e-05,0.0,nan,nan,nan
4936.364,1.545853e-05,0.0,nan,nan,nan
4936.451,1.545654e-05,0.0,nan,nan,nan
4936.539,1.545097e-05,0.0,nan,nan,nan
4936.623,1.544993e-05,0.0,nan,nan,nan
4936.708,1.545367e-05,0.0,nan,nan,nan
4936.792,1.545372e-05,0.0,nan,nan,nan
4936.876,1.545599e-05,0.0,nan,nan,nan
4936.961,1.545464e-05,0.0,nan,nan,nan
4937.045,1.545429e-05,0.0,nan,nan,nan
4937.129,1.545521e-05,0.0,nan,nan,nan
4937.213,1.545697e-05,0.0,nan,nan,nan
4937.299,1.545338e-05,0.0,nan,nan,nan
4937.382,1.545764e-05,0.0,nan,nan,nan
4937.468,1.545489e-05,0.0,nan,nan,nan
4937.553,1.545711e-05,0.0,nan,nan,nan
4937.637,1.545641e-05,0.0,nan,nan,nan
4937.72,1.545717e-05,0.0,nan,nan,nan
4937.804,1.545636e-05,0.0,nan,nan,nan
4937.887,1.545722e-05,0.0,nan,nan,nan
4937.993,1.54509e-05,0.0,nan,nan,nan
4938.077,1.54536e-05,0.0,nan,nan,nan
4938.162,1.544978e-05,0.0,nan,nan,nan
4938.246,1.545154e-05,0.0,nan,nan,nan
4938.329,1.545116e-05,0.0,nan,nan,nan
4938.413,1.545088e-05,0.0,nan,nan,nan
4938.498,1.545148e-05,0.0,nan,nan,nan
4938.582,1.545027e-05,0.0,nan,nan,nan
4938.666,1.544816e-05,0.0,nan,nan,nan
4938.749,1.545079e-05,0.0,nan,nan,nan
4938.833,1.54484e-05,0.0,nan,nan,nan
4938.917,1.54538e-05,0.0,nan,nan,nan
4939.001,1.545477e-05,0.0,nan,nan,nan
4939.085,1.545079e-05,0.0,nan,nan,nan
4939.186,1.545364e-05,0.0,nan,nan,nan
4939.27,1.545343e-05,0.0,nan,nan,nan
4939.354,1.545261e-05,0.0,nan,nan,nan
4939.437,1.545297e-05,0.0,nan,nan,nan
4939.521,1.545323e-05,0.0,nan,nan,nan
4939.608,1.544745e-05,0.0,nan,nan,nan
4939.692,1.545163e-05,0.0,nan,nan,nan
4939.787,1.54531e-05,0.0,nan,nan,nan
4939.87,1.545029e-05,0.0,nan,nan,nan
4939.954,1.545266e-05,0.0,nan,nan,nan
4940.039,1.545342e-05,0.0,nan,nan,nan
4940.122,1.545174e-05,0.0,nan,nan,nan
4940.224,1.545256e-05,0.0,nan,nan,nan
4940.308,1.545049e-05,0.0,nan,nan,nan
4940.391,1.545278e-05,0.0,nan,nan,nan
4940.475,1.544715e-05,0.0,nan,nan,nan
4940.559,1.545117e-05,0.0,nan,nan,nan
4940.643,1.545087e-05,0.0,nan,nan,nan
4940.728,1.545325e-05,0.0,nan,nan,nan
4940.811,1.545296e-05,0.0,nan,nan,nan
4940.895,1.545317e-05,0.0,nan,nan,nan
4940.979,1.54513e-05,0.0,nan,nan,nan
4941.065,1.545474e-05,0.0,nan,nan,nan
4941.149,1.545203e-05,0.0,nan,nan,nan
4941.232,1.54487e-05,0.0,nan,nan,nan
4941.316,1.545032e-05,0.0,nan,nan,nan
4941.399,1.545582e-05,0.0,nan,nan,nan
4941.483,1.545049e-05,0.0,nan,nan,nan
4941.576,1.544715e-05,0.0,nan,nan,nan
4941.667,1.545249e-05,0.0,nan,nan,nan
4941.751,1.54501e-05,0.0,nan,nan,nan
4941.834,1.545392e-05,0.0,nan,nan,nan
4941.918,1.545305e-05,0.0,nan,nan,nan
4942.005,1.545037e-05,0.0,nan,nan,nan
4942.105,1.545259e-05,0.0,nan,nan,nan
4942.189,1.545055e-05,0.0,nan,nan,nan
4942.278,1.544939e-05,0.0,nan,nan,nan
4942.361,1.545651e-05,0.0,nan,nan,nan
4942.446,1.545528e-05,0.0,nan,nan,nan
4942.533,1.545627e-05,0.0,nan,nan,nan
4942.616,1.546177e-05,0.0,nan,nan,nan
4942.72,1.545998e-05,0.0,nan,nan,nan
4942.803,1.545621e-05,0.0,nan,nan,nan
4942.901,1.545655e-05,0.0,nan,nan,nan
4942.985,1.545428e-05,0.0,nan,nan,nan
4943.069,1.545673e-05,0.0,nan,nan,nan
4943.152,1.545761e-05,0.0,nan,nan,nan
4943.236,1.545385e-05,0.0,nan,nan,nan
4943.32,1.545524e-05,0.0,nan,nan,nan
4943.404,1.545564e-05,0.0,nan,nan,nan
4943.514,1.545154e-05,0.0,nan,nan,nan
4943.598,1.545177e-05,0.0,nan,nan,nan
4943.682,1.545107e-05,0.0,nan,nan,nan
4943.765,1.545047e-05,0.0,nan,nan,nan
4943.852,1.545262e-05,0.0,nan,nan,nan
4943.936,1.545358e-05,0.0,nan,nan,nan
4944.078,1.545228e-05,0.0,nan,nan,nan
4944.161,1.545484e-05,0.0,nan,nan,nan
4944.244,1.545517e-05,0.0,nan,nan,nan
4944.341,1.544993e-05,0.0,nan,nan,nan
4944.425,1.544941e-05,0.0,nan,nan,nan
4944.533,1.545191e-05,0.0,nan,nan,nan
4944.617,1.545199e-05,0.0,nan,nan,nan
4944.71,1.545169e-05,0.0,nan,nan,nan
4944.794,1.545165e-05,0.0,nan,nan,nan
4944.877,1.545264e-05,0.0,nan,nan,nan
4944.961,1.545209e-05,0.0,nan,nan,nan
4945.045,1.5455e-05,0.0,nan,nan,nan
4945.135,1.545325e-05,0.0,nan,nan,nan
4945.218,1.545876e-05,0.0,nan,nan,nan
4945.303,1.545571e-05,0.0,nan,nan,nan
4945.387,1.545298e-05,0.0,nan,nan,nan
4945.471,1.545501e-05,0.0,nan,nan,nan
4945.555,1.545252e-05,0.0,nan,nan,nan
4945.638,1.544783e-05,0.0,nan,nan,nan
4945.722,1.545261e-05,0.0,nan,nan,nan
4945.806,1.544944e-05,0.0,nan,nan,nan
4945.893,1.544996e-05,0.0,nan,nan,nan
4945.977,1.545173e-05,0.0,nan,nan,nan
4946.061,1.545243e-05,0.0,nan,nan,nan
4946.149,1.545407e-05,0.0,nan,nan,nan
4946.233,1.545104e-05,0.0,nan,nan,nan
4946.316,1.54517e-05,0.0,nan,nan,nan
4946.4,1.545429e-05,0.0,nan,nan,nan
4946.484,1.545165e-05,0.0,nan,nan,nan
4946.567,1.545656e-05,0.0,nan,nan,nan
4946.651,1.545305e-05,0.0,nan,nan,nan
4946.754,1.545493e-05,0.0,nan,nan,nan
4946.838,1.545076e-05,0.0,nan,nan,nan
4946.923,1.545443e-05,0.0,nan,nan,nan
4947.007,1.545333e-05,0.0,nan,nan,nan
4947.091,1.545052e-05,0.0,nan,nan,nan
4947.181,1.545636e-05,0.0,nan,nan,nan
4947.27,1.545514e-05,0.0,nan,nan,nan
4947.369,1.544962e-05,0.0,nan,nan,nan
4947.453,1.545132e-05,0.0,nan,nan,nan
4947.537,1.545353e-05,0.0,nan,nan,nan
4947.62,1.545271e-05,0.0,nan,nan,nan
4947.707,1.544912e-05,0.0,nan,nan,nan
4947.79,1.545293e-05,0.0,nan,nan,nan
4947.874,1.545427e-05,0.0,nan,nan,nan
4947.958,1.545464e-05,0.0,nan,nan,nan
4948.041,1.545575e-05,0.0,nan,nan,nan
4948.125,1.54524e-05,0.0,nan,nan,nan
4948.222,1.545412e-05,0.0,nan,nan,nan
4948.305,1.545332e-05,0.0,nan,nan,nan
4948.396,1.544982e-05,0.0,nan,nan,nan
4948.483,1.545649e-05,0.0,nan,nan,nan
4948.566,1.545447e-05,0.0,nan,nan,nan
4948.65,1.545216e-05,0.0,nan,nan,nan
4948.738,1.545576e-05,0.0,nan,nan,nan
4948.821,1.54551e-05,0.0,nan,nan,nan
4948.905,1.545198e-05,0.0,nan,nan,nan
4948.998,1.54528e-05,0.0,nan,nan,nan
4949.082,1.545682e-05,0.0,nan,nan,nan
4949.166,1.545402e-05,0.0,nan,nan,nan
4949.25,1.545522e-05,0.0,nan,nan,nan
4949.333,1.545588e-05,0.0,nan,nan,nan
4949.42,1.545899e-05,0.0,nan,nan,nan
4949.503,1.545506e-05,0.0,nan,nan,nan
4949.589,1.545473e-05,0.0,nan,nan,nan
4949.672,1.54573e-05,0.0,nan,nan,nan
4949.756,1.546032e-05,0.0,nan,nan,nan
4949.84,1.545497e-05,0.0,nan,nan,nan
4949.923,1.545076e-05,0.0,nan,nan,nan
4950.007,1.545373e-05,0.0,nan,nan,nan
4950.09,1.54544e-05,0.0,nan,nan,nan
4950.174,1.545864e-05,0.0,nan,nan,nan
4950.28,1.54587e-05,0.0,nan,nan,nan
4950.365,1.545697e-05,0.0,nan,nan,nan
4950.448,1.545541e-05,0.0,nan,nan,nan
4950.532,1.545773e-05,0.0,nan,nan,nan
4950.623,1.545818e-05,0.0,nan,nan,nan
4950.707,1.545365e-05,0.0,nan,nan,nan
4950.794,1.545497e-05,0.0,nan,nan,nan
4950.878,1.545245e-05,0.0,nan,nan,nan
4950.965,1.544986e-05,0.0,nan,nan,nan
4951.067,1.545436e-05,0.0,nan,nan,nan
4951.151,1.545197e-05,0.0,nan,nan,nan
4951.235,1.545104e-05,0.0,nan,nan,nan
4951.319,1.545243e-05,0.0,nan,nan,nan
4951.404,1.545316e-05,0.0,nan,nan,nan
4951.487,1.54535e-05,0.0,nan,nan,nan
4951.571,1.545511e-05,0.0,nan,nan,nan
4951.654,1.545159e-05,0.0,nan,nan,nan
4951.738,1.545067e-05,0.0,nan,nan,nan
4951.824,1.545059e-05,0.0,nan,nan,nan
4951.907,1.545359e-05,0.0,nan,nan,nan
4951.991,1.545599e-05,0.0,nan,nan,nan
4952.082,1.545714e-05,0.0,nan,nan,nan
4952.166,1.545922e-05,0.0,nan,nan,nan
4952.249,1.545507e-05,0.0,nan,nan,nan
4952.361,1.545396e-05,0.0,nan,nan,nan
4952.445,1.545605e-05,0.0,nan,nan,nan
4952.528,1.545565e-05,0.0,nan,nan,nan
4952.612,1.545512e-05,0.0,nan,nan,nan
4952.699,1.545604e-05,0.0,nan,nan,nan
4952.782,1.545899e-05,0.0,nan,nan,nan
4952.882,1.545595e-05,0.0,nan,nan,nan
4952.966,1.545099e-05,0.0,nan,nan,nan
4953.049,1.545495e-05,0.0,nan,nan,nan
4953.133,1.545697e-05,0.0,nan,nan,nan
4953.216,1.545175e-05,0.0,nan,nan,nan
4953.312,1.545669e-05,0.0,nan,nan,nan
4953.396,1.545079e-05,0.0,nan,nan,nan
4953.48,1.545091e-05,0.0,nan,nan,nan
4953.564,1.545719e-05,0.0,nan,nan,nan
4953.647,1.545336e-05,0.0,nan,nan,nan
4953.735,1.545558e-05,0.0,nan,nan,nan
4953.819,1.545481e-05,0.0,nan,nan,nan
4953.916,1.545507e-05,0.0,nan,nan,nan
4954.0,1.54555e-05,0.0,nan,nan,nan
4954.084,1.545231e-05,0.0,nan,nan,nan
4954.168,1.545165e-05,0.0,nan,nan,nan
4954.252,1.544962e-05,0.0,nan,nan,nan
4954.335,1.545489e-05,0.0,nan,nan,nan
4954.43,1.545403e-05,0.0,nan,nan,nan
4954.528,1.545232e-05,0.0,nan,nan,nan
4954.612,1.545339e-05,0.0,nan,nan,nan
4954.695,1.545397e-05,0.0,nan,nan,nan
4954.779,1.545415e-05,0.0,nan,nan,nan
4954.862,1.545221e-05,0.0,nan,nan,nan
4954.957,1.545747e-05,0.0,nan,nan,nan
4955.04,1.545223e-05,0.0,nan,nan,nan
4955.147,1.545488e-05,0.0,nan,nan,nan
4955.233,1.545368e-05,0.0,nan,nan,nan
4955.331,1.545572e-05,0.0,nan,nan,nan
4955.414,1.545666e-05,0.0,nan,nan,nan
4955.498,1.546005e-05,0.0,nan,nan,nan
4955.582,1.545519e-05,0.0,nan,nan,nan
4955.667,1.54568e-05,0.0,nan,nan,nan
4955.752,1.545708e-05,0.0,nan,nan,nan
4955.836,1.545478e-05,0.0,nan,nan,nan
4955.92,1.545483e-05,0.0,nan,nan,nan
4956.004,1.545584e-05,0.0,nan,nan,nan
4956.091,1.54549e-05,0.0,nan,nan,nan
4956.175,1.545696e-05,0.0,nan,nan,nan
4956.259,1.545404e-05,0.0,nan,nan,nan
4956.354,1.545583e-05,0.0,nan,nan,nan
4956.437,1.545324e-05,0.0,nan,nan,nan
4956.521,1.545919e-05,0.0,nan,nan,nan
4956.605,1.54577e-05,0.0,nan,nan,nan
4956.689,1.545798e-05,0.0,nan,nan,nan
4956.775,1.545727e-05,0.0,nan,nan,nan
4956.859,1.545282e-05,0.0,nan,nan,nan
4956.962,1.545711e-05,0.0,nan,nan,nan
4957.046,1.545651e-05,0.0,nan,nan,nan
4957.129,1.545098e-05,0.0,nan,nan,nan
4957.213,1.545213e-05,0.0,nan,nan,nan
4957.296,1.54537e-05,0.0,nan,nan,nan
4957.383,1.545504e-05,0.0,nan,nan,nan
4957.473,1.545369e-05,0.0,nan,nan,nan
4957.57,1.545935e-05,0.0,nan,nan,nan
4957.653,1.545783e-05,0.0,nan,nan,nan
4957.755,1.546077e-05,0.0,nan,nan,nan
4957.839,1.545756e-05,0.0,nan,nan,nan
4957.922,1.545962e-05,0.0,nan,nan,nan
4958.006,1.546147e-05,0.0,nan,nan,nan
4958.089,1.54625e-05,0.0,nan,nan,nan
4958.197,1.545883e-05,0.0,nan,nan,nan
4958.281,1.545576e-05,0.0,nan,nan,nan
4958.366,1.545671e-05,0.0,nan,nan,nan
4958.45,1.545635e-05,0.0,nan,nan,nan
4958.562,1.545663e-05,0.0,nan,nan,nan
4958.649,1.545355e-05,0.0,nan,nan,nan
4958.736,1.545735e-05,0.0,nan,nan,nan
4958.819,1.545794e-05,0.0,nan,nan,nan
4958.903,1.545589e-05,0.0,nan,nan,nan
4958.986,1.545887e-05,0.0,nan,nan,nan
4959.07,1.54594e-05,0.0,nan,nan,nan
4959.157,1.546218e-05,0.0,nan,nan,nan
4959.25,1.54593e-05,0.0,nan,nan,nan
4959.333,1.545802e-05,0.0,nan,nan,nan
4959.42,1.545564e-05,0.0,nan,nan,nan
4959.503,1.54555e-05,0.0,nan,nan,nan
4959.608,1.54533e-05,0.0,nan,nan,nan
4959.692,1.54583e-05,0.0,nan,nan,nan
4959.775,1.545446e-05,0.0,nan,nan,nan
4959.859,1.546434e-05,0.0,nan,nan,nan
4959.942,1.54537e-05,0.0,nan,nan,nan
4960.045,1.545399e-05,0.0,nan,nan,nan
4960.128,1.545831e-05,0.0,nan,nan,nan
4960.226,1.546029e-05,0.0,nan,nan,nan
4960.31,1.545657e-05,0.0,nan,nan,nan
4960.395,1.545559e-05,0.0,nan,nan,nan
4960.479,1.546109e-05,0.0,nan,nan,nan
4960.563,1.546155e-05,0.0,nan,nan,nan
4960.647,1.54605e-05,0.0,nan,nan,nan
4960.738,1.546311e-05,0.0,nan,nan,nan
4960.836,1.545459e-05,0.0,nan,nan,nan
4960.92,1.545009e-05,0.0,nan,nan,nan
4961.008,1.545472e-05,0.0,nan,nan,nan
4961.092,1.545562e-05,0.0,nan,nan,nan
4961.176,1.54567e-05,0.0,nan,nan,nan
4961.261,1.545517e-05,0.0,nan,nan,nan
4961.345,1.546028e-05,0.0,nan,nan,nan
4961.428,1.545878e-05,0.0,nan,nan,nan
4961.512,1.546123e-05,0.0,nan,nan,nan
4961.602,1.546093e-05,0.0,nan,nan,nan
4961.685,1.546176e-05,0.0,nan,nan,nan
4961.769,1.545991e-05,0.0,nan,nan,nan
4961.874,1.545694e-05,0.0,nan,nan,nan
4961.957,1.545924e-05,0.0,nan,nan,nan
4962.041,1.545613e-05,0.0,nan,nan,nan
4962.125,1.54601e-05,0.0,nan,nan,nan
4962.209,1.545862e-05,0.0,nan,nan,nan
4962.301,1.545949e-05,0.0,nan,nan,nan
4962.384,1.546007e-05,0.0,nan,nan,nan
4962.483,1.545978e-05,0.0,nan,nan,nan
4962.567,1.546023e-05,0.0,nan,nan,nan
4962.68,1.546166e-05,0.0,nan,nan,nan
4962.765,1.546256e-05,0.0,nan,nan,nan
4962.875,1.546302e-05,0.0,nan,nan,nan
4962.958,1.546324e-05,0.0,nan,nan,nan
4963.042,1.546155e-05,0.0,nan,nan,nan
4963.126,1.546041e-05,0.0,nan,nan,nan
4963.21,1.545502e-05,0.0,nan,nan,nan
4963.314,1.545893e-05,0.0,nan,nan,nan
4963.398,1.546034e-05,0.0,nan,nan,nan
4963.482,1.545775e-05,0.0,nan,nan,nan
4963.566,1.545563e-05,0.0,nan,nan,nan
4963.649,1.545826e-05,0.0,nan,nan,nan
4963.733,1.545967e-05,0.0,nan,nan,nan
4963.819,1.545799e-05,0.0,nan,nan,nan
4963.903,1.545387e-05,0.0,nan,nan,nan
4963.987,1.545126e-05,0.0,nan,nan,nan
4964.074,1.545838e-05,0.0,nan,nan,nan
4964.157,1.546319e-05,0.0,nan,nan,nan
4964.241,1.54587e-05,0.0,nan,nan,nan
4964.33,1.546154e-05,0.0,nan,nan,nan
4964.414,1.546239e-05,0.0,nan,nan,nan
4964.498,1.545994e-05,0.0,nan,nan,nan
4964.581,1.546108e-05,0.0,nan,nan,nan
4964.665,1.54622e-05,0.0,nan,nan,nan
4964.782,1.546138e-05,0.0,nan,nan,nan
4964.865,1.545744e-05,0.0,nan,nan,nan
4964.949,1.545916e-05,0.0,nan,nan,nan
4965.037,1.545608e-05,0.0,nan,nan,nan
4965.133,1.546129e-05,0.0,nan,nan,nan
4965.217,1.546161e-05,0.0,nan,nan,nan
4965.304,1.546118e-05,0.0,nan,nan,nan
4965.388,1.546287e-05,0.0,nan,nan,nan
4965.475,1.546216e-05,0.0,nan,nan,nan
4965.559,1.546024e-05,0.0,nan,nan,nan
4965.644,1.546009e-05,0.0,nan,nan,nan
4965.742,1.545783e-05,0.0,nan,nan,nan
4965.826,1.546216e-05,0.0,nan,nan,nan
4965.912,1.546298e-05,0.0,nan,nan,nan
4965.996,1.546004e-05,0.0,nan,nan,nan
4966.083,1.545943e-05,0.0,nan,nan,nan
4966.167,1.545954e-05,0.0,nan,nan,nan
4966.254,1.545764e-05,0.0,nan,nan,nan
4966.337,1.545701e-05,0.0,nan,nan,nan
4966.421,1.545798e-05,0.0,nan,nan,nan
4966.505,1.546123e-05,0.0,nan,nan,nan
4966.588,1.545834e-05,0.0,nan,nan,nan
4966.672,1.545706e-05,0.0,nan,nan,nan
4966.756,1.54638e-05,0.0,nan,nan,nan
4966.86,1.546289e-05,0.0,nan,nan,nan
4966.954,1.546185e-05,0.0,nan,nan,nan
4967.038,1.546195e-05,0.0,nan,nan,nan
4967.122,1.546158e-05,0.0,nan,nan,nan
4967.206,1.546106e-05,0.0,nan,nan,nan
4967.289,1.546165e-05,0.0,nan,nan,nan
4967.375,1.545964e-05,0.0,nan,nan,nan
4967.459,1.545937e-05,0.0,nan,nan,nan
4967.542,1.546175e-05,0.0,nan,nan,nan
4967.626,1.545772e-05,0.0,nan,nan,nan
4967.71,1.545901e-05,0.0,nan,nan,nan
4967.794,1.545875e-05,0.0,nan,nan,nan
4967.878,1.546072e-05,0.0,nan,nan,nan
4967.962,1.545875e-05,0.0,nan,nan,nan
4968.045,1.545912e-05,0.0,nan,nan,nan
4968.129,1.545773e-05,0.0,nan,nan,nan
4968.213,1.546477e-05,0.0,nan,nan,nan
4968.297,1.546107e-05,0.0,nan,nan,nan
4968.397,1.545776e-05,0.0,nan,nan,nan
4968.481,1.545974e-05,0.0,nan,nan,nan
4968.565,1.545912e-05,0.0,nan,nan,nan
4968.648,1.545926e-05,0.0,nan,nan,nan
4968.733,1.546133e-05,0.0,nan,nan,nan
4968.823,1.546143e-05,0.0,nan,nan,nan
4968.928,1.545661e-05,0.0,nan,nan,nan
4969.029,1.545813e-05,0.0,nan,nan,nan
4969.113,1.546256e-05,0.0,nan,nan,nan
4969.197,1.546094e-05,0.0,nan,nan,nan
4969.28,1.546232e-05,0.0,nan,nan,nan
4969.364,1.545793e-05,0.0,nan,nan,nan
4969.448,1.546401e-05,0.0,nan,nan,nan
4969.532,1.545974e-05,0.0,nan,nan,nan
4969.637,1.545699e-05,0.0,nan,nan,nan
4969.721,1.546295e-05,0.0,nan,nan,nan
4969.819,1.54591e-05,0.0,nan,nan,nan
4969.903,1.545596e-05,0.0,nan,nan,nan
4969.986,1.54547e-05,0.0,nan,nan,nan
4970.07,1.545672e-05,0.0,nan,nan,nan
4970.153,1.545632e-05,0.0,nan,nan,nan
4970.245,1.546061e-05,0.0,nan,nan,nan
4970.329,1.545959e-05,0.0,nan,nan,nan
4970.433,1.545599e-05,0.0,nan,nan,nan
4970.516,1.545651e-05,0.0,nan,nan,nan
4970.6,1.545666e-05,0.0,nan,nan,nan
4970.684,1.545756e-05,0.0,nan,nan,nan
4970.767,1.54602e-05,0.0,nan,nan,nan
4970.851,1.546121e-05,0.0,nan,nan,nan
4970.935,1.545625e-05,0.0,nan,nan,nan
4971.019,1.545995e-05,0.0,nan,nan,nan
4971.108,1.546128e-05,0.0,nan,nan,nan
4971.192,1.546059e-05,0.0,nan,nan,nan
4971.275,1.546051e-05,0.0,nan,nan,nan
4971.359,1.546306e-05,0.0,nan,nan,nan
4971.445,1.54642e-05,0.0,nan,nan,nan
4971.529,1.546144e-05,0.0,nan,nan,nan
4971.613,1.546586e-05,0.0,nan,nan,nan
4971.696,1.546076e-05,0.0,nan,nan,nan
4971.78,1.546492e-05,0.0,nan,nan,nan
4971.864,1.546572e-05,0.0,nan,nan,nan
4971.947,1.546448e-05,0.0,nan,nan,nan
4972.048,1.546508e-05,0.0,nan,nan,nan
4972.132,1.546175e-05,0.0,nan,nan,nan
4972.215,1.545842e-05,0.0,nan,nan,nan
4972.307,1.546116e-05,0.0,nan,nan,nan
4972.391,1.546467e-05,0.0,nan,nan,nan
4972.479,1.546679e-05,0.0,nan,nan,nan
4972.562,1.546462e-05,0.0,nan,nan,nan
4972.662,1.546362e-05,0.0,nan,nan,nan
4972.745,1.546373e-05,0.0,nan,nan,nan
4972.829,1.546292e-05,0.0,nan,nan,nan
4972.913,1.546141e-05,0.0,nan,nan,nan
4972.998,1.546313e-05,0.0,nan,nan,nan
4973.082,1.546521e-05,0.0,nan,nan,nan
4973.169,1.546226e-05,0.0,nan,nan,nan
4973.277,1.546327e-05,0.0,nan,nan,nan
4973.361,1.546378e-05,0.0,nan,nan,nan
4973.444,1.546091e-05,0.0,nan,nan,nan
4973.528,1.546279e-05,0.0,nan,nan,nan
4973.615,1.546447e-05,0.0,nan,nan,nan
4973.699,1.546107e-05,0.0,nan,nan,nan
4973.787,1.546364e-05,0.0,nan,nan,nan
4973.88,1.546169e-05,0.0,nan,nan,nan
4973.963,1.546396e-05,0.0,nan,nan,nan
4974.049,1.546043e-05,0.0,nan,nan,nan
4974.132,1.546445e-05,0.0,nan,nan,nan
4974.222,1.546271e-05,0.0,nan,nan,nan
4974.305,1.546455e-05,0.0,nan,nan,nan
4974.389,1.546524e-05,0.0,nan,nan,nan
4974.489,1.546575e-05,0.0,nan,nan,nan
4974.573,1.546674e-05,0.0,nan,nan,nan
4974.657,1.546132e-05,0.0,nan,nan,nan
4974.741,1.546329e-05,0.0,nan,nan,nan
4974.825,1.546352e-05,0.0,nan,nan,nan
4974.921,1.546571e-05,0.0,nan,nan,nan
4975.005,1.546263e-05,0.0,nan,nan,nan
4975.128,1.546072e-05,0.0,nan,nan,nan
4975.212,1.545962e-05,0.0,nan,nan,nan
4975.312,1.545763e-05,0.0,nan,nan,nan
4975.396,1.546074e-05,0.0,nan,nan,nan
4975.481,1.545929e-05,0.0,nan,nan,nan
4975.565,1.545669e-05,0.0,nan,nan,nan
4975.649,1.546014e-05,0.0,nan,nan,nan
4975.732,1.545635e-05,0.0,nan,nan,nan
4975.816,1.546028e-05,0.0,nan,nan,nan
4975.904,1.546297e-05,0.0,nan,nan,nan
4975.988,1.546115e-05,0.0,nan,nan,nan
4976.072,1.545937e-05,0.0,nan,nan,nan
4976.155,1.545923e-05,0.0,nan,nan,nan
4976.239,1.545856e-05,0.0,nan,nan,nan
4976.323,1.546188e-05,0.0,nan,nan,nan
4976.406,1.546108e-05,0.0,nan,nan,nan
4976.49,1.546099e-05,0.0,nan,nan,nan
4976.574,1.545586e-05,0.0,nan,nan,nan
4976.658,1.545703e-05,0.0,nan,nan,nan
4976.764,1.54583e-05,0.0,nan,nan,nan
4976.848,1.545573e-05,0.0,nan,nan,nan
4976.931,1.545217e-05,0.0,nan,nan,nan
4977.015,1.545935e-05,0.0,nan,nan,nan
4977.1,1.545913e-05,0.0,nan,nan,nan
4977.185,1.546217e-05,0.0,nan,nan,nan
4977.269,1.545712e-05,0.0,nan,nan,nan
4977.37,1.545947e-05,0.0,nan,nan,nan
4977.453,1.545613e-05,0.0,nan,nan,nan
4977.538,1.545863e-05,0.0,nan,nan,nan
4977.622,1.545672e-05,0.0,nan,nan,nan
4977.705,1.545404e-05,0.0,nan,nan,nan
4977.795,1.54574e-05,0.0,nan,nan,nan
4977.879,1.545818e-05,0.0,nan,nan,nan
4977.963,1.54574e-05,0.0,nan,nan,nan
4978.047,1.545913e-05,0.0,nan,nan,nan
4978.131,1.545693e-05,0.0,nan,nan,nan
4978.215,1.545774e-05,0.0,nan,nan,nan
4978.298,1.545449e-05,0.0,nan,nan,nan
4978.391,1.545552e-05,0.0,nan,nan,nan
4978.475,1.545804e-05,0.0,nan,nan,nan
4978.563,1.546183e-05,0.0,nan,nan,nan
4978.647,1.546181e-05,0.0,nan,nan,nan
4978.734,1.545793e-05,0.0,nan,nan,nan
4978.819,1.546055e-05,0.0,nan,nan,nan
4978.903,1.546035e-05,0.0,nan,nan,nan
4979.006,1.5455e-05,0.0,nan,nan,nan
4979.089,1.545429e-05,0.0,nan,nan,nan
4979.174,1.545689e-05,0.0,nan,nan,nan
4979.258,1.545893e-05,0.0,nan,nan,nan
4979.342,1.545467e-05,0.0,nan,nan,nan
4979.425,1.545535e-05,0.0,nan,nan,nan
4979.509,1.545709e-05,0.0,nan,nan,nan
4979.607,1.545927e-05,0.0,nan,nan,nan
4979.691,1.545807e-05,0.0,nan,nan,nan
4979.775,1.545359e-05,0.0,nan,nan,nan
4979.859,1.545363e-05,0.0,nan,nan,nan
4979.942,1.54562e-05,0.0,nan,nan,nan
4980.045,1.546148e-05,0.0,nan,nan,nan
4980.128,1.545841e-05,0.0,nan,nan,nan
4980.238,1.545406e-05,0.0,nan,nan,nan
4980.322,1.545324e-05,0.0,nan,nan,nan
4980.406,1.545891e-05,0.0,nan,nan,nan
4980.489,1.545688e-05,0.0,nan,nan,nan
4980.573,1.545669e-05,0.0,nan,nan,nan
4980.657,1.545603e-05,0.0,nan,nan,nan
4980.741,1.545792e-05,0.0,nan,nan,nan
4980.836,1.545808e-05,0.0,nan,nan,nan
4980.92,1.545359e-05,0.0,nan,nan,nan
4981.004,1.546e-05,0.0,nan,nan,nan
4981.088,1.546297e-05,0.0,nan,nan,nan
4981.172,1.546244e-05,0.0,nan,nan,nan
4981.255,1.546151e-05,0.0,nan,nan,nan
4981.339,1.546109e-05,0.0,nan,nan,nan
4981.436,1.546266e-05,0.0,nan,nan,nan
4981.52,1.545875e-05,0.0,nan,nan,nan
4981.604,1.545678e-05,0.0,nan,nan,nan
4981.687,1.545824e-05,0.0,nan,nan,nan
4981.771,1.545945e-05,0.0,nan,nan,nan
4981.868,1.545973e-05,0.0,nan,nan,nan
4981.951,1.545989e-05,0.0,nan,nan,nan
4982.046,1.546598e-05,0.0,nan,nan,nan
4982.129,1.546078e-05,0.0,nan,nan,nan
4982.213,1.546054e-05,0.0,nan,nan,nan
4982.297,1.545709e-05,0.0,nan,nan,nan
4982.382,1.545991e-05,0.0,nan,nan,nan
4982.467,1.546052e-05,0.0,nan,nan,nan
4982.551,1.546416e-05,0.0,nan,nan,nan
4982.635,1.546171e-05,0.0,nan,nan,nan
4982.718,1.545827e-05,0.0,nan,nan,nan
4982.801,1.545941e-05,0.0,nan,nan,nan
4982.897,1.54581e-05,0.0,nan,nan,nan
4982.985,1.545675e-05,0.0,nan,nan,nan
4983.085,1.545723e-05,0.0,nan,nan,nan
4983.169,1.545526e-05,0.0,nan,nan,nan
4983.275,1.545834e-05,0.0,nan,nan,nan
4983.377,1.54578e-05,0.0,nan,nan,nan
4983.471,1.545967e-05,0.0,nan,nan,nan
4983.555,1.546057e-05,0.0,nan,nan,nan
4983.638,1.545982e-05,0.0,nan,nan,nan
4983.722,1.546092e-05,0.0,nan,nan,nan
4983.806,1.545956e-05,0.0,nan,nan,nan
4983.892,1.54573e-05,0.0,nan,nan,nan
4983.975,1.546291e-05,0.0,nan,nan,nan
4984.059,1.545829e-05,0.0,nan,nan,nan
4984.143,1.545981e-05,0.0,nan,nan,nan
4984.226,1.545595e-05,0.0,nan,nan,nan
4984.31,1.546001e-05,0.0,nan,nan,nan
4984.394,1.546128e-05,0.0,nan,nan,nan
4984.488,1.546009e-05,0.0,nan,nan,nan
4984.571,1.54577e-05,0.0,nan,nan,nan
4984.655,1.54564e-05,0.0,nan,nan,nan
4984.738,1.546024e-05,0.0,nan,nan,nan
4984.822,1.546315e-05,0.0,nan,nan,nan
4984.908,1.545722e-05,0.0,nan,nan,nan
4984.992,1.545943e-05,0.0,nan,nan,nan
4985.097,1.545758e-05,0.0,nan,nan,nan
4985.181,1.545673e-05,0.0,nan,nan,nan
4985.265,1.545654e-05,0.0,nan,nan,nan
4985.348,1.54544e-05,0.0,nan,nan,nan
4985.448,1.546005e-05,0.0,nan,nan,nan
4985.54,1.545572e-05,0.0,nan,nan,nan
4985.623,1.545926e-05,0.0,nan,nan,nan
4985.72,1.546052e-05,0.0,nan,nan,nan
4985.804,1.545743e-05,0.0,nan,nan,nan
4985.888,1.545812e-05,0.0,nan,nan,nan
4985.972,1.54599e-05,0.0,nan,nan,nan
4986.055,1.545989e-05,0.0,nan,nan,nan
4986.139,1.545708e-05,0.0,nan,nan,nan
4986.223,1.546126e-05,0.0,nan,nan,nan
4986.322,1.546197e-05,0.0,nan,nan,nan
4986.406,1.546176e-05,0.0,nan,nan,nan
4986.489,1.546045e-05,0.0,nan,nan,nan
4986.573,1.546339e-05,0.0,nan,nan,nan
4986.657,1.546325e-05,0.0,nan,nan,nan
4986.748,1.545714e-05,0.0,nan,nan,nan
4986.832,1.545763e-05,0.0,nan,nan,nan
4986.938,1.546126e-05,0.0,nan,nan,nan
4987.022,1.545853e-05,0.0,nan,nan,nan
4987.105,1.5457e-05,0.0,nan,nan,nan
4987.189,1.545432e-05,0.0,nan,nan,nan
4987.272,1.545661e-05,0.0,nan,nan,nan
4987.357,1.546205e-05,0.0,nan,nan,nan
4987.441,1.546147e-05,0.0,nan,nan,nan
4987.528,1.545898e-05,0.0,nan,nan,nan
4987.619,1.546194e-05,0.0,nan,nan,nan
4987.703,1.545856e-05,0.0,nan,nan,nan
4987.786,1.545995e-05,0.0,nan,nan,nan
4987.87,1.545852e-05,0.0,nan,nan,nan
4987.954,1.546304e-05,0.0,nan,nan,nan
4988.037,1.54601e-05,0.0,nan,nan,nan
4988.121,1.545953e-05,0.0,nan,nan,nan
4988.205,1.546019e-05,0.0,nan,nan,nan
4988.288,1.545771e-05,0.0,nan,nan,nan
4988.373,1.545964e-05,0.0,nan,nan,nan
4988.457,1.545947e-05,0.0,nan,nan,nan
4988.541,1.545752e-05,0.0,nan,nan,nan
4988.624,1.545693e-05,0.0,nan,nan,nan
4988.708,1.545601e-05,0.0,nan,nan,nan
4988.815,1.546341e-05,0.0,nan,nan,nan
4988.898,1.546391e-05,0.0,nan,nan,nan
4988.982,1.545944e-05,0.0,nan,nan,nan
4989.065,1.546087e-05,0.0,nan,nan,nan
4989.151,1.545424e-05,0.0,nan,nan,nan
4989.235,1.54627e-05,0.0,nan,nan,nan
4989.32,1.545656e-05,0.0,nan,nan,nan
4989.419,1.545774e-05,0.0,nan,nan,nan
4989.503,1.546034e-05,0.0,nan,nan,nan
4989.599,1.545818e-05,0.0,nan,nan,nan
4989.692,1.545839e-05,0.0,nan,nan,nan
4989.775,1.545729e-05,0.0,nan,nan,nan
4989.859,1.545834e-05,0.0,nan,nan,nan
4989.943,1.54599e-05,0.0,nan,nan,nan
4990.048,1.545748e-05,0.0,nan,nan,nan
4990.138,1.545773e-05,0.0,nan,nan,nan
4990.223,1.54571e-05,0.0,nan,nan,nan
4990.307,1.545631e-05,0.0,nan,nan,nan
4990.39,1.545818e-05,0.0,nan,nan,nan
4990.474,1.546026e-05,0.0,nan,nan,nan
4990.558,1.54618e-05,0.0,nan,nan,nan
4990.642,1.546132e-05,0.0,nan,nan,nan
4990.726,1.545591e-05,0.0,nan,nan,nan
4990.809,1.546166e-05,0.0,nan,nan,nan
4990.893,1.54589e-05,0.0,nan,nan,nan
4990.977,1.545589e-05,0.0,nan,nan,nan
4991.063,1.545807e-05,0.0,nan,nan,nan
4991.147,1.545713e-05,0.0,nan,nan,nan
4991.23,1.545804e-05,0.0,nan,nan,nan
4991.314,1.545863e-05,0.0,nan,nan,nan
4991.398,1.545719e-05,0.0,nan,nan,nan
4991.482,1.545754e-05,0.0,nan,nan,nan
4991.566,1.545884e-05,0.0,nan,nan,nan
4991.677,1.54576e-05,0.0,nan,nan,nan
4991.761,1.545727e-05,0.0,nan,nan,nan
4991.863,1.545747e-05,0.0,nan,nan,nan
4991.947,1.5458e-05,0.0,nan,nan,nan
4992.03,1.545762e-05,0.0,nan,nan,nan
4992.114,1.545749e-05,0.0,nan,nan,nan
4992.197,1.545578e-05,0.0,nan,nan,nan
4992.287,1.545529e-05,0.0,nan,nan,nan
4992.371,1.545692e-05,0.0,nan,nan,nan
4992.455,1.545084e-05,0.0,nan,nan,nan
4992.538,1.545292e-05,0.0,nan,nan,nan
4992.623,1.545546e-05,0.0,nan,nan,nan
4992.707,1.545931e-05,0.0,nan,nan,nan
4992.79,1.545461e-05,0.0,nan,nan,nan
4992.876,1.545967e-05,0.0,nan,nan,nan
4992.96,1.546047e-05,0.0,nan,nan,nan
4993.044,1.546087e-05,0.0,nan,nan,nan
4993.127,1.545927e-05,0.0,nan,nan,nan
4993.211,1.545807e-05,0.0,nan,nan,nan
4993.295,1.545734e-05,0.0,nan,nan,nan
4993.379,1.54544e-05,0.0,nan,nan,nan
4993.482,1.545935e-05,0.0,nan,nan,nan
4993.566,1.546407e-05,0.0,nan,nan,nan
4993.65,1.545891e-05,0.0,nan,nan,nan
4993.761,1.545734e-05,0.0,nan,nan,nan
4993.845,1.545391e-05,0.0,nan,nan,nan
4993.929,1.54581e-05,0.0,nan,nan,nan
4994.013,1.545878e-05,0.0,nan,nan,nan
4994.1,1.545529e-05,0.0,nan,nan,nan
4994.183,1.545701e-05,0.0,nan,nan,nan
4994.271,1.544936e-05,0.0,nan,nan,nan
4994.354,1.545131e-05,0.0,nan,nan,nan
4994.438,1.544933e-05,0.0,nan,nan,nan
4994.522,1.544976e-05,0.0,nan,nan,nan
4994.605,1.545115e-05,0.0,nan,nan,nan
4994.689,1.545223e-05,0.0,nan,nan,nan
4994.773,1.545356e-05,0.0,nan,nan,nan
4994.856,1.545561e-05,0.0,nan,nan,nan
4994.94,1.545506e-05,0.0,nan,nan,nan
4995.024,1.54539e-05,0.0,nan,nan,nan
4995.107,1.545476e-05,0.0,nan,nan,nan
4995.191,1.545369e-05,0.0,nan,nan,nan
4995.275,1.545335e-05,0.0,nan,nan,nan
4995.358,1.545217e-05,0.0,nan,nan,nan
4995.442,1.545433e-05,0.0,nan,nan,nan
4995.534,1.545477e-05,0.0,nan,nan,nan
4995.617,1.545669e-05,0.0,nan,nan,nan
4995.709,1.545103e-05,0.0,nan,nan,nan
4995.802,1.545471e-05,0.0,nan,nan,nan
4995.886,1.545641e-05,0.0,nan,nan,nan
4995.969,1.546132e-05,0.0,nan,nan,nan
4996.053,1.545795e-05,0.0,nan,nan,nan
4996.137,1.545681e-05,0.0,nan,nan,nan
4996.221,1.545606e-05,0.0,nan,nan,nan
4996.33,1.545019e-05,0.0,nan,nan,nan
4996.414,1.545009e-05,0.0,nan,nan,nan
4996.5,1.544848e-05,0.0,nan,nan,nan
4996.583,1.544922e-05,0.0,nan,nan,nan
4996.67,1.544995e-05,0.0,nan,nan,nan
4996.778,1.544982e-05,0.0,nan,nan,nan
4996.861,1.54558e-05,0.0,nan,nan,nan
4996.97,1.545567e-05,0.0,nan,nan,nan
4997.054,1.545738e-05,0.0,nan,nan,nan
4997.137,1.545377e-05,0.0,nan,nan,nan
4997.221,1.545225e-05,0.0,nan,nan,nan
4997.305,1.545366e-05,0.0,nan,nan,nan
4997.389,1.546132e-05,0.0,nan,nan,nan
4997.472,1.545687e-05,0.0,nan,nan,nan
4997.577,1.545499e-05,0.0,nan,nan,nan
4997.661,1.545556e-05,0.0,nan,nan,nan
4997.745,1.545683e-05,0.0,nan,nan,nan
4997.828,1.545292e-05,0.0,nan,nan,nan
4997.919,1.545599e-05,0.0,nan,nan,nan
4998.02,1.545849e-05,0.0,nan,nan,nan
4998.104,1.544872e-05,0.0,nan,nan,nan
4998.212,1.545483e-05,0.0,nan,nan,nan
4998.296,1.545228e-05,0.0,nan,nan,nan
4998.396,1.545443e-05,0.0,nan,nan,nan
4998.48,1.544865e-05,0.0,nan,nan,nan
4998.564,1.545414e-05,0.0,nan,nan,nan
4998.648,1.545514e-05,0.0,nan,nan,nan
4998.732,1.545615e-05,0.0,nan,nan,nan
4998.816,1.545787e-05,0.0,nan,nan,nan
4998.9,1.545157e-05,0.0,nan,nan,nan
4999.013,1.545639e-05,0.0,nan,nan,nan
4999.097,1.545811e-05,0.0,nan,nan,nan
4999.181,1.545525e-05,0.0,nan,nan,nan
4999.264,1.545042e-05,0.0,nan,nan,nan
4999.348,1.545349e-05,0.0,nan,nan,nan
4999.432,1.545354e-05,0.0,nan,nan,nan
4999.519,1.545989e-05,0.0,nan,nan,nan
4999.603,1.545569e-05,0.0,nan,nan,nan
4999.687,1.545369e-05,0.0,nan,nan,nan
4999.771,1.545784e-05,0.0,nan,nan,nan
4999.855,1.545618e-05,0.0,nan,nan,nan
4999.98,1.545325e-05,0.0,nan,nan,nan
5000.078,1.545751e-05,0.0,nan,nan,nan
5000.162,1.545845e-05,0.0,nan,nan,nan
5000.245,1.5454e-05,0.0,nan,nan,nan
5000.329,1.545865e-05,0.0,nan,nan,nan
5000.432,1.54548e-05,0.0,nan,nan,nan
5000.516,1.545729e-05,0.0,nan,nan,nan
5000.6,1.545816e-05,0.0,nan,nan,nan
5000.683,1.545587e-05,0.0,nan,nan,nan
5000.773,1.545713e-05,0.0,nan,nan,nan
5000.859,1.545352e-05,0.0,nan,nan,nan
5000.943,1.545285e-05,0.0,nan,nan,nan
5001.048,1.54544e-05,0.0,nan,nan,nan
5001.132,1.545663e-05,0.0,nan,nan,nan
5001.242,1.545559e-05,0.0,nan,nan,nan
5001.325,1.545699e-05,0.0,nan,nan,nan
5001.409,1.545753e-05,0.0,nan,nan,nan
5001.492,1.545133e-05,0.0,nan,nan,nan
5001.578,1.545381e-05,0.0,nan,nan,nan
5001.662,1.545521e-05,0.0,nan,nan,nan
5001.746,1.545806e-05,0.0,nan,nan,nan
5001.831,1.545716e-05,0.0,nan,nan,nan
5001.915,1.545862e-05,0.0,nan,nan,nan
5002.041,1.545342e-05,0.0,nan,nan,nan
5002.127,1.545243e-05,0.0,nan,nan,nan
5002.212,1.545351e-05,0.0,nan,nan,nan
5002.3,1.545257e-05,0.0,nan,nan,nan
5002.384,1.54554e-05,0.0,nan,nan,nan
5002.503,1.545466e-05,0.0,nan,nan,nan
5002.589,1.545535e-05,0.0,nan,nan,nan
5002.673,1.545444e-05,0.0,nan,nan,nan
5002.756,1.545511e-05,0.0,nan,nan,nan
5002.84,1.545795e-05,0.0,nan,nan,nan
5002.923,1.546203e-05,0.0,nan,nan,nan
5003.007,1.545496e-05,0.0,nan,nan,nan
5003.092,1.545564e-05,0.0,nan,nan,nan
5003.175,1.545717e-05,0.0,nan,nan,nan
5003.274,1.545146e-05,0.0,nan,nan,nan
5003.357,1.545345e-05,0.0,nan,nan,nan
5003.441,1.545599e-05,0.0,nan,nan,nan
5003.524,1.545362e-05,0.0,nan,nan,nan
5003.608,1.545454e-05,0.0,nan,nan,nan
5003.712,1.545725e-05,0.0,nan,nan,nan
5003.801,1.545354e-05,0.0,nan,nan,nan
5003.885,1.545742e-05,0.0,nan,nan,nan
5003.969,1.545629e-05,0.0,nan,nan,nan
5004.078,1.545542e-05,0.0,nan,nan,nan
5004.169,1.54587e-05,0.0,nan,nan,nan
5004.284,1.545602e-05,0.0,nan,nan,nan
5004.368,1.545328e-05,0.0,nan,nan,nan
5004.452,1.545641e-05,0.0,nan,nan,nan
5004.536,1.545733e-05,0.0,nan,nan,nan
5004.62,1.545743e-05,0.0,nan,nan,nan
5004.715,1.545978e-05,0.0,nan,nan,nan
5004.798,1.546114e-05,0.0,nan,nan,nan
5004.881,1.545787e-05,0.0,nan,nan,nan
5004.965,1.54547e-05,0.0,nan,nan,nan
5005.052,1.545858e-05,0.0,nan,nan,nan
5005.14,1.545995e-05,0.0,nan,nan,nan
5005.224,1.546123e-05,0.0,nan,nan,nan
5005.329,1.545562e-05,0.0,nan,nan,nan
5005.413,1.54558e-05,0.0,nan,nan,nan
5005.512,1.545854e-05,0.0,nan,nan,nan
5005.595,1.545516e-05,0.0,nan,nan,nan
5005.679,1.54546e-05,0.0,nan,nan,nan
5005.763,1.545821e-05,0.0,nan,nan,nan
5005.849,1.545553e-05,0.0,nan,nan,nan
5005.951,1.54525e-05,0.0,nan,nan,nan
5006.034,1.545755e-05,0.0,nan,nan,nan
5006.118,1.545275e-05,0.0,nan,nan,nan
5006.208,1.545528e-05,0.0,nan,nan,nan
5006.293,1.545444e-05,0.0,nan,nan,nan
5006.377,1.545501e-05,0.0,nan,nan,nan
5006.46,1.545164e-05,0.0,nan,nan,nan
5006.562,1.545318e-05,0.0,nan,nan,nan
5006.645,1.545362e-05,0.0,nan,nan,nan
5006.729,1.545546e-05,0.0,nan,nan,nan
5006.812,1.545298e-05,0.0,nan,nan,nan
5006.897,1.545903e-05,0.0,nan,nan,nan
5006.983,1.545845e-05,0.0,nan,nan,nan
5007.067,1.545891e-05,0.0,nan,nan,nan
5007.17,1.545775e-05,0.0,nan,nan,nan
5007.254,1.545574e-05,0.0,nan,nan,nan
5007.337,1.545397e-05,0.0,nan,nan,nan
5007.421,1.545417e-05,0.0,nan,nan,nan
5007.505,1.545577e-05,0.0,nan,nan,nan
5007.589,1.545307e-05,0.0,nan,nan,nan
5007.673,1.545709e-05,0.0,nan,nan,nan
5007.768,1.545425e-05,0.0,nan,nan,nan
5007.852,1.545426e-05,0.0,nan,nan,nan
5007.94,1.545386e-05,0.0,nan,nan,nan
5008.023,1.545784e-05,0.0,nan,nan,nan
5008.107,1.545787e-05,0.0,nan,nan,nan
5008.193,1.545609e-05,0.0,nan,nan,nan
5008.281,1.545478e-05,0.0,nan,nan,nan
5008.365,1.545974e-05,0.0,nan,nan,nan
5008.449,1.546084e-05,0.0,nan,nan,nan
5008.533,1.545722e-05,0.0,nan,nan,nan
5008.617,1.545848e-05,0.0,nan,nan,nan
5008.7,1.546346e-05,0.0,nan,nan,nan
5008.801,1.546095e-05,0.0,nan,nan,nan
5008.885,1.545521e-05,0.0,nan,nan,nan
5008.968,1.545627e-05,0.0,nan,nan,nan
5009.052,1.545376e-05,0.0,nan,nan,nan
5009.136,1.545762e-05,0.0,nan,nan,nan
5009.219,1.545903e-05,0.0,nan,nan,nan
5009.303,1.545881e-05,0.0,nan,nan,nan
5009.409,1.545519e-05,0.0,nan,nan,nan
5009.492,1.545905e-05,0.0,nan,nan,nan
5009.577,1.546125e-05,0.0,nan,nan,nan
5009.661,1.545782e-05,0.0,nan,nan,nan
5009.744,1.545737e-05,0.0,nan,nan,nan
5009.83,1.545622e-05,0.0,nan,nan,nan
5009.913,1.545709e-05,0.0,nan,nan,nan
5009.997,1.545955e-05,0.0,nan,nan,nan
5010.081,1.545524e-05,0.0,nan,nan,nan
5010.164,1.545637e-05,0.0,nan,nan,nan
5010.248,1.545429e-05,0.0,nan,nan,nan
5010.361,1.545586e-05,0.0,nan,nan,nan
5010.445,1.545566e-05,0.0,nan,nan,nan
5010.561,1.546023e-05,0.0,nan,nan,nan
5010.645,1.545871e-05,0.0,nan,nan,nan
5010.728,1.54583e-05,0.0,nan,nan,nan
5010.828,1.545319e-05,0.0,nan,nan,nan
5010.911,1.545825e-05,0.0,nan,nan,nan
5010.995,1.545784e-05,0.0,nan,nan,nan
5011.078,1.546107e-05,0.0,nan,nan,nan
5011.162,1.54591e-05,0.0,nan,nan,nan
5011.246,1.545854e-05,0.0,nan,nan,nan
5011.33,1.546062e-05,0.0,nan,nan,nan
5011.446,1.545831e-05,0.0,nan,nan,nan
5011.53,1.546094e-05,0.0,nan,nan,nan
5011.64,1.545882e-05,0.0,nan,nan,nan
5011.724,1.545951e-05,0.0,nan,nan,nan
5011.808,1.545831e-05,0.0,nan,nan,nan
5011.891,1.545769e-05,0.0,nan,nan,nan
5011.975,1.545765e-05,0.0,nan,nan,nan
5012.059,1.545686e-05,0.0,nan,nan,nan
5012.143,1.545404e-05,0.0,nan,nan,nan
5012.227,1.545832e-05,0.0,nan,nan,nan
5012.31,1.545469e-05,0.0,nan,nan,nan
5012.396,1.545766e-05,0.0,nan,nan,nan
5012.479,1.546087e-05,0.0,nan,nan,nan
5012.571,1.545576e-05,0.0,nan,nan,nan
5012.663,1.54573e-05,0.0,nan,nan,nan
5012.747,1.545857e-05,0.0,nan,nan,nan
5012.832,1.545527e-05,0.0,nan,nan,nan
5012.915,1.546126e-05,0.0,nan,nan,nan
5012.999,1.545776e-05,0.0,nan,nan,nan
5013.084,1.545778e-05,0.0,nan,nan,nan
5013.168,1.545828e-05,0.0,nan,nan,nan
5013.262,1.545559e-05,0.0,nan,nan,nan
5013.346,1.54601e-05,0.0,nan,nan,nan
5013.429,1.545479e-05,0.0,nan,nan,nan
5013.513,1.545614e-05,0.0,nan,nan,nan
5013.597,1.545414e-05,0.0,nan,nan,nan
5013.68,1.545683e-05,0.0,nan,nan,nan
5013.764,1.545679e-05,0.0,nan,nan,nan
5013.849,1.545763e-05,0.0,nan,nan,nan
5013.933,1.545674e-05,0.0,nan,nan,nan
5014.016,1.545774e-05,0.0,nan,nan,nan
5014.1,1.545443e-05,0.0,nan,nan,nan
5014.184,1.54571e-05,0.0,nan,nan,nan
5014.272,1.545658e-05,0.0,nan,nan,nan
5014.355,1.545505e-05,0.0,nan,nan,nan
5014.441,1.545429e-05,0.0,nan,nan,nan
5014.545,1.545737e-05,0.0,nan,nan,nan
5014.631,1.545456e-05,0.0,nan,nan,nan
5014.714,1.545468e-05,0.0,nan,nan,nan
5014.799,1.545491e-05,0.0,nan,nan,nan
5014.882,1.546131e-05,0.0,nan,nan,nan
5014.966,1.54572e-05,0.0,nan,nan,nan
5015.05,1.54599e-05,0.0,nan,nan,nan
5015.134,1.545292e-05,0.0,nan,nan,nan
5015.217,1.545707e-05,0.0,nan,nan,nan
5015.308,1.545764e-05,0.0,nan,nan,nan
5015.392,1.54577e-05,0.0,nan,nan,nan
5015.476,1.545658e-05,0.0,nan,nan,nan
5015.559,1.546001e-05,0.0,nan,nan,nan
5015.644,1.546064e-05,0.0,nan,nan,nan
5015.731,1.546232e-05,0.0,nan,nan,nan
5015.819,1.545441e-05,0.0,nan,nan,nan
5015.931,1.545976e-05,0.0,nan,nan,nan
5016.016,1.545665e-05,0.0,nan,nan,nan
5016.12,1.545535e-05,0.0,nan,nan,nan
5016.204,1.545536e-05,0.0,nan,nan,nan
5016.287,1.545665e-05,0.0,nan,nan,nan
5016.371,1.545483e-05,0.0,nan,nan,nan
5016.454,1.545643e-05,0.0,nan,nan,nan
5016.538,1.545417e-05,0.0,nan,nan,nan
5016.648,1.545951e-05,0.0,nan,nan,nan
5016.745,1.545927e-05,0.0,nan,nan,nan
5016.829,1.545966e-05,0.0,nan,nan,nan
5016.912,1.545679e-05,0.0,nan,nan,nan
5016.996,1.545593e-05,0.0,nan,nan,nan
5017.079,1.545546e-05,0.0,nan,nan,nan
5017.166,1.54547e-05,0.0,nan,nan,nan
5017.253,1.545466e-05,0.0,nan,nan,nan
5017.345,1.545848e-05,0.0,nan,nan,nan
5017.429,1.545523e-05,0.0,nan,nan,nan
5017.512,1.545326e-05,0.0,nan,nan,nan
5017.596,1.545384e-05,0.0,nan,nan,nan
5017.68,1.544958e-05,0.0,nan,nan,nan
5017.769,1.545756e-05,0.0,nan,nan,nan
5017.852,1.54532e-05,0.0,nan,nan,nan
5017.942,1.546232e-05,0.0,nan,nan,nan
5018.026,1.546255e-05,0.0,nan,nan,nan
5018.11,1.545771e-05,0.0,nan,nan,nan
5018.193,1.545754e-05,0.0,nan,nan,nan
5018.28,1.545781e-05,0.0,nan,nan,nan
5018.37,1.545685e-05,0.0,nan,nan,nan
5018.453,1.545914e-05,0.0,nan,nan,nan
5018.537,1.54559e-05,0.0,nan,nan,nan
5018.62,1.545551e-05,0.0,nan,nan,nan
5018.725,1.54549e-05,0.0,nan,nan,nan
5018.829,1.545553e-05,0.0,nan,nan,nan
5018.914,1.545519e-05,0.0,nan,nan,nan
5019.013,1.545319e-05,0.0,nan,nan,nan
5019.097,1.545159e-05,0.0,nan,nan,nan
5019.18,1.545366e-05,0.0,nan,nan,nan
5019.264,1.545704e-05,0.0,nan,nan,nan
5019.348,1.545449e-05,0.0,nan,nan,nan
5019.431,1.545735e-05,0.0,nan,nan,nan
5019.515,1.545755e-05,0.0,nan,nan,nan
5019.608,1.545902e-05,0.0,nan,nan,nan
5019.692,1.545723e-05,0.0,nan,nan,nan
5019.796,1.545612e-05,0.0,nan,nan,nan
5019.88,1.54545e-05,0.0,nan,nan,nan
5019.963,1.545592e-05,0.0,nan,nan,nan
5020.047,1.545506e-05,0.0,nan,nan,nan
5020.134,1.545561e-05,0.0,nan,nan,nan
5020.23,1.545573e-05,0.0,nan,nan,nan
5020.313,1.545469e-05,0.0,nan,nan,nan
5020.397,1.545992e-05,0.0,nan,nan,nan
5020.481,1.545386e-05,0.0,nan,nan,nan
5020.564,1.545692e-05,0.0,nan,nan,nan
5020.648,1.5456e-05,0.0,nan,nan,nan
5020.777,1.545868e-05,0.0,nan,nan,nan
5020.867,1.545501e-05,0.0,nan,nan,nan
5020.95,1.54586e-05,0.0,nan,nan,nan
5021.036,1.545182e-05,0.0,nan,nan,nan
5021.12,1.545312e-05,0.0,nan,nan,nan
5021.226,1.545786e-05,0.0,nan,nan,nan
5021.31,1.545821e-05,0.0,nan,nan,nan
5021.393,1.545004e-05,0.0,nan,nan,nan
5021.477,1.545857e-05,0.0,nan,nan,nan
5021.56,1.545975e-05,0.0,nan,nan,nan
5021.653,1.545761e-05,0.0,nan,nan,nan
5021.738,1.545639e-05,0.0,nan,nan,nan
5021.846,1.546085e-05,0.0,nan,nan,nan
5021.931,1.545663e-05,0.0,nan,nan,nan
5022.015,1.545963e-05,0.0,nan,nan,nan
5022.098,1.545544e-05,0.0,nan,nan,nan
5022.183,1.545675e-05,0.0,nan,nan,nan
5022.271,1.545652e-05,0.0,nan,nan,nan
5022.354,1.545368e-05,0.0,nan,nan,nan
5022.459,1.54529e-05,0.0,nan,nan,nan
5022.543,1.545629e-05,0.0,nan,nan,nan
5022.627,1.545723e-05,0.0,nan,nan,nan
5022.71,1.545988e-05,0.0,nan,nan,nan
5022.847,1.545765e-05,0.0,nan,nan,nan
5022.931,1.545871e-05,0.0,nan,nan,nan
5023.015,1.545499e-05,0.0,nan,nan,nan
5023.098,1.5452e-05,0.0,nan,nan,nan
5023.182,1.545681e-05,0.0,nan,nan,nan
5023.271,1.545597e-05,0.0,nan,nan,nan
5023.354,1.545295e-05,0.0,nan,nan,nan
5023.462,1.545627e-05,0.0,nan,nan,nan
5023.546,1.545291e-05,0.0,nan,nan,nan
5023.632,1.545753e-05,0.0,nan,nan,nan
5023.716,1.545458e-05,0.0,nan,nan,nan
5023.803,1.545463e-05,0.0,nan,nan,nan
5023.893,1.54554e-05,0.0,nan,nan,nan
5023.977,1.545818e-05,0.0,nan,nan,nan
5024.071,1.545558e-05,0.0,nan,nan,nan
5024.154,1.545561e-05,0.0,nan,nan,nan
5024.254,1.545089e-05,0.0,nan,nan,nan
5024.338,1.54572e-05,0.0,nan,nan,nan
5024.422,1.545334e-05,0.0,nan,nan,nan
5024.506,1.544791e-05,0.0,nan,nan,nan
5024.589,1.545645e-05,0.0,nan,nan,nan
5024.679,1.545419e-05,0.0,nan,nan,nan
5024.763,1.54531e-05,0.0,nan,nan,nan
5024.846,1.545124e-05,0.0,nan,nan,nan
5024.941,1.5454e-05,0.0,nan,nan,nan
5025.024,1.545078e-05,0.0,nan,nan,nan
5025.108,1.545359e-05,0.0,nan,nan,nan
5025.192,1.545361e-05,0.0,nan,nan,nan
5025.295,1.545583e-05,0.0,nan,nan,nan
5025.379,1.545237e-05,0.0,nan,nan,nan
5025.462,1.5454e-05,0.0,nan,nan,nan
5025.546,1.54561e-05,0.0,nan,nan,nan
5025.63,1.545629e-05,0.0,nan,nan,nan
5025.722,1.545375e-05,0.0,nan,nan,nan
5025.806,1.544944e-05,0.0,nan,nan,nan
5025.901,1.544879e-05,0.0,nan,nan,nan
5025.985,1.545538e-05,0.0,nan,nan,nan
5026.08,1.545623e-05,0.0,nan,nan,nan
5026.164,1.545141e-05,0.0,nan,nan,nan
5026.248,1.545355e-05,0.0,nan,nan,nan
5026.331,1.545096e-05,0.0,nan,nan,nan
5026.418,1.545115e-05,0.0,nan,nan,nan
5026.51,1.545387e-05,0.0,nan,nan,nan
5026.594,1.544686e-05,0.0,nan,nan,nan
5026.677,1.545256e-05,0.0,nan,nan,nan
5026.761,1.54533e-05,0.0,nan,nan,nan
5026.845,1.5453e-05,0.0,nan,nan,nan
5026.969,1.54532e-05,0.0,nan,nan,nan
5027.053,1.545121e-05,0.0,nan,nan,nan
5027.137,1.545096e-05,0.0,nan,nan,nan
5027.22,1.545124e-05,0.0,nan,nan,nan
5027.31,1.545092e-05,0.0,nan,nan,nan
5027.394,1.544918e-05,0.0,nan,nan,nan
5027.48,1.545027e-05,0.0,nan,nan,nan
5027.563,1.544835e-05,0.0,nan,nan,nan
5027.653,1.545496e-05,0.0,nan,nan,nan
5027.737,1.544973e-05,0.0,nan,nan,nan
5027.82,1.545199e-05,0.0,nan,nan,nan
5027.904,1.545406e-05,0.0,nan,nan,nan
5027.988,1.545544e-05,0.0,nan,nan,nan
5028.071,1.545291e-05,0.0,nan,nan,nan
5028.159,1.545233e-05,0.0,nan,nan,nan
5028.243,1.545163e-05,0.0,nan,nan,nan
5028.347,1.545259e-05,0.0,nan,nan,nan
5028.431,1.545177e-05,0.0,nan,nan,nan
5028.515,1.545176e-05,0.0,nan,nan,nan
5028.598,1.545281e-05,0.0,nan,nan,nan
5028.686,1.545109e-05,0.0,nan,nan,nan
5028.788,1.545289e-05,0.0,nan,nan,nan
5028.872,1.545407e-05,0.0,nan,nan,nan
5028.963,1.545268e-05,0.0,nan,nan,nan
5029.047,1.545467e-05,0.0,nan,nan,nan
5029.131,1.545508e-05,0.0,nan,nan,nan
5029.215,1.545398e-05,0.0,nan,nan,nan
5029.3,1.545867e-05,0.0,nan,nan,nan
5029.386,1.54568e-05,0.0,nan,nan,nan
5029.469,1.545331e-05,0.0,nan,nan,nan
5029.568,1.545697e-05,0.0,nan,nan,nan
5029.652,1.54551e-05,0.0,nan,nan,nan
5029.735,1.545492e-05,0.0,nan,nan,nan
5029.819,1.545856e-05,0.0,nan,nan,nan
5029.903,1.545734e-05,0.0,nan,nan,nan
5029.994,1.545787e-05,0.0,nan,nan,nan
5030.078,1.54576e-05,0.0,nan,nan,nan
5030.178,1.545583e-05,0.0,nan,nan,nan
5030.262,1.54547e-05,0.0,nan,nan,nan
5030.346,1.54543e-05,0.0,nan,nan,nan
5030.429,1.545718e-05,0.0,nan,nan,nan
5030.513,1.545429e-05,0.0,nan,nan,nan
5030.596,1.545714e-05,0.0,nan,nan,nan
5030.68,1.545937e-05,0.0,nan,nan,nan
5030.763,1.545846e-05,0.0,nan,nan,nan
5030.847,1.545477e-05,0.0,nan,nan,nan
5030.935,1.54557e-05,0.0,nan,nan,nan
5031.076,1.545396e-05,0.0,nan,nan,nan
5031.16,1.545718e-05,0.0,nan,nan,nan
5031.244,1.545677e-05,0.0,nan,nan,nan
5031.331,1.545639e-05,0.0,nan,nan,nan
5031.419,1.545769e-05,0.0,nan,nan,nan
5031.502,1.54583e-05,0.0,nan,nan,nan
5031.604,1.545694e-05,0.0,nan,nan,nan
5031.688,1.545601e-05,0.0,nan,nan,nan
5031.771,1.545778e-05,0.0,nan,nan,nan
5031.855,1.545593e-05,0.0,nan,nan,nan
5031.939,1.545816e-05,0.0,nan,nan,nan
5032.038,1.545589e-05,0.0,nan,nan,nan
5032.121,1.545624e-05,0.0,nan,nan,nan
5032.205,1.545389e-05,0.0,nan,nan,nan
5032.288,1.545411e-05,0.0,nan,nan,nan
5032.372,1.545543e-05,0.0,nan,nan,nan
5032.462,1.545822e-05,0.0,nan,nan,nan
5032.546,1.545925e-05,0.0,nan,nan,nan
5032.632,1.545518e-05,0.0,nan,nan,nan
5032.716,1.545613e-05,0.0,nan,nan,nan
5032.806,1.545292e-05,0.0,nan,nan,nan
5032.89,1.545529e-05,0.0,nan,nan,nan
5032.973,1.545583e-05,0.0,nan,nan,nan
5033.065,1.545128e-05,0.0,nan,nan,nan
5033.148,1.545164e-05,0.0,nan,nan,nan
5033.232,1.54508e-05,0.0,nan,nan,nan
5033.316,1.545482e-05,0.0,nan,nan,nan
5033.403,1.545338e-05,0.0,nan,nan,nan
5033.487,1.545265e-05,0.0,nan,nan,nan
5033.57,1.544966e-05,0.0,nan,nan,nan
5033.671,1.545686e-05,0.0,nan,nan,nan
5033.755,1.545557e-05,0.0,nan,nan,nan
5033.838,1.546258e-05,0.0,nan,nan,nan
5033.922,1.546109e-05,0.0,nan,nan,nan
5034.006,1.545952e-05,0.0,nan,nan,nan
5034.089,1.545858e-05,0.0,nan,nan,nan
5034.173,1.54558e-05,0.0,nan,nan,nan
5034.271,1.545563e-05,0.0,nan,nan,nan
5034.355,1.545397e-05,0.0,nan,nan,nan
5034.44,1.545366e-05,0.0,nan,nan,nan
5034.523,1.545753e-05,0.0,nan,nan,nan
5034.607,1.545484e-05,0.0,nan,nan,nan
5034.691,1.545596e-05,0.0,nan,nan,nan
5034.775,1.545374e-05,0.0,nan,nan,nan
5034.862,1.545486e-05,0.0,nan,nan,nan
5034.946,1.545572e-05,0.0,nan,nan,nan
5035.03,1.545397e-05,0.0,nan,nan,nan
5035.115,1.545468e-05,0.0,nan,nan,nan
5035.201,1.545222e-05,0.0,nan,nan,nan
5035.307,1.545696e-05,0.0,nan,nan,nan
5035.391,1.545753e-05,0.0,nan,nan,nan
5035.475,1.54532e-05,0.0,nan,nan,nan
5035.558,1.545812e-05,0.0,nan,nan,nan
5035.642,1.545336e-05,0.0,nan,nan,nan
5035.725,1.545858e-05,0.0,nan,nan,nan
5035.809,1.545087e-05,0.0,nan,nan,nan
5035.893,1.545469e-05,0.0,nan,nan,nan
5035.977,1.545516e-05,0.0,nan,nan,nan
5036.06,1.545418e-05,0.0,nan,nan,nan
5036.144,1.545302e-05,0.0,nan,nan,nan
5036.228,1.545335e-05,0.0,nan,nan,nan
5036.336,1.545512e-05,0.0,nan,nan,nan
5036.42,1.54561e-05,0.0,nan,nan,nan
5036.53,1.545348e-05,0.0,nan,nan,nan
5036.614,1.545434e-05,0.0,nan,nan,nan
5036.698,1.545817e-05,0.0,nan,nan,nan
5036.781,1.545983e-05,0.0,nan,nan,nan
5036.868,1.545416e-05,0.0,nan,nan,nan
5036.952,1.545586e-05,0.0,nan,nan,nan
5037.036,1.545765e-05,0.0,nan,nan,nan
5037.135,1.5458e-05,0.0,nan,nan,nan
5037.244,1.545972e-05,0.0,nan,nan,nan
5037.331,1.545503e-05,0.0,nan,nan,nan
5037.415,1.545573e-05,0.0,nan,nan,nan
5037.498,1.545571e-05,0.0,nan,nan,nan
5037.582,1.545997e-05,0.0,nan,nan,nan
5037.665,1.545794e-05,0.0,nan,nan,nan
5037.759,1.546188e-05,0.0,nan,nan,nan
5037.843,1.546236e-05,0.0,nan,nan,nan
5037.947,1.545282e-05,0.0,nan,nan,nan
5038.03,1.54578e-05,0.0,nan,nan,nan
5038.129,1.545897e-05,0.0,nan,nan,nan
5038.213,1.545964e-05,0.0,nan,nan,nan
5038.299,1.546096e-05,0.0,nan,nan,nan
5038.383,1.545778e-05,0.0,nan,nan,nan
5038.466,1.545999e-05,0.0,nan,nan,nan
5038.554,1.545601e-05,0.0,nan,nan,nan
5038.638,1.545818e-05,0.0,nan,nan,nan
5038.727,1.545507e-05,0.0,nan,nan,nan
5038.811,1.545925e-05,0.0,nan,nan,nan
5038.895,1.54547e-05,0.0,nan,nan,nan
5038.981,1.54586e-05,0.0,nan,nan,nan
5039.069,1.545806e-05,0.0,nan,nan,nan
5039.153,1.545978e-05,0.0,nan,nan,nan
5039.237,1.54585e-05,0.0,nan,nan,nan
5039.351,1.545516e-05,0.0,nan,nan,nan
5039.441,1.545402e-05,0.0,nan,nan,nan
5039.524,1.545956e-05,0.0,nan,nan,nan
5039.608,1.54562e-05,0.0,nan,nan,nan
5039.692,1.545304e-05,0.0,nan,nan,nan
5039.792,1.545436e-05,0.0,nan,nan,nan
5039.876,1.545006e-05,0.0,nan,nan,nan
5039.975,1.545304e-05,0.0,nan,nan,nan
5040.059,1.54549e-05,0.0,nan,nan,nan
5040.142,1.545309e-05,0.0,nan,nan,nan
5040.226,1.54488e-05,0.0,nan,nan,nan
5040.309,1.544986e-05,0.0,nan,nan,nan
5040.396,1.545306e-05,0.0,nan,nan,nan
5040.484,1.545694e-05,0.0,nan,nan,nan
5040.591,1.545549e-05,0.0,nan,nan,nan
5040.675,1.545457e-05,0.0,nan,nan,nan
5040.758,1.545793e-05,0.0,nan,nan,nan
5040.842,1.54514e-05,0.0,nan,nan,nan
5040.925,1.545639e-05,0.0,nan,nan,nan
5041.027,1.545451e-05,0.0,nan,nan,nan
5041.111,1.545662e-05,0.0,nan,nan,nan
5041.209,1.545112e-05,0.0,nan,nan,nan
5041.293,1.545639e-05,0.0,nan,nan,nan
5041.424,1.54535e-05,0.0,nan,nan,nan
5041.509,1.54557e-05,0.0,nan,nan,nan
5041.593,1.545605e-05,0.0,nan,nan,nan
5041.677,1.545502e-05,0.0,nan,nan,nan
5041.76,1.545637e-05,0.0,nan,nan,nan
5041.845,1.545532e-05,0.0,nan,nan,nan
5041.929,1.546022e-05,0.0,nan,nan,nan
5042.013,1.54573e-05,0.0,nan,nan,nan
5042.096,1.545634e-05,0.0,nan,nan,nan
5042.18,1.545526e-05,0.0,nan,nan,nan
5042.264,1.545455e-05,0.0,nan,nan,nan
5042.348,1.545819e-05,0.0,nan,nan,nan
5042.431,1.545366e-05,0.0,nan,nan,nan
5042.515,1.545427e-05,0.0,nan,nan,nan
5042.6,1.545848e-05,0.0,nan,nan,nan
5042.683,1.545593e-05,0.0,nan,nan,nan
5042.772,1.545474e-05,0.0,nan,nan,nan
5042.856,1.545161e-05,0.0,nan,nan,nan
5042.939,1.54561e-05,0.0,nan,nan,nan
5043.023,1.54559e-05,0.0,nan,nan,nan
5043.107,1.546078e-05,0.0,nan,nan,nan
5043.191,1.545475e-05,0.0,nan,nan,nan
5043.275,1.545585e-05,0.0,nan,nan,nan
5043.359,1.545358e-05,0.0,nan,nan,nan
5043.444,1.546035e-05,0.0,nan,nan,nan
5043.528,1.545799e-05,0.0,nan,nan,nan
5043.611,1.545878e-05,0.0,nan,nan,nan
5043.697,1.545861e-05,0.0,nan,nan,nan
5043.78,1.54591e-05,0.0,nan,nan,nan
5043.878,1.546058e-05,0.0,nan,nan,nan
5043.961,1.545734e-05,0.0,nan,nan,nan
5044.045,1.545584e-05,0.0,nan,nan,nan
5044.129,1.545339e-05,0.0,nan,nan,nan
5044.217,1.545435e-05,0.0,nan,nan,nan
5044.301,1.54608e-05,0.0,nan,nan,nan
5044.385,1.545877e-05,0.0,nan,nan,nan
5044.483,1.545844e-05,0.0,nan,nan,nan
5044.567,1.545502e-05,0.0,nan,nan,nan
5044.651,1.545975e-05,0.0,nan,nan,nan
5044.734,1.545619e-05,0.0,nan,nan,nan
5044.818,1.545688e-05,0.0,nan,nan,nan
5044.906,1.545458e-05,0.0,nan,nan,nan
5044.989,1.545623e-05,0.0,nan,nan,nan
5045.073,1.545844e-05,0.0,nan,nan,nan
5045.157,1.545458e-05,0.0,nan,nan,nan
5045.24,1.545922e-05,0.0,nan,nan,nan
5045.325,1.546118e-05,0.0,nan,nan,nan
5045.409,1.545982e-05,0.0,nan,nan,nan
5045.496,1.545521e-05,0.0,nan,nan,nan
5045.587,1.545405e-05,0.0,nan,nan,nan
5045.671,1.545469e-05,0.0,nan,nan,nan
5045.754,1.54563e-05,0.0,nan,nan,nan
5045.838,1.545906e-05,0.0,nan,nan,nan
5045.932,1.545834e-05,0.0,nan,nan,nan
5046.016,1.545391e-05,0.0,nan,nan,nan
5046.103,1.545665e-05,0.0,nan,nan,nan
5046.2,1.545768e-05,0.0,nan,nan,nan
5046.283,1.545765e-05,0.0,nan,nan,nan
5046.393,1.545827e-05,0.0,nan,nan,nan
5046.477,1.545885e-05,0.0,nan,nan,nan
5046.562,1.545655e-05,0.0,nan,nan,nan
5046.653,1.545538e-05,0.0,nan,nan,nan
5046.736,1.545165e-05,0.0,nan,nan,nan
5046.845,1.54529e-05,0.0,nan,nan,nan
5046.929,1.545302e-05,0.0,nan,nan,nan
5047.017,1.54553e-05,0.0,nan,nan,nan
5047.101,1.545257e-05,0.0,nan,nan,nan
5047.185,1.545605e-05,0.0,nan,nan,nan
5047.305,1.545432e-05,0.0,nan,nan,nan
5047.388,1.545485e-05,0.0,nan,nan,nan
5047.472,1.545199e-05,0.0,nan,nan,nan
5047.555,1.545307e-05,0.0,nan,nan,nan
5047.647,1.545682e-05,0.0,nan,nan,nan
5047.73,1.545828e-05,0.0,nan,nan,nan
5047.814,1.545661e-05,0.0,nan,nan,nan
5047.898,1.545922e-05,0.0,nan,nan,nan
5047.982,1.545372e-05,0.0,nan,nan,nan
5048.065,1.545654e-05,0.0,nan,nan,nan
5048.173,1.545541e-05,0.0,nan,nan,nan
5048.256,1.54588e-05,0.0,nan,nan,nan
5048.341,1.545686e-05,0.0,nan,nan,nan
5048.425,1.545631e-05,0.0,nan,nan,nan
5048.51,1.545654e-05,0.0,nan,nan,nan
5048.594,1.545981e-05,0.0,nan,nan,nan
5048.682,1.545769e-05,0.0,nan,nan,nan
5048.78,1.545491e-05,0.0,nan,nan,nan
5048.87,1.545126e-05,0.0,nan,nan,nan
5048.953,1.545828e-05,0.0,nan,nan,nan
5049.037,1.545525e-05,0.0,nan,nan,nan
5049.126,1.54523e-05,0.0,nan,nan,nan
5049.229,1.545323e-05,0.0,nan,nan,nan
5049.314,1.545562e-05,0.0,nan,nan,nan
5049.423,1.544975e-05,0.0,nan,nan,nan
5049.507,1.544861e-05,0.0,nan,nan,nan
5049.595,1.545245e-05,0.0,nan,nan,nan
5049.715,1.545415e-05,0.0,nan,nan,nan
5049.813,1.545248e-05,0.0,nan,nan,nan
5049.897,1.545404e-05,0.0,nan,nan,nan
5049.995,1.545473e-05,0.0,nan,nan,nan
5050.079,1.545354e-05,0.0,nan,nan,nan
5050.182,1.545469e-05,0.0,nan,nan,nan
5050.265,1.54575e-05,0.0,nan,nan,nan
5050.349,1.545408e-05,0.0,nan,nan,nan
5050.433,1.545447e-05,0.0,nan,nan,nan
5050.519,1.545293e-05,0.0,nan,nan,nan
5050.602,1.544946e-05,0.0,nan,nan,nan
5050.686,1.545272e-05,0.0,nan,nan,nan
5050.79,1.545196e-05,0.0,nan,nan,nan
5050.874,1.545102e-05,0.0,nan,nan,nan
5050.958,1.545079e-05,0.0,nan,nan,nan
5051.042,1.54489e-05,0.0,nan,nan,nan
5051.125,1.544968e-05,0.0,nan,nan,nan
5051.219,1.544908e-05,0.0,nan,nan,nan
5051.303,1.544863e-05,0.0,nan,nan,nan
5051.39,1.545241e-05,0.0,nan,nan,nan
5051.473,1.545158e-05,0.0,nan,nan,nan
5051.557,1.545171e-05,0.0,nan,nan,nan
5051.641,1.545598e-05,0.0,nan,nan,nan
5051.724,1.545438e-05,0.0,nan,nan,nan
5051.81,1.545199e-05,0.0,nan,nan,nan
5051.913,1.545407e-05,0.0,nan,nan,nan
5052.011,1.54543e-05,0.0,nan,nan,nan
5052.095,1.54543e-05,0.0,nan,nan,nan
5052.178,1.545429e-05,0.0,nan,nan,nan
5052.262,1.545403e-05,0.0,nan,nan,nan
5052.346,1.545435e-05,0.0,nan,nan,nan
5052.433,1.545113e-05,0.0,nan,nan,nan
5052.52,1.545461e-05,0.0,nan,nan,nan
5052.604,1.545427e-05,0.0,nan,nan,nan
5052.688,1.545307e-05,0.0,nan,nan,nan
5052.773,1.545455e-05,0.0,nan,nan,nan
5052.857,1.545469e-05,0.0,nan,nan,nan
5052.94,1.545701e-05,0.0,nan,nan,nan
5053.044,1.545249e-05,0.0,nan,nan,nan
5053.128,1.545174e-05,0.0,nan,nan,nan
5053.219,1.545328e-05,0.0,nan,nan,nan
5053.303,1.545389e-05,0.0,nan,nan,nan
5053.386,1.545372e-05,0.0,nan,nan,nan
5053.47,1.54541e-05,0.0,nan,nan,nan
5053.553,1.545603e-05,0.0,nan,nan,nan
5053.637,1.545561e-05,0.0,nan,nan,nan
5053.72,1.54524e-05,0.0,nan,nan,nan
5053.812,1.545344e-05,0.0,nan,nan,nan
5053.896,1.545493e-05,0.0,nan,nan,nan
5053.979,1.545418e-05,0.0,nan,nan,nan
5054.063,1.545778e-05,0.0,nan,nan,nan
5054.146,1.545725e-05,0.0,nan,nan,nan
5054.23,1.545932e-05,0.0,nan,nan,nan
5054.313,1.545403e-05,0.0,nan,nan,nan
5054.397,1.545727e-05,0.0,nan,nan,nan
5054.48,1.54611e-05,0.0,nan,nan,nan
5054.564,1.545669e-05,0.0,nan,nan,nan
5054.647,1.545842e-05,0.0,nan,nan,nan
5054.731,1.545287e-05,0.0,nan,nan,nan
5054.826,1.545639e-05,0.0,nan,nan,nan
5054.91,1.54613e-05,0.0,nan,nan,nan
5054.993,1.545832e-05,0.0,nan,nan,nan
5055.077,1.545552e-05,0.0,nan,nan,nan
5055.16,1.545901e-05,0.0,nan,nan,nan
5055.245,1.545478e-05,0.0,nan,nan,nan
5055.329,1.545526e-05,0.0,nan,nan,nan
5055.427,1.54553e-05,0.0,nan,nan,nan
5055.511,1.546068e-05,0.0,nan,nan,nan
5055.595,1.545967e-05,0.0,nan,nan,nan
5055.678,1.545591e-05,0.0,nan,nan,nan
5055.762,1.545875e-05,0.0,nan,nan,nan
5055.85,1.545623e-05,0.0,nan,nan,nan
5055.934,1.545832e-05,0.0,nan,nan,nan
5056.02,1.545741e-05,0.0,nan,nan,nan
5056.103,1.545747e-05,0.0,nan,nan,nan
5056.187,1.545416e-05,0.0,nan,nan,nan
5056.273,1.545842e-05,0.0,nan,nan,nan
5056.357,1.545513e-05,0.0,nan,nan,nan
5056.453,1.545498e-05,0.0,nan,nan,nan
5056.536,1.545878e-05,0.0,nan,nan,nan
5056.62,1.545995e-05,0.0,nan,nan,nan
5056.704,1.546037e-05,0.0,nan,nan,nan
5056.787,1.545778e-05,0.0,nan,nan,nan
5056.875,1.546e-05,0.0,nan,nan,nan
5056.959,1.545561e-05,0.0,nan,nan,nan
5057.042,1.545795e-05,0.0,nan,nan,nan
5057.125,1.54599e-05,0.0,nan,nan,nan
5057.211,1.545941e-05,0.0,nan,nan,nan
5057.294,1.545837e-05,0.0,nan,nan,nan
5057.378,1.545858e-05,0.0,nan,nan,nan
5057.461,1.545726e-05,0.0,nan,nan,nan
5057.545,1.545317e-05,0.0,nan,nan,nan
5057.629,1.545659e-05,0.0,nan,nan,nan
5057.713,1.545776e-05,0.0,nan,nan,nan
5057.797,1.545727e-05,0.0,nan,nan,nan
5057.895,1.545647e-05,0.0,nan,nan,nan
5057.978,1.545382e-05,0.0,nan,nan,nan
5058.062,1.54519e-05,0.0,nan,nan,nan
5058.148,1.54553e-05,0.0,nan,nan,nan
5058.233,1.545501e-05,0.0,nan,nan,nan
5058.325,1.545603e-05,0.0,nan,nan,nan
5058.409,1.545565e-05,0.0,nan,nan,nan
5058.492,1.545688e-05,0.0,nan,nan,nan
5058.576,1.545437e-05,0.0,nan,nan,nan
5058.66,1.545655e-05,0.0,nan,nan,nan
5058.746,1.545478e-05,0.0,nan,nan,nan
5058.835,1.545421e-05,0.0,nan,nan,nan
5058.938,1.545316e-05,0.0,nan,nan,nan
5059.022,1.545444e-05,0.0,nan,nan,nan
5059.124,1.545709e-05,0.0,nan,nan,nan
5059.208,1.545485e-05,0.0,nan,nan,nan
5059.292,1.545103e-05,0.0,nan,nan,nan
5059.376,1.545336e-05,0.0,nan,nan,nan
5059.459,1.54513e-05,0.0,nan,nan,nan
5059.565,1.545467e-05,0.0,nan,nan,nan
5059.649,1.54534e-05,0.0,nan,nan,nan
5059.732,1.545336e-05,0.0,nan,nan,nan
5059.816,1.546037e-05,0.0,nan,nan,nan
5059.899,1.545682e-05,0.0,nan,nan,nan
5060.015,1.546156e-05,0.0,nan,nan,nan
5060.099,1.546071e-05,0.0,nan,nan,nan
5060.182,1.545633e-05,0.0,nan,nan,nan
5060.266,1.545758e-05,0.0,nan,nan,nan
5060.369,1.545857e-05,0.0,nan,nan,nan
5060.453,1.545559e-05,0.0,nan,nan,nan
5060.536,1.545414e-05,0.0,nan,nan,nan
5060.62,1.545906e-05,0.0,nan,nan,nan
5060.703,1.545856e-05,0.0,nan,nan,nan
5060.798,1.545843e-05,0.0,nan,nan,nan
5060.882,1.545769e-05,0.0,nan,nan,nan
5060.965,1.545347e-05,0.0,nan,nan,nan
5061.049,1.545682e-05,0.0,nan,nan,nan
5061.132,1.545893e-05,0.0,nan,nan,nan
5061.216,1.545333e-05,0.0,nan,nan,nan
5061.303,1.54568e-05,0.0,nan,nan,nan
5061.387,1.545597e-05,0.0,nan,nan,nan
5061.471,1.545435e-05,0.0,nan,nan,nan
5061.556,1.545765e-05,0.0,nan,nan,nan
5061.639,1.54581e-05,0.0,nan,nan,nan
5061.723,1.545533e-05,0.0,nan,nan,nan
5061.815,1.545865e-05,0.0,nan,nan,nan
5061.898,1.545731e-05,0.0,nan,nan,nan
5061.986,1.546022e-05,0.0,nan,nan,nan
5062.1,1.545739e-05,0.0,nan,nan,nan
5062.199,1.545887e-05,0.0,nan,nan,nan
5062.283,1.545473e-05,0.0,nan,nan,nan
5062.367,1.545433e-05,0.0,nan,nan,nan
5062.451,1.545746e-05,0.0,nan,nan,nan
5062.535,1.545472e-05,0.0,nan,nan,nan
5062.62,1.545772e-05,0.0,nan,nan,nan
5062.703,1.545779e-05,0.0,nan,nan,nan
5062.814,1.545807e-05,0.0,nan,nan,nan
5062.898,1.546159e-05,0.0,nan,nan,nan
5062.983,1.545647e-05,0.0,nan,nan,nan
5063.067,1.545521e-05,0.0,nan,nan,nan
5063.151,1.545805e-05,0.0,nan,nan,nan
5063.238,1.545726e-05,0.0,nan,nan,nan
5063.322,1.545741e-05,0.0,nan,nan,nan
5063.406,1.545449e-05,0.0,nan,nan,nan
5063.489,1.545886e-05,0.0,nan,nan,nan
5063.573,1.545499e-05,0.0,nan,nan,nan
5063.657,1.545789e-05,0.0,nan,nan,nan
5063.74,1.545625e-05,0.0,nan,nan,nan
5063.843,1.546013e-05,0.0,nan,nan,nan
5063.926,1.546358e-05,0.0,nan,nan,nan
5064.01,1.545644e-05,0.0,nan,nan,nan
5064.094,1.545464e-05,0.0,nan,nan,nan
5064.18,1.545607e-05,0.0,nan,nan,nan
5064.279,1.545494e-05,0.0,nan,nan,nan
5064.362,1.54577e-05,0.0,nan,nan,nan
5064.462,1.54614e-05,0.0,nan,nan,nan
5064.546,1.545931e-05,0.0,nan,nan,nan
5064.63,1.546231e-05,0.0,nan,nan,nan
5064.713,1.546179e-05,0.0,nan,nan,nan
5064.797,1.546387e-05,0.0,nan,nan,nan
5064.882,1.545955e-05,0.0,nan,nan,nan
5064.969,1.545821e-05,0.0,nan,nan,nan
5065.064,1.545919e-05,0.0,nan,nan,nan
5065.148,1.546148e-05,0.0,nan,nan,nan
5065.232,1.546e-05,0.0,nan,nan,nan
5065.315,1.545978e-05,0.0,nan,nan,nan
5065.4,1.546332e-05,0.0,nan,nan,nan
5065.496,1.546064e-05,0.0,nan,nan,nan
5065.581,1.546127e-05,0.0,nan,nan,nan
5065.665,1.546325e-05,0.0,nan,nan,nan
5065.749,1.545823e-05,0.0,nan,nan,nan
5065.832,1.545566e-05,0.0,nan,nan,nan
5065.916,1.545667e-05,0.0,nan,nan,nan
5066.0,1.545425e-05,0.0,nan,nan,nan
5066.089,1.545824e-05,0.0,nan,nan,nan
5066.172,1.545696e-05,0.0,nan,nan,nan
5066.256,1.54587e-05,0.0,nan,nan,nan
5066.342,1.546269e-05,0.0,nan,nan,nan
5066.425,1.545965e-05,0.0,nan,nan,nan
5066.519,1.545866e-05,0.0,nan,nan,nan
5066.603,1.54569e-05,0.0,nan,nan,nan
5066.707,1.545731e-05,0.0,nan,nan,nan
5066.791,1.546146e-05,0.0,nan,nan,nan
5066.875,1.546294e-05,0.0,nan,nan,nan
5066.959,1.546026e-05,0.0,nan,nan,nan
5067.042,1.545744e-05,0.0,nan,nan,nan
5067.134,1.545684e-05,0.0,nan,nan,nan
5067.22,1.545998e-05,0.0,nan,nan,nan
5067.323,1.545733e-05,0.0,nan,nan,nan
5067.407,1.545624e-05,0.0,nan,nan,nan
5067.49,1.545836e-05,0.0,nan,nan,nan
5067.574,1.546311e-05,0.0,nan,nan,nan
5067.658,1.545899e-05,0.0,nan,nan,nan
5067.754,1.546086e-05,0.0,nan,nan,nan
5067.838,1.546033e-05,0.0,nan,nan,nan
5067.94,1.545992e-05,0.0,nan,nan,nan
5068.024,1.546024e-05,0.0,nan,nan,nan
5068.128,1.545802e-05,0.0,nan,nan,nan
5068.212,1.546092e-05,0.0,nan,nan,nan
5068.307,1.54545e-05,0.0,nan,nan,nan
5068.394,1.545627e-05,0.0,nan,nan,nan
5068.477,1.545933e-05,0.0,nan,nan,nan
5068.561,1.546057e-05,0.0,nan,nan,nan
5068.652,1.545693e-05,0.0,nan,nan,nan
5068.759,1.545882e-05,0.0,nan,nan,nan
5068.842,1.546144e-05,0.0,nan,nan,nan
5068.925,1.545834e-05,0.0,nan,nan,nan
5069.009,1.546117e-05,0.0,nan,nan,nan
5069.092,1.546208e-05,0.0,nan,nan,nan
5069.176,1.546002e-05,0.0,nan,nan,nan
5069.26,1.546075e-05,0.0,nan,nan,nan
5069.356,1.5462e-05,0.0,nan,nan,nan
5069.44,1.546088e-05,0.0,nan,nan,nan
5069.542,1.545889e-05,0.0,nan,nan,nan
5069.626,1.545897e-05,0.0,nan,nan,nan
5069.711,1.546002e-05,0.0,nan,nan,nan
5069.794,1.54583e-05,0.0,nan,nan,nan
5069.879,1.545605e-05,0.0,nan,nan,nan
5069.963,1.545593e-05,0.0,nan,nan,nan
5070.046,1.545901e-05,0.0,nan,nan,nan
5070.136,1.545923e-05,0.0,nan,nan,nan
5070.219,1.545809e-05,0.0,nan,nan,nan
5070.303,1.545985e-05,0.0,nan,nan,nan
5070.387,1.546256e-05,0.0,nan,nan,nan
5070.47,1.545793e-05,0.0,nan,nan,nan
5070.554,1.545593e-05,0.0,nan,nan,nan
5070.638,1.545809e-05,0.0,nan,nan,nan
5070.721,1.546246e-05,0.0,nan,nan,nan
5070.819,1.545782e-05,0.0,nan,nan,nan
5070.903,1.546198e-05,0.0,nan,nan,nan
5071.014,1.545894e-05,0.0,nan,nan,nan
5071.098,1.546137e-05,0.0,nan,nan,nan
5071.211,1.545984e-05,0.0,nan,nan,nan
5071.295,1.545848e-05,0.0,nan,nan,nan
5071.378,1.54577e-05,0.0,nan,nan,nan
5071.462,1.546129e-05,0.0,nan,nan,nan
5071.545,1.546113e-05,0.0,nan,nan,nan
5071.629,1.546653e-05,0.0,nan,nan,nan
5071.713,1.54629e-05,0.0,nan,nan,nan
5071.796,1.545981e-05,0.0,nan,nan,nan
5071.88,1.546343e-05,0.0,nan,nan,nan
5071.964,1.546412e-05,0.0,nan,nan,nan
5072.049,1.54608e-05,0.0,nan,nan,nan
5072.135,1.54625e-05,0.0,nan,nan,nan
5072.218,1.545955e-05,0.0,nan,nan,nan
5072.302,1.545812e-05,0.0,nan,nan,nan
5072.431,1.545709e-05,0.0,nan,nan,nan
5072.516,1.545857e-05,0.0,nan,nan,nan
5072.621,1.545641e-05,0.0,nan,nan,nan
5072.705,1.545612e-05,0.0,nan,nan,nan
5072.79,1.545572e-05,0.0,nan,nan,nan
5072.874,1.545652e-05,0.0,nan,nan,nan
5072.957,1.545803e-05,0.0,nan,nan,nan
5073.043,1.546067e-05,0.0,nan,nan,nan
5073.126,1.545792e-05,0.0,nan,nan,nan
5073.21,1.545734e-05,0.0,nan,nan,nan
5073.294,1.546031e-05,0.0,nan,nan,nan
5073.378,1.546052e-05,0.0,nan,nan,nan
5073.468,1.545632e-05,0.0,nan,nan,nan
5073.552,1.545549e-05,0.0,nan,nan,nan
5073.637,1.545506e-05,0.0,nan,nan,nan
5073.721,1.545804e-05,0.0,nan,nan,nan
5073.806,1.545891e-05,0.0,nan,nan,nan
5073.889,1.545447e-05,0.0,nan,nan,nan
5073.973,1.545859e-05,0.0,nan,nan,nan
5074.062,1.545455e-05,0.0,nan,nan,nan
5074.146,1.545674e-05,0.0,nan,nan,nan
5074.229,1.54567e-05,0.0,nan,nan,nan
5074.313,1.545826e-05,0.0,nan,nan,nan
5074.402,1.545653e-05,0.0,nan,nan,nan
5074.508,1.545945e-05,0.0,nan,nan,nan
5074.592,1.545855e-05,0.0,nan,nan,nan
5074.678,1.545655e-05,0.0,nan,nan,nan
5074.762,1.545446e-05,0.0,nan,nan,nan
5074.859,1.545941e-05,0.0,nan,nan,nan
5074.943,1.545379e-05,0.0,nan,nan,nan
5075.028,1.546219e-05,0.0,nan,nan,nan
5075.111,1.54561e-05,0.0,nan,nan,nan
5075.197,1.545946e-05,0.0,nan,nan,nan
5075.283,1.546123e-05,0.0,nan,nan,nan
5075.367,1.546344e-05,0.0,nan,nan,nan
5075.465,1.546037e-05,0.0,nan,nan,nan
5075.549,1.546366e-05,0.0,nan,nan,nan
5075.633,1.545645e-05,0.0,nan,nan,nan
5075.717,1.545742e-05,0.0,nan,nan,nan
5075.8,1.545816e-05,0.0,nan,nan,nan
5075.885,1.545971e-05,0.0,nan,nan,nan
5075.969,1.546097e-05,0.0,nan,nan,nan
5076.054,1.546209e-05,0.0,nan,nan,nan
5076.138,1.545833e-05,0.0,nan,nan,nan
5076.221,1.545897e-05,0.0,nan,nan,nan
5076.305,1.545848e-05,0.0,nan,nan,nan
5076.389,1.545951e-05,0.0,nan,nan,nan
5076.484,1.546358e-05,0.0,nan,nan,nan
5076.577,1.546343e-05,0.0,nan,nan,nan
5076.661,1.546196e-05,0.0,nan,nan,nan
5076.745,1.546223e-05,0.0,nan,nan,nan
5076.829,1.54636e-05,0.0,nan,nan,nan
5076.913,1.545869e-05,0.0,nan,nan,nan
5077.003,1.546223e-05,0.0,nan,nan,nan
5077.103,1.546523e-05,0.0,nan,nan,nan
5077.187,1.546128e-05,0.0,nan,nan,nan
5077.27,1.546296e-05,0.0,nan,nan,nan
5077.354,1.546734e-05,0.0,nan,nan,nan
5077.437,1.546037e-05,0.0,nan,nan,nan
5077.526,1.5459e-05,0.0,nan,nan,nan
5077.61,1.545923e-05,0.0,nan,nan,nan
5077.706,1.545569e-05,0.0,nan,nan,nan
5077.79,1.545618e-05,0.0,nan,nan,nan
5077.877,1.545573e-05,0.0,nan,nan,nan
5077.961,1.545655e-05,0.0,nan,nan,nan
5078.045,1.545607e-05,0.0,nan,nan,nan
5078.13,1.545968e-05,0.0,nan,nan,nan
5078.219,1.545675e-05,0.0,nan,nan,nan
5078.307,1.545824e-05,0.0,nan,nan,nan
5078.39,1.546658e-05,0.0,nan,nan,nan
5078.474,1.546056e-05,0.0,nan,nan,nan
5078.557,1.545924e-05,0.0,nan,nan,nan
5078.643,1.545843e-05,0.0,nan,nan,nan
5078.747,1.545921e-05,0.0,nan,nan,nan
5078.833,1.546347e-05,0.0,nan,nan,nan
5078.934,1.545931e-05,0.0,nan,nan,nan
5079.017,1.546109e-05,0.0,nan,nan,nan
5079.101,1.546363e-05,0.0,nan,nan,nan
5079.185,1.54639e-05,0.0,nan,nan,nan
5079.268,1.545992e-05,0.0,nan,nan,nan
5079.352,1.54594e-05,0.0,nan,nan,nan
5079.436,1.545908e-05,0.0,nan,nan,nan
5079.538,1.545962e-05,0.0,nan,nan,nan
5079.622,1.545856e-05,0.0,nan,nan,nan
5079.706,1.545973e-05,0.0,nan,nan,nan
5079.79,1.545913e-05,0.0,nan,nan,nan
5079.874,1.545953e-05,0.0,nan,nan,nan
5079.959,1.546071e-05,0.0,nan,nan,nan
5080.049,1.546214e-05,0.0,nan,nan,nan
5080.148,1.545943e-05,0.0,nan,nan,nan
5080.231,1.546131e-05,0.0,nan,nan,nan
5080.315,1.545972e-05,0.0,nan,nan,nan
5080.399,1.54624e-05,0.0,nan,nan,nan
5080.483,1.546305e-05,0.0,nan,nan,nan
5080.569,1.546176e-05,0.0,nan,nan,nan
5080.678,1.546467e-05,0.0,nan,nan,nan
5080.761,1.54621e-05,0.0,nan,nan,nan
5080.845,1.54591e-05,0.0,nan,nan,nan
5080.947,1.54621e-05,0.0,nan,nan,nan
5081.031,1.5461e-05,0.0,nan,nan,nan
5081.116,1.54614e-05,0.0,nan,nan,nan
5081.199,1.546471e-05,0.0,nan,nan,nan
5081.283,1.545883e-05,0.0,nan,nan,nan
5081.38,1.545942e-05,0.0,nan,nan,nan
5081.47,1.545755e-05,0.0,nan,nan,nan
5081.566,1.546524e-05,0.0,nan,nan,nan
5081.65,1.54602e-05,0.0,nan,nan,nan
5081.734,1.546217e-05,0.0,nan,nan,nan
5081.818,1.54609e-05,0.0,nan,nan,nan
5081.902,1.545721e-05,0.0,nan,nan,nan
5081.999,1.546197e-05,0.0,nan,nan,nan
5082.089,1.546192e-05,0.0,nan,nan,nan
5082.172,1.545843e-05,0.0,nan,nan,nan
5082.256,1.546276e-05,0.0,nan,nan,nan
5082.34,1.545692e-05,0.0,nan,nan,nan
5082.424,1.545785e-05,0.0,nan,nan,nan
5082.508,1.545899e-05,0.0,nan,nan,nan
5082.593,1.545651e-05,0.0,nan,nan,nan
5082.677,1.546098e-05,0.0,nan,nan,nan
5082.779,1.546057e-05,0.0,nan,nan,nan
5082.862,1.545822e-05,0.0,nan,nan,nan
5082.946,1.545934e-05,0.0,nan,nan,nan
5083.03,1.545995e-05,0.0,nan,nan,nan
5083.12,1.546041e-05,0.0,nan,nan,nan
5083.223,1.546185e-05,0.0,nan,nan,nan
5083.307,1.545979e-05,0.0,nan,nan,nan
5083.391,1.546123e-05,0.0,nan,nan,nan
5083.474,1.545966e-05,0.0,nan,nan,nan
5083.558,1.545677e-05,0.0,nan,nan,nan
5083.642,1.546235e-05,0.0,nan,nan,nan
5083.725,1.54621e-05,0.0,nan,nan,nan
5083.821,1.545783e-05,0.0,nan,nan,nan
5083.905,1.546732e-05,0.0,nan,nan,nan
5083.988,1.546198e-05,0.0,nan,nan,nan
5084.072,1.545757e-05,0.0,nan,nan,nan
5084.155,1.545959e-05,0.0,nan,nan,nan
5084.239,1.545875e-05,0.0,nan,nan,nan
5084.323,1.545398e-05,0.0,nan,nan,nan
5084.425,1.545625e-05,0.0,nan,nan,nan
5084.509,1.545934e-05,0.0,nan,nan,nan
5084.592,1.546359e-05,0.0,nan,nan,nan
5084.676,1.54564e-05,0.0,nan,nan,nan
5084.76,1.545939e-05,0.0,nan,nan,nan
5084.847,1.545732e-05,0.0,nan,nan,nan
5084.931,1.545386e-05,0.0,nan,nan,nan
5085.014,1.545644e-05,0.0,nan,nan,nan
5085.098,1.545523e-05,0.0,nan,nan,nan
5085.181,1.545927e-05,0.0,nan,nan,nan
5085.271,1.545899e-05,0.0,nan,nan,nan
5085.354,1.546024e-05,0.0,nan,nan,nan
5085.442,1.54622e-05,0.0,nan,nan,nan
5085.526,1.54636e-05,0.0,nan,nan,nan
5085.61,1.546333e-05,0.0,nan,nan,nan
5085.693,1.546508e-05,0.0,nan,nan,nan
5085.777,1.546212e-05,0.0,nan,nan,nan
5085.861,1.545942e-05,0.0,nan,nan,nan
5085.945,1.545945e-05,0.0,nan,nan,nan
5086.032,1.546033e-05,0.0,nan,nan,nan
5086.116,1.546122e-05,0.0,nan,nan,nan
5086.202,1.546111e-05,0.0,nan,nan,nan
5086.311,1.54596e-05,0.0,nan,nan,nan
5086.395,1.546239e-05,0.0,nan,nan,nan
5086.478,1.545967e-05,0.0,nan,nan,nan
5086.562,1.545549e-05,0.0,nan,nan,nan
5086.645,1.545826e-05,0.0,nan,nan,nan
5086.73,1.546069e-05,0.0,nan,nan,nan
5086.818,1.545814e-05,0.0,nan,nan,nan
5086.927,1.545899e-05,0.0,nan,nan,nan
5087.011,1.546191e-05,0.0,nan,nan,nan
5087.12,1.545823e-05,0.0,nan,nan,nan
5087.204,1.545754e-05,0.0,nan,nan,nan
5087.287,1.545836e-05,0.0,nan,nan,nan
5087.371,1.546099e-05,0.0,nan,nan,nan
5087.454,1.54593e-05,0.0,nan,nan,nan
5087.545,1.546248e-05,0.0,nan,nan,nan
5087.629,1.545801e-05,0.0,nan,nan,nan
5087.712,1.545891e-05,0.0,nan,nan,nan
5087.796,1.545291e-05,0.0,nan,nan,nan
5087.881,1.545594e-05,0.0,nan,nan,nan
5087.972,1.545631e-05,0.0,nan,nan,nan
5088.055,1.545843e-05,0.0,nan,nan,nan
5088.139,1.545985e-05,0.0,nan,nan,nan
5088.223,1.546e-05,0.0,nan,nan,nan
5088.311,1.545878e-05,0.0,nan,nan,nan
5088.395,1.546018e-05,0.0,nan,nan,nan
5088.478,1.546026e-05,0.0,nan,nan,nan
5088.565,1.546196e-05,0.0,nan,nan,nan
5088.648,1.545976e-05,0.0,nan,nan,nan
5088.732,1.546054e-05,0.0,nan,nan,nan
5088.816,1.546134e-05,0.0,nan,nan,nan
5088.907,1.546238e-05,0.0,nan,nan,nan
5088.999,1.545827e-05,0.0,nan,nan,nan
5089.082,1.545635e-05,0.0,nan,nan,nan
5089.187,1.546033e-05,0.0,nan,nan,nan
5089.27,1.545923e-05,0.0,nan,nan,nan
5089.354,1.546257e-05,0.0,nan,nan,nan
5089.463,1.54595e-05,0.0,nan,nan,nan
5089.551,1.546102e-05,0.0,nan,nan,nan
5089.635,1.545754e-05,0.0,nan,nan,nan
5089.718,1.545958e-05,0.0,nan,nan,nan
5089.802,1.54617e-05,0.0,nan,nan,nan
5089.886,1.545682e-05,0.0,nan,nan,nan
5089.971,1.546049e-05,0.0,nan,nan,nan
5090.054,1.545896e-05,0.0,nan,nan,nan
5090.138,1.545734e-05,0.0,nan,nan,nan
5090.232,1.545862e-05,0.0,nan,nan,nan
5090.318,1.545802e-05,0.0,nan,nan,nan
5090.403,1.545953e-05,0.0,nan,nan,nan
5090.486,1.545842e-05,0.0,nan,nan,nan
5090.57,1.546025e-05,0.0,nan,nan,nan
5090.653,1.54568e-05,0.0,nan,nan,nan
5090.74,1.546359e-05,0.0,nan,nan,nan
5090.827,1.545768e-05,0.0,nan,nan,nan
5090.911,1.545771e-05,0.0,nan,nan,nan
5090.995,1.546317e-05,0.0,nan,nan,nan
5091.093,1.54604e-05,0.0,nan,nan,nan
5091.176,1.546068e-05,0.0,nan,nan,nan
5091.26,1.546073e-05,0.0,nan,nan,nan
5091.344,1.545991e-05,0.0,nan,nan,nan
5091.428,1.546043e-05,0.0,nan,nan,nan
5091.513,1.546051e-05,0.0,nan,nan,nan
5091.596,1.545972e-05,0.0,nan,nan,nan
5091.68,1.545962e-05,0.0,nan,nan,nan
5091.764,1.545821e-05,0.0,nan,nan,nan
5091.847,1.546196e-05,0.0,nan,nan,nan
5091.934,1.545929e-05,0.0,nan,nan,nan
5092.042,1.546137e-05,0.0,nan,nan,nan
5092.126,1.546095e-05,0.0,nan,nan,nan
5092.229,1.546516e-05,0.0,nan,nan,nan
5092.313,1.546478e-05,0.0,nan,nan,nan
5092.398,1.546006e-05,0.0,nan,nan,nan
5092.482,1.546197e-05,0.0,nan,nan,nan
5092.565,1.546353e-05,0.0,nan,nan,nan
5092.65,1.545864e-05,0.0,nan,nan,nan
5092.734,1.545955e-05,0.0,nan,nan,nan
5092.833,1.545755e-05,0.0,nan,nan,nan
5092.916,1.545862e-05,0.0,nan,nan,nan
5093.0,1.545671e-05,0.0,nan,nan,nan
5093.084,1.545971e-05,0.0,nan,nan,nan
5093.168,1.545803e-05,0.0,nan,nan,nan
5093.253,1.545784e-05,0.0,nan,nan,nan
5093.337,1.545974e-05,0.0,nan,nan,nan
5093.436,1.546044e-05,0.0,nan,nan,nan
5093.52,1.545945e-05,0.0,nan,nan,nan
5093.603,1.546451e-05,0.0,nan,nan,nan
5093.687,1.545999e-05,0.0,nan,nan,nan
5093.771,1.545819e-05,0.0,nan,nan,nan
5093.866,1.546235e-05,0.0,nan,nan,nan
5093.95,1.546112e-05,0.0,nan,nan,nan
5094.033,1.546206e-05,0.0,nan,nan,nan
5094.118,1.545956e-05,0.0,nan,nan,nan
5094.203,1.546386e-05,0.0,nan,nan,nan
5094.286,1.546007e-05,0.0,nan,nan,nan
5094.371,1.545668e-05,0.0,nan,nan,nan
5094.46,1.545213e-05,0.0,nan,nan,nan
5094.544,1.545424e-05,0.0,nan,nan,nan
5094.628,1.545898e-05,0.0,nan,nan,nan
5094.711,1.546044e-05,0.0,nan,nan,nan
5094.795,1.545816e-05,0.0,nan,nan,nan
5094.883,1.546328e-05,0.0,nan,nan,nan
5094.97,1.545805e-05,0.0,nan,nan,nan
5095.077,1.546097e-05,0.0,nan,nan,nan
5095.177,1.545973e-05,0.0,nan,nan,nan
5095.261,1.545959e-05,0.0,nan,nan,nan
5095.344,1.546125e-05,0.0,nan,nan,nan
5095.428,1.546331e-05,0.0,nan,nan,nan
5095.512,1.545804e-05,0.0,nan,nan,nan
5095.598,1.545737e-05,0.0,nan,nan,nan
5095.695,1.546261e-05,0.0,nan,nan,nan
5095.779,1.545982e-05,0.0,nan,nan,nan
5095.879,1.545763e-05,0.0,nan,nan,nan
5095.963,1.546113e-05,0.0,nan,nan,nan
5096.046,1.546054e-05,0.0,nan,nan,nan
5096.13,1.545835e-05,0.0,nan,nan,nan
5096.213,1.546022e-05,0.0,nan,nan,nan
5096.302,1.546217e-05,0.0,nan,nan,nan
5096.386,1.545985e-05,0.0,nan,nan,nan
5096.472,1.545573e-05,0.0,nan,nan,nan
5096.556,1.545755e-05,0.0,nan,nan,nan
5096.639,1.545949e-05,0.0,nan,nan,nan
5096.723,1.546388e-05,0.0,nan,nan,nan
5096.807,1.546184e-05,0.0,nan,nan,nan
5096.903,1.546239e-05,0.0,nan,nan,nan
5096.987,1.545691e-05,0.0,nan,nan,nan
5097.071,1.546194e-05,0.0,nan,nan,nan
5097.154,1.545977e-05,0.0,nan,nan,nan
5097.245,1.546473e-05,0.0,nan,nan,nan
5097.329,1.546136e-05,0.0,nan,nan,nan
5097.412,1.546394e-05,0.0,nan,nan,nan
5097.519,1.546172e-05,0.0,nan,nan,nan
5097.603,1.546302e-05,0.0,nan,nan,nan
5097.688,1.545972e-05,0.0,nan,nan,nan
5097.772,1.546028e-05,0.0,nan,nan,nan
5097.856,1.546176e-05,0.0,nan,nan,nan
5097.94,1.545796e-05,0.0,nan,nan,nan
5098.023,1.54595e-05,0.0,nan,nan,nan
5098.123,1.545705e-05,0.0,nan,nan,nan
5098.207,1.546008e-05,0.0,nan,nan,nan
5098.31,1.546149e-05,0.0,nan,nan,nan
5098.394,1.545668e-05,0.0,nan,nan,nan
5098.477,1.545496e-05,0.0,nan,nan,nan
5098.563,1.54597e-05,0.0,nan,nan,nan
5098.653,1.545796e-05,0.0,nan,nan,nan
5098.753,1.546231e-05,0.0,nan,nan,nan
5098.837,1.545883e-05,0.0,nan,nan,nan
5098.921,1.546072e-05,0.0,nan,nan,nan
5099.004,1.546293e-05,0.0,nan,nan,nan
5099.088,1.545977e-05,0.0,nan,nan,nan
5099.172,1.545625e-05,0.0,nan,nan,nan
5099.255,1.545629e-05,0.0,nan,nan,nan
5099.351,1.54648e-05,0.0,nan,nan,nan
5099.436,1.54547e-05,0.0,nan,nan,nan
5099.519,1.545641e-05,0.0,nan,nan,nan
5099.603,1.545886e-05,0.0,nan,nan,nan
5099.687,1.545709e-05,0.0,nan,nan,nan
5099.774,1.545795e-05,0.0,nan,nan,nan
5099.858,1.546007e-05,0.0,nan,nan,nan
5099.945,1.546067e-05,0.0,nan,nan,nan
5100.028,1.545922e-05,0.0,nan,nan,nan
5100.112,1.545768e-05,0.0,nan,nan,nan
5100.196,1.545554e-05,0.0,nan,nan,nan
5100.281,1.545735e-05,0.0,nan,nan,nan
5100.373,1.545969e-05,0.0,nan,nan,nan
5100.456,1.54593e-05,0.0,nan,nan,nan
5100.552,1.546084e-05,0.0,nan,nan,nan
5100.636,1.545785e-05,0.0,nan,nan,nan
5100.719,1.545788e-05,0.0,nan,nan,nan
5100.803,1.545996e-05,0.0,nan,nan,nan
5100.887,1.546048e-05,0.0,nan,nan,nan
5100.97,1.545742e-05,0.0,nan,nan,nan
5101.054,1.546352e-05,0.0,nan,nan,nan
5101.138,1.54581e-05,0.0,nan,nan,nan
5101.222,1.546239e-05,0.0,nan,nan,nan
5101.305,1.545971e-05,0.0,nan,nan,nan
5101.411,1.545896e-05,0.0,nan,nan,nan
5101.497,1.545704e-05,0.0,nan,nan,nan
5101.593,1.545918e-05,0.0,nan,nan,nan
5101.677,1.545965e-05,0.0,nan,nan,nan
5101.76,1.545724e-05,0.0,nan,nan,nan
5101.844,1.545427e-05,0.0,nan,nan,nan
5101.928,1.545881e-05,0.0,nan,nan,nan
5102.025,1.54567e-05,0.0,nan,nan,nan
5102.109,1.545571e-05,0.0,nan,nan,nan
5102.216,1.545698e-05,0.0,nan,nan,nan
5102.299,1.545451e-05,0.0,nan,nan,nan
5102.407,1.54571e-05,0.0,nan,nan,nan
5102.491,1.546447e-05,0.0,nan,nan,nan
5102.575,1.546131e-05,0.0,nan,nan,nan
5102.659,1.546419e-05,0.0,nan,nan,nan
5102.742,1.546113e-05,0.0,nan,nan,nan
5102.826,1.546135e-05,0.0,nan,nan,nan
5102.909,1.546339e-05,0.0,nan,nan,nan
5103.006,1.54626e-05,0.0,nan,nan,nan
5103.09,1.545956e-05,0.0,nan,nan,nan
5103.173,1.546134e-05,0.0,nan,nan,nan
5103.257,1.545769e-05,0.0,nan,nan,nan
5103.341,1.545805e-05,0.0,nan,nan,nan
5103.456,1.545973e-05,0.0,nan,nan,nan
5103.54,1.545946e-05,0.0,nan,nan,nan
5103.629,1.546073e-05,0.0,nan,nan,nan
5103.713,1.545712e-05,0.0,nan,nan,nan
5103.796,1.545558e-05,0.0,nan,nan,nan
5103.88,1.545596e-05,0.0,nan,nan,nan
5103.965,1.545632e-05,0.0,nan,nan,nan
5104.061,1.546185e-05,0.0,nan,nan,nan
5104.145,1.545928e-05,0.0,nan,nan,nan
5104.245,1.545956e-05,0.0,nan,nan,nan
5104.329,1.546026e-05,0.0,nan,nan,nan
5104.413,1.54578e-05,0.0,nan,nan,nan
5104.496,1.54595e-05,0.0,nan,nan,nan
5104.582,1.545992e-05,0.0,nan,nan,nan
5104.666,1.545976e-05,0.0,nan,nan,nan
5104.752,1.546257e-05,0.0,nan,nan,nan
5104.836,1.545961e-05,0.0,nan,nan,nan
5104.92,1.54609e-05,0.0,nan,nan,nan
5105.003,1.545711e-05,0.0,nan,nan,nan
5105.087,1.545222e-05,0.0,nan,nan,nan
5105.17,1.546074e-05,0.0,nan,nan,nan
5105.279,1.546091e-05,0.0,nan,nan,nan
5105.368,1.54584e-05,0.0,nan,nan,nan
5105.451,1.546041e-05,0.0,nan,nan,nan
5105.57,1.545617e-05,0.0,nan,nan,nan
5105.662,1.546188e-05,0.0,nan,nan,nan
5105.746,1.546128e-05,0.0,nan,nan,nan
5105.829,1.545909e-05,0.0,nan,nan,nan
5105.913,1.54579e-05,0.0,nan,nan,nan
5105.996,1.545774e-05,0.0,nan,nan,nan
5106.083,1.54592e-05,0.0,nan,nan,nan
5106.167,1.546017e-05,0.0,nan,nan,nan
5106.252,1.546121e-05,0.0,nan,nan,nan
5106.335,1.546018e-05,0.0,nan,nan,nan
5106.419,1.546121e-05,0.0,nan,nan,nan
5106.503,1.546225e-05,0.0,nan,nan,nan
5106.586,1.545962e-05,0.0,nan,nan,nan
5106.69,1.545998e-05,0.0,nan,nan,nan
5106.774,1.545808e-05,0.0,nan,nan,nan
5106.858,1.546013e-05,0.0,nan,nan,nan
5106.941,1.545982e-05,0.0,nan,nan,nan
5107.025,1.546024e-05,0.0,nan,nan,nan
5107.109,1.545616e-05,0.0,nan,nan,nan
5107.192,1.545528e-05,0.0,nan,nan,nan
5107.276,1.546182e-05,0.0,nan,nan,nan
5107.36,1.545793e-05,0.0,nan,nan,nan
5107.444,1.545921e-05,0.0,nan,nan,nan
5107.528,1.545869e-05,0.0,nan,nan,nan
5107.646,1.545728e-05,0.0,nan,nan,nan
5107.748,1.54585e-05,0.0,nan,nan,nan
5107.832,1.545682e-05,0.0,nan,nan,nan
5107.916,1.545943e-05,0.0,nan,nan,nan
5108.004,1.545556e-05,0.0,nan,nan,nan
5108.113,1.545779e-05,0.0,nan,nan,nan
5108.196,1.545802e-05,0.0,nan,nan,nan
5108.28,1.545607e-05,0.0,nan,nan,nan
5108.364,1.545887e-05,0.0,nan,nan,nan
5108.449,1.545707e-05,0.0,nan,nan,nan
5108.536,1.546053e-05,0.0,nan,nan,nan
5108.619,1.545624e-05,0.0,nan,nan,nan
5108.703,1.545871e-05,0.0,nan,nan,nan
5108.786,1.545943e-05,0.0,nan,nan,nan
5108.87,1.54575e-05,0.0,nan,nan,nan
5108.954,1.545533e-05,0.0,nan,nan,nan
5109.037,1.545455e-05,0.0,nan,nan,nan
5109.134,1.545748e-05,0.0,nan,nan,nan
5109.219,1.545585e-05,0.0,nan,nan,nan
5109.303,1.54565e-05,0.0,nan,nan,nan
5109.387,1.545705e-05,0.0,nan,nan,nan
5109.472,1.545578e-05,0.0,nan,nan,nan
5109.556,1.545591e-05,0.0,nan,nan,nan
5109.64,1.545278e-05,0.0,nan,nan,nan
5109.725,1.545588e-05,0.0,nan,nan,nan
5109.818,1.545641e-05,0.0,nan,nan,nan
5109.901,1.545569e-05,0.0,nan,nan,nan
5109.985,1.545941e-05,0.0,nan,nan,nan
5110.074,1.545393e-05,0.0,nan,nan,nan
5110.157,1.545975e-05,0.0,nan,nan,nan
5110.241,1.545822e-05,0.0,nan,nan,nan
5110.34,1.545799e-05,0.0,nan,nan,nan
5110.424,1.545415e-05,0.0,nan,nan,nan
5110.507,1.545717e-05,0.0,nan,nan,nan
5110.591,1.545789e-05,0.0,nan,nan,nan
5110.675,1.545541e-05,0.0,nan,nan,nan
5110.759,1.545572e-05,0.0,nan,nan,nan
5110.842,1.545758e-05,0.0,nan,nan,nan
5110.943,1.545519e-05,0.0,nan,nan,nan
5111.027,1.545914e-05,0.0,nan,nan,nan
5111.112,1.545594e-05,0.0,nan,nan,nan
5111.196,1.54582e-05,0.0,nan,nan,nan
5111.279,1.545801e-05,0.0,nan,nan,nan
5111.368,1.546121e-05,0.0,nan,nan,nan
5111.453,1.545738e-05,0.0,nan,nan,nan
5111.539,1.545188e-05,0.0,nan,nan,nan
5111.623,1.545401e-05,0.0,nan,nan,nan
5111.707,1.545478e-05,0.0,nan,nan,nan
5111.793,1.545768e-05,0.0,nan,nan,nan
5111.878,1.54544e-05,0.0,nan,nan,nan
5111.964,1.546105e-05,0.0,nan,nan,nan
5112.048,1.545962e-05,0.0,nan,nan,nan
5112.132,1.545685e-05,0.0,nan,nan,nan
5112.215,1.545559e-05,0.0,nan,nan,nan
5112.299,1.545858e-05,0.0,nan,nan,nan
5112.383,1.545873e-05,0.0,nan,nan,nan
5112.466,1.5454e-05,0.0,nan,nan,nan
5112.566,1.545383e-05,0.0,nan,nan,nan
5112.649,1.545442e-05,0.0,nan,nan,nan
5112.733,1.545973e-05,0.0,nan,nan,nan
5112.817,1.545648e-05,0.0,nan,nan,nan
5112.9,1.545939e-05,0.0,nan,nan,nan
5112.988,1.545981e-05,0.0,nan,nan,nan
5113.071,1.545079e-05,0.0,nan,nan,nan
5113.176,1.545603e-05,0.0,nan,nan,nan
5113.259,1.54579e-05,0.0,nan,nan,nan
5113.343,1.545744e-05,0.0,nan,nan,nan
5113.427,1.545624e-05,0.0,nan,nan,nan
5113.51,1.54529e-05,0.0,nan,nan,nan
5113.597,1.545828e-05,0.0,nan,nan,nan
5113.68,1.545534e-05,0.0,nan,nan,nan
5113.764,1.545757e-05,0.0,nan,nan,nan
5113.852,1.545337e-05,0.0,nan,nan,nan
5113.936,1.545401e-05,0.0,nan,nan,nan
5114.02,1.545479e-05,0.0,nan,nan,nan
5114.103,1.545712e-05,0.0,nan,nan,nan
5114.187,1.545586e-05,0.0,nan,nan,nan
5114.27,1.545871e-05,0.0,nan,nan,nan
5114.354,1.545655e-05,0.0,nan,nan,nan
5114.437,1.545405e-05,0.0,nan,nan,nan
5114.521,1.545493e-05,0.0,nan,nan,nan
5114.619,1.545849e-05,0.0,nan,nan,nan
5114.703,1.545501e-05,0.0,nan,nan,nan
5114.79,1.545274e-05,0.0,nan,nan,nan
5114.874,1.5461e-05,0.0,nan,nan,nan
5114.958,1.54571e-05,0.0,nan,nan,nan
5115.043,1.545912e-05,0.0,nan,nan,nan
5115.127,1.545667e-05,0.0,nan,nan,nan
5115.228,1.545857e-05,0.0,nan,nan,nan
5115.312,1.54562e-05,0.0,nan,nan,nan
5115.397,1.545493e-05,0.0,nan,nan,nan
5115.481,1.545517e-05,0.0,nan,nan,nan
5115.57,1.545505e-05,0.0,nan,nan,nan
5115.653,1.545875e-05,0.0,nan,nan,nan
5115.737,1.545679e-05,0.0,nan,nan,nan
5115.837,1.545858e-05,0.0,nan,nan,nan
5115.92,1.54549e-05,0.0,nan,nan,nan
5116.004,1.545993e-05,0.0,nan,nan,nan
5116.088,1.545863e-05,0.0,nan,nan,nan
5116.172,1.545947e-05,0.0,nan,nan,nan
5116.262,1.5457e-05,0.0,nan,nan,nan
5116.352,1.545923e-05,0.0,nan,nan,nan
5116.448,1.546015e-05,0.0,nan,nan,nan
5116.532,1.545706e-05,0.0,nan,nan,nan
5116.619,1.545849e-05,0.0,nan,nan,nan
5116.703,1.545975e-05,0.0,nan,nan,nan
5116.787,1.545993e-05,0.0,nan,nan,nan
5116.871,1.546036e-05,0.0,nan,nan,nan
5116.955,1.545901e-05,0.0,nan,nan,nan
5117.056,1.545862e-05,0.0,nan,nan,nan
5117.139,1.545822e-05,0.0,nan,nan,nan
5117.224,1.545833e-05,0.0,nan,nan,nan
5117.308,1.545897e-05,0.0,nan,nan,nan
5117.392,1.545905e-05,0.0,nan,nan,nan
5117.479,1.545893e-05,0.0,nan,nan,nan
5117.563,1.545522e-05,0.0,nan,nan,nan
5117.649,1.545697e-05,0.0,nan,nan,nan
5117.732,1.545975e-05,0.0,nan,nan,nan
5117.816,1.545337e-05,0.0,nan,nan,nan
5117.9,1.545556e-05,0.0,nan,nan,nan
5117.994,1.545735e-05,0.0,nan,nan,nan
5118.078,1.545514e-05,0.0,nan,nan,nan
5118.161,1.545607e-05,0.0,nan,nan,nan
5118.246,1.545549e-05,0.0,nan,nan,nan
5118.33,1.546011e-05,0.0,nan,nan,nan
5118.414,1.545945e-05,0.0,nan,nan,nan
5118.498,1.546022e-05,0.0,nan,nan,nan
5118.581,1.545527e-05,0.0,nan,nan,nan
5118.688,1.545628e-05,0.0,nan,nan,nan
5118.772,1.545894e-05,0.0,nan,nan,nan
5118.855,1.545923e-05,0.0,nan,nan,nan
5118.939,1.545938e-05,0.0,nan,nan,nan
5119.023,1.546015e-05,0.0,nan,nan,nan
5119.106,1.545799e-05,0.0,nan,nan,nan
5119.19,1.545914e-05,0.0,nan,nan,nan
5119.273,1.545688e-05,0.0,nan,nan,nan
5119.357,1.546014e-05,0.0,nan,nan,nan
5119.441,1.545717e-05,0.0,nan,nan,nan
5119.525,1.545782e-05,0.0,nan,nan,nan
5119.608,1.545886e-05,0.0,nan,nan,nan
5119.692,1.545942e-05,0.0,nan,nan,nan
5119.775,1.545512e-05,0.0,nan,nan,nan
5119.859,1.546098e-05,0.0,nan,nan,nan
5119.943,1.545437e-05,0.0,nan,nan,nan
5120.043,1.545746e-05,0.0,nan,nan,nan
5120.128,1.545654e-05,0.0,nan,nan,nan
5120.214,1.545358e-05,0.0,nan,nan,nan
5120.306,1.545475e-05,0.0,nan,nan,nan
5120.39,1.545512e-05,0.0,nan,nan,nan
5120.474,1.545785e-05,0.0,nan,nan,nan
5120.558,1.54576e-05,0.0,nan,nan,nan
5120.641,1.545947e-05,0.0,nan,nan,nan
5120.737,1.545527e-05,0.0,nan,nan,nan
5120.821,1.545988e-05,0.0,nan,nan,nan
5120.904,1.545903e-05,0.0,nan,nan,nan
5120.988,1.546085e-05,0.0,nan,nan,nan
5121.072,1.545643e-05,0.0,nan,nan,nan
5121.155,1.545755e-05,0.0,nan,nan,nan
5121.239,1.545679e-05,0.0,nan,nan,nan
5121.346,1.545881e-05,0.0,nan,nan,nan
5121.435,1.545684e-05,0.0,nan,nan,nan
5121.534,1.545873e-05,0.0,nan,nan,nan
5121.618,1.546022e-05,0.0,nan,nan,nan
5121.716,1.545496e-05,0.0,nan,nan,nan
5121.799,1.545658e-05,0.0,nan,nan,nan
5121.887,1.545879e-05,0.0,nan,nan,nan
5121.971,1.54558e-05,0.0,nan,nan,nan
5122.054,1.545752e-05,0.0,nan,nan,nan
5122.138,1.54555e-05,0.0,nan,nan,nan
5122.222,1.545836e-05,0.0,nan,nan,nan
5122.316,1.545739e-05,0.0,nan,nan,nan
5122.399,1.545702e-05,0.0,nan,nan,nan
5122.483,1.546067e-05,0.0,nan,nan,nan
5122.566,1.545753e-05,0.0,nan,nan,nan
5122.652,1.545523e-05,0.0,nan,nan,nan
5122.737,1.54568e-05,0.0,nan,nan,nan
5122.821,1.54567e-05,0.0,nan,nan,nan
5122.905,1.545388e-05,0.0,nan,nan,nan
5122.988,1.545308e-05,0.0,nan,nan,nan
5123.072,1.545091e-05,0.0,nan,nan,nan
5123.164,1.545753e-05,0.0,nan,nan,nan
5123.253,1.545498e-05,0.0,nan,nan,nan
5123.336,1.545362e-05,0.0,nan,nan,nan
5123.42,1.545684e-05,0.0,nan,nan,nan
5123.506,1.5463e-05,0.0,nan,nan,nan
5123.59,1.545551e-05,0.0,nan,nan,nan
5123.673,1.545416e-05,0.0,nan,nan,nan
5123.771,1.545863e-05,0.0,nan,nan,nan
5123.855,1.545993e-05,0.0,nan,nan,nan
5123.938,1.545692e-05,0.0,nan,nan,nan
5124.022,1.545909e-05,0.0,nan,nan,nan
5124.106,1.545547e-05,0.0,nan,nan,nan
5124.197,1.545611e-05,0.0,nan,nan,nan
5124.28,1.545653e-05,0.0,nan,nan,nan
5124.365,1.545894e-05,0.0,nan,nan,nan
5124.449,1.545678e-05,0.0,nan,nan,nan
5124.532,1.545603e-05,0.0,nan,nan,nan
5124.617,1.54553e-05,0.0,nan,nan,nan
5124.7,1.54526e-05,0.0,nan,nan,nan
5124.786,1.545596e-05,0.0,nan,nan,nan
5124.869,1.545732e-05,0.0,nan,nan,nan
5124.953,1.545449e-05,0.0,nan,nan,nan
5125.037,1.545496e-05,0.0,nan,nan,nan
5125.121,1.545624e-05,0.0,nan,nan,nan
5125.205,1.54587e-05,0.0,nan,nan,nan
5125.288,1.545192e-05,0.0,nan,nan,nan
5125.397,1.545804e-05,0.0,nan,nan,nan
5125.486,1.546184e-05,0.0,nan,nan,nan
5125.569,1.545722e-05,0.0,nan,nan,nan
5125.653,1.545935e-05,0.0,nan,nan,nan
5125.737,1.546051e-05,0.0,nan,nan,nan
5125.827,1.545499e-05,0.0,nan,nan,nan
5125.911,1.545585e-05,0.0,nan,nan,nan
5126.017,1.545254e-05,0.0,nan,nan,nan
5126.1,1.545878e-05,0.0,nan,nan,nan
5126.228,1.545778e-05,0.0,nan,nan,nan
5126.312,1.545496e-05,0.0,nan,nan,nan
5126.405,1.545583e-05,0.0,nan,nan,nan
5126.488,1.545565e-05,0.0,nan,nan,nan
5126.576,1.545201e-05,0.0,nan,nan,nan
5126.66,1.545582e-05,0.0,nan,nan,nan
5126.744,1.545975e-05,0.0,nan,nan,nan
5126.831,1.545525e-05,0.0,nan,nan,nan
5126.915,1.54581e-05,0.0,nan,nan,nan
5126.999,1.545303e-05,0.0,nan,nan,nan
5127.083,1.545732e-05,0.0,nan,nan,nan
5127.168,1.545451e-05,0.0,nan,nan,nan
5127.272,1.545664e-05,0.0,nan,nan,nan
5127.356,1.545539e-05,0.0,nan,nan,nan
5127.464,1.545548e-05,0.0,nan,nan,nan
5127.552,1.545742e-05,0.0,nan,nan,nan
5127.653,1.546342e-05,0.0,nan,nan,nan
5127.736,1.545846e-05,0.0,nan,nan,nan
5127.82,1.545787e-05,0.0,nan,nan,nan
5127.904,1.545939e-05,0.0,nan,nan,nan
5127.987,1.545887e-05,0.0,nan,nan,nan
5128.071,1.545528e-05,0.0,nan,nan,nan
5128.155,1.545295e-05,0.0,nan,nan,nan
5128.238,1.546042e-05,0.0,nan,nan,nan
5128.327,1.545615e-05,0.0,nan,nan,nan
5128.411,1.545596e-05,0.0,nan,nan,nan
5128.495,1.545713e-05,0.0,nan,nan,nan
5128.581,1.54589e-05,0.0,nan,nan,nan
5128.664,1.545807e-05,0.0,nan,nan,nan
5128.748,1.545904e-05,0.0,nan,nan,nan
5128.834,1.545741e-05,0.0,nan,nan,nan
5128.918,1.54584e-05,0.0,nan,nan,nan
5129.006,1.54578e-05,0.0,nan,nan,nan
5129.089,1.545596e-05,0.0,nan,nan,nan
5129.173,1.545485e-05,0.0,nan,nan,nan
5129.275,1.545494e-05,0.0,nan,nan,nan
5129.359,1.545826e-05,0.0,nan,nan,nan
5129.442,1.545784e-05,0.0,nan,nan,nan
5129.526,1.545964e-05,0.0,nan,nan,nan
5129.612,1.545893e-05,0.0,nan,nan,nan
5129.698,1.545594e-05,0.0,nan,nan,nan
5129.786,1.545819e-05,0.0,nan,nan,nan
5129.87,1.545599e-05,0.0,nan,nan,nan
5129.954,1.54547e-05,0.0,nan,nan,nan
5130.038,1.545466e-05,0.0,nan,nan,nan
5130.121,1.54584e-05,0.0,nan,nan,nan
5130.205,1.545652e-05,0.0,nan,nan,nan
5130.306,1.545509e-05,0.0,nan,nan,nan
5130.389,1.545492e-05,0.0,nan,nan,nan
5130.476,1.54524e-05,0.0,nan,nan,nan
5130.56,1.545678e-05,0.0,nan,nan,nan
5130.643,1.546069e-05,0.0,nan,nan,nan
5130.735,1.545805e-05,0.0,nan,nan,nan
5130.819,1.545588e-05,0.0,nan,nan,nan
5130.919,1.545529e-05,0.0,nan,nan,nan
5131.003,1.545729e-05,0.0,nan,nan,nan
5131.111,1.545383e-05,0.0,nan,nan,nan
5131.195,1.545297e-05,0.0,nan,nan,nan
5131.278,1.54532e-05,0.0,nan,nan,nan
5131.362,1.545563e-05,0.0,nan,nan,nan
5131.448,1.545157e-05,0.0,nan,nan,nan
5131.55,1.545312e-05,0.0,nan,nan,nan
5131.634,1.545774e-05,0.0,nan,nan,nan
5131.732,1.545946e-05,0.0,nan,nan,nan
5131.816,1.545915e-05,0.0,nan,nan,nan
5131.9,1.546089e-05,0.0,nan,nan,nan
5131.984,1.545739e-05,0.0,nan,nan,nan
5132.068,1.545848e-05,0.0,nan,nan,nan
5132.164,1.545502e-05,0.0,nan,nan,nan
5132.249,1.545404e-05,0.0,nan,nan,nan
5132.333,1.545316e-05,0.0,nan,nan,nan
5132.455,1.545752e-05,0.0,nan,nan,nan
5132.539,1.545771e-05,0.0,nan,nan,nan
5132.622,1.545716e-05,0.0,nan,nan,nan
5132.706,1.545682e-05,0.0,nan,nan,nan
5132.789,1.545796e-05,0.0,nan,nan,nan
5132.873,1.545683e-05,0.0,nan,nan,nan
5132.982,1.545577e-05,0.0,nan,nan,nan
5133.066,1.5457e-05,0.0,nan,nan,nan
5133.15,1.545814e-05,0.0,nan,nan,nan
5133.234,1.545658e-05,0.0,nan,nan,nan
5133.32,1.545604e-05,0.0,nan,nan,nan
5133.429,1.545855e-05,0.0,nan,nan,nan
5133.513,1.545815e-05,0.0,nan,nan,nan
5133.596,1.546186e-05,0.0,nan,nan,nan
5133.68,1.545853e-05,0.0,nan,nan,nan
5133.764,1.546039e-05,0.0,nan,nan,nan
5133.85,1.546037e-05,0.0,nan,nan,nan
5133.941,1.545823e-05,0.0,nan,nan,nan
5134.029,1.545909e-05,0.0,nan,nan,nan
5134.113,1.545591e-05,0.0,nan,nan,nan
5134.221,1.545765e-05,0.0,nan,nan,nan
5134.304,1.546016e-05,0.0,nan,nan,nan
5134.388,1.545858e-05,0.0,nan,nan,nan
5134.51,1.545459e-05,0.0,nan,nan,nan
5134.594,1.545523e-05,0.0,nan,nan,nan
5134.713,1.545298e-05,0.0,nan,nan,nan
5134.797,1.545524e-05,0.0,nan,nan,nan
5134.904,1.545452e-05,0.0,nan,nan,nan
5134.988,1.545686e-05,0.0,nan,nan,nan
5135.072,1.545697e-05,0.0,nan,nan,nan
5135.156,1.545998e-05,0.0,nan,nan,nan
5135.239,1.545809e-05,0.0,nan,nan,nan
5135.323,1.545945e-05,0.0,nan,nan,nan
5135.427,1.546017e-05,0.0,nan,nan,nan
5135.51,1.545965e-05,0.0,nan,nan,nan
5135.594,1.546131e-05,0.0,nan,nan,nan
5135.677,1.545756e-05,0.0,nan,nan,nan
5135.762,1.545663e-05,0.0,nan,nan,nan
5135.847,1.546228e-05,0.0,nan,nan,nan
5135.934,1.545886e-05,0.0,nan,nan,nan
5136.017,1.54526e-05,0.0,nan,nan,nan
5136.101,1.545449e-05,0.0,nan,nan,nan
5136.189,1.545375e-05,0.0,nan,nan,nan
5136.273,1.545578e-05,0.0,nan,nan,nan
5136.357,1.545566e-05,0.0,nan,nan,nan
5136.446,1.545597e-05,0.0,nan,nan,nan
5136.535,1.545638e-05,0.0,nan,nan,nan
5136.619,1.545286e-05,0.0,nan,nan,nan
5136.707,1.545416e-05,0.0,nan,nan,nan
5136.791,1.545482e-05,0.0,nan,nan,nan
5136.874,1.546329e-05,0.0,nan,nan,nan
5136.958,1.545798e-05,0.0,nan,nan,nan
5137.041,1.545671e-05,0.0,nan,nan,nan
5137.125,1.546104e-05,0.0,nan,nan,nan
5137.21,1.5451e-05,0.0,nan,nan,nan
5137.294,1.545708e-05,0.0,nan,nan,nan
5137.381,1.545464e-05,0.0,nan,nan,nan
5137.476,1.545539e-05,0.0,nan,nan,nan
5137.559,1.54535e-05,0.0,nan,nan,nan
5137.643,1.545679e-05,0.0,nan,nan,nan
5137.726,1.545445e-05,0.0,nan,nan,nan
5137.81,1.545268e-05,0.0,nan,nan,nan
5137.901,1.545251e-05,0.0,nan,nan,nan
5137.984,1.545426e-05,0.0,nan,nan,nan
5138.081,1.54579e-05,0.0,nan,nan,nan
5138.17,1.545777e-05,0.0,nan,nan,nan
5138.258,1.545533e-05,0.0,nan,nan,nan
5138.341,1.546253e-05,0.0,nan,nan,nan
5138.425,1.546397e-05,0.0,nan,nan,nan
5138.513,1.545693e-05,0.0,nan,nan,nan
5138.596,1.545969e-05,0.0,nan,nan,nan
5138.68,1.545727e-05,0.0,nan,nan,nan
5138.771,1.545815e-05,0.0,nan,nan,nan
5138.855,1.546124e-05,0.0,nan,nan,nan
5138.946,1.545571e-05,0.0,nan,nan,nan
5139.03,1.546034e-05,0.0,nan,nan,nan
5139.147,1.54568e-05,0.0,nan,nan,nan
5139.23,1.546166e-05,0.0,nan,nan,nan
5139.347,1.546247e-05,0.0,nan,nan,nan
5139.431,1.5461e-05,0.0,nan,nan,nan
5139.514,1.546007e-05,0.0,nan,nan,nan
5139.603,1.546171e-05,0.0,nan,nan,nan
5139.704,1.545543e-05,0.0,nan,nan,nan
5139.787,1.54558e-05,0.0,nan,nan,nan
5139.871,1.545444e-05,0.0,nan,nan,nan
5139.954,1.545849e-05,0.0,nan,nan,nan
5140.038,1.545703e-05,0.0,nan,nan,nan
5140.124,1.545889e-05,0.0,nan,nan,nan
5140.207,1.54567e-05,0.0,nan,nan,nan
5140.311,1.545544e-05,0.0,nan,nan,nan
5140.394,1.545163e-05,0.0,nan,nan,nan
5140.478,1.54522e-05,0.0,nan,nan,nan
5140.561,1.545449e-05,0.0,nan,nan,nan
5140.646,1.5457e-05,0.0,nan,nan,nan
5140.752,1.545529e-05,0.0,nan,nan,nan
5140.836,1.545765e-05,0.0,nan,nan,nan
5140.92,1.54557e-05,0.0,nan,nan,nan
5141.004,1.54568e-05,0.0,nan,nan,nan
5141.089,1.545701e-05,0.0,nan,nan,nan
5141.172,1.545499e-05,0.0,nan,nan,nan
5141.256,1.545694e-05,0.0,nan,nan,nan
5141.34,1.54541e-05,0.0,nan,nan,nan
5141.423,1.545075e-05,0.0,nan,nan,nan
5141.53,1.545003e-05,0.0,nan,nan,nan
5141.614,1.545771e-05,0.0,nan,nan,nan
5141.697,1.54546e-05,0.0,nan,nan,nan
5141.781,1.545326e-05,0.0,nan,nan,nan
5141.867,1.544882e-05,0.0,nan,nan,nan
5141.951,1.545254e-05,0.0,nan,nan,nan
5142.036,1.54548e-05,0.0,nan,nan,nan
5142.12,1.544992e-05,0.0,nan,nan,nan
5142.204,1.545468e-05,0.0,nan,nan,nan
5142.289,1.545457e-05,0.0,nan,nan,nan
5142.373,1.545664e-05,0.0,nan,nan,nan
5142.457,1.545434e-05,0.0,nan,nan,nan
5142.547,1.545875e-05,0.0,nan,nan,nan
5142.63,1.545664e-05,0.0,nan,nan,nan
5142.739,1.545498e-05,0.0,nan,nan,nan
5142.823,1.545531e-05,0.0,nan,nan,nan
5142.908,1.545569e-05,0.0,nan,nan,nan
5142.992,1.545627e-05,0.0,nan,nan,nan
5143.076,1.546019e-05,0.0,nan,nan,nan
5143.164,1.545436e-05,0.0,nan,nan,nan
5143.247,1.545787e-05,0.0,nan,nan,nan
5143.362,1.545739e-05,0.0,nan,nan,nan
5143.446,1.545533e-05,0.0,nan,nan,nan
5143.529,1.545714e-05,0.0,nan,nan,nan
5143.613,1.546017e-05,0.0,nan,nan,nan
5143.698,1.546e-05,0.0,nan,nan,nan
5143.782,1.545858e-05,0.0,nan,nan,nan
5143.87,1.545698e-05,0.0,nan,nan,nan
5143.978,1.546007e-05,0.0,nan,nan,nan
5144.061,1.545877e-05,0.0,nan,nan,nan
5144.173,1.545594e-05,0.0,nan,nan,nan
5144.256,1.545574e-05,0.0,nan,nan,nan
5144.341,1.545542e-05,0.0,nan,nan,nan
5144.425,1.545716e-05,0.0,nan,nan,nan
5144.509,1.545275e-05,0.0,nan,nan,nan
5144.592,1.545332e-05,0.0,nan,nan,nan
5144.676,1.545415e-05,0.0,nan,nan,nan
5144.778,1.545086e-05,0.0,nan,nan,nan
5144.869,1.545384e-05,0.0,nan,nan,nan
5144.963,1.545222e-05,0.0,nan,nan,nan
5145.047,1.545496e-05,0.0,nan,nan,nan
5145.13,1.545404e-05,0.0,nan,nan,nan
5145.214,1.546098e-05,0.0,nan,nan,nan
5145.297,1.545637e-05,0.0,nan,nan,nan
5145.385,1.545497e-05,0.0,nan,nan,nan
5145.469,1.54577e-05,0.0,nan,nan,nan
5145.553,1.545466e-05,0.0,nan,nan,nan
5145.636,1.545472e-05,0.0,nan,nan,nan
5145.72,1.545616e-05,0.0,nan,nan,nan
5145.824,1.545421e-05,0.0,nan,nan,nan
5145.908,1.545228e-05,0.0,nan,nan,nan
5146.016,1.545733e-05,0.0,nan,nan,nan
5146.099,1.545481e-05,0.0,nan,nan,nan
5146.183,1.545341e-05,0.0,nan,nan,nan
5146.267,1.545249e-05,0.0,nan,nan,nan
5146.352,1.545366e-05,0.0,nan,nan,nan
5146.438,1.545096e-05,0.0,nan,nan,nan
5146.522,1.545325e-05,0.0,nan,nan,nan
5146.605,1.545248e-05,0.0,nan,nan,nan
5146.689,1.544896e-05,0.0,nan,nan,nan
5146.773,1.54528e-05,0.0,nan,nan,nan
5146.856,1.545067e-05,0.0,nan,nan,nan
5146.945,1.545264e-05,0.0,nan,nan,nan
5147.053,1.545074e-05,0.0,nan,nan,nan
5147.137,1.545236e-05,0.0,nan,nan,nan
5147.22,1.545454e-05,0.0,nan,nan,nan
5147.304,1.545364e-05,0.0,nan,nan,nan
5147.388,1.545655e-05,0.0,nan,nan,nan
5147.472,1.545271e-05,0.0,nan,nan,nan
5147.555,1.545258e-05,0.0,nan,nan,nan
5147.642,1.545358e-05,0.0,nan,nan,nan
5147.726,1.545312e-05,0.0,nan,nan,nan
5147.809,1.545254e-05,0.0,nan,nan,nan
5147.893,1.54496e-05,0.0,nan,nan,nan
5147.977,1.545593e-05,0.0,nan,nan,nan
5148.064,1.545213e-05,0.0,nan,nan,nan
5148.148,1.545033e-05,0.0,nan,nan,nan
5148.253,1.545277e-05,0.0,nan,nan,nan
5148.337,1.54506e-05,0.0,nan,nan,nan
5148.421,1.545041e-05,0.0,nan,nan,nan
5148.504,1.544916e-05,0.0,nan,nan,nan
5148.588,1.545478e-05,0.0,nan,nan,nan
5148.677,1.545379e-05,0.0,nan,nan,nan
5148.762,1.545539e-05,0.0,nan,nan,nan
5148.868,1.545515e-05,0.0,nan,nan,nan
5148.952,1.545447e-05,0.0,nan,nan,nan
5149.036,1.545117e-05,0.0,nan,nan,nan
5149.131,1.545079e-05,0.0,nan,nan,nan
5149.215,1.54539e-05,0.0,nan,nan,nan
5149.303,1.54498e-05,0.0,nan,nan,nan
5149.386,1.545213e-05,0.0,nan,nan,nan
5149.497,1.54558e-05,0.0,nan,nan,nan
5149.584,1.545431e-05,0.0,nan,nan,nan
5149.667,1.545672e-05,0.0,nan,nan,nan
5149.751,1.545403e-05,0.0,nan,nan,nan
5149.834,1.545515e-05,0.0,nan,nan,nan
5149.918,1.545359e-05,0.0,nan,nan,nan
5150.002,1.545265e-05,0.0,nan,nan,nan
5150.087,1.545421e-05,0.0,nan,nan,nan
5150.17,1.545257e-05,0.0,nan,nan,nan
5150.254,1.54516e-05,0.0,nan,nan,nan
5150.337,1.545656e-05,0.0,nan,nan,nan
5150.421,1.545741e-05,0.0,nan,nan,nan
5150.528,1.545671e-05,0.0,nan,nan,nan
5150.611,1.545037e-05,0.0,nan,nan,nan
5150.698,1.545332e-05,0.0,nan,nan,nan
5150.782,1.545534e-05,0.0,nan,nan,nan
5150.866,1.54547e-05,0.0,nan,nan,nan
5150.95,1.545211e-05,0.0,nan,nan,nan
5151.075,1.545678e-05,0.0,nan,nan,nan
5151.177,1.545839e-05,0.0,nan,nan,nan
5151.261,1.54543e-05,0.0,nan,nan,nan
5151.344,1.545093e-05,0.0,nan,nan,nan
5151.428,1.545333e-05,0.0,nan,nan,nan
5151.521,1.545364e-05,0.0,nan,nan,nan
5151.604,1.545616e-05,0.0,nan,nan,nan
5151.693,1.545316e-05,0.0,nan,nan,nan
5151.777,1.545143e-05,0.0,nan,nan,nan
5151.86,1.545289e-05,0.0,nan,nan,nan
5151.947,1.545077e-05,0.0,nan,nan,nan
5152.035,1.545233e-05,0.0,nan,nan,nan
5152.138,1.545473e-05,0.0,nan,nan,nan
5152.221,1.545113e-05,0.0,nan,nan,nan
5152.306,1.545103e-05,0.0,nan,nan,nan
5152.39,1.54531e-05,0.0,nan,nan,nan
5152.474,1.544698e-05,0.0,nan,nan,nan
5152.557,1.544902e-05,0.0,nan,nan,nan
5152.641,1.544969e-05,0.0,nan,nan,nan
5152.744,1.54497e-05,0.0,nan,nan,nan
5152.828,1.545495e-05,0.0,nan,nan,nan
5152.912,1.545354e-05,0.0,nan,nan,nan
5152.995,1.545477e-05,0.0,nan,nan,nan
5153.127,1.545707e-05,0.0,nan,nan,nan
5153.223,1.545175e-05,0.0,nan,nan,nan
5153.307,1.545136e-05,0.0,nan,nan,nan
5153.39,1.545057e-05,0.0,nan,nan,nan
5153.474,1.545048e-05,0.0,nan,nan,nan
5153.558,1.545202e-05,0.0,nan,nan,nan
5153.642,1.54539e-05,0.0,nan,nan,nan
5153.726,1.545239e-05,0.0,nan,nan,nan
5153.809,1.545255e-05,0.0,nan,nan,nan
5153.893,1.545375e-05,0.0,nan,nan,nan
5153.98,1.545093e-05,0.0,nan,nan,nan
5154.066,1.545238e-05,0.0,nan,nan,nan
5154.167,1.545227e-05,0.0,nan,nan,nan
5154.251,1.545823e-05,0.0,nan,nan,nan
5154.334,1.545523e-05,0.0,nan,nan,nan
5154.418,1.545511e-05,0.0,nan,nan,nan
5154.503,1.545625e-05,0.0,nan,nan,nan
5154.587,1.54518e-05,0.0,nan,nan,nan
5154.67,1.544691e-05,0.0,nan,nan,nan
5154.753,1.545068e-05,0.0,nan,nan,nan
5154.837,1.545236e-05,0.0,nan,nan,nan
5154.921,1.545057e-05,0.0,nan,nan,nan
5155.005,1.545644e-05,0.0,nan,nan,nan
5155.089,1.545506e-05,0.0,nan,nan,nan
5155.191,1.545489e-05,0.0,nan,nan,nan
5155.274,1.545293e-05,0.0,nan,nan,nan
5155.379,1.545057e-05,0.0,nan,nan,nan
5155.463,1.545137e-05,0.0,nan,nan,nan
5155.548,1.544797e-05,0.0,nan,nan,nan
5155.632,1.545347e-05,0.0,nan,nan,nan
5155.715,1.545164e-05,0.0,nan,nan,nan
5155.81,1.544759e-05,0.0,nan,nan,nan
5155.893,1.545092e-05,0.0,nan,nan,nan
5155.977,1.54502e-05,0.0,nan,nan,nan
5156.061,1.545002e-05,0.0,nan,nan,nan
5156.145,1.545079e-05,0.0,nan,nan,nan
5156.228,1.544617e-05,0.0,nan,nan,nan
5156.317,1.544906e-05,0.0,nan,nan,nan
5156.4,1.544835e-05,0.0,nan,nan,nan
5156.484,1.544605e-05,0.0,nan,nan,nan
5156.574,1.545216e-05,0.0,nan,nan,nan
5156.658,1.545277e-05,0.0,nan,nan,nan
5156.743,1.545241e-05,0.0,nan,nan,nan
5156.847,1.545298e-05,0.0,nan,nan,nan
5156.932,1.545309e-05,0.0,nan,nan,nan
5157.019,1.545138e-05,0.0,nan,nan,nan
5157.103,1.545251e-05,0.0,nan,nan,nan
5157.186,1.545161e-05,0.0,nan,nan,nan
5157.29,1.545645e-05,0.0,nan,nan,nan
5157.373,1.545504e-05,0.0,nan,nan,nan
5157.457,1.545295e-05,0.0,nan,nan,nan
5157.541,1.545087e-05,0.0,nan,nan,nan
5157.646,1.545446e-05,0.0,nan,nan,nan
5157.735,1.545642e-05,0.0,nan,nan,nan
5157.84,1.545504e-05,0.0,nan,nan,nan
5157.924,1.545579e-05,0.0,nan,nan,nan
5158.008,1.545995e-05,0.0,nan,nan,nan
5158.092,1.545215e-05,0.0,nan,nan,nan
5158.176,1.545203e-05,0.0,nan,nan,nan
5158.267,1.545515e-05,0.0,nan,nan,nan
5158.351,1.545195e-05,0.0,nan,nan,nan
5158.446,1.54533e-05,0.0,nan,nan,nan
5158.53,1.545391e-05,0.0,nan,nan,nan
5158.613,1.545142e-05,0.0,nan,nan,nan
5158.697,1.545159e-05,0.0,nan,nan,nan
5158.781,1.545157e-05,0.0,nan,nan,nan
5158.872,1.544759e-05,0.0,nan,nan,nan
5158.956,1.545305e-05,0.0,nan,nan,nan
5159.041,1.545279e-05,0.0,nan,nan,nan
5159.125,1.544896e-05,0.0,nan,nan,nan
5159.209,1.544977e-05,0.0,nan,nan,nan
5159.323,1.545433e-05,0.0,nan,nan,nan
5159.406,1.545251e-05,0.0,nan,nan,nan
5159.496,1.544854e-05,0.0,nan,nan,nan
5159.58,1.544955e-05,0.0,nan,nan,nan
5159.663,1.545045e-05,0.0,nan,nan,nan
5159.747,1.544881e-05,0.0,nan,nan,nan
5159.833,1.545296e-05,0.0,nan,nan,nan
5159.922,1.5448e-05,0.0,nan,nan,nan
5160.005,1.545493e-05,0.0,nan,nan,nan
5160.095,1.545031e-05,0.0,nan,nan,nan
5160.179,1.544797e-05,0.0,nan,nan,nan
5160.263,1.544939e-05,0.0,nan,nan,nan
5160.347,1.545137e-05,0.0,nan,nan,nan
5160.433,1.545222e-05,0.0,nan,nan,nan
5160.531,1.545004e-05,0.0,nan,nan,nan
5160.618,1.545152e-05,0.0,nan,nan,nan
5160.712,1.545495e-05,0.0,nan,nan,nan
5160.795,1.545295e-05,0.0,nan,nan,nan
5160.883,1.545387e-05,0.0,nan,nan,nan
5160.967,1.545143e-05,0.0,nan,nan,nan
5161.053,1.545403e-05,0.0,nan,nan,nan
5161.136,1.545169e-05,0.0,nan,nan,nan
5161.22,1.545016e-05,0.0,nan,nan,nan
5161.305,1.545277e-05,0.0,nan,nan,nan
5161.388,1.545015e-05,0.0,nan,nan,nan
5161.472,1.544894e-05,0.0,nan,nan,nan
5161.555,1.54516e-05,0.0,nan,nan,nan
5161.639,1.545355e-05,0.0,nan,nan,nan
5161.745,1.545553e-05,0.0,nan,nan,nan
5161.829,1.545419e-05,0.0,nan,nan,nan
5161.929,1.545174e-05,0.0,nan,nan,nan
5162.013,1.544942e-05,0.0,nan,nan,nan
5162.096,1.544985e-05,0.0,nan,nan,nan
5162.18,1.545147e-05,0.0,nan,nan,nan
5162.272,1.545556e-05,0.0,nan,nan,nan
5162.356,1.545333e-05,0.0,nan,nan,nan
5162.44,1.545416e-05,0.0,nan,nan,nan
5162.535,1.545254e-05,0.0,nan,nan,nan
5162.619,1.545297e-05,0.0,nan,nan,nan
5162.704,1.545391e-05,0.0,nan,nan,nan
5162.787,1.545113e-05,0.0,nan,nan,nan
5162.871,1.545108e-05,0.0,nan,nan,nan
5162.973,1.545009e-05,0.0,nan,nan,nan
5163.057,1.544883e-05,0.0,nan,nan,nan
5163.161,1.545271e-05,0.0,nan,nan,nan
5163.245,1.545039e-05,0.0,nan,nan,nan
5163.348,1.545372e-05,0.0,nan,nan,nan
5163.431,1.545215e-05,0.0,nan,nan,nan
5163.515,1.545287e-05,0.0,nan,nan,nan
5163.599,1.545578e-05,0.0,nan,nan,nan
5163.685,1.545474e-05,0.0,nan,nan,nan
5163.793,1.545868e-05,0.0,nan,nan,nan
5163.877,1.545705e-05,0.0,nan,nan,nan
5163.974,1.545771e-05,0.0,nan,nan,nan
5164.058,1.545694e-05,0.0,nan,nan,nan
5164.151,1.545532e-05,0.0,nan,nan,nan
5164.235,1.545402e-05,0.0,nan,nan,nan
5164.322,1.545606e-05,0.0,nan,nan,nan
5164.406,1.545425e-05,0.0,nan,nan,nan
5164.489,1.54545e-05,0.0,nan,nan,nan
5164.578,1.54624e-05,0.0,nan,nan,nan
5164.661,1.545796e-05,0.0,nan,nan,nan
5164.757,1.545776e-05,0.0,nan,nan,nan
5164.841,1.545657e-05,0.0,nan,nan,nan
5164.926,1.545404e-05,0.0,nan,nan,nan
5165.01,1.545625e-05,0.0,nan,nan,nan
5165.094,1.545898e-05,0.0,nan,nan,nan
5165.197,1.545892e-05,0.0,nan,nan,nan
5165.286,1.54522e-05,0.0,nan,nan,nan
5165.37,1.545721e-05,0.0,nan,nan,nan
5165.495,1.545551e-05,0.0,nan,nan,nan
5165.592,1.545576e-05,0.0,nan,nan,nan
5165.676,1.545555e-05,0.0,nan,nan,nan
5165.766,1.545396e-05,0.0,nan,nan,nan
5165.85,1.545214e-05,0.0,nan,nan,nan
5165.933,1.545611e-05,0.0,nan,nan,nan
5166.017,1.545931e-05,0.0,nan,nan,nan
5166.101,1.545852e-05,0.0,nan,nan,nan
5166.207,1.545744e-05,0.0,nan,nan,nan
5166.291,1.545565e-05,0.0,nan,nan,nan
5166.374,1.545813e-05,0.0,nan,nan,nan
5166.458,1.54575e-05,0.0,nan,nan,nan
5166.542,1.545824e-05,0.0,nan,nan,nan
5166.637,1.545749e-05,0.0,nan,nan,nan
5166.72,1.545925e-05,0.0,nan,nan,nan
5166.82,1.545393e-05,0.0,nan,nan,nan
5166.904,1.545369e-05,0.0,nan,nan,nan
5166.987,1.545348e-05,0.0,nan,nan,nan
5167.071,1.545473e-05,0.0,nan,nan,nan
5167.154,1.545378e-05,0.0,nan,nan,nan
5167.243,1.545396e-05,0.0,nan,nan,nan
5167.327,1.545722e-05,0.0,nan,nan,nan
5167.434,1.54565e-05,0.0,nan,nan,nan
5167.56,1.545841e-05,0.0,nan,nan,nan
5167.644,1.545909e-05,0.0,nan,nan,nan
5167.729,1.545853e-05,0.0,nan,nan,nan
5167.836,1.545476e-05,0.0,nan,nan,nan
5167.92,1.54579e-05,0.0,nan,nan,nan
5168.004,1.54551e-05,0.0,nan,nan,nan
5168.088,1.54547e-05,0.0,nan,nan,nan
5168.171,1.545429e-05,0.0,nan,nan,nan
5168.255,1.545789e-05,0.0,nan,nan,nan
5168.338,1.54534e-05,0.0,nan,nan,nan
5168.425,1.545702e-05,0.0,nan,nan,nan
5168.509,1.545286e-05,0.0,nan,nan,nan
5168.592,1.545732e-05,0.0,nan,nan,nan
5168.688,1.545658e-05,0.0,nan,nan,nan
5168.772,1.545451e-05,0.0,nan,nan,nan
5168.856,1.545801e-05,0.0,nan,nan,nan
5168.939,1.545535e-05,0.0,nan,nan,nan
5169.03,1.544985e-05,0.0,nan,nan,nan
5169.114,1.545545e-05,0.0,nan,nan,nan
5169.198,1.545889e-05,0.0,nan,nan,nan
5169.288,1.545586e-05,0.0,nan,nan,nan
5169.371,1.545983e-05,0.0,nan,nan,nan
5169.472,1.545385e-05,0.0,nan,nan,nan
5169.555,1.545376e-05,0.0,nan,nan,nan
5169.651,1.545494e-05,0.0,nan,nan,nan
5169.748,1.54547e-05,0.0,nan,nan,nan
5169.832,1.545532e-05,0.0,nan,nan,nan
5169.916,1.545484e-05,0.0,nan,nan,nan
5169.999,1.545261e-05,0.0,nan,nan,nan
5170.091,1.545479e-05,0.0,nan,nan,nan
5170.175,1.545662e-05,0.0,nan,nan,nan
5170.258,1.545634e-05,0.0,nan,nan,nan
5170.342,1.5455e-05,0.0,nan,nan,nan
5170.428,1.545956e-05,0.0,nan,nan,nan
5170.522,1.545755e-05,0.0,nan,nan,nan
5170.606,1.545476e-05,0.0,nan,nan,nan
5170.71,1.545491e-05,0.0,nan,nan,nan
5170.793,1.545721e-05,0.0,nan,nan,nan
5170.879,1.545566e-05,0.0,nan,nan,nan
5170.962,1.545319e-05,0.0,nan,nan,nan
5171.049,1.54572e-05,0.0,nan,nan,nan
5171.133,1.545696e-05,0.0,nan,nan,nan
5171.219,1.545313e-05,0.0,nan,nan,nan
5171.303,1.545396e-05,0.0,nan,nan,nan
5171.387,1.545605e-05,0.0,nan,nan,nan
5171.473,1.545088e-05,0.0,nan,nan,nan
5171.562,1.545543e-05,0.0,nan,nan,nan
5171.646,1.545345e-05,0.0,nan,nan,nan
5171.747,1.545541e-05,0.0,nan,nan,nan
5171.833,1.545135e-05,0.0,nan,nan,nan
5171.917,1.545276e-05,0.0,nan,nan,nan
5172.001,1.545398e-05,0.0,nan,nan,nan
5172.088,1.545183e-05,0.0,nan,nan,nan
5172.171,1.545173e-05,0.0,nan,nan,nan
5172.255,1.545125e-05,0.0,nan,nan,nan
5172.348,1.545409e-05,0.0,nan,nan,nan
5172.438,1.54549e-05,0.0,nan,nan,nan
5172.538,1.545426e-05,0.0,nan,nan,nan
5172.622,1.545264e-05,0.0,nan,nan,nan
5172.706,1.545574e-05,0.0,nan,nan,nan
5172.789,1.545573e-05,0.0,nan,nan,nan
5172.873,1.545328e-05,0.0,nan,nan,nan
5172.959,1.545674e-05,0.0,nan,nan,nan
5173.042,1.545369e-05,0.0,nan,nan,nan
5173.145,1.545714e-05,0.0,nan,nan,nan
5173.229,1.545816e-05,0.0,nan,nan,nan
5173.313,1.545581e-05,0.0,nan,nan,nan
5173.396,1.545672e-05,0.0,nan,nan,nan
5173.48,1.545575e-05,0.0,nan,nan,nan
5173.581,1.545302e-05,0.0,nan,nan,nan
5173.664,1.545343e-05,0.0,nan,nan,nan
5173.761,1.54588e-05,0.0,nan,nan,nan
5173.845,1.545841e-05,0.0,nan,nan,nan
5173.929,1.545554e-05,0.0,nan,nan,nan
5174.012,1.545759e-05,0.0,nan,nan,nan
5174.099,1.546007e-05,0.0,nan,nan,nan
5174.183,1.545591e-05,0.0,nan,nan,nan
5174.268,1.545637e-05,0.0,nan,nan,nan
5174.352,1.545592e-05,0.0,nan,nan,nan
5174.436,1.545936e-05,0.0,nan,nan,nan
5174.52,1.545826e-05,0.0,nan,nan,nan
5174.603,1.5458e-05,0.0,nan,nan,nan
5174.687,1.545714e-05,0.0,nan,nan,nan
5174.772,1.545946e-05,0.0,nan,nan,nan
5174.856,1.545631e-05,0.0,nan,nan,nan
5174.943,1.545679e-05,0.0,nan,nan,nan
5175.026,1.545477e-05,0.0,nan,nan,nan
5175.11,1.545304e-05,0.0,nan,nan,nan
5175.211,1.545232e-05,0.0,nan,nan,nan
5175.295,1.545605e-05,0.0,nan,nan,nan
5175.396,1.545818e-05,0.0,nan,nan,nan
5175.48,1.546327e-05,0.0,nan,nan,nan
5175.564,1.545954e-05,0.0,nan,nan,nan
5175.648,1.545744e-05,0.0,nan,nan,nan
5175.731,1.546088e-05,0.0,nan,nan,nan
5175.815,1.545866e-05,0.0,nan,nan,nan
5175.899,1.546419e-05,0.0,nan,nan,nan
5175.983,1.546147e-05,0.0,nan,nan,nan
5176.066,1.545705e-05,0.0,nan,nan,nan
5176.152,1.545886e-05,0.0,nan,nan,nan
5176.236,1.545204e-05,0.0,nan,nan,nan
5176.319,1.545522e-05,0.0,nan,nan,nan
5176.403,1.546283e-05,0.0,nan,nan,nan
5176.487,1.54578e-05,0.0,nan,nan,nan
5176.571,1.545987e-05,0.0,nan,nan,nan
5176.654,1.545825e-05,0.0,nan,nan,nan
5176.738,1.545583e-05,0.0,nan,nan,nan
5176.83,1.546181e-05,0.0,nan,nan,nan
5176.914,1.545679e-05,0.0,nan,nan,nan
5176.997,1.545794e-05,0.0,nan,nan,nan
5177.081,1.545845e-05,0.0,nan,nan,nan
5177.164,1.545456e-05,0.0,nan,nan,nan
5177.249,1.545418e-05,0.0,nan,nan,nan
5177.333,1.545876e-05,0.0,nan,nan,nan
5177.417,1.545577e-05,0.0,nan,nan,nan
5177.501,1.545577e-05,0.0,nan,nan,nan
5177.586,1.545473e-05,0.0,nan,nan,nan
5177.676,1.545931e-05,0.0,nan,nan,nan
5177.762,1.545853e-05,0.0,nan,nan,nan
5177.86,1.545679e-05,0.0,nan,nan,nan
5177.956,1.545505e-05,0.0,nan,nan,nan
5178.058,1.545959e-05,0.0,nan,nan,nan
5178.142,1.545926e-05,0.0,nan,nan,nan
5178.228,1.545449e-05,0.0,nan,nan,nan
5178.311,1.545621e-05,0.0,nan,nan,nan
5178.395,1.54533e-05,0.0,nan,nan,nan
5178.484,1.545627e-05,0.0,nan,nan,nan
5178.569,1.54535e-05,0.0,nan,nan,nan
5178.652,1.545218e-05,0.0,nan,nan,nan
5178.736,1.545703e-05,0.0,nan,nan,nan
5178.82,1.545616e-05,0.0,nan,nan,nan
5178.903,1.545587e-05,0.0,nan,nan,nan
5178.987,1.54557e-05,0.0,nan,nan,nan
5179.073,1.545479e-05,0.0,nan,nan,nan
5179.157,1.545552e-05,0.0,nan,nan,nan
5179.242,1.545405e-05,0.0,nan,nan,nan
5179.326,1.54587e-05,0.0,nan,nan,nan
5179.41,1.545913e-05,0.0,nan,nan,nan
5179.503,1.545623e-05,0.0,nan,nan,nan
5179.587,1.54562e-05,0.0,nan,nan,nan
5179.681,1.545499e-05,0.0,nan,nan,nan
5179.765,1.545489e-05,0.0,nan,nan,nan
5179.848,1.545565e-05,0.0,nan,nan,nan
5179.932,1.545488e-05,0.0,nan,nan,nan
5180.025,1.545209e-05,0.0,nan,nan,nan
5180.126,1.545015e-05,0.0,nan,nan,nan
5180.21,1.545058e-05,0.0,nan,nan,nan
5180.314,1.544933e-05,0.0,nan,nan,nan
5180.397,1.545128e-05,0.0,nan,nan,nan
5180.481,1.545056e-05,0.0,nan,nan,nan
5180.565,1.545579e-05,0.0,nan,nan,nan
5180.648,1.5451e-05,0.0,nan,nan,nan
5180.742,1.545616e-05,0.0,nan,nan,nan
5180.831,1.545436e-05,0.0,nan,nan,nan
5180.94,1.545398e-05,0.0,nan,nan,nan
5181.024,1.546086e-05,0.0,nan,nan,nan
5181.124,1.545791e-05,0.0,nan,nan,nan
5181.208,1.54565e-05,0.0,nan,nan,nan
5181.314,1.545335e-05,0.0,nan,nan,nan
5181.398,1.545619e-05,0.0,nan,nan,nan
5181.482,1.545976e-05,0.0,nan,nan,nan
5181.566,1.545895e-05,0.0,nan,nan,nan
5181.649,1.545624e-05,0.0,nan,nan,nan
5181.757,1.546139e-05,0.0,nan,nan,nan
5181.84,1.545947e-05,0.0,nan,nan,nan
5181.928,1.545881e-05,0.0,nan,nan,nan
5182.012,1.546101e-05,0.0,nan,nan,nan
5182.097,1.545585e-05,0.0,nan,nan,nan
5182.2,1.545658e-05,0.0,nan,nan,nan
5182.288,1.546219e-05,0.0,nan,nan,nan
5182.372,1.545784e-05,0.0,nan,nan,nan
5182.456,1.545638e-05,0.0,nan,nan,nan
5182.541,1.545967e-05,0.0,nan,nan,nan
5182.624,1.545793e-05,0.0,nan,nan,nan
5182.71,1.545665e-05,0.0,nan,nan,nan
5182.794,1.546066e-05,0.0,nan,nan,nan
5182.878,1.545852e-05,0.0,nan,nan,nan
5182.964,1.546185e-05,0.0,nan,nan,nan
5183.052,1.545961e-05,0.0,nan,nan,nan
5183.136,1.545496e-05,0.0,nan,nan,nan
5183.219,1.545949e-05,0.0,nan,nan,nan
5183.304,1.545448e-05,0.0,nan,nan,nan
5183.388,1.545764e-05,0.0,nan,nan,nan
5183.471,1.54577e-05,0.0,nan,nan,nan
5183.558,1.546124e-05,0.0,nan,nan,nan
5183.641,1.546161e-05,0.0,nan,nan,nan
5183.725,1.54624e-05,0.0,nan,nan,nan
5183.809,1.545857e-05,0.0,nan,nan,nan
5183.892,1.545999e-05,0.0,nan,nan,nan
5183.977,1.545943e-05,0.0,nan,nan,nan
5184.062,1.546505e-05,0.0,nan,nan,nan
5184.171,1.546336e-05,0.0,nan,nan,nan
5184.255,1.546352e-05,0.0,nan,nan,nan
5184.338,1.545811e-05,0.0,nan,nan,nan
5184.422,1.546197e-05,0.0,nan,nan,nan
5184.505,1.545902e-05,0.0,nan,nan,nan
5184.589,1.545729e-05,0.0,nan,nan,nan
5184.673,1.545911e-05,0.0,nan,nan,nan
5184.774,1.546106e-05,0.0,nan,nan,nan
5184.857,1.545981e-05,0.0,nan,nan,nan
5184.941,1.545977e-05,0.0,nan,nan,nan
5185.024,1.545837e-05,0.0,nan,nan,nan
5185.108,1.546106e-05,0.0,nan,nan,nan
5185.192,1.5458e-05,0.0,nan,nan,nan
5185.276,1.545719e-05,0.0,nan,nan,nan
5185.374,1.545921e-05,0.0,nan,nan,nan
5185.458,1.546181e-05,0.0,nan,nan,nan
5185.542,1.546096e-05,0.0,nan,nan,nan
5185.626,1.545924e-05,0.0,nan,nan,nan
5185.71,1.545826e-05,0.0,nan,nan,nan
5185.793,1.546242e-05,0.0,nan,nan,nan
5185.877,1.545767e-05,0.0,nan,nan,nan
5185.961,1.545583e-05,0.0,nan,nan,nan
5186.044,1.545668e-05,0.0,nan,nan,nan
5186.128,1.545859e-05,0.0,nan,nan,nan
5186.236,1.545159e-05,0.0,nan,nan,nan
5186.325,1.545893e-05,0.0,nan,nan,nan
5186.429,1.545925e-05,0.0,nan,nan,nan
5186.513,1.545907e-05,0.0,nan,nan,nan
5186.619,1.546328e-05,0.0,nan,nan,nan
5186.703,1.546195e-05,0.0,nan,nan,nan
5186.786,1.545867e-05,0.0,nan,nan,nan
5186.87,1.545689e-05,0.0,nan,nan,nan
5186.953,1.54574e-05,0.0,nan,nan,nan
5187.048,1.545823e-05,0.0,nan,nan,nan
5187.136,1.545672e-05,0.0,nan,nan,nan
5187.219,1.546052e-05,0.0,nan,nan,nan
5187.303,1.545578e-05,0.0,nan,nan,nan
5187.387,1.545693e-05,0.0,nan,nan,nan
5187.471,1.545772e-05,0.0,nan,nan,nan
5187.555,1.545462e-05,0.0,nan,nan,nan
5187.648,1.546176e-05,0.0,nan,nan,nan
5187.735,1.54601e-05,0.0,nan,nan,nan
5187.829,1.545532e-05,0.0,nan,nan,nan
5187.912,1.54586e-05,0.0,nan,nan,nan
5187.996,1.546068e-05,0.0,nan,nan,nan
5188.08,1.545709e-05,0.0,nan,nan,nan
5188.164,1.545624e-05,0.0,nan,nan,nan
5188.277,1.545747e-05,0.0,nan,nan,nan
5188.363,1.545537e-05,0.0,nan,nan,nan
5188.456,1.545648e-05,0.0,nan,nan,nan
5188.539,1.545804e-05,0.0,nan,nan,nan
5188.624,1.54614e-05,0.0,nan,nan,nan
5188.708,1.545801e-05,0.0,nan,nan,nan
5188.794,1.546235e-05,0.0,nan,nan,nan
5188.877,1.545782e-05,0.0,nan,nan,nan
5188.961,1.545932e-05,0.0,nan,nan,nan
5189.045,1.545711e-05,0.0,nan,nan,nan
5189.129,1.546003e-05,0.0,nan,nan,nan
5189.213,1.546064e-05,0.0,nan,nan,nan
5189.296,1.545375e-05,0.0,nan,nan,nan
5189.38,1.545798e-05,0.0,nan,nan,nan
5189.485,1.545748e-05,0.0,nan,nan,nan
5189.57,1.545678e-05,0.0,nan,nan,nan
5189.664,1.545632e-05,0.0,nan,nan,nan
5189.747,1.545612e-05,0.0,nan,nan,nan
5189.831,1.54597e-05,0.0,nan,nan,nan
5189.915,1.545991e-05,0.0,nan,nan,nan
5189.998,1.546063e-05,0.0,nan,nan,nan
5190.082,1.545832e-05,0.0,nan,nan,nan
5190.166,1.545979e-05,0.0,nan,nan,nan
5190.249,1.545986e-05,0.0,nan,nan,nan
5190.361,1.545538e-05,0.0,nan,nan,nan
5190.444,1.546066e-05,0.0,nan,nan,nan
5190.528,1.545788e-05,0.0,nan,nan,nan
5190.611,1.546019e-05,0.0,nan,nan,nan
5190.696,1.545559e-05,0.0,nan,nan,nan
5190.78,1.545921e-05,0.0,nan,nan,nan
5190.882,1.545678e-05,0.0,nan,nan,nan
5190.966,1.545898e-05,0.0,nan,nan,nan
5191.053,1.546181e-05,0.0,nan,nan,nan
5191.137,1.545988e-05,0.0,nan,nan,nan
5191.22,1.546111e-05,0.0,nan,nan,nan
5191.312,1.54619e-05,0.0,nan,nan,nan
5191.395,1.545859e-05,0.0,nan,nan,nan
5191.48,1.546048e-05,0.0,nan,nan,nan
5191.564,1.546084e-05,0.0,nan,nan,nan
5191.647,1.545943e-05,0.0,nan,nan,nan
5191.733,1.545744e-05,0.0,nan,nan,nan
5191.818,1.545784e-05,0.0,nan,nan,nan
5191.92,1.545447e-05,0.0,nan,nan,nan
5192.004,1.546038e-05,0.0,nan,nan,nan
5192.087,1.545793e-05,0.0,nan,nan,nan
5192.171,1.545942e-05,0.0,nan,nan,nan
5192.254,1.545808e-05,0.0,nan,nan,nan
5192.338,1.545703e-05,0.0,nan,nan,nan
5192.442,1.545904e-05,0.0,nan,nan,nan
5192.539,1.546019e-05,0.0,nan,nan,nan
5192.623,1.545972e-05,0.0,nan,nan,nan
5192.706,1.545959e-05,0.0,nan,nan,nan
5192.79,1.545898e-05,0.0,nan,nan,nan
5192.873,1.546242e-05,0.0,nan,nan,nan
5192.957,1.546213e-05,0.0,nan,nan,nan
5193.041,1.546116e-05,0.0,nan,nan,nan
5193.124,1.545785e-05,0.0,nan,nan,nan
5193.208,1.546025e-05,0.0,nan,nan,nan
5193.292,1.545722e-05,0.0,nan,nan,nan
5193.376,1.545898e-05,0.0,nan,nan,nan
5193.459,1.545726e-05,0.0,nan,nan,nan
5193.552,1.545404e-05,0.0,nan,nan,nan
5193.636,1.545424e-05,0.0,nan,nan,nan
5193.72,1.545823e-05,0.0,nan,nan,nan
5193.804,1.545681e-05,0.0,nan,nan,nan
5193.888,1.545366e-05,0.0,nan,nan,nan
5193.979,1.545955e-05,0.0,nan,nan,nan
5194.068,1.545635e-05,0.0,nan,nan,nan
5194.153,1.545773e-05,0.0,nan,nan,nan
5194.237,1.545972e-05,0.0,nan,nan,nan
5194.322,1.54578e-05,0.0,nan,nan,nan
5194.406,1.545697e-05,0.0,nan,nan,nan
5194.527,1.54559e-05,0.0,nan,nan,nan
5194.611,1.545681e-05,0.0,nan,nan,nan
5194.694,1.545657e-05,0.0,nan,nan,nan
5194.781,1.545819e-05,0.0,nan,nan,nan
5194.864,1.545447e-05,0.0,nan,nan,nan
5194.95,1.546175e-05,0.0,nan,nan,nan
5195.034,1.545394e-05,0.0,nan,nan,nan
5195.12,1.545647e-05,0.0,nan,nan,nan
5195.203,1.546022e-05,0.0,nan,nan,nan
5195.287,1.545632e-05,0.0,nan,nan,nan
5195.379,1.545703e-05,0.0,nan,nan,nan
5195.463,1.545746e-05,0.0,nan,nan,nan
5195.547,1.545352e-05,0.0,nan,nan,nan
5195.63,1.545483e-05,0.0,nan,nan,nan
5195.715,1.545782e-05,0.0,nan,nan,nan
5195.802,1.545274e-05,0.0,nan,nan,nan
5195.886,1.545464e-05,0.0,nan,nan,nan
5195.969,1.545545e-05,0.0,nan,nan,nan
5196.053,1.544863e-05,0.0,nan,nan,nan
5196.136,1.545444e-05,0.0,nan,nan,nan
5196.223,1.545412e-05,0.0,nan,nan,nan
5196.307,1.545294e-05,0.0,nan,nan,nan
5196.413,1.545427e-05,0.0,nan,nan,nan
5196.496,1.544819e-05,0.0,nan,nan,nan
5196.611,1.545046e-05,0.0,nan,nan,nan
5196.696,1.545283e-05,0.0,nan,nan,nan
5196.781,1.545399e-05,0.0,nan,nan,nan
5196.865,1.545441e-05,0.0,nan,nan,nan
5196.948,1.545602e-05,0.0,nan,nan,nan
5197.04,1.54533e-05,0.0,nan,nan,nan
5197.124,1.545537e-05,0.0,nan,nan,nan
5197.224,1.545455e-05,0.0,nan,nan,nan
5197.308,1.545392e-05,0.0,nan,nan,nan
5197.392,1.545397e-05,0.0,nan,nan,nan
5197.475,1.54568e-05,0.0,nan,nan,nan
5197.559,1.54578e-05,0.0,nan,nan,nan
5197.646,1.546098e-05,0.0,nan,nan,nan
5197.73,1.545514e-05,0.0,nan,nan,nan
5197.829,1.545814e-05,0.0,nan,nan,nan
5197.913,1.545473e-05,0.0,nan,nan,nan
5197.997,1.54528e-05,0.0,nan,nan,nan
5198.08,1.545559e-05,0.0,nan,nan,nan
5198.169,1.545303e-05,0.0,nan,nan,nan
5198.276,1.545461e-05,0.0,nan,nan,nan
5198.36,1.545816e-05,0.0,nan,nan,nan
5198.452,1.545793e-05,0.0,nan,nan,nan
5198.535,1.545682e-05,0.0,nan,nan,nan
5198.622,1.545463e-05,0.0,nan,nan,nan
5198.718,1.545589e-05,0.0,nan,nan,nan
5198.801,1.545679e-05,0.0,nan,nan,nan
5198.885,1.545577e-05,0.0,nan,nan,nan
5198.969,1.545298e-05,0.0,nan,nan,nan
5199.078,1.545368e-05,0.0,nan,nan,nan
5199.162,1.545364e-05,0.0,nan,nan,nan
5199.247,1.544991e-05,0.0,nan,nan,nan
5199.331,1.545417e-05,0.0,nan,nan,nan
5199.415,1.545643e-05,0.0,nan,nan,nan
5199.511,1.545456e-05,0.0,nan,nan,nan
5199.595,1.545238e-05,0.0,nan,nan,nan
5199.703,1.545285e-05,0.0,nan,nan,nan
5199.787,1.545421e-05,0.0,nan,nan,nan
5199.882,1.54508e-05,0.0,nan,nan,nan
5199.965,1.545604e-05,0.0,nan,nan,nan
5200.049,1.545448e-05,0.0,nan,nan,nan
5200.133,1.545257e-05,0.0,nan,nan,nan
5200.216,1.545489e-05,0.0,nan,nan,nan
5200.3,1.545219e-05,0.0,nan,nan,nan
5200.384,1.545285e-05,0.0,nan,nan,nan
5200.47,1.545407e-05,0.0,nan,nan,nan
5200.554,1.545174e-05,0.0,nan,nan,nan
5200.638,1.54536e-05,0.0,nan,nan,nan
5200.76,1.544956e-05,0.0,nan,nan,nan
5200.844,1.545119e-05,0.0,nan,nan,nan
5200.928,1.545599e-05,0.0,nan,nan,nan
5201.014,1.545284e-05,0.0,nan,nan,nan
5201.113,1.545385e-05,0.0,nan,nan,nan
5201.197,1.545034e-05,0.0,nan,nan,nan
5201.307,1.545378e-05,0.0,nan,nan,nan
5201.391,1.545248e-05,0.0,nan,nan,nan
5201.475,1.545307e-05,0.0,nan,nan,nan
5201.559,1.545447e-05,0.0,nan,nan,nan
5201.643,1.545346e-05,0.0,nan,nan,nan
5201.726,1.545532e-05,0.0,nan,nan,nan
5201.81,1.54564e-05,0.0,nan,nan,nan
5201.894,1.545423e-05,0.0,nan,nan,nan
5201.978,1.545347e-05,0.0,nan,nan,nan
5202.061,1.545666e-05,0.0,nan,nan,nan
5202.145,1.545668e-05,0.0,nan,nan,nan
5202.232,1.545984e-05,0.0,nan,nan,nan
5202.319,1.545862e-05,0.0,nan,nan,nan
5202.402,1.545993e-05,0.0,nan,nan,nan
5202.503,1.545833e-05,0.0,nan,nan,nan
5202.586,1.546194e-05,0.0,nan,nan,nan
5202.67,1.546026e-05,0.0,nan,nan,nan
5202.753,1.545848e-05,0.0,nan,nan,nan
5202.841,1.545511e-05,0.0,nan,nan,nan
5202.947,1.545385e-05,0.0,nan,nan,nan
5203.034,1.545579e-05,0.0,nan,nan,nan
5203.118,1.545302e-05,0.0,nan,nan,nan
5203.202,1.545433e-05,0.0,nan,nan,nan
5203.285,1.545528e-05,0.0,nan,nan,nan
5203.369,1.545873e-05,0.0,nan,nan,nan
5203.453,1.545137e-05,0.0,nan,nan,nan
5203.537,1.545519e-05,0.0,nan,nan,nan
5203.62,1.545307e-05,0.0,nan,nan,nan
5203.704,1.545383e-05,0.0,nan,nan,nan
5203.788,1.545374e-05,0.0,nan,nan,nan
5203.871,1.54553e-05,0.0,nan,nan,nan
5203.955,1.545894e-05,0.0,nan,nan,nan
5204.039,1.545297e-05,0.0,nan,nan,nan
5204.122,1.545398e-05,0.0,nan,nan,nan
5204.206,1.545691e-05,0.0,nan,nan,nan
5204.289,1.545447e-05,0.0,nan,nan,nan
5204.384,1.545427e-05,0.0,nan,nan,nan
5204.468,1.545457e-05,0.0,nan,nan,nan
5204.552,1.545512e-05,0.0,nan,nan,nan
5204.636,1.545801e-05,0.0,nan,nan,nan
5204.722,1.545716e-05,0.0,nan,nan,nan
5204.808,1.545479e-05,0.0,nan,nan,nan
5204.895,1.545324e-05,0.0,nan,nan,nan
5204.997,1.545848e-05,0.0,nan,nan,nan
5205.081,1.545475e-05,0.0,nan,nan,nan
5205.191,1.545394e-05,0.0,nan,nan,nan
5205.275,1.545494e-05,0.0,nan,nan,nan
5205.358,1.545282e-05,0.0,nan,nan,nan
5205.442,1.545178e-05,0.0,nan,nan,nan
5205.526,1.545527e-05,0.0,nan,nan,nan
5205.609,1.545728e-05,0.0,nan,nan,nan
5205.693,1.545354e-05,0.0,nan,nan,nan
5205.777,1.545459e-05,0.0,nan,nan,nan
5205.86,1.545314e-05,0.0,nan,nan,nan
5205.945,1.545272e-05,0.0,nan,nan,nan
5206.028,1.54533e-05,0.0,nan,nan,nan
5206.113,1.545672e-05,0.0,nan,nan,nan
5206.216,1.545145e-05,0.0,nan,nan,nan
5206.304,1.544951e-05,0.0,nan,nan,nan
5206.407,1.545393e-05,0.0,nan,nan,nan
5206.491,1.54511e-05,0.0,nan,nan,nan
5206.592,1.545434e-05,0.0,nan,nan,nan
5206.676,1.545474e-05,0.0,nan,nan,nan
5206.76,1.544984e-05,0.0,nan,nan,nan
5206.844,1.545036e-05,0.0,nan,nan,nan
5206.944,1.545012e-05,0.0,nan,nan,nan
5207.052,1.545223e-05,0.0,nan,nan,nan
5207.136,1.544755e-05,0.0,nan,nan,nan
5207.221,1.545381e-05,0.0,nan,nan,nan
5207.305,1.545206e-05,0.0,nan,nan,nan
5207.411,1.544854e-05,0.0,nan,nan,nan
5207.495,1.544917e-05,0.0,nan,nan,nan
5207.578,1.545299e-05,0.0,nan,nan,nan
5207.662,1.545011e-05,0.0,nan,nan,nan
5207.745,1.545087e-05,0.0,nan,nan,nan
5207.829,1.545117e-05,0.0,nan,nan,nan
5207.912,1.5451e-05,0.0,nan,nan,nan
5207.996,1.545083e-05,0.0,nan,nan,nan
5208.079,1.545473e-05,0.0,nan,nan,nan
5208.165,1.545567e-05,0.0,nan,nan,nan
5208.249,1.545365e-05,0.0,nan,nan,nan
5208.333,1.545042e-05,0.0,nan,nan,nan
5208.435,1.545771e-05,0.0,nan,nan,nan
5208.519,1.544943e-05,0.0,nan,nan,nan
5208.629,1.545362e-05,0.0,nan,nan,nan
5208.712,1.545399e-05,0.0,nan,nan,nan
5208.796,1.545296e-05,0.0,nan,nan,nan
5208.879,1.545423e-05,0.0,nan,nan,nan
5208.977,1.545087e-05,0.0,nan,nan,nan
5209.061,1.545059e-05,0.0,nan,nan,nan
5209.145,1.545575e-05,0.0,nan,nan,nan
5209.23,1.545778e-05,0.0,nan,nan,nan
5209.314,1.545576e-05,0.0,nan,nan,nan
5209.398,1.545276e-05,0.0,nan,nan,nan
5209.481,1.545387e-05,0.0,nan,nan,nan
5209.565,1.545072e-05,0.0,nan,nan,nan
5209.648,1.54528e-05,0.0,nan,nan,nan
5209.732,1.545266e-05,0.0,nan,nan,nan
5209.821,1.545247e-05,0.0,nan,nan,nan
5209.905,1.545321e-05,0.0,nan,nan,nan
5209.989,1.545434e-05,0.0,nan,nan,nan
5210.072,1.545375e-05,0.0,nan,nan,nan
5210.156,1.545545e-05,0.0,nan,nan,nan
5210.243,1.545444e-05,0.0,nan,nan,nan
5210.327,1.545477e-05,0.0,nan,nan,nan
5210.411,1.545438e-05,0.0,nan,nan,nan
5210.494,1.545576e-05,0.0,nan,nan,nan
5210.578,1.545249e-05,0.0,nan,nan,nan
5210.663,1.545565e-05,0.0,nan,nan,nan
5210.746,1.545415e-05,0.0,nan,nan,nan
5210.836,1.545115e-05,0.0,nan,nan,nan
5210.92,1.545049e-05,0.0,nan,nan,nan
5211.003,1.545454e-05,0.0,nan,nan,nan
5211.108,1.545862e-05,0.0,nan,nan,nan
5211.192,1.545704e-05,0.0,nan,nan,nan
5211.295,1.545612e-05,0.0,nan,nan,nan
5211.378,1.545198e-05,0.0,nan,nan,nan
5211.462,1.545555e-05,0.0,nan,nan,nan
5211.552,1.545052e-05,0.0,nan,nan,nan
5211.637,1.545393e-05,0.0,nan,nan,nan
5211.724,1.545388e-05,0.0,nan,nan,nan
5211.808,1.545512e-05,0.0,nan,nan,nan
5211.891,1.545368e-05,0.0,nan,nan,nan
5211.975,1.545135e-05,0.0,nan,nan,nan
5212.059,1.54501e-05,0.0,nan,nan,nan
5212.142,1.545088e-05,0.0,nan,nan,nan
5212.226,1.54542e-05,0.0,nan,nan,nan
5212.322,1.545266e-05,0.0,nan,nan,nan
5212.405,1.545563e-05,0.0,nan,nan,nan
5212.49,1.54543e-05,0.0,nan,nan,nan
5212.574,1.545288e-05,0.0,nan,nan,nan
5212.657,1.545154e-05,0.0,nan,nan,nan
5212.744,1.545146e-05,0.0,nan,nan,nan
5212.827,1.545309e-05,0.0,nan,nan,nan
5212.933,1.544355e-05,0.0,nan,nan,nan
5213.017,1.545172e-05,0.0,nan,nan,nan
5213.103,1.545439e-05,0.0,nan,nan,nan
5213.214,1.545426e-05,0.0,nan,nan,nan
5213.298,1.545045e-05,0.0,nan,nan,nan
5213.381,1.545344e-05,0.0,nan,nan,nan
5213.469,1.545117e-05,0.0,nan,nan,nan
5213.553,1.545099e-05,0.0,nan,nan,nan
5213.636,1.545368e-05,0.0,nan,nan,nan
5213.737,1.545295e-05,0.0,nan,nan,nan
5213.82,1.54525e-05,0.0,nan,nan,nan
5213.905,1.545394e-05,0.0,nan,nan,nan
5213.989,1.545334e-05,0.0,nan,nan,nan
5214.073,1.545382e-05,0.0,nan,nan,nan
5214.164,1.545205e-05,0.0,nan,nan,nan
5214.249,1.5455e-05,0.0,nan,nan,nan
5214.333,1.545542e-05,0.0,nan,nan,nan
5214.416,1.545124e-05,0.0,nan,nan,nan
5214.5,1.545104e-05,0.0,nan,nan,nan
5214.591,1.545757e-05,0.0,nan,nan,nan
5214.675,1.545469e-05,0.0,nan,nan,nan
5214.78,1.545162e-05,0.0,nan,nan,nan
5214.869,1.545033e-05,0.0,nan,nan,nan
5214.952,1.544943e-05,0.0,nan,nan,nan
5215.036,1.54542e-05,0.0,nan,nan,nan
5215.122,1.545246e-05,0.0,nan,nan,nan
5215.206,1.545091e-05,0.0,nan,nan,nan
5215.289,1.545462e-05,0.0,nan,nan,nan
5215.374,1.545571e-05,0.0,nan,nan,nan
5215.458,1.5457e-05,0.0,nan,nan,nan
5215.541,1.545902e-05,0.0,nan,nan,nan
5215.646,1.546163e-05,0.0,nan,nan,nan
5215.732,1.545851e-05,0.0,nan,nan,nan
5215.818,1.545651e-05,0.0,nan,nan,nan
5215.901,1.545565e-05,0.0,nan,nan,nan
5215.985,1.545491e-05,0.0,nan,nan,nan
5216.069,1.545901e-05,0.0,nan,nan,nan
5216.155,1.545794e-05,0.0,nan,nan,nan
5216.239,1.545683e-05,0.0,nan,nan,nan
5216.323,1.545674e-05,0.0,nan,nan,nan
5216.413,1.546081e-05,0.0,nan,nan,nan
5216.499,1.546016e-05,0.0,nan,nan,nan
5216.607,1.545887e-05,0.0,nan,nan,nan
5216.69,1.545806e-05,0.0,nan,nan,nan
5216.774,1.546147e-05,0.0,nan,nan,nan
5216.857,1.54609e-05,0.0,nan,nan,nan
5216.941,1.545754e-05,0.0,nan,nan,nan
5217.025,1.545633e-05,0.0,nan,nan,nan
5217.108,1.545599e-05,0.0,nan,nan,nan
5217.192,1.545851e-05,0.0,nan,nan,nan
5217.275,1.545719e-05,0.0,nan,nan,nan
5217.359,1.545535e-05,0.0,nan,nan,nan
5217.446,1.545039e-05,0.0,nan,nan,nan
5217.533,1.545186e-05,0.0,nan,nan,nan
5217.617,1.545678e-05,0.0,nan,nan,nan
5217.7,1.545339e-05,0.0,nan,nan,nan
5217.784,1.546019e-05,0.0,nan,nan,nan
5217.868,1.546032e-05,0.0,nan,nan,nan
5217.951,1.545671e-05,0.0,nan,nan,nan
5218.049,1.545768e-05,0.0,nan,nan,nan
5218.132,1.545616e-05,0.0,nan,nan,nan
5218.216,1.545809e-05,0.0,nan,nan,nan
5218.3,1.545032e-05,0.0,nan,nan,nan
5218.383,1.545991e-05,0.0,nan,nan,nan
5218.468,1.545813e-05,0.0,nan,nan,nan
5218.553,1.545984e-05,0.0,nan,nan,nan
5218.655,1.545837e-05,0.0,nan,nan,nan
5218.739,1.54568e-05,0.0,nan,nan,nan
5218.839,1.545465e-05,0.0,nan,nan,nan
5218.923,1.545159e-05,0.0,nan,nan,nan
5219.007,1.54539e-05,0.0,nan,nan,nan
5219.09,1.545457e-05,0.0,nan,nan,nan
5219.174,1.545176e-05,0.0,nan,nan,nan
5219.261,1.545411e-05,0.0,nan,nan,nan
5219.344,1.54509e-05,0.0,nan,nan,nan
5219.441,1.545087e-05,0.0,nan,nan,nan
5219.529,1.545182e-05,0.0,nan,nan,nan
5219.613,1.545024e-05,0.0,nan,nan,nan
5219.697,1.544947e-05,0.0,nan,nan,nan
5219.787,1.545355e-05,0.0,nan,nan,nan
5219.871,1.545501e-05,0.0,nan,nan,nan
5219.954,1.545523e-05,0.0,nan,nan,nan
5220.038,1.545781e-05,0.0,nan,nan,nan
5220.121,1.545295e-05,0.0,nan,nan,nan
5220.205,1.545529e-05,0.0,nan,nan,nan
5220.314,1.545307e-05,0.0,nan,nan,nan
5220.397,1.545571e-05,0.0,nan,nan,nan
5220.481,1.54514e-05,0.0,nan,nan,nan
5220.565,1.545275e-05,0.0,nan,nan,nan
5220.649,1.545481e-05,0.0,nan,nan,nan
5220.734,1.545518e-05,0.0,nan,nan,nan
5220.818,1.545552e-05,0.0,nan,nan,nan
5220.922,1.54537e-05,0.0,nan,nan,nan
5221.006,1.544991e-05,0.0,nan,nan,nan
5221.09,1.545373e-05,0.0,nan,nan,nan
5221.173,1.545551e-05,0.0,nan,nan,nan
5221.258,1.54516e-05,0.0,nan,nan,nan
5221.342,1.545095e-05,0.0,nan,nan,nan
5221.426,1.54535e-05,0.0,nan,nan,nan
5221.509,1.545302e-05,0.0,nan,nan,nan
5221.595,1.545674e-05,0.0,nan,nan,nan
5221.678,1.545086e-05,0.0,nan,nan,nan
5221.762,1.545275e-05,0.0,nan,nan,nan
5221.845,1.545349e-05,0.0,nan,nan,nan
5221.929,1.545356e-05,0.0,nan,nan,nan
5222.013,1.545587e-05,0.0,nan,nan,nan
5222.096,1.545517e-05,0.0,nan,nan,nan
5222.203,1.545599e-05,0.0,nan,nan,nan
5222.289,1.5453e-05,0.0,nan,nan,nan
5222.373,1.545369e-05,0.0,nan,nan,nan
5222.456,1.545217e-05,0.0,nan,nan,nan
5222.554,1.545599e-05,0.0,nan,nan,nan
5222.638,1.545531e-05,0.0,nan,nan,nan
5222.722,1.545162e-05,0.0,nan,nan,nan
5222.805,1.545089e-05,0.0,nan,nan,nan
5222.889,1.545579e-05,0.0,nan,nan,nan
5222.979,1.54566e-05,0.0,nan,nan,nan
5223.063,1.545388e-05,0.0,nan,nan,nan
5223.16,1.545446e-05,0.0,nan,nan,nan
5223.244,1.545408e-05,0.0,nan,nan,nan
5223.328,1.545716e-05,0.0,nan,nan,nan
5223.412,1.545131e-05,0.0,nan,nan,nan
5223.495,1.545241e-05,0.0,nan,nan,nan
5223.584,1.545834e-05,0.0,nan,nan,nan
5223.668,1.545349e-05,0.0,nan,nan,nan
5223.771,1.545563e-05,0.0,nan,nan,nan
5223.854,1.545646e-05,0.0,nan,nan,nan
5223.939,1.545798e-05,0.0,nan,nan,nan
5224.023,1.545768e-05,0.0,nan,nan,nan
5224.108,1.545752e-05,0.0,nan,nan,nan
5224.191,1.545663e-05,0.0,nan,nan,nan
5224.275,1.545863e-05,0.0,nan,nan,nan
5224.359,1.545677e-05,0.0,nan,nan,nan
5224.443,1.545289e-05,0.0,nan,nan,nan
5224.526,1.545774e-05,0.0,nan,nan,nan
5224.61,1.545706e-05,0.0,nan,nan,nan
5224.694,1.545644e-05,0.0,nan,nan,nan
5224.778,1.545691e-05,0.0,nan,nan,nan
5224.862,1.54577e-05,0.0,nan,nan,nan
5224.945,1.545748e-05,0.0,nan,nan,nan
5225.029,1.545916e-05,0.0,nan,nan,nan
5225.113,1.5456e-05,0.0,nan,nan,nan
5225.212,1.545861e-05,0.0,nan,nan,nan
5225.295,1.545898e-05,0.0,nan,nan,nan
5225.379,1.545549e-05,0.0,nan,nan,nan
5225.463,1.5455e-05,0.0,nan,nan,nan
5225.546,1.545276e-05,0.0,nan,nan,nan
5225.645,1.545424e-05,0.0,nan,nan,nan
5225.73,1.545564e-05,0.0,nan,nan,nan
5225.83,1.545282e-05,0.0,nan,nan,nan
5225.914,1.545729e-05,0.0,nan,nan,nan
5225.997,1.545593e-05,0.0,nan,nan,nan
5226.081,1.545274e-05,0.0,nan,nan,nan
5226.165,1.545704e-05,0.0,nan,nan,nan
5226.249,1.545558e-05,0.0,nan,nan,nan
5226.336,1.545705e-05,0.0,nan,nan,nan
5226.441,1.546168e-05,0.0,nan,nan,nan
5226.524,1.545647e-05,0.0,nan,nan,nan
5226.608,1.545536e-05,0.0,nan,nan,nan
5226.691,1.545672e-05,0.0,nan,nan,nan
5226.775,1.545711e-05,0.0,nan,nan,nan
5226.859,1.545818e-05,0.0,nan,nan,nan
5226.942,1.545813e-05,0.0,nan,nan,nan
5227.04,1.545926e-05,0.0,nan,nan,nan
5227.124,1.545763e-05,0.0,nan,nan,nan
5227.208,1.545641e-05,0.0,nan,nan,nan
5227.291,1.546266e-05,0.0,nan,nan,nan
5227.376,1.545892e-05,0.0,nan,nan,nan
5227.463,1.545899e-05,0.0,nan,nan,nan
5227.552,1.545872e-05,0.0,nan,nan,nan
5227.637,1.546016e-05,0.0,nan,nan,nan
5227.727,1.545758e-05,0.0,nan,nan,nan
5227.811,1.545506e-05,0.0,nan,nan,nan
5227.894,1.545418e-05,0.0,nan,nan,nan
5227.978,1.545935e-05,0.0,nan,nan,nan
5228.08,1.545504e-05,0.0,nan,nan,nan
5228.169,1.54576e-05,0.0,nan,nan,nan
5228.273,1.545569e-05,0.0,nan,nan,nan
5228.356,1.545537e-05,0.0,nan,nan,nan
5228.453,1.54568e-05,0.0,nan,nan,nan
5228.537,1.545931e-05,0.0,nan,nan,nan
5228.62,1.545749e-05,0.0,nan,nan,nan
5228.704,1.545673e-05,0.0,nan,nan,nan
5228.788,1.545937e-05,0.0,nan,nan,nan
5228.877,1.545799e-05,0.0,nan,nan,nan
5228.961,1.54575e-05,0.0,nan,nan,nan
5229.059,1.545972e-05,0.0,nan,nan,nan
5229.142,1.546085e-05,0.0,nan,nan,nan
5229.226,1.545695e-05,0.0,nan,nan,nan
5229.31,1.545661e-05,0.0,nan,nan,nan
5229.394,1.545925e-05,0.0,nan,nan,nan
5229.498,1.545802e-05,0.0,nan,nan,nan
5229.581,1.545512e-05,0.0,nan,nan,nan
5229.665,1.545625e-05,0.0,nan,nan,nan
5229.76,1.545706e-05,0.0,nan,nan,nan
5229.846,1.545363e-05,0.0,nan,nan,nan
5229.93,1.545209e-05,0.0,nan,nan,nan
5230.016,1.545142e-05,0.0,nan,nan,nan
5230.104,1.545583e-05,0.0,nan,nan,nan
5230.188,1.545501e-05,0.0,nan,nan,nan
5230.274,1.545636e-05,0.0,nan,nan,nan
5230.358,1.545359e-05,0.0,nan,nan,nan
5230.442,1.54563e-05,0.0,nan,nan,nan
5230.526,1.545592e-05,0.0,nan,nan,nan
5230.609,1.545635e-05,0.0,nan,nan,nan
5230.714,1.546082e-05,0.0,nan,nan,nan
5230.798,1.545767e-05,0.0,nan,nan,nan
5230.884,1.545397e-05,0.0,nan,nan,nan
5230.967,1.545461e-05,0.0,nan,nan,nan
5231.051,1.545509e-05,0.0,nan,nan,nan
5231.134,1.545735e-05,0.0,nan,nan,nan
5231.218,1.545465e-05,0.0,nan,nan,nan
5231.302,1.545693e-05,0.0,nan,nan,nan
5231.386,1.545682e-05,0.0,nan,nan,nan
5231.47,1.545376e-05,0.0,nan,nan,nan
5231.554,1.545531e-05,0.0,nan,nan,nan
5231.638,1.545857e-05,0.0,nan,nan,nan
5231.742,1.545485e-05,0.0,nan,nan,nan
5232.546,1.545534e-05,0.0,nan,nan,nan
5232.643,1.54529e-05,0.0,nan,nan,nan
5232.743,1.545217e-05,0.0,nan,nan,nan
5232.827,1.545647e-05,0.0,nan,nan,nan
5232.911,1.545759e-05,0.0,nan,nan,nan
5232.994,1.545805e-05,0.0,nan,nan,nan
5233.079,1.545299e-05,0.0,nan,nan,nan
5233.184,1.545828e-05,0.0,nan,nan,nan
5233.268,1.545698e-05,0.0,nan,nan,nan
5233.365,1.545706e-05,0.0,nan,nan,nan
5233.449,1.545579e-05,0.0,nan,nan,nan
5233.535,1.545625e-05,0.0,nan,nan,nan
5233.619,1.545593e-05,0.0,nan,nan,nan
5233.702,1.545742e-05,0.0,nan,nan,nan
5233.786,1.545274e-05,0.0,nan,nan,nan
5233.87,1.545213e-05,0.0,nan,nan,nan
5233.959,1.545424e-05,0.0,nan,nan,nan
5234.042,1.54537e-05,0.0,nan,nan,nan
5234.127,1.545384e-05,0.0,nan,nan,nan
5234.21,1.545406e-05,0.0,nan,nan,nan
5234.294,1.545373e-05,0.0,nan,nan,nan
5234.396,1.545505e-05,0.0,nan,nan,nan
5234.48,1.54541e-05,0.0,nan,nan,nan
5234.577,1.54578e-05,0.0,nan,nan,nan
5234.661,1.545493e-05,0.0,nan,nan,nan
5234.745,1.545535e-05,0.0,nan,nan,nan
5234.828,1.545438e-05,0.0,nan,nan,nan
5234.918,1.545275e-05,0.0,nan,nan,nan
5235.016,1.545347e-05,0.0,nan,nan,nan
5235.1,1.545386e-05,0.0,nan,nan,nan
5235.204,1.545523e-05,0.0,nan,nan,nan
5235.288,1.545585e-05,0.0,nan,nan,nan
5235.372,1.54561e-05,0.0,nan,nan,nan
5235.455,1.545574e-05,0.0,nan,nan,nan
5235.539,1.545172e-05,0.0,nan,nan,nan
5235.629,1.544967e-05,0.0,nan,nan,nan
5235.717,1.545258e-05,0.0,nan,nan,nan
5235.82,1.545276e-05,0.0,nan,nan,nan
5235.904,1.54508e-05,0.0,nan,nan,nan
5235.988,1.545527e-05,0.0,nan,nan,nan
5236.071,1.545238e-05,0.0,nan,nan,nan
5236.155,1.545271e-05,0.0,nan,nan,nan
5236.239,1.545922e-05,0.0,nan,nan,nan
5236.322,1.545412e-05,0.0,nan,nan,nan
5236.411,1.545672e-05,0.0,nan,nan,nan
5236.495,1.545559e-05,0.0,nan,nan,nan
5236.578,1.545682e-05,0.0,nan,nan,nan
5236.663,1.544927e-05,0.0,nan,nan,nan
5236.747,1.545336e-05,0.0,nan,nan,nan
5236.844,1.545373e-05,0.0,nan,nan,nan
5236.927,1.545577e-05,0.0,nan,nan,nan
5237.012,1.545466e-05,0.0,nan,nan,nan
5237.096,1.54543e-05,0.0,nan,nan,nan
5237.179,1.544948e-05,0.0,nan,nan,nan
5237.265,1.54525e-05,0.0,nan,nan,nan
5237.349,1.545392e-05,0.0,nan,nan,nan
5237.432,1.545099e-05,0.0,nan,nan,nan
5237.516,1.545156e-05,0.0,nan,nan,nan
5237.6,1.545309e-05,0.0,nan,nan,nan
5237.684,1.545002e-05,0.0,nan,nan,nan
5237.77,1.545828e-05,0.0,nan,nan,nan
5237.869,1.545099e-05,0.0,nan,nan,nan
5237.953,1.545897e-05,0.0,nan,nan,nan
5238.036,1.54551e-05,0.0,nan,nan,nan
5238.12,1.54558e-05,0.0,nan,nan,nan
5238.205,1.545204e-05,0.0,nan,nan,nan
5238.289,1.545569e-05,0.0,nan,nan,nan
5238.372,1.545616e-05,0.0,nan,nan,nan
5238.467,1.545614e-05,0.0,nan,nan,nan
5238.551,1.545562e-05,0.0,nan,nan,nan
5238.635,1.545751e-05,0.0,nan,nan,nan
5238.721,1.545708e-05,0.0,nan,nan,nan
5238.805,1.545889e-05,0.0,nan,nan,nan
5238.89,1.54591e-05,0.0,nan,nan,nan
5238.974,1.545619e-05,0.0,nan,nan,nan
5239.059,1.545692e-05,0.0,nan,nan,nan
5239.142,1.54558e-05,0.0,nan,nan,nan
5239.226,1.545312e-05,0.0,nan,nan,nan
5239.317,1.54543e-05,0.0,nan,nan,nan
5239.401,1.545447e-05,0.0,nan,nan,nan
5239.508,1.545223e-05,0.0,nan,nan,nan
5239.591,1.545065e-05,0.0,nan,nan,nan
5239.675,1.545312e-05,0.0,nan,nan,nan
5239.759,1.545337e-05,0.0,nan,nan,nan
5239.843,1.545685e-05,0.0,nan,nan,nan
5239.934,1.54581e-05,0.0,nan,nan,nan
5240.021,1.545645e-05,0.0,nan,nan,nan
5240.117,1.545885e-05,0.0,nan,nan,nan
5240.201,1.545495e-05,0.0,nan,nan,nan
5240.284,1.545902e-05,0.0,nan,nan,nan
5240.368,1.54582e-05,0.0,nan,nan,nan
5240.452,1.545388e-05,0.0,nan,nan,nan
5240.553,1.545416e-05,0.0,nan,nan,nan
5240.637,1.545345e-05,0.0,nan,nan,nan
5240.757,1.545125e-05,0.0,nan,nan,nan
5240.841,1.545604e-05,0.0,nan,nan,nan
5240.932,1.545213e-05,0.0,nan,nan,nan
5241.016,1.545006e-05,0.0,nan,nan,nan
5241.1,1.545476e-05,0.0,nan,nan,nan
5241.183,1.54488e-05,0.0,nan,nan,nan
5241.268,1.544938e-05,0.0,nan,nan,nan
5241.352,1.54492e-05,0.0,nan,nan,nan
5241.436,1.54524e-05,0.0,nan,nan,nan
5241.541,1.544936e-05,0.0,nan,nan,nan
5241.625,1.544992e-05,0.0,nan,nan,nan
5241.708,1.545349e-05,0.0,nan,nan,nan
5241.792,1.545373e-05,0.0,nan,nan,nan
5241.876,1.545748e-05,0.0,nan,nan,nan
5241.969,1.545802e-05,0.0,nan,nan,nan
5242.053,1.545213e-05,0.0,nan,nan,nan
5242.15,1.544818e-05,0.0,nan,nan,nan
5242.234,1.545352e-05,0.0,nan,nan,nan
5242.332,1.545551e-05,0.0,nan,nan,nan
5242.415,1.54493e-05,0.0,nan,nan,nan
5242.502,1.545507e-05,0.0,nan,nan,nan
5242.586,1.545342e-05,0.0,nan,nan,nan
5242.67,1.544986e-05,0.0,nan,nan,nan
5242.753,1.545111e-05,0.0,nan,nan,nan
5242.86,1.545289e-05,0.0,nan,nan,nan
5242.944,1.544923e-05,0.0,nan,nan,nan
5243.028,1.545283e-05,0.0,nan,nan,nan
5243.111,1.545132e-05,0.0,nan,nan,nan
5243.195,1.545298e-05,0.0,nan,nan,nan
5243.283,1.545362e-05,0.0,nan,nan,nan
5243.37,1.545152e-05,0.0,nan,nan,nan
5243.453,1.545291e-05,0.0,nan,nan,nan
5243.537,1.544558e-05,0.0,nan,nan,nan
5243.621,1.545297e-05,0.0,nan,nan,nan
5243.704,1.544978e-05,0.0,nan,nan,nan
5243.792,1.544913e-05,0.0,nan,nan,nan
5243.876,1.545055e-05,0.0,nan,nan,nan
5243.96,1.545101e-05,0.0,nan,nan,nan
5244.044,1.5453e-05,0.0,nan,nan,nan
5244.127,1.544972e-05,0.0,nan,nan,nan
5244.211,1.54502e-05,0.0,nan,nan,nan
5244.296,1.545287e-05,0.0,nan,nan,nan
5244.394,1.544794e-05,0.0,nan,nan,nan
5244.478,1.545138e-05,0.0,nan,nan,nan
5244.573,1.545319e-05,0.0,nan,nan,nan
5244.657,1.545339e-05,0.0,nan,nan,nan
5244.743,1.54522e-05,0.0,nan,nan,nan
5244.828,1.54537e-05,0.0,nan,nan,nan
5244.926,1.544839e-05,0.0,nan,nan,nan
5245.023,1.545175e-05,0.0,nan,nan,nan
5245.107,1.545108e-05,0.0,nan,nan,nan
5245.206,1.544913e-05,0.0,nan,nan,nan
5245.29,1.545054e-05,0.0,nan,nan,nan
5245.374,1.54502e-05,0.0,nan,nan,nan
5245.458,1.54526e-05,0.0,nan,nan,nan
5245.541,1.544855e-05,0.0,nan,nan,nan
5245.629,1.544956e-05,0.0,nan,nan,nan
5245.713,1.544761e-05,0.0,nan,nan,nan
5245.811,1.544843e-05,0.0,nan,nan,nan
5245.894,1.544861e-05,0.0,nan,nan,nan
5245.978,1.545174e-05,0.0,nan,nan,nan
5246.062,1.544705e-05,0.0,nan,nan,nan
5246.145,1.54492e-05,0.0,nan,nan,nan
5246.243,1.544609e-05,0.0,nan,nan,nan
5246.327,1.544705e-05,0.0,nan,nan,nan
5246.41,1.544514e-05,0.0,nan,nan,nan
5246.494,1.544711e-05,0.0,nan,nan,nan
5246.578,1.544584e-05,0.0,nan,nan,nan
5246.662,1.544636e-05,0.0,nan,nan,nan
5246.746,1.545075e-05,0.0,nan,nan,nan
5246.829,1.545091e-05,0.0,nan,nan,nan
5246.913,1.54513e-05,0.0,nan,nan,nan
5246.996,1.545131e-05,0.0,nan,nan,nan
5247.09,1.545179e-05,0.0,nan,nan,nan
5247.173,1.545234e-05,0.0,nan,nan,nan
5247.273,1.545165e-05,0.0,nan,nan,nan
5247.357,1.545172e-05,0.0,nan,nan,nan
5247.464,1.545457e-05,0.0,nan,nan,nan
5247.548,1.545003e-05,0.0,nan,nan,nan
5247.632,1.545099e-05,0.0,nan,nan,nan
5247.716,1.545351e-05,0.0,nan,nan,nan
5247.799,1.545282e-05,0.0,nan,nan,nan
5247.883,1.545048e-05,0.0,nan,nan,nan
5247.968,1.545377e-05,0.0,nan,nan,nan
5248.066,1.545534e-05,0.0,nan,nan,nan
5248.15,1.545624e-05,0.0,nan,nan,nan
5248.237,1.545644e-05,0.0,nan,nan,nan
5248.32,1.545187e-05,0.0,nan,nan,nan
5248.404,1.545293e-05,0.0,nan,nan,nan
5248.488,1.545614e-05,0.0,nan,nan,nan
5248.572,1.545348e-05,0.0,nan,nan,nan
5248.656,1.545732e-05,0.0,nan,nan,nan
5248.739,1.545621e-05,0.0,nan,nan,nan
5248.823,1.545135e-05,0.0,nan,nan,nan
5248.906,1.545859e-05,0.0,nan,nan,nan
5249.011,1.545786e-05,0.0,nan,nan,nan
5249.095,1.545426e-05,0.0,nan,nan,nan
5249.178,1.545245e-05,0.0,nan,nan,nan
5249.262,1.545169e-05,0.0,nan,nan,nan
5249.345,1.545296e-05,0.0,nan,nan,nan
5249.43,1.545365e-05,0.0,nan,nan,nan
5249.529,1.545499e-05,0.0,nan,nan,nan
5249.613,1.545425e-05,0.0,nan,nan,nan
5249.714,1.545496e-05,0.0,nan,nan,nan
5249.797,1.545436e-05,0.0,nan,nan,nan
5249.881,1.54542e-05,0.0,nan,nan,nan
5249.964,1.545358e-05,0.0,nan,nan,nan
5250.052,1.54531e-05,0.0,nan,nan,nan
5250.136,1.54566e-05,0.0,nan,nan,nan
5250.22,1.545326e-05,0.0,nan,nan,nan
5250.326,1.545647e-05,0.0,nan,nan,nan
5250.41,1.545578e-05,0.0,nan,nan,nan
5250.493,1.545103e-05,0.0,nan,nan,nan
5250.577,1.545407e-05,0.0,nan,nan,nan
5250.661,1.545429e-05,0.0,nan,nan,nan
5250.745,1.545608e-05,0.0,nan,nan,nan
5250.833,1.545227e-05,0.0,nan,nan,nan
5250.917,1.545701e-05,0.0,nan,nan,nan
5251.001,1.545359e-05,0.0,nan,nan,nan
5251.107,1.545402e-05,0.0,nan,nan,nan
5251.192,1.545157e-05,0.0,nan,nan,nan
5251.276,1.545473e-05,0.0,nan,nan,nan
5251.36,1.545461e-05,0.0,nan,nan,nan
5251.447,1.545023e-05,0.0,nan,nan,nan
5251.543,1.545049e-05,0.0,nan,nan,nan
5251.628,1.545182e-05,0.0,nan,nan,nan
5251.714,1.545088e-05,0.0,nan,nan,nan
5251.798,1.54488e-05,0.0,nan,nan,nan
5251.886,1.544961e-05,0.0,nan,nan,nan
5251.97,1.545304e-05,0.0,nan,nan,nan
5252.053,1.545659e-05,0.0,nan,nan,nan
5252.161,1.545508e-05,0.0,nan,nan,nan
5252.244,1.545477e-05,0.0,nan,nan,nan
5252.346,1.545215e-05,0.0,nan,nan,nan
5252.429,1.545468e-05,0.0,nan,nan,nan
5252.516,1.545368e-05,0.0,nan,nan,nan
5252.6,1.545223e-05,0.0,nan,nan,nan
5252.683,1.545241e-05,0.0,nan,nan,nan
5252.775,1.545332e-05,0.0,nan,nan,nan
5252.859,1.545368e-05,0.0,nan,nan,nan
5252.942,1.545499e-05,0.0,nan,nan,nan
5253.026,1.545761e-05,0.0,nan,nan,nan
5253.109,1.545245e-05,0.0,nan,nan,nan
5253.193,1.545326e-05,0.0,nan,nan,nan
5253.277,1.545661e-05,0.0,nan,nan,nan
5253.361,1.545391e-05,0.0,nan,nan,nan
5253.444,1.545162e-05,0.0,nan,nan,nan
5253.535,1.545489e-05,0.0,nan,nan,nan
5253.621,1.545943e-05,0.0,nan,nan,nan
5253.705,1.545645e-05,0.0,nan,nan,nan
5253.792,1.545348e-05,0.0,nan,nan,nan
5253.876,1.545477e-05,0.0,nan,nan,nan
5253.959,1.545835e-05,0.0,nan,nan,nan
5254.043,1.545682e-05,0.0,nan,nan,nan
5254.127,1.545648e-05,0.0,nan,nan,nan
5254.21,1.5456e-05,0.0,nan,nan,nan
5254.294,1.54577e-05,0.0,nan,nan,nan
5254.378,1.545331e-05,0.0,nan,nan,nan
5254.461,1.545821e-05,0.0,nan,nan,nan
5254.547,1.545088e-05,0.0,nan,nan,nan
5254.63,1.545683e-05,0.0,nan,nan,nan
5254.715,1.545783e-05,0.0,nan,nan,nan
5254.811,1.545455e-05,0.0,nan,nan,nan
5254.894,1.54534e-05,0.0,nan,nan,nan
5254.979,1.545209e-05,0.0,nan,nan,nan
5255.063,1.545686e-05,0.0,nan,nan,nan
5255.146,1.545307e-05,0.0,nan,nan,nan
5255.231,1.545222e-05,0.0,nan,nan,nan
5255.316,1.545533e-05,0.0,nan,nan,nan
5255.409,1.545489e-05,0.0,nan,nan,nan
5255.492,1.545244e-05,0.0,nan,nan,nan
5255.576,1.545449e-05,0.0,nan,nan,nan
5255.66,1.545896e-05,0.0,nan,nan,nan
5255.745,1.545463e-05,0.0,nan,nan,nan
5255.828,1.545531e-05,0.0,nan,nan,nan
5255.912,1.545387e-05,0.0,nan,nan,nan
5255.996,1.545358e-05,0.0,nan,nan,nan
5256.08,1.545183e-05,0.0,nan,nan,nan
5256.163,1.545285e-05,0.0,nan,nan,nan
5256.256,1.545328e-05,0.0,nan,nan,nan
5256.34,1.545234e-05,0.0,nan,nan,nan
5256.432,1.545269e-05,0.0,nan,nan,nan
5256.516,1.545195e-05,0.0,nan,nan,nan
5256.604,1.545258e-05,0.0,nan,nan,nan
5256.687,1.545042e-05,0.0,nan,nan,nan
5256.771,1.545302e-05,0.0,nan,nan,nan
5256.859,1.545226e-05,0.0,nan,nan,nan
5256.943,1.545278e-05,0.0,nan,nan,nan
5257.026,1.545234e-05,0.0,nan,nan,nan
5257.11,1.545086e-05,0.0,nan,nan,nan
5257.197,1.545623e-05,0.0,nan,nan,nan
5257.28,1.545116e-05,0.0,nan,nan,nan
5257.364,1.544573e-05,0.0,nan,nan,nan
5257.448,1.545342e-05,0.0,nan,nan,nan
5257.531,1.545453e-05,0.0,nan,nan,nan
5257.618,1.545342e-05,0.0,nan,nan,nan
5257.701,1.545057e-05,0.0,nan,nan,nan
5257.785,1.544959e-05,0.0,nan,nan,nan
5257.868,1.545319e-05,0.0,nan,nan,nan
5257.952,1.545228e-05,0.0,nan,nan,nan
5258.036,1.545504e-05,0.0,nan,nan,nan
5258.121,1.54502e-05,0.0,nan,nan,nan
5258.205,1.544825e-05,0.0,nan,nan,nan
5258.302,1.545151e-05,0.0,nan,nan,nan
5258.386,1.545266e-05,0.0,nan,nan,nan
5258.469,1.545666e-05,0.0,nan,nan,nan
5258.553,1.545274e-05,0.0,nan,nan,nan
5258.636,1.545489e-05,0.0,nan,nan,nan
5258.735,1.545617e-05,0.0,nan,nan,nan
5258.818,1.54573e-05,0.0,nan,nan,nan
5258.91,1.545297e-05,0.0,nan,nan,nan
5258.993,1.545145e-05,0.0,nan,nan,nan
5259.077,1.54519e-05,0.0,nan,nan,nan
5259.161,1.545393e-05,0.0,nan,nan,nan
5259.244,1.545531e-05,0.0,nan,nan,nan
5259.332,1.54495e-05,0.0,nan,nan,nan
5259.416,1.545443e-05,0.0,nan,nan,nan
5259.501,1.545468e-05,0.0,nan,nan,nan
5259.585,1.545208e-05,0.0,nan,nan,nan
5259.669,1.545265e-05,0.0,nan,nan,nan
5259.753,1.545164e-05,0.0,nan,nan,nan
5259.837,1.545243e-05,0.0,nan,nan,nan
5259.947,1.545518e-05,0.0,nan,nan,nan
5260.035,1.545587e-05,0.0,nan,nan,nan
5260.121,1.545437e-05,0.0,nan,nan,nan
5260.204,1.545532e-05,0.0,nan,nan,nan
5260.289,1.545409e-05,0.0,nan,nan,nan
5260.373,1.545597e-05,0.0,nan,nan,nan
5260.457,1.545545e-05,0.0,nan,nan,nan
5260.555,1.545107e-05,0.0,nan,nan,nan
5260.639,1.545849e-05,0.0,nan,nan,nan
5260.727,1.545266e-05,0.0,nan,nan,nan
5260.811,1.545794e-05,0.0,nan,nan,nan
5260.895,1.545858e-05,0.0,nan,nan,nan
5260.984,1.545493e-05,0.0,nan,nan,nan
5261.068,1.545716e-05,0.0,nan,nan,nan
5261.176,1.545706e-05,0.0,nan,nan,nan
5261.26,1.545595e-05,0.0,nan,nan,nan
5261.343,1.545587e-05,0.0,nan,nan,nan
5261.427,1.545344e-05,0.0,nan,nan,nan
5261.51,1.545349e-05,0.0,nan,nan,nan
5261.597,1.545436e-05,0.0,nan,nan,nan
5261.685,1.54522e-05,0.0,nan,nan,nan
5261.78,1.545357e-05,0.0,nan,nan,nan
5261.864,1.545884e-05,0.0,nan,nan,nan
5261.947,1.545469e-05,0.0,nan,nan,nan
5262.031,1.54557e-05,0.0,nan,nan,nan
5262.115,1.545334e-05,0.0,nan,nan,nan
5262.21,1.545907e-05,0.0,nan,nan,nan
5262.294,1.545771e-05,0.0,nan,nan,nan
5262.399,1.545562e-05,0.0,nan,nan,nan
5262.482,1.545457e-05,0.0,nan,nan,nan
5262.582,1.545438e-05,0.0,nan,nan,nan
5262.666,1.545897e-05,0.0,nan,nan,nan
5262.75,1.545311e-05,0.0,nan,nan,nan
5262.833,1.545324e-05,0.0,nan,nan,nan
5262.918,1.545277e-05,0.0,nan,nan,nan
5263.025,1.545299e-05,0.0,nan,nan,nan
5263.109,1.54529e-05,0.0,nan,nan,nan
5263.21,1.545321e-05,0.0,nan,nan,nan
5263.293,1.545629e-05,0.0,nan,nan,nan
5263.379,1.545463e-05,0.0,nan,nan,nan
5263.477,1.545368e-05,0.0,nan,nan,nan
5263.56,1.545479e-05,0.0,nan,nan,nan
5263.644,1.545174e-05,0.0,nan,nan,nan
5263.73,1.545235e-05,0.0,nan,nan,nan
5263.818,1.545188e-05,0.0,nan,nan,nan
5263.902,1.545311e-05,0.0,nan,nan,nan
5263.987,1.545026e-05,0.0,nan,nan,nan
5264.071,1.545384e-05,0.0,nan,nan,nan
5264.154,1.545387e-05,0.0,nan,nan,nan
5264.238,1.545089e-05,0.0,nan,nan,nan
5264.322,1.544996e-05,0.0,nan,nan,nan
5264.418,1.545309e-05,0.0,nan,nan,nan
5264.502,1.545648e-05,0.0,nan,nan,nan
5264.586,1.545683e-05,0.0,nan,nan,nan
5264.67,1.545534e-05,0.0,nan,nan,nan
5264.753,1.545418e-05,0.0,nan,nan,nan
5264.849,1.54501e-05,0.0,nan,nan,nan
5264.932,1.545676e-05,0.0,nan,nan,nan
5265.041,1.545622e-05,0.0,nan,nan,nan
5265.125,1.545556e-05,0.0,nan,nan,nan
5265.209,1.545516e-05,0.0,nan,nan,nan
5265.292,1.545553e-05,0.0,nan,nan,nan
5265.377,1.545503e-05,0.0,nan,nan,nan
5265.461,1.545298e-05,0.0,nan,nan,nan
5265.558,1.54543e-05,0.0,nan,nan,nan
5265.655,1.54554e-05,0.0,nan,nan,nan
5265.739,1.545628e-05,0.0,nan,nan,nan
5265.825,1.545567e-05,0.0,nan,nan,nan
5265.909,1.545617e-05,0.0,nan,nan,nan
5265.993,1.545893e-05,0.0,nan,nan,nan
5266.077,1.545275e-05,0.0,nan,nan,nan
5266.161,1.544929e-05,0.0,nan,nan,nan
5266.246,1.544805e-05,0.0,nan,nan,nan
5266.33,1.545191e-05,0.0,nan,nan,nan
5266.416,1.544949e-05,0.0,nan,nan,nan
5266.5,1.545264e-05,0.0,nan,nan,nan
5266.584,1.54477e-05,0.0,nan,nan,nan
5266.678,1.544968e-05,0.0,nan,nan,nan
5266.762,1.545206e-05,0.0,nan,nan,nan
5266.846,1.544829e-05,0.0,nan,nan,nan
5266.93,1.544949e-05,0.0,nan,nan,nan
5267.014,1.544716e-05,0.0,nan,nan,nan
5267.102,1.545091e-05,0.0,nan,nan,nan
5267.186,1.545306e-05,0.0,nan,nan,nan
5267.286,1.545034e-05,0.0,nan,nan,nan
5267.37,1.545081e-05,0.0,nan,nan,nan
5267.453,1.545324e-05,0.0,nan,nan,nan
5267.537,1.545792e-05,0.0,nan,nan,nan
5267.626,1.545338e-05,0.0,nan,nan,nan
5267.718,1.545474e-05,0.0,nan,nan,nan
5267.802,1.54541e-05,0.0,nan,nan,nan
5267.902,1.545585e-05,0.0,nan,nan,nan
5267.986,1.545764e-05,0.0,nan,nan,nan
5268.095,1.545425e-05,0.0,nan,nan,nan
5268.179,1.545597e-05,0.0,nan,nan,nan
5268.262,1.545574e-05,0.0,nan,nan,nan
5268.346,1.545165e-05,0.0,nan,nan,nan
5268.429,1.545456e-05,0.0,nan,nan,nan
5268.518,1.545968e-05,0.0,nan,nan,nan
5268.602,1.545469e-05,0.0,nan,nan,nan
5268.686,1.545606e-05,0.0,nan,nan,nan
5268.77,1.545593e-05,0.0,nan,nan,nan
5268.858,1.545449e-05,0.0,nan,nan,nan
5268.942,1.545498e-05,0.0,nan,nan,nan
5269.03,1.545217e-05,0.0,nan,nan,nan
5269.119,1.54554e-05,0.0,nan,nan,nan
5269.202,1.545682e-05,0.0,nan,nan,nan
5269.288,1.54542e-05,0.0,nan,nan,nan
5269.371,1.545782e-05,0.0,nan,nan,nan
5269.455,1.545147e-05,0.0,nan,nan,nan
5269.553,1.545879e-05,0.0,nan,nan,nan
5269.683,1.545701e-05,0.0,nan,nan,nan
5269.777,1.54582e-05,0.0,nan,nan,nan
5269.864,1.545692e-05,0.0,nan,nan,nan
5269.954,1.545906e-05,0.0,nan,nan,nan
5270.038,1.545989e-05,0.0,nan,nan,nan
5270.122,1.545662e-05,0.0,nan,nan,nan
5270.205,1.545609e-05,0.0,nan,nan,nan
5270.289,1.545785e-05,0.0,nan,nan,nan
5270.373,1.545974e-05,0.0,nan,nan,nan
5270.456,1.545361e-05,0.0,nan,nan,nan
5270.561,1.545736e-05,0.0,nan,nan,nan
5270.645,1.545746e-05,0.0,nan,nan,nan
5270.728,1.545556e-05,0.0,nan,nan,nan
5270.811,1.545744e-05,0.0,nan,nan,nan
5270.898,1.545756e-05,0.0,nan,nan,nan
5270.982,1.545195e-05,0.0,nan,nan,nan
5271.065,1.545638e-05,0.0,nan,nan,nan
5271.17,1.545906e-05,0.0,nan,nan,nan
5271.254,1.545889e-05,0.0,nan,nan,nan
5271.353,1.545924e-05,0.0,nan,nan,nan
5271.437,1.545969e-05,0.0,nan,nan,nan
5271.521,1.545566e-05,0.0,nan,nan,nan
5271.605,1.545523e-05,0.0,nan,nan,nan
5271.739,1.545678e-05,0.0,nan,nan,nan
5271.836,1.545799e-05,0.0,nan,nan,nan
5271.919,1.545665e-05,0.0,nan,nan,nan
5272.002,1.545578e-05,0.0,nan,nan,nan
5272.086,1.546133e-05,0.0,nan,nan,nan
5272.17,1.546306e-05,0.0,nan,nan,nan
5272.253,1.546054e-05,0.0,nan,nan,nan
5272.339,1.545928e-05,0.0,nan,nan,nan
5272.423,1.545848e-05,0.0,nan,nan,nan
5272.507,1.54539e-05,0.0,nan,nan,nan
5272.602,1.546257e-05,0.0,nan,nan,nan
5272.685,1.545757e-05,0.0,nan,nan,nan
5272.793,1.54605e-05,0.0,nan,nan,nan
5272.877,1.545749e-05,0.0,nan,nan,nan
5272.961,1.545663e-05,0.0,nan,nan,nan
5273.044,1.545568e-05,0.0,nan,nan,nan
5273.129,1.545733e-05,0.0,nan,nan,nan
5273.212,1.545536e-05,0.0,nan,nan,nan
5273.303,1.545434e-05,0.0,nan,nan,nan
5273.403,1.545887e-05,0.0,nan,nan,nan
5273.486,1.545685e-05,0.0,nan,nan,nan
5273.57,1.545593e-05,0.0,nan,nan,nan
5273.654,1.544949e-05,0.0,nan,nan,nan
5273.738,1.545361e-05,0.0,nan,nan,nan
5273.823,1.545813e-05,0.0,nan,nan,nan
5273.907,1.545415e-05,0.0,nan,nan,nan
5274.005,1.545591e-05,0.0,nan,nan,nan
5274.088,1.545477e-05,0.0,nan,nan,nan
5274.175,1.545512e-05,0.0,nan,nan,nan
5274.259,1.545535e-05,0.0,nan,nan,nan
5274.343,1.545747e-05,0.0,nan,nan,nan
5274.426,1.546125e-05,0.0,nan,nan,nan
5274.51,1.545807e-05,0.0,nan,nan,nan
5274.609,1.545791e-05,0.0,nan,nan,nan
5274.692,1.545951e-05,0.0,nan,nan,nan
5274.776,1.545512e-05,0.0,nan,nan,nan
5274.86,1.545928e-05,0.0,nan,nan,nan
5274.944,1.545623e-05,0.0,nan,nan,nan
5275.054,1.545609e-05,0.0,nan,nan,nan
5275.137,1.545957e-05,0.0,nan,nan,nan
5275.235,1.545335e-05,0.0,nan,nan,nan
5275.319,1.545657e-05,0.0,nan,nan,nan
5275.403,1.545652e-05,0.0,nan,nan,nan
5275.486,1.546067e-05,0.0,nan,nan,nan
5275.572,1.545316e-05,0.0,nan,nan,nan
5275.663,1.545598e-05,0.0,nan,nan,nan
5275.746,1.545896e-05,0.0,nan,nan,nan
5275.859,1.545409e-05,0.0,nan,nan,nan
5275.942,1.545489e-05,0.0,nan,nan,nan
5276.053,1.545597e-05,0.0,nan,nan,nan
5276.137,1.546148e-05,0.0,nan,nan,nan
5276.221,1.545628e-05,0.0,nan,nan,nan
5276.304,1.545533e-05,0.0,nan,nan,nan
5276.39,1.54575e-05,0.0,nan,nan,nan
5276.474,1.545545e-05,0.0,nan,nan,nan
5276.557,1.545559e-05,0.0,nan,nan,nan
5276.641,1.545466e-05,0.0,nan,nan,nan
5276.725,1.54565e-05,0.0,nan,nan,nan
5276.81,1.545535e-05,0.0,nan,nan,nan
5276.894,1.545505e-05,0.0,nan,nan,nan
5276.978,1.545782e-05,0.0,nan,nan,nan
5277.08,1.54524e-05,0.0,nan,nan,nan
5277.168,1.545817e-05,0.0,nan,nan,nan
5277.27,1.545365e-05,0.0,nan,nan,nan
5277.354,1.545456e-05,0.0,nan,nan,nan
5277.439,1.545748e-05,0.0,nan,nan,nan
5277.523,1.545823e-05,0.0,nan,nan,nan
5277.607,1.545572e-05,0.0,nan,nan,nan
5277.694,1.545544e-05,0.0,nan,nan,nan
5277.778,1.545518e-05,0.0,nan,nan,nan
5277.877,1.545562e-05,0.0,nan,nan,nan
5277.96,1.545395e-05,0.0,nan,nan,nan
5278.044,1.545557e-05,0.0,nan,nan,nan
5278.128,1.545284e-05,0.0,nan,nan,nan
5278.211,1.5458e-05,0.0,nan,nan,nan
5278.306,1.544984e-05,0.0,nan,nan,nan
5278.39,1.545574e-05,0.0,nan,nan,nan
5278.473,1.545387e-05,0.0,nan,nan,nan
5278.557,1.545856e-05,0.0,nan,nan,nan
5278.641,1.545338e-05,0.0,nan,nan,nan
5278.724,1.545884e-05,0.0,nan,nan,nan
5278.808,1.545664e-05,0.0,nan,nan,nan
5278.91,1.545758e-05,0.0,nan,nan,nan
5278.994,1.545502e-05,0.0,nan,nan,nan
5279.077,1.545401e-05,0.0,nan,nan,nan
5279.161,1.545626e-05,0.0,nan,nan,nan
5279.244,1.545744e-05,0.0,nan,nan,nan
5279.328,1.546042e-05,0.0,nan,nan,nan
5279.411,1.546077e-05,0.0,nan,nan,nan
5279.495,1.545993e-05,0.0,nan,nan,nan
5279.579,1.54599e-05,0.0,nan,nan,nan
5279.664,1.545666e-05,0.0,nan,nan,nan
5279.751,1.545533e-05,0.0,nan,nan,nan
5279.837,1.545796e-05,0.0,nan,nan,nan
5279.937,1.545496e-05,0.0,nan,nan,nan
5280.02,1.545632e-05,0.0,nan,nan,nan
5280.118,1.546241e-05,0.0,nan,nan,nan
5280.202,1.545829e-05,0.0,nan,nan,nan
5280.287,1.545772e-05,0.0,nan,nan,nan
5280.371,1.545691e-05,0.0,nan,nan,nan
5280.454,1.545543e-05,0.0,nan,nan,nan
5280.552,1.545716e-05,0.0,nan,nan,nan
5280.635,1.545503e-05,0.0,nan,nan,nan
5280.722,1.545889e-05,0.0,nan,nan,nan
5280.806,1.545948e-05,0.0,nan,nan,nan
5280.889,1.545773e-05,0.0,nan,nan,nan
5280.973,1.545674e-05,0.0,nan,nan,nan
5281.057,1.54576e-05,0.0,nan,nan,nan
5281.149,1.5455e-05,0.0,nan,nan,nan
5281.233,1.545781e-05,0.0,nan,nan,nan
5281.317,1.545835e-05,0.0,nan,nan,nan
5281.4,1.545665e-05,0.0,nan,nan,nan
5281.484,1.54613e-05,0.0,nan,nan,nan
5281.578,1.545855e-05,0.0,nan,nan,nan
5281.662,1.546073e-05,0.0,nan,nan,nan
5281.748,1.546184e-05,0.0,nan,nan,nan
5281.832,1.545983e-05,0.0,nan,nan,nan
5281.917,1.546031e-05,0.0,nan,nan,nan
5282.02,1.545695e-05,0.0,nan,nan,nan
5282.104,1.546206e-05,0.0,nan,nan,nan
5282.203,1.545818e-05,0.0,nan,nan,nan
5282.286,1.545631e-05,0.0,nan,nan,nan
5282.378,1.545766e-05,0.0,nan,nan,nan
5282.462,1.545915e-05,0.0,nan,nan,nan
5282.546,1.545725e-05,0.0,nan,nan,nan
5282.629,1.54572e-05,0.0,nan,nan,nan
5282.714,1.545861e-05,0.0,nan,nan,nan
5282.798,1.545669e-05,0.0,nan,nan,nan
5282.882,1.545983e-05,0.0,nan,nan,nan
5282.966,1.546261e-05,0.0,nan,nan,nan
5283.05,1.545904e-05,0.0,nan,nan,nan
5283.133,1.545743e-05,0.0,nan,nan,nan
5283.234,1.545863e-05,0.0,nan,nan,nan
5283.317,1.546023e-05,0.0,nan,nan,nan
5283.401,1.546173e-05,0.0,nan,nan,nan
5283.484,1.545969e-05,0.0,nan,nan,nan
5283.569,1.545532e-05,0.0,nan,nan,nan
5283.652,1.545819e-05,0.0,nan,nan,nan
5283.736,1.546091e-05,0.0,nan,nan,nan
5283.827,1.545829e-05,0.0,nan,nan,nan
5283.911,1.545973e-05,0.0,nan,nan,nan
5283.994,1.545773e-05,0.0,nan,nan,nan
5284.077,1.545757e-05,0.0,nan,nan,nan
5284.161,1.545953e-05,0.0,nan,nan,nan
5284.264,1.546098e-05,0.0,nan,nan,nan
5284.347,1.545714e-05,0.0,nan,nan,nan
5284.441,1.546041e-05,0.0,nan,nan,nan
5284.524,1.545694e-05,0.0,nan,nan,nan
5284.608,1.545056e-05,0.0,nan,nan,nan
5284.691,1.545666e-05,0.0,nan,nan,nan
5284.779,1.545642e-05,0.0,nan,nan,nan
5284.862,1.546111e-05,0.0,nan,nan,nan
5284.947,1.545946e-05,0.0,nan,nan,nan
5285.036,1.545675e-05,0.0,nan,nan,nan
5285.12,1.545839e-05,0.0,nan,nan,nan
5285.206,1.545701e-05,0.0,nan,nan,nan
5285.29,1.545984e-05,0.0,nan,nan,nan
5285.374,1.545868e-05,0.0,nan,nan,nan
5285.464,1.54611e-05,0.0,nan,nan,nan
5285.553,1.545798e-05,0.0,nan,nan,nan
5285.637,1.545886e-05,0.0,nan,nan,nan
5285.721,1.545692e-05,0.0,nan,nan,nan
5285.805,1.545758e-05,0.0,nan,nan,nan
5285.889,1.54566e-05,0.0,nan,nan,nan
5285.973,1.546029e-05,0.0,nan,nan,nan
5286.062,1.545964e-05,0.0,nan,nan,nan
5286.146,1.546124e-05,0.0,nan,nan,nan
5286.233,1.546094e-05,0.0,nan,nan,nan
5286.33,1.545562e-05,0.0,nan,nan,nan
5286.414,1.545778e-05,0.0,nan,nan,nan
5286.497,1.54618e-05,0.0,nan,nan,nan
5286.581,1.545933e-05,0.0,nan,nan,nan
5286.674,1.546402e-05,0.0,nan,nan,nan
5286.758,1.546354e-05,0.0,nan,nan,nan
5286.841,1.546011e-05,0.0,nan,nan,nan
5286.925,1.546122e-05,0.0,nan,nan,nan
5287.009,1.545962e-05,0.0,nan,nan,nan
5287.093,1.54552e-05,0.0,nan,nan,nan
5287.177,1.545834e-05,0.0,nan,nan,nan
5287.272,1.5458e-05,0.0,nan,nan,nan
5287.356,1.545648e-05,0.0,nan,nan,nan
5287.44,1.5456e-05,0.0,nan,nan,nan
5287.524,1.545487e-05,0.0,nan,nan,nan
5287.607,1.545837e-05,0.0,nan,nan,nan
5287.694,1.545895e-05,0.0,nan,nan,nan
5287.778,1.54582e-05,0.0,nan,nan,nan
5287.881,1.545658e-05,0.0,nan,nan,nan
5287.964,1.545523e-05,0.0,nan,nan,nan
5288.048,1.545886e-05,0.0,nan,nan,nan
5288.131,1.546174e-05,0.0,nan,nan,nan
5288.216,1.546374e-05,0.0,nan,nan,nan
5288.303,1.545914e-05,0.0,nan,nan,nan
5288.387,1.545661e-05,0.0,nan,nan,nan
5288.49,1.545647e-05,0.0,nan,nan,nan
5288.574,1.545952e-05,0.0,nan,nan,nan
5288.658,1.545794e-05,0.0,nan,nan,nan
5288.742,1.545838e-05,0.0,nan,nan,nan
5288.825,1.545769e-05,0.0,nan,nan,nan
5288.916,1.545908e-05,0.0,nan,nan,nan
5289.0,1.54585e-05,0.0,nan,nan,nan
5289.106,1.546023e-05,0.0,nan,nan,nan
5289.19,1.545527e-05,0.0,nan,nan,nan
5289.275,1.545674e-05,0.0,nan,nan,nan
5289.358,1.545966e-05,0.0,nan,nan,nan
5289.442,1.545742e-05,0.0,nan,nan,nan
5289.526,1.54553e-05,0.0,nan,nan,nan
5289.61,1.545639e-05,0.0,nan,nan,nan
5289.693,1.545556e-05,0.0,nan,nan,nan
5289.777,1.54559e-05,0.0,nan,nan,nan
5289.867,1.545856e-05,0.0,nan,nan,nan
5289.953,1.545399e-05,0.0,nan,nan,nan
5290.037,1.545485e-05,0.0,nan,nan,nan
5290.123,1.545627e-05,0.0,nan,nan,nan
5290.207,1.546121e-05,0.0,nan,nan,nan
5290.29,1.545726e-05,0.0,nan,nan,nan
5290.374,1.545865e-05,0.0,nan,nan,nan
5290.457,1.546072e-05,0.0,nan,nan,nan
5290.547,1.54576e-05,0.0,nan,nan,nan
5290.631,1.545838e-05,0.0,nan,nan,nan
5290.715,1.546238e-05,0.0,nan,nan,nan
5290.798,1.545447e-05,0.0,nan,nan,nan
5290.882,1.54556e-05,0.0,nan,nan,nan
5290.982,1.545955e-05,0.0,nan,nan,nan
5291.069,1.545909e-05,0.0,nan,nan,nan
5291.154,1.545809e-05,0.0,nan,nan,nan
5291.238,1.546051e-05,0.0,nan,nan,nan
5291.321,1.545491e-05,0.0,nan,nan,nan
5291.404,1.545722e-05,0.0,nan,nan,nan
5291.489,1.545958e-05,0.0,nan,nan,nan
5291.578,1.545818e-05,0.0,nan,nan,nan
5291.661,1.545602e-05,0.0,nan,nan,nan
5291.759,1.545464e-05,0.0,nan,nan,nan
5291.843,1.545742e-05,0.0,nan,nan,nan
5291.926,1.545971e-05,0.0,nan,nan,nan
5292.01,1.545904e-05,0.0,nan,nan,nan
5292.094,1.545195e-05,0.0,nan,nan,nan
5292.191,1.545629e-05,0.0,nan,nan,nan
5292.275,1.54553e-05,0.0,nan,nan,nan
5292.371,1.54559e-05,0.0,nan,nan,nan
5292.454,1.545554e-05,0.0,nan,nan,nan
5292.541,1.545749e-05,0.0,nan,nan,nan
5292.624,1.545759e-05,0.0,nan,nan,nan
5292.708,1.545658e-05,0.0,nan,nan,nan
5292.808,1.545746e-05,0.0,nan,nan,nan
5292.892,1.546158e-05,0.0,nan,nan,nan
5292.981,1.545711e-05,0.0,nan,nan,nan
5293.065,1.546048e-05,0.0,nan,nan,nan
5293.149,1.545368e-05,0.0,nan,nan,nan
5293.233,1.545392e-05,0.0,nan,nan,nan
5293.316,1.545462e-05,0.0,nan,nan,nan
5293.405,1.545364e-05,0.0,nan,nan,nan
5293.489,1.545712e-05,0.0,nan,nan,nan
5293.596,1.545318e-05,0.0,nan,nan,nan
5293.68,1.545637e-05,0.0,nan,nan,nan
5293.764,1.54544e-05,0.0,nan,nan,nan
5293.847,1.545387e-05,0.0,nan,nan,nan
5293.931,1.545411e-05,0.0,nan,nan,nan
5294.018,1.545181e-05,0.0,nan,nan,nan
5294.102,1.545207e-05,0.0,nan,nan,nan
5294.203,1.545425e-05,0.0,nan,nan,nan
5294.287,1.545516e-05,0.0,nan,nan,nan
5294.371,1.544998e-05,0.0,nan,nan,nan
5294.494,1.545551e-05,0.0,nan,nan,nan
5294.577,1.54515e-05,0.0,nan,nan,nan
5294.66,1.545698e-05,0.0,nan,nan,nan
5294.744,1.545507e-05,0.0,nan,nan,nan
5294.843,1.545197e-05,0.0,nan,nan,nan
5294.926,1.545229e-05,0.0,nan,nan,nan
5295.03,1.545209e-05,0.0,nan,nan,nan
5295.114,1.545443e-05,0.0,nan,nan,nan
5295.197,1.545531e-05,0.0,nan,nan,nan
5295.281,1.545546e-05,0.0,nan,nan,nan
5295.365,1.545656e-05,0.0,nan,nan,nan
5295.454,1.545174e-05,0.0,nan,nan,nan
5295.537,1.545526e-05,0.0,nan,nan,nan
5295.621,1.545797e-05,0.0,nan,nan,nan
5295.705,1.545379e-05,0.0,nan,nan,nan
5295.79,1.545694e-05,0.0,nan,nan,nan
5295.874,1.545411e-05,0.0,nan,nan,nan
5295.957,1.545509e-05,0.0,nan,nan,nan
5296.059,1.545329e-05,0.0,nan,nan,nan
5296.143,1.545814e-05,0.0,nan,nan,nan
5296.227,1.545549e-05,0.0,nan,nan,nan
5296.311,1.545534e-05,0.0,nan,nan,nan
5296.395,1.545608e-05,0.0,nan,nan,nan
5296.478,1.546242e-05,0.0,nan,nan,nan
5296.577,1.54593e-05,0.0,nan,nan,nan
5296.66,1.545973e-05,0.0,nan,nan,nan
5296.744,1.545384e-05,0.0,nan,nan,nan
5296.827,1.545633e-05,0.0,nan,nan,nan
5296.911,1.545484e-05,0.0,nan,nan,nan
5296.995,1.545332e-05,0.0,nan,nan,nan
5297.079,1.544988e-05,0.0,nan,nan,nan
5297.162,1.54555e-05,0.0,nan,nan,nan
5297.246,1.545659e-05,0.0,nan,nan,nan
5297.33,1.54486e-05,0.0,nan,nan,nan
5297.414,1.54509e-05,0.0,nan,nan,nan
5297.502,1.545799e-05,0.0,nan,nan,nan
5297.585,1.545682e-05,0.0,nan,nan,nan
5297.688,1.545534e-05,0.0,nan,nan,nan
5297.771,1.545589e-05,0.0,nan,nan,nan
5297.855,1.545647e-05,0.0,nan,nan,nan
5297.938,1.545584e-05,0.0,nan,nan,nan
5298.022,1.545214e-05,0.0,nan,nan,nan
5298.106,1.545562e-05,0.0,nan,nan,nan
5298.19,1.545575e-05,0.0,nan,nan,nan
5298.286,1.545619e-05,0.0,nan,nan,nan
5298.37,1.545547e-05,0.0,nan,nan,nan
5298.454,1.545578e-05,0.0,nan,nan,nan
5298.537,1.545362e-05,0.0,nan,nan,nan
5298.669,1.545362e-05,0.0,nan,nan,nan
5298.771,1.545755e-05,0.0,nan,nan,nan
5298.854,1.545712e-05,0.0,nan,nan,nan
5298.938,1.545559e-05,0.0,nan,nan,nan
5299.021,1.545324e-05,0.0,nan,nan,nan
5299.125,1.545357e-05,0.0,nan,nan,nan
5299.208,1.545252e-05,0.0,nan,nan,nan
5299.292,1.545691e-05,0.0,nan,nan,nan
5299.376,1.545608e-05,0.0,nan,nan,nan
5299.459,1.545375e-05,0.0,nan,nan,nan
5299.543,1.545411e-05,0.0,nan,nan,nan
5299.63,1.545622e-05,0.0,nan,nan,nan
5299.722,1.545605e-05,0.0,nan,nan,nan
5299.806,1.545428e-05,0.0,nan,nan,nan
5299.89,1.545776e-05,0.0,nan,nan,nan
5299.974,1.545766e-05,0.0,nan,nan,nan
5300.057,1.545617e-05,0.0,nan,nan,nan
5300.141,1.545452e-05,0.0,nan,nan,nan
5300.224,1.545724e-05,0.0,nan,nan,nan
5300.32,1.545924e-05,0.0,nan,nan,nan
5300.404,1.545521e-05,0.0,nan,nan,nan
5300.487,1.545721e-05,0.0,nan,nan,nan
5300.571,1.545922e-05,0.0,nan,nan,nan
5300.654,1.545419e-05,0.0,nan,nan,nan
5300.742,1.545872e-05,0.0,nan,nan,nan
5300.826,1.545541e-05,0.0,nan,nan,nan
5300.909,1.545554e-05,0.0,nan,nan,nan
5300.993,1.545614e-05,0.0,nan,nan,nan
5301.077,1.545758e-05,0.0,nan,nan,nan
5301.161,1.545796e-05,0.0,nan,nan,nan
5301.248,1.545807e-05,0.0,nan,nan,nan
5301.355,1.54548e-05,0.0,nan,nan,nan
5301.439,1.545411e-05,0.0,nan,nan,nan
5301.522,1.545632e-05,0.0,nan,nan,nan
5301.606,1.545676e-05,0.0,nan,nan,nan
5301.69,1.54601e-05,0.0,nan,nan,nan
5301.774,1.545668e-05,0.0,nan,nan,nan
5301.858,1.545567e-05,0.0,nan,nan,nan
5301.962,1.545726e-05,0.0,nan,nan,nan
5302.053,1.545421e-05,0.0,nan,nan,nan
5302.145,1.545461e-05,0.0,nan,nan,nan
5302.228,1.545688e-05,0.0,nan,nan,nan
5302.312,1.545547e-05,0.0,nan,nan,nan
5302.396,1.545408e-05,0.0,nan,nan,nan
5302.479,1.54566e-05,0.0,nan,nan,nan
5302.563,1.545683e-05,0.0,nan,nan,nan
5302.647,1.545584e-05,0.0,nan,nan,nan
5302.782,1.546184e-05,0.0,nan,nan,nan
5302.869,1.54571e-05,0.0,nan,nan,nan
5302.953,1.545934e-05,0.0,nan,nan,nan
5303.063,1.546003e-05,0.0,nan,nan,nan
5303.147,1.54591e-05,0.0,nan,nan,nan
5303.231,1.545762e-05,0.0,nan,nan,nan
5303.319,1.546186e-05,0.0,nan,nan,nan
5303.405,1.546027e-05,0.0,nan,nan,nan
5303.489,1.545821e-05,0.0,nan,nan,nan
5303.573,1.545997e-05,0.0,nan,nan,nan
5303.656,1.545857e-05,0.0,nan,nan,nan
5303.742,1.546126e-05,0.0,nan,nan,nan
5303.825,1.545996e-05,0.0,nan,nan,nan
5303.909,1.545892e-05,0.0,nan,nan,nan
5303.998,1.546051e-05,0.0,nan,nan,nan
5304.082,1.546126e-05,0.0,nan,nan,nan
5304.169,1.546204e-05,0.0,nan,nan,nan
5304.252,1.545683e-05,0.0,nan,nan,nan
5304.341,1.545763e-05,0.0,nan,nan,nan
5304.432,1.545649e-05,0.0,nan,nan,nan
5304.516,1.545885e-05,0.0,nan,nan,nan
5304.604,1.546027e-05,0.0,nan,nan,nan
5304.714,1.545807e-05,0.0,nan,nan,nan
5304.844,1.546029e-05,0.0,nan,nan,nan
5304.932,1.545193e-05,0.0,nan,nan,nan
5305.016,1.545678e-05,0.0,nan,nan,nan
5305.099,1.545857e-05,0.0,nan,nan,nan
5305.184,1.545813e-05,0.0,nan,nan,nan
5305.267,1.545551e-05,0.0,nan,nan,nan
5305.356,1.545542e-05,0.0,nan,nan,nan
5305.44,1.545381e-05,0.0,nan,nan,nan
5305.524,1.545322e-05,0.0,nan,nan,nan
5305.619,1.545689e-05,0.0,nan,nan,nan
5305.703,1.545963e-05,0.0,nan,nan,nan
5305.81,1.546081e-05,0.0,nan,nan,nan
5305.894,1.546627e-05,0.0,nan,nan,nan
5305.977,1.546234e-05,0.0,nan,nan,nan
5306.061,1.546333e-05,0.0,nan,nan,nan
5306.146,1.546159e-05,0.0,nan,nan,nan
5306.233,1.546452e-05,0.0,nan,nan,nan
5306.317,1.545696e-05,0.0,nan,nan,nan
5306.401,1.545798e-05,0.0,nan,nan,nan
5306.485,1.546152e-05,0.0,nan,nan,nan
5306.57,1.545991e-05,0.0,nan,nan,nan
5306.654,1.54608e-05,0.0,nan,nan,nan
5306.737,1.545875e-05,0.0,nan,nan,nan
5306.827,1.546289e-05,0.0,nan,nan,nan
5306.944,1.545895e-05,0.0,nan,nan,nan
5307.027,1.546222e-05,0.0,nan,nan,nan
5307.111,1.546154e-05,0.0,nan,nan,nan
5307.194,1.545779e-05,0.0,nan,nan,nan
5307.278,1.545955e-05,0.0,nan,nan,nan
5307.367,1.545843e-05,0.0,nan,nan,nan
5307.452,1.545672e-05,0.0,nan,nan,nan
5307.536,1.545616e-05,0.0,nan,nan,nan
5307.62,1.545785e-05,0.0,nan,nan,nan
5307.703,1.545915e-05,0.0,nan,nan,nan
5307.791,1.545878e-05,0.0,nan,nan,nan
5307.874,1.546008e-05,0.0,nan,nan,nan
5307.958,1.545703e-05,0.0,nan,nan,nan
5308.043,1.545523e-05,0.0,nan,nan,nan
5308.127,1.545564e-05,0.0,nan,nan,nan
5308.21,1.545767e-05,0.0,nan,nan,nan
5308.294,1.545935e-05,0.0,nan,nan,nan
5308.378,1.545613e-05,0.0,nan,nan,nan
5308.461,1.545369e-05,0.0,nan,nan,nan
5308.55,1.545418e-05,0.0,nan,nan,nan
5308.634,1.545735e-05,0.0,nan,nan,nan
5308.718,1.545759e-05,0.0,nan,nan,nan
5308.802,1.545865e-05,0.0,nan,nan,nan
5308.886,1.545833e-05,0.0,nan,nan,nan
5308.97,1.545931e-05,0.0,nan,nan,nan
5309.056,1.545414e-05,0.0,nan,nan,nan
5309.14,1.545819e-05,0.0,nan,nan,nan
5309.223,1.545944e-05,0.0,nan,nan,nan
5309.307,1.546198e-05,0.0,nan,nan,nan
5309.391,1.546198e-05,0.0,nan,nan,nan
5309.474,1.546362e-05,0.0,nan,nan,nan
5309.558,1.546084e-05,0.0,nan,nan,nan
5309.642,1.546147e-05,0.0,nan,nan,nan
5309.726,1.545432e-05,0.0,nan,nan,nan
5309.809,1.545732e-05,0.0,nan,nan,nan
5309.893,1.54604e-05,0.0,nan,nan,nan
5309.978,1.545441e-05,0.0,nan,nan,nan
5310.078,1.545697e-05,0.0,nan,nan,nan
5310.162,1.545826e-05,0.0,nan,nan,nan
5310.245,1.546102e-05,0.0,nan,nan,nan
5310.329,1.54606e-05,0.0,nan,nan,nan
5310.412,1.546055e-05,0.0,nan,nan,nan
5310.513,1.545863e-05,0.0,nan,nan,nan
5310.597,1.546284e-05,0.0,nan,nan,nan
5310.681,1.546304e-05,0.0,nan,nan,nan
5310.765,1.54561e-05,0.0,nan,nan,nan
5310.849,1.545608e-05,0.0,nan,nan,nan
5310.932,1.545499e-05,0.0,nan,nan,nan
5311.016,1.545943e-05,0.0,nan,nan,nan
5311.113,1.545652e-05,0.0,nan,nan,nan
5311.199,1.545776e-05,0.0,nan,nan,nan
5311.294,1.5457e-05,0.0,nan,nan,nan
5311.378,1.545924e-05,0.0,nan,nan,nan
5311.461,1.54588e-05,0.0,nan,nan,nan
5311.545,1.545812e-05,0.0,nan,nan,nan
5311.632,1.545825e-05,0.0,nan,nan,nan
5311.729,1.545944e-05,0.0,nan,nan,nan
5311.815,1.545996e-05,0.0,nan,nan,nan
5311.923,1.545847e-05,0.0,nan,nan,nan
5312.007,1.545778e-05,0.0,nan,nan,nan
5312.109,1.54579e-05,0.0,nan,nan,nan
5312.193,1.545852e-05,0.0,nan,nan,nan
5312.278,1.546078e-05,0.0,nan,nan,nan
5312.361,1.546055e-05,0.0,nan,nan,nan
5312.447,1.545858e-05,0.0,nan,nan,nan
5312.553,1.545699e-05,0.0,nan,nan,nan
5312.636,1.545932e-05,0.0,nan,nan,nan
5312.72,1.545558e-05,0.0,nan,nan,nan
5312.803,1.545914e-05,0.0,nan,nan,nan
5312.887,1.545796e-05,0.0,nan,nan,nan
5312.971,1.545721e-05,0.0,nan,nan,nan
5313.055,1.545739e-05,0.0,nan,nan,nan
5313.16,1.545625e-05,0.0,nan,nan,nan
5313.245,1.545832e-05,0.0,nan,nan,nan
5313.335,1.546e-05,0.0,nan,nan,nan
5313.419,1.545972e-05,0.0,nan,nan,nan
5313.502,1.545725e-05,0.0,nan,nan,nan
5313.586,1.545794e-05,0.0,nan,nan,nan
5313.669,1.546126e-05,0.0,nan,nan,nan
5313.779,1.546308e-05,0.0,nan,nan,nan
5313.862,1.545824e-05,0.0,nan,nan,nan
5313.946,1.546154e-05,0.0,nan,nan,nan
5314.03,1.5466e-05,0.0,nan,nan,nan
5314.113,1.546078e-05,0.0,nan,nan,nan
5314.197,1.545676e-05,0.0,nan,nan,nan
5314.28,1.546243e-05,0.0,nan,nan,nan
5314.373,1.546789e-05,0.0,nan,nan,nan
5314.457,1.546049e-05,0.0,nan,nan,nan
5314.56,1.546515e-05,0.0,nan,nan,nan
5314.643,1.546469e-05,0.0,nan,nan,nan
5314.727,1.546365e-05,0.0,nan,nan,nan
5314.81,1.546166e-05,0.0,nan,nan,nan
5314.894,1.546391e-05,0.0,nan,nan,nan
5314.978,1.546406e-05,0.0,nan,nan,nan
5315.061,1.545999e-05,0.0,nan,nan,nan
5315.145,1.546208e-05,0.0,nan,nan,nan
5315.27,1.546045e-05,0.0,nan,nan,nan
5315.356,1.54554e-05,0.0,nan,nan,nan
5315.44,1.545793e-05,0.0,nan,nan,nan
5315.523,1.545857e-05,0.0,nan,nan,nan
5315.609,1.545506e-05,0.0,nan,nan,nan
5315.693,1.545575e-05,0.0,nan,nan,nan
5315.786,1.545522e-05,0.0,nan,nan,nan
5315.869,1.545381e-05,0.0,nan,nan,nan
5315.953,1.545178e-05,0.0,nan,nan,nan
5316.037,1.545605e-05,0.0,nan,nan,nan
5316.121,1.545548e-05,0.0,nan,nan,nan
5316.22,1.545369e-05,0.0,nan,nan,nan
5316.304,1.545556e-05,0.0,nan,nan,nan
5316.387,1.545529e-05,0.0,nan,nan,nan
5316.471,1.54582e-05,0.0,nan,nan,nan
5316.562,1.545842e-05,0.0,nan,nan,nan
5316.663,1.546079e-05,0.0,nan,nan,nan
5316.747,1.546081e-05,0.0,nan,nan,nan
5316.831,1.546041e-05,0.0,nan,nan,nan
5316.915,1.545694e-05,0.0,nan,nan,nan
5317.019,1.545784e-05,0.0,nan,nan,nan
5317.103,1.546112e-05,0.0,nan,nan,nan
5317.187,1.546217e-05,0.0,nan,nan,nan
5317.27,1.546071e-05,0.0,nan,nan,nan
5317.354,1.545917e-05,0.0,nan,nan,nan
5317.445,1.545676e-05,0.0,nan,nan,nan
5317.528,1.545673e-05,0.0,nan,nan,nan
5317.623,1.54598e-05,0.0,nan,nan,nan
5317.707,1.545939e-05,0.0,nan,nan,nan
5317.793,1.54541e-05,0.0,nan,nan,nan
5317.877,1.54574e-05,0.0,nan,nan,nan
5317.961,1.545321e-05,0.0,nan,nan,nan
5318.048,1.545723e-05,0.0,nan,nan,nan
5318.131,1.545586e-05,0.0,nan,nan,nan
5318.215,1.54582e-05,0.0,nan,nan,nan
5318.299,1.545827e-05,0.0,nan,nan,nan
5318.384,1.545668e-05,0.0,nan,nan,nan
5318.468,1.545382e-05,0.0,nan,nan,nan
5318.552,1.545598e-05,0.0,nan,nan,nan
5318.637,1.545495e-05,0.0,nan,nan,nan
5318.721,1.545852e-05,0.0,nan,nan,nan
5318.804,1.545791e-05,0.0,nan,nan,nan
5318.888,1.545849e-05,0.0,nan,nan,nan
5318.971,1.545832e-05,0.0,nan,nan,nan
5319.057,1.545986e-05,0.0,nan,nan,nan
5319.141,1.546148e-05,0.0,nan,nan,nan
5319.225,1.545867e-05,0.0,nan,nan,nan
5319.308,1.545655e-05,0.0,nan,nan,nan
5319.392,1.545537e-05,0.0,nan,nan,nan
5319.475,1.545475e-05,0.0,nan,nan,nan
5319.559,1.545484e-05,0.0,nan,nan,nan
5319.656,1.545404e-05,0.0,nan,nan,nan
5319.74,1.545738e-05,0.0,nan,nan,nan
5319.824,1.546072e-05,0.0,nan,nan,nan
5319.908,1.545842e-05,0.0,nan,nan,nan
5319.992,1.545532e-05,0.0,nan,nan,nan
5320.077,1.545561e-05,0.0,nan,nan,nan
5320.16,1.545461e-05,0.0,nan,nan,nan
5320.244,1.545399e-05,0.0,nan,nan,nan
5320.327,1.545096e-05,0.0,nan,nan,nan
5320.412,1.545111e-05,0.0,nan,nan,nan
5320.495,1.545616e-05,0.0,nan,nan,nan
5320.583,1.545814e-05,0.0,nan,nan,nan
5320.669,1.545742e-05,0.0,nan,nan,nan
5320.752,1.545888e-05,0.0,nan,nan,nan
5320.839,1.545812e-05,0.0,nan,nan,nan
5320.923,1.545965e-05,0.0,nan,nan,nan
5321.007,1.546202e-05,0.0,nan,nan,nan
5321.097,1.545626e-05,0.0,nan,nan,nan
5321.181,1.545544e-05,0.0,nan,nan,nan
5321.264,1.545959e-05,0.0,nan,nan,nan
5321.348,1.545828e-05,0.0,nan,nan,nan
5321.443,1.545327e-05,0.0,nan,nan,nan
5321.545,1.546096e-05,0.0,nan,nan,nan
5321.629,1.545776e-05,0.0,nan,nan,nan
5321.717,1.545721e-05,0.0,nan,nan,nan
5321.801,1.545807e-05,0.0,nan,nan,nan
5321.886,1.545935e-05,0.0,nan,nan,nan
5321.97,1.545831e-05,0.0,nan,nan,nan
5322.053,1.546354e-05,0.0,nan,nan,nan
5322.137,1.545909e-05,0.0,nan,nan,nan
5322.221,1.545972e-05,0.0,nan,nan,nan
5322.304,1.545966e-05,0.0,nan,nan,nan
5322.388,1.546014e-05,0.0,nan,nan,nan
5322.472,1.545848e-05,0.0,nan,nan,nan
5322.555,1.545889e-05,0.0,nan,nan,nan
5322.639,1.546479e-05,0.0,nan,nan,nan
5322.746,1.54581e-05,0.0,nan,nan,nan
5322.83,1.546138e-05,0.0,nan,nan,nan
5322.927,1.545904e-05,0.0,nan,nan,nan
5323.011,1.546201e-05,0.0,nan,nan,nan
5323.095,1.545718e-05,0.0,nan,nan,nan
5323.179,1.545998e-05,0.0,nan,nan,nan
5323.264,1.545788e-05,0.0,nan,nan,nan
5323.347,1.545366e-05,0.0,nan,nan,nan
5323.431,1.545528e-05,0.0,nan,nan,nan
5323.514,1.545585e-05,0.0,nan,nan,nan
5323.608,1.545782e-05,0.0,nan,nan,nan
5323.692,1.545192e-05,0.0,nan,nan,nan
5323.775,1.545807e-05,0.0,nan,nan,nan
5323.859,1.545451e-05,0.0,nan,nan,nan
5323.96,1.545729e-05,0.0,nan,nan,nan
5324.044,1.545774e-05,0.0,nan,nan,nan
5324.128,1.546103e-05,0.0,nan,nan,nan
5324.212,1.546004e-05,0.0,nan,nan,nan
5324.299,1.545937e-05,0.0,nan,nan,nan
5324.382,1.54595e-05,0.0,nan,nan,nan
5324.473,1.546129e-05,0.0,nan,nan,nan
5324.567,1.546417e-05,0.0,nan,nan,nan
5324.65,1.545941e-05,0.0,nan,nan,nan
5324.734,1.546034e-05,0.0,nan,nan,nan
5324.818,1.546001e-05,0.0,nan,nan,nan
5324.902,1.545913e-05,0.0,nan,nan,nan
5324.999,1.545847e-05,0.0,nan,nan,nan
5325.083,1.545282e-05,0.0,nan,nan,nan
5325.194,1.545477e-05,0.0,nan,nan,nan
5325.279,1.545786e-05,0.0,nan,nan,nan
5325.376,1.545485e-05,0.0,nan,nan,nan
5325.459,1.545397e-05,0.0,nan,nan,nan
5325.563,1.545481e-05,0.0,nan,nan,nan
5325.65,1.545629e-05,0.0,nan,nan,nan
5325.737,1.545612e-05,0.0,nan,nan,nan
5325.82,1.545116e-05,0.0,nan,nan,nan
5325.904,1.545648e-05,0.0,nan,nan,nan
5325.998,1.545042e-05,0.0,nan,nan,nan
5326.081,1.545304e-05,0.0,nan,nan,nan
5326.19,1.545389e-05,0.0,nan,nan,nan
5326.274,1.545556e-05,0.0,nan,nan,nan
5326.36,1.545822e-05,0.0,nan,nan,nan
5326.444,1.545583e-05,0.0,nan,nan,nan
5326.529,1.545616e-05,0.0,nan,nan,nan
5326.612,1.545408e-05,0.0,nan,nan,nan
5326.698,1.545879e-05,0.0,nan,nan,nan
5326.801,1.545831e-05,0.0,nan,nan,nan
5326.885,1.545835e-05,0.0,nan,nan,nan
5326.97,1.545985e-05,0.0,nan,nan,nan
5327.054,1.54623e-05,0.0,nan,nan,nan
5327.137,1.54627e-05,0.0,nan,nan,nan
5327.222,1.546012e-05,0.0,nan,nan,nan
5327.305,1.545406e-05,0.0,nan,nan,nan
5327.414,1.546066e-05,0.0,nan,nan,nan
5327.498,1.545878e-05,0.0,nan,nan,nan
5327.636,1.54583e-05,0.0,nan,nan,nan
5327.719,1.546217e-05,0.0,nan,nan,nan
5327.821,1.546032e-05,0.0,nan,nan,nan
5327.904,1.54597e-05,0.0,nan,nan,nan
5327.992,1.546257e-05,0.0,nan,nan,nan
5328.076,1.545887e-05,0.0,nan,nan,nan
5328.159,1.54599e-05,0.0,nan,nan,nan
5328.249,1.546093e-05,0.0,nan,nan,nan
5328.337,1.545875e-05,0.0,nan,nan,nan
5328.444,1.546324e-05,0.0,nan,nan,nan
5328.536,1.546366e-05,0.0,nan,nan,nan
5328.642,1.546156e-05,0.0,nan,nan,nan
5328.726,1.546283e-05,0.0,nan,nan,nan
5328.829,1.546196e-05,0.0,nan,nan,nan
5328.912,1.546306e-05,0.0,nan,nan,nan
5328.997,1.546027e-05,0.0,nan,nan,nan
5329.081,1.546233e-05,0.0,nan,nan,nan
5329.168,1.546367e-05,0.0,nan,nan,nan
5329.252,1.545968e-05,0.0,nan,nan,nan
5329.336,1.546061e-05,0.0,nan,nan,nan
5329.42,1.546601e-05,0.0,nan,nan,nan
5329.503,1.546398e-05,0.0,nan,nan,nan
5329.587,1.546218e-05,0.0,nan,nan,nan
5329.693,1.54672e-05,0.0,nan,nan,nan
5329.78,1.546414e-05,0.0,nan,nan,nan
5329.869,1.546298e-05,0.0,nan,nan,nan
5329.953,1.546134e-05,0.0,nan,nan,nan
5330.063,1.546579e-05,0.0,nan,nan,nan
5330.147,1.54624e-05,0.0,nan,nan,nan
5330.232,1.546075e-05,0.0,nan,nan,nan
5330.316,1.546259e-05,0.0,nan,nan,nan
5330.4,1.545638e-05,0.0,nan,nan,nan
5330.49,1.545933e-05,0.0,nan,nan,nan
5330.574,1.546315e-05,0.0,nan,nan,nan
5330.67,1.545991e-05,0.0,nan,nan,nan
5330.753,1.546073e-05,0.0,nan,nan,nan
5330.839,1.54605e-05,0.0,nan,nan,nan
5330.923,1.54611e-05,0.0,nan,nan,nan
5331.007,1.546257e-05,0.0,nan,nan,nan
5331.094,1.546218e-05,0.0,nan,nan,nan
5331.186,1.546152e-05,0.0,nan,nan,nan
5331.288,1.545806e-05,0.0,nan,nan,nan
5331.371,1.54605e-05,0.0,nan,nan,nan
5331.455,1.545972e-05,0.0,nan,nan,nan
5331.538,1.545953e-05,0.0,nan,nan,nan
5331.622,1.545779e-05,0.0,nan,nan,nan
5331.708,1.545734e-05,0.0,nan,nan,nan
5331.792,1.546055e-05,0.0,nan,nan,nan
5331.875,1.54641e-05,0.0,nan,nan,nan
5331.959,1.546247e-05,0.0,nan,nan,nan
5332.043,1.546123e-05,0.0,nan,nan,nan
5332.127,1.546601e-05,0.0,nan,nan,nan
5332.21,1.546574e-05,0.0,nan,nan,nan
5332.309,1.545997e-05,0.0,nan,nan,nan
5332.393,1.546341e-05,0.0,nan,nan,nan
5332.477,1.546274e-05,0.0,nan,nan,nan
5332.56,1.546417e-05,0.0,nan,nan,nan
5332.644,1.546168e-05,0.0,nan,nan,nan
5332.73,1.545863e-05,0.0,nan,nan,nan
5332.814,1.545734e-05,0.0,nan,nan,nan
5332.91,1.545937e-05,0.0,nan,nan,nan
5332.994,1.545738e-05,0.0,nan,nan,nan
5333.077,1.545628e-05,0.0,nan,nan,nan
5333.161,1.545697e-05,0.0,nan,nan,nan
5333.245,1.545778e-05,0.0,nan,nan,nan
5333.328,1.545738e-05,0.0,nan,nan,nan
5333.412,1.545858e-05,0.0,nan,nan,nan
5333.496,1.545279e-05,0.0,nan,nan,nan
5333.579,1.545647e-05,0.0,nan,nan,nan
5333.663,1.545517e-05,0.0,nan,nan,nan
5333.753,1.545636e-05,0.0,nan,nan,nan
5333.84,1.54564e-05,0.0,nan,nan,nan
5333.931,1.545679e-05,0.0,nan,nan,nan
5334.015,1.545681e-05,0.0,nan,nan,nan
5334.099,1.545549e-05,0.0,nan,nan,nan
5334.183,1.545718e-05,0.0,nan,nan,nan
5334.267,1.545822e-05,0.0,nan,nan,nan
5334.36,1.545639e-05,0.0,nan,nan,nan
5334.445,1.5458e-05,0.0,nan,nan,nan
5334.546,1.54582e-05,0.0,nan,nan,nan
5334.629,1.545885e-05,0.0,nan,nan,nan
5334.713,1.545566e-05,0.0,nan,nan,nan
5334.797,1.545478e-05,0.0,nan,nan,nan
5334.882,1.54563e-05,0.0,nan,nan,nan
5334.977,1.545977e-05,0.0,nan,nan,nan
5335.061,1.545998e-05,0.0,nan,nan,nan
5335.163,1.545907e-05,0.0,nan,nan,nan
5335.247,1.545994e-05,0.0,nan,nan,nan
5335.331,1.546061e-05,0.0,nan,nan,nan
5335.415,1.546066e-05,0.0,nan,nan,nan
5335.5,1.546167e-05,0.0,nan,nan,nan
5335.585,1.545883e-05,0.0,nan,nan,nan
5335.669,1.545909e-05,0.0,nan,nan,nan
5335.761,1.545855e-05,0.0,nan,nan,nan
5335.867,1.54588e-05,0.0,nan,nan,nan
5335.954,1.545862e-05,0.0,nan,nan,nan
5336.037,1.546219e-05,0.0,nan,nan,nan
5336.121,1.545713e-05,0.0,nan,nan,nan
5336.205,1.545897e-05,0.0,nan,nan,nan
5336.288,1.545416e-05,0.0,nan,nan,nan
5336.392,1.545637e-05,0.0,nan,nan,nan
5336.475,1.546002e-05,0.0,nan,nan,nan
5336.56,1.5457e-05,0.0,nan,nan,nan
5336.644,1.54583e-05,0.0,nan,nan,nan
5336.728,1.545366e-05,0.0,nan,nan,nan
5336.812,1.545326e-05,0.0,nan,nan,nan
5336.896,1.545533e-05,0.0,nan,nan,nan
5336.979,1.545075e-05,0.0,nan,nan,nan
5337.063,1.545354e-05,0.0,nan,nan,nan
5337.153,1.545771e-05,0.0,nan,nan,nan
5337.236,1.545542e-05,0.0,nan,nan,nan
5337.32,1.545449e-05,0.0,nan,nan,nan
5337.418,1.545875e-05,0.0,nan,nan,nan
5337.502,1.546078e-05,0.0,nan,nan,nan
5337.586,1.545626e-05,0.0,nan,nan,nan
5337.67,1.545484e-05,0.0,nan,nan,nan
5337.753,1.545943e-05,0.0,nan,nan,nan
5337.837,1.545721e-05,0.0,nan,nan,nan
5337.921,1.54533e-05,0.0,nan,nan,nan
5338.004,1.545581e-05,0.0,nan,nan,nan
5338.088,1.545995e-05,0.0,nan,nan,nan
5338.175,1.546283e-05,0.0,nan,nan,nan
5338.258,1.54576e-05,0.0,nan,nan,nan
5338.342,1.546189e-05,0.0,nan,nan,nan
5338.434,1.545872e-05,0.0,nan,nan,nan
5338.517,1.546009e-05,0.0,nan,nan,nan
5338.601,1.546259e-05,0.0,nan,nan,nan
5338.685,1.545956e-05,0.0,nan,nan,nan
5338.769,1.545632e-05,0.0,nan,nan,nan
5338.852,1.545747e-05,0.0,nan,nan,nan
5338.936,1.545998e-05,0.0,nan,nan,nan
5339.05,1.546168e-05,0.0,nan,nan,nan
5339.134,1.546158e-05,0.0,nan,nan,nan
5339.217,1.546475e-05,0.0,nan,nan,nan
5339.301,1.546421e-05,0.0,nan,nan,nan
5339.387,1.545995e-05,0.0,nan,nan,nan
5339.471,1.54636e-05,0.0,nan,nan,nan
5339.555,1.546151e-05,0.0,nan,nan,nan
5339.64,1.546056e-05,0.0,nan,nan,nan
5339.724,1.546061e-05,0.0,nan,nan,nan
5339.812,1.546247e-05,0.0,nan,nan,nan
5339.895,1.546007e-05,0.0,nan,nan,nan
5339.987,1.54588e-05,0.0,nan,nan,nan
5340.07,1.545814e-05,0.0,nan,nan,nan
5340.154,1.545927e-05,0.0,nan,nan,nan
5340.238,1.546064e-05,0.0,nan,nan,nan
5340.322,1.545772e-05,0.0,nan,nan,nan
5340.405,1.546014e-05,0.0,nan,nan,nan
5340.489,1.545955e-05,0.0,nan,nan,nan
5340.572,1.545808e-05,0.0,nan,nan,nan
5340.675,1.546097e-05,0.0,nan,nan,nan
5340.759,1.546161e-05,0.0,nan,nan,nan
5340.869,1.545957e-05,0.0,nan,nan,nan
5340.953,1.545651e-05,0.0,nan,nan,nan
5341.036,1.545836e-05,0.0,nan,nan,nan
5341.12,1.545835e-05,0.0,nan,nan,nan
5341.204,1.54596e-05,0.0,nan,nan,nan
5341.288,1.546122e-05,0.0,nan,nan,nan
5341.372,1.545816e-05,0.0,nan,nan,nan
5341.479,1.546004e-05,0.0,nan,nan,nan
5341.563,1.54619e-05,0.0,nan,nan,nan
5341.647,1.54574e-05,0.0,nan,nan,nan
5341.73,1.546312e-05,0.0,nan,nan,nan
5341.814,1.545917e-05,0.0,nan,nan,nan
5341.901,1.545502e-05,0.0,nan,nan,nan
5341.985,1.545773e-05,0.0,nan,nan,nan
5342.085,1.54616e-05,0.0,nan,nan,nan
5342.168,1.54569e-05,0.0,nan,nan,nan
5342.276,1.545951e-05,0.0,nan,nan,nan
5342.359,1.545741e-05,0.0,nan,nan,nan
5342.445,1.545934e-05,0.0,nan,nan,nan
5342.528,1.546305e-05,0.0,nan,nan,nan
5342.612,1.54623e-05,0.0,nan,nan,nan
5342.712,1.545823e-05,0.0,nan,nan,nan
5342.802,1.546104e-05,0.0,nan,nan,nan
5342.887,1.545987e-05,0.0,nan,nan,nan
5342.971,1.54594e-05,0.0,nan,nan,nan
5343.055,1.545935e-05,0.0,nan,nan,nan
5343.139,1.545907e-05,0.0,nan,nan,nan
5343.222,1.546253e-05,0.0,nan,nan,nan
5343.32,1.546326e-05,0.0,nan,nan,nan
5343.404,1.546382e-05,0.0,nan,nan,nan
5343.504,1.546334e-05,0.0,nan,nan,nan
5343.587,1.546136e-05,0.0,nan,nan,nan
5343.671,1.54598e-05,0.0,nan,nan,nan
5343.755,1.54628e-05,0.0,nan,nan,nan
5343.839,1.54629e-05,0.0,nan,nan,nan
5343.922,1.546038e-05,0.0,nan,nan,nan
5344.006,1.546223e-05,0.0,nan,nan,nan
5344.09,1.545981e-05,0.0,nan,nan,nan
5344.173,1.546071e-05,0.0,nan,nan,nan
5344.26,1.546254e-05,0.0,nan,nan,nan
5344.343,1.546612e-05,0.0,nan,nan,nan
5344.427,1.545761e-05,0.0,nan,nan,nan
5344.53,1.546056e-05,0.0,nan,nan,nan
5344.614,1.545976e-05,0.0,nan,nan,nan
5344.699,1.546169e-05,0.0,nan,nan,nan
5344.782,1.546156e-05,0.0,nan,nan,nan
5344.87,1.545644e-05,0.0,nan,nan,nan
5344.954,1.546124e-05,0.0,nan,nan,nan
5345.038,1.545732e-05,0.0,nan,nan,nan
5345.128,1.545876e-05,0.0,nan,nan,nan
5345.211,1.545674e-05,0.0,nan,nan,nan
5345.295,1.545512e-05,0.0,nan,nan,nan
5345.378,1.545517e-05,0.0,nan,nan,nan
5345.465,1.545945e-05,0.0,nan,nan,nan
5345.562,1.545784e-05,0.0,nan,nan,nan
5345.645,1.545584e-05,0.0,nan,nan,nan
5345.729,1.54563e-05,0.0,nan,nan,nan
5345.813,1.545855e-05,0.0,nan,nan,nan
5345.896,1.545985e-05,0.0,nan,nan,nan
5345.986,1.54623e-05,0.0,nan,nan,nan
5346.069,1.546206e-05,0.0,nan,nan,nan
5346.156,1.545974e-05,0.0,nan,nan,nan
5346.243,1.545789e-05,0.0,nan,nan,nan
5346.368,1.545942e-05,0.0,nan,nan,nan
5346.452,1.545937e-05,0.0,nan,nan,nan
5346.535,1.545712e-05,0.0,nan,nan,nan
5346.638,1.545779e-05,0.0,nan,nan,nan
5346.724,1.546335e-05,0.0,nan,nan,nan
5346.823,1.54558e-05,0.0,nan,nan,nan
5346.907,1.545649e-05,0.0,nan,nan,nan
5346.99,1.545645e-05,0.0,nan,nan,nan
5347.074,1.545363e-05,0.0,nan,nan,nan
5347.158,1.545858e-05,0.0,nan,nan,nan
5347.241,1.545964e-05,0.0,nan,nan,nan
5347.325,1.545771e-05,0.0,nan,nan,nan
5347.427,1.545789e-05,0.0,nan,nan,nan
5347.512,1.54593e-05,0.0,nan,nan,nan
5347.603,1.545833e-05,0.0,nan,nan,nan
5347.687,1.545871e-05,0.0,nan,nan,nan
5347.77,1.546186e-05,0.0,nan,nan,nan
5347.854,1.546205e-05,0.0,nan,nan,nan
5347.938,1.545793e-05,0.0,nan,nan,nan
5348.021,1.545779e-05,0.0,nan,nan,nan
5348.105,1.545957e-05,0.0,nan,nan,nan
5348.191,1.546182e-05,0.0,nan,nan,nan
5348.275,1.545847e-05,0.0,nan,nan,nan
5348.358,1.546257e-05,0.0,nan,nan,nan
5348.463,1.545883e-05,0.0,nan,nan,nan
5348.55,1.545724e-05,0.0,nan,nan,nan
5348.644,1.5459e-05,0.0,nan,nan,nan
5348.728,1.546311e-05,0.0,nan,nan,nan
5348.827,1.545787e-05,0.0,nan,nan,nan
5348.911,1.545792e-05,0.0,nan,nan,nan
5348.994,1.546049e-05,0.0,nan,nan,nan
5349.078,1.545609e-05,0.0,nan,nan,nan
5349.162,1.545689e-05,0.0,nan,nan,nan
5349.262,1.545933e-05,0.0,nan,nan,nan
5349.345,1.545606e-05,0.0,nan,nan,nan
5349.429,1.545761e-05,0.0,nan,nan,nan
5349.512,1.545937e-05,0.0,nan,nan,nan
5349.597,1.545961e-05,0.0,nan,nan,nan
5349.684,1.545732e-05,0.0,nan,nan,nan
5349.768,1.545855e-05,0.0,nan,nan,nan
5349.851,1.545593e-05,0.0,nan,nan,nan
5349.935,1.545743e-05,0.0,nan,nan,nan
5350.019,1.545627e-05,0.0,nan,nan,nan
5350.103,1.546058e-05,0.0,nan,nan,nan
5350.187,1.545971e-05,0.0,nan,nan,nan
5350.271,1.545955e-05,0.0,nan,nan,nan
5350.383,1.545469e-05,0.0,nan,nan,nan
5350.467,1.545477e-05,0.0,nan,nan,nan
5350.565,1.546211e-05,0.0,nan,nan,nan
5350.649,1.545671e-05,0.0,nan,nan,nan
5350.732,1.54616e-05,0.0,nan,nan,nan
5350.816,1.545983e-05,0.0,nan,nan,nan
5350.9,1.546495e-05,0.0,nan,nan,nan
5350.983,1.546192e-05,0.0,nan,nan,nan
5351.077,1.545812e-05,0.0,nan,nan,nan
5351.161,1.546263e-05,0.0,nan,nan,nan
5351.244,1.545996e-05,0.0,nan,nan,nan
5351.328,1.546053e-05,0.0,nan,nan,nan
5351.416,1.54568e-05,0.0,nan,nan,nan
5351.516,1.546177e-05,0.0,nan,nan,nan
5351.6,1.545872e-05,0.0,nan,nan,nan
5351.708,1.545996e-05,0.0,nan,nan,nan
5351.792,1.545918e-05,0.0,nan,nan,nan
5351.876,1.545721e-05,0.0,nan,nan,nan
5351.959,1.545893e-05,0.0,nan,nan,nan
5352.044,1.546037e-05,0.0,nan,nan,nan
5352.127,1.54604e-05,0.0,nan,nan,nan
5352.211,1.545742e-05,0.0,nan,nan,nan
5352.311,1.545646e-05,0.0,nan,nan,nan
5352.395,1.545991e-05,0.0,nan,nan,nan
5352.526,1.545983e-05,0.0,nan,nan,nan
5352.61,1.545983e-05,0.0,nan,nan,nan
5352.693,1.545816e-05,0.0,nan,nan,nan
5352.777,1.545923e-05,0.0,nan,nan,nan
5352.861,1.54599e-05,0.0,nan,nan,nan
5352.947,1.545986e-05,0.0,nan,nan,nan
5353.032,1.545929e-05,0.0,nan,nan,nan
5353.146,1.545702e-05,0.0,nan,nan,nan
5353.23,1.545451e-05,0.0,nan,nan,nan
5353.314,1.546126e-05,0.0,nan,nan,nan
5353.397,1.546131e-05,0.0,nan,nan,nan
5353.481,1.545944e-05,0.0,nan,nan,nan
5353.569,1.546266e-05,0.0,nan,nan,nan
5353.652,1.545959e-05,0.0,nan,nan,nan
5353.751,1.546156e-05,0.0,nan,nan,nan
5353.835,1.546327e-05,0.0,nan,nan,nan
5353.918,1.546372e-05,0.0,nan,nan,nan
5354.004,1.545897e-05,0.0,nan,nan,nan
5354.087,1.546517e-05,0.0,nan,nan,nan
5354.174,1.54623e-05,0.0,nan,nan,nan
5354.258,1.546386e-05,0.0,nan,nan,nan
5354.361,1.546016e-05,0.0,nan,nan,nan
5354.444,1.546255e-05,0.0,nan,nan,nan
5354.528,1.545834e-05,0.0,nan,nan,nan
5354.62,1.54599e-05,0.0,nan,nan,nan
5354.703,1.545822e-05,0.0,nan,nan,nan
5354.787,1.546234e-05,0.0,nan,nan,nan
5354.871,1.546082e-05,0.0,nan,nan,nan
5354.954,1.54592e-05,0.0,nan,nan,nan
5355.038,1.545918e-05,0.0,nan,nan,nan
5355.121,1.546324e-05,0.0,nan,nan,nan
5355.207,1.545941e-05,0.0,nan,nan,nan
5355.291,1.545557e-05,0.0,nan,nan,nan
5355.375,1.545423e-05,0.0,nan,nan,nan
5355.458,1.545734e-05,0.0,nan,nan,nan
5355.542,1.546048e-05,0.0,nan,nan,nan
5355.626,1.545978e-05,0.0,nan,nan,nan
5355.709,1.546081e-05,0.0,nan,nan,nan
5355.807,1.545959e-05,0.0,nan,nan,nan
5355.89,1.545919e-05,0.0,nan,nan,nan
5355.977,1.546096e-05,0.0,nan,nan,nan
5356.061,1.545979e-05,0.0,nan,nan,nan
5356.146,1.546033e-05,0.0,nan,nan,nan
5356.232,1.545671e-05,0.0,nan,nan,nan
5356.318,1.546329e-05,0.0,nan,nan,nan
5356.402,1.545748e-05,0.0,nan,nan,nan
5356.486,1.545551e-05,0.0,nan,nan,nan
5356.573,1.545977e-05,0.0,nan,nan,nan
5356.677,1.546177e-05,0.0,nan,nan,nan
5356.761,1.545939e-05,0.0,nan,nan,nan
5356.845,1.545712e-05,0.0,nan,nan,nan
5356.929,1.546007e-05,0.0,nan,nan,nan
5357.012,1.545742e-05,0.0,nan,nan,nan
5357.096,1.54579e-05,0.0,nan,nan,nan
5357.183,1.545612e-05,0.0,nan,nan,nan
5357.266,1.545894e-05,0.0,nan,nan,nan
5357.351,1.546029e-05,0.0,nan,nan,nan
5357.448,1.545958e-05,0.0,nan,nan,nan
5357.534,1.546045e-05,0.0,nan,nan,nan
5357.618,1.546376e-05,0.0,nan,nan,nan
5357.702,1.546409e-05,0.0,nan,nan,nan
5357.788,1.546203e-05,0.0,nan,nan,nan
5357.872,1.546406e-05,0.0,nan,nan,nan
5357.955,1.546489e-05,0.0,nan,nan,nan
5358.055,1.546323e-05,0.0,nan,nan,nan
5358.139,1.546099e-05,0.0,nan,nan,nan
5358.226,1.546191e-05,0.0,nan,nan,nan
5358.31,1.546192e-05,0.0,nan,nan,nan
5358.394,1.545674e-05,0.0,nan,nan,nan
5358.477,1.545889e-05,0.0,nan,nan,nan
5358.561,1.545474e-05,0.0,nan,nan,nan
5358.656,1.545668e-05,0.0,nan,nan,nan
5358.76,1.545628e-05,0.0,nan,nan,nan
5358.86,1.546053e-05,0.0,nan,nan,nan
5358.944,1.545862e-05,0.0,nan,nan,nan
5359.027,1.545983e-05,0.0,nan,nan,nan
5359.111,1.546258e-05,0.0,nan,nan,nan
5359.194,1.546243e-05,0.0,nan,nan,nan
5359.301,1.546034e-05,0.0,nan,nan,nan
5359.385,1.545895e-05,0.0,nan,nan,nan
5359.484,1.545555e-05,0.0,nan,nan,nan
5359.568,1.545193e-05,0.0,nan,nan,nan
5359.652,1.545519e-05,0.0,nan,nan,nan
5359.735,1.545814e-05,0.0,nan,nan,nan
5359.821,1.546007e-05,0.0,nan,nan,nan
5359.904,1.546303e-05,0.0,nan,nan,nan
5359.988,1.545828e-05,0.0,nan,nan,nan
5360.085,1.546088e-05,0.0,nan,nan,nan
5360.169,1.546196e-05,0.0,nan,nan,nan
5360.253,1.545808e-05,0.0,nan,nan,nan
5360.337,1.546352e-05,0.0,nan,nan,nan
5360.42,1.546193e-05,0.0,nan,nan,nan
5360.527,1.545428e-05,0.0,nan,nan,nan
5360.611,1.545862e-05,0.0,nan,nan,nan
5360.718,1.545932e-05,0.0,nan,nan,nan
5360.827,1.54521e-05,0.0,nan,nan,nan
5360.91,1.545823e-05,0.0,nan,nan,nan
5360.994,1.545812e-05,0.0,nan,nan,nan
5361.078,1.545437e-05,0.0,nan,nan,nan
5361.161,1.546204e-05,0.0,nan,nan,nan
5361.248,1.545753e-05,0.0,nan,nan,nan
5361.332,1.546017e-05,0.0,nan,nan,nan
5361.416,1.545973e-05,0.0,nan,nan,nan
5361.5,1.546181e-05,0.0,nan,nan,nan
5361.583,1.546175e-05,0.0,nan,nan,nan
5361.667,1.546201e-05,0.0,nan,nan,nan
5361.751,1.54594e-05,0.0,nan,nan,nan
5361.834,1.546304e-05,0.0,nan,nan,nan
5361.945,1.54612e-05,0.0,nan,nan,nan
5362.034,1.546172e-05,0.0,nan,nan,nan
5362.133,1.5458e-05,0.0,nan,nan,nan
5362.217,1.545971e-05,0.0,nan,nan,nan
5362.301,1.545875e-05,0.0,nan,nan,nan
5362.384,1.545744e-05,0.0,nan,nan,nan
5362.47,1.545457e-05,0.0,nan,nan,nan
5362.554,1.545934e-05,0.0,nan,nan,nan
5362.637,1.545815e-05,0.0,nan,nan,nan
5362.721,1.54639e-05,0.0,nan,nan,nan
5362.805,1.545721e-05,0.0,nan,nan,nan
5362.909,1.5458e-05,0.0,nan,nan,nan
5363.004,1.545842e-05,0.0,nan,nan,nan
5363.089,1.545917e-05,0.0,nan,nan,nan
5363.173,1.545875e-05,0.0,nan,nan,nan
5363.257,1.545606e-05,0.0,nan,nan,nan
5363.362,1.54601e-05,0.0,nan,nan,nan
5363.451,1.545672e-05,0.0,nan,nan,nan
5363.536,1.545706e-05,0.0,nan,nan,nan
5363.619,1.54543e-05,0.0,nan,nan,nan
5363.703,1.545846e-05,0.0,nan,nan,nan
5363.79,1.54558e-05,0.0,nan,nan,nan
5363.873,1.5459e-05,0.0,nan,nan,nan
5363.968,1.545499e-05,0.0,nan,nan,nan
5364.052,1.546144e-05,0.0,nan,nan,nan
5364.136,1.545756e-05,0.0,nan,nan,nan
5364.219,1.545549e-05,0.0,nan,nan,nan
5364.303,1.545689e-05,0.0,nan,nan,nan
5364.387,1.545997e-05,0.0,nan,nan,nan
5364.47,1.545847e-05,0.0,nan,nan,nan
5364.575,1.545704e-05,0.0,nan,nan,nan
5364.658,1.546358e-05,0.0,nan,nan,nan
5364.759,1.545902e-05,0.0,nan,nan,nan
5364.843,1.546019e-05,0.0,nan,nan,nan
5364.961,1.545779e-05,0.0,nan,nan,nan
5365.057,1.546174e-05,0.0,nan,nan,nan
5365.14,1.545761e-05,0.0,nan,nan,nan
5365.224,1.546271e-05,0.0,nan,nan,nan
5365.307,1.545869e-05,0.0,nan,nan,nan
5365.398,1.54581e-05,0.0,nan,nan,nan
5365.485,1.546187e-05,0.0,nan,nan,nan
5365.571,1.546157e-05,0.0,nan,nan,nan
5365.655,1.546215e-05,0.0,nan,nan,nan
5365.742,1.545971e-05,0.0,nan,nan,nan
5365.826,1.545972e-05,0.0,nan,nan,nan
5365.91,1.545595e-05,0.0,nan,nan,nan
5366.008,1.546109e-05,0.0,nan,nan,nan
5366.091,1.54588e-05,0.0,nan,nan,nan
5366.193,1.545819e-05,0.0,nan,nan,nan
5366.277,1.545938e-05,0.0,nan,nan,nan
5366.36,1.546052e-05,0.0,nan,nan,nan
5366.444,1.545886e-05,0.0,nan,nan,nan
5366.527,1.545786e-05,0.0,nan,nan,nan
5366.614,1.545639e-05,0.0,nan,nan,nan
5366.701,1.545765e-05,0.0,nan,nan,nan
5366.804,1.545895e-05,0.0,nan,nan,nan
5366.888,1.545564e-05,0.0,nan,nan,nan
5366.972,1.545954e-05,0.0,nan,nan,nan
5367.058,1.545546e-05,0.0,nan,nan,nan
5367.142,1.545381e-05,0.0,nan,nan,nan
5367.232,1.545908e-05,0.0,nan,nan,nan
5367.319,1.54604e-05,0.0,nan,nan,nan
5367.402,1.545824e-05,0.0,nan,nan,nan
5367.486,1.546038e-05,0.0,nan,nan,nan
5367.573,1.545887e-05,0.0,nan,nan,nan
5367.656,1.545812e-05,0.0,nan,nan,nan
5367.74,1.545711e-05,0.0,nan,nan,nan
5367.831,1.545895e-05,0.0,nan,nan,nan
5367.915,1.545615e-05,0.0,nan,nan,nan
5368.003,1.545659e-05,0.0,nan,nan,nan
5368.087,1.545893e-05,0.0,nan,nan,nan
5368.171,1.546229e-05,0.0,nan,nan,nan
5368.254,1.545643e-05,0.0,nan,nan,nan
5368.338,1.545845e-05,0.0,nan,nan,nan
5368.437,1.545402e-05,0.0,nan,nan,nan
5368.521,1.545671e-05,0.0,nan,nan,nan
5368.604,1.545858e-05,0.0,nan,nan,nan
5368.688,1.546078e-05,0.0,nan,nan,nan
5368.771,1.545861e-05,0.0,nan,nan,nan
5368.855,1.546024e-05,0.0,nan,nan,nan
5368.939,1.545583e-05,0.0,nan,nan,nan
5369.037,1.545977e-05,0.0,nan,nan,nan
5369.129,1.545836e-05,0.0,nan,nan,nan
5369.232,1.545887e-05,0.0,nan,nan,nan
5369.315,1.545829e-05,0.0,nan,nan,nan
5369.399,1.546017e-05,0.0,nan,nan,nan
5369.483,1.54575e-05,0.0,nan,nan,nan
5369.567,1.546006e-05,0.0,nan,nan,nan
5369.651,1.545955e-05,0.0,nan,nan,nan
5369.735,1.546129e-05,0.0,nan,nan,nan
5369.821,1.545836e-05,0.0,nan,nan,nan
5369.905,1.54572e-05,0.0,nan,nan,nan
5369.992,1.545855e-05,0.0,nan,nan,nan
5370.076,1.545814e-05,0.0,nan,nan,nan
5370.159,1.546059e-05,0.0,nan,nan,nan
5370.243,1.545962e-05,0.0,nan,nan,nan
5370.326,1.546299e-05,0.0,nan,nan,nan
5370.41,1.546298e-05,0.0,nan,nan,nan
5370.494,1.545953e-05,0.0,nan,nan,nan
5370.577,1.545837e-05,0.0,nan,nan,nan
5370.676,1.546224e-05,0.0,nan,nan,nan
5370.76,1.545631e-05,0.0,nan,nan,nan
5370.877,1.545797e-05,0.0,nan,nan,nan
5370.96,1.545954e-05,0.0,nan,nan,nan
5371.059,1.545679e-05,0.0,nan,nan,nan
5371.176,1.545658e-05,0.0,nan,nan,nan
5371.263,1.545579e-05,0.0,nan,nan,nan
5371.346,1.545683e-05,0.0,nan,nan,nan
5371.43,1.546098e-05,0.0,nan,nan,nan
5371.514,1.54624e-05,0.0,nan,nan,nan
5371.601,1.54577e-05,0.0,nan,nan,nan
5371.688,1.545951e-05,0.0,nan,nan,nan
5371.772,1.545542e-05,0.0,nan,nan,nan
5371.858,1.545857e-05,0.0,nan,nan,nan
5371.942,1.545796e-05,0.0,nan,nan,nan
5372.027,1.545721e-05,0.0,nan,nan,nan
5372.111,1.545592e-05,0.0,nan,nan,nan
5372.195,1.545363e-05,0.0,nan,nan,nan
5372.302,1.545926e-05,0.0,nan,nan,nan
5372.386,1.545676e-05,0.0,nan,nan,nan
5372.486,1.546021e-05,0.0,nan,nan,nan
5372.57,1.546299e-05,0.0,nan,nan,nan
5372.661,1.545919e-05,0.0,nan,nan,nan
5372.744,1.546441e-05,0.0,nan,nan,nan
5372.828,1.546528e-05,0.0,nan,nan,nan
5372.918,1.545972e-05,0.0,nan,nan,nan
5373.002,1.546056e-05,0.0,nan,nan,nan
5373.086,1.545829e-05,0.0,nan,nan,nan
5373.17,1.546043e-05,0.0,nan,nan,nan
5373.28,1.546001e-05,0.0,nan,nan,nan
5373.367,1.546044e-05,0.0,nan,nan,nan
5373.452,1.546269e-05,0.0,nan,nan,nan
5373.545,1.545909e-05,0.0,nan,nan,nan
5373.629,1.546238e-05,0.0,nan,nan,nan
5373.727,1.545581e-05,0.0,nan,nan,nan
5373.811,1.545868e-05,0.0,nan,nan,nan
5373.894,1.545795e-05,0.0,nan,nan,nan
5373.978,1.546016e-05,0.0,nan,nan,nan
5374.061,1.546021e-05,0.0,nan,nan,nan
5374.145,1.54611e-05,0.0,nan,nan,nan
5374.228,1.546257e-05,0.0,nan,nan,nan
5374.323,1.545619e-05,0.0,nan,nan,nan
5374.407,1.54577e-05,0.0,nan,nan,nan
5374.491,1.546108e-05,0.0,nan,nan,nan
5374.574,1.545885e-05,0.0,nan,nan,nan
5374.658,1.54599e-05,0.0,nan,nan,nan
5374.743,1.545832e-05,0.0,nan,nan,nan
5374.827,1.546047e-05,0.0,nan,nan,nan
5374.911,1.545883e-05,0.0,nan,nan,nan
5374.995,1.546357e-05,0.0,nan,nan,nan
5375.078,1.546072e-05,0.0,nan,nan,nan
5375.162,1.545964e-05,0.0,nan,nan,nan
5375.247,1.546395e-05,0.0,nan,nan,nan
5375.36,1.546161e-05,0.0,nan,nan,nan
5375.446,1.546266e-05,0.0,nan,nan,nan
5375.557,1.545992e-05,0.0,nan,nan,nan
5375.641,1.546478e-05,0.0,nan,nan,nan
5375.742,1.545877e-05,0.0,nan,nan,nan
5375.826,1.546241e-05,0.0,nan,nan,nan
5375.91,1.545789e-05,0.0,nan,nan,nan
5375.994,1.545942e-05,0.0,nan,nan,nan
5376.077,1.545637e-05,0.0,nan,nan,nan
5376.162,1.545662e-05,0.0,nan,nan,nan
5376.246,1.546239e-05,0.0,nan,nan,nan
5376.329,1.546082e-05,0.0,nan,nan,nan
5376.413,1.545943e-05,0.0,nan,nan,nan
5376.498,1.546222e-05,0.0,nan,nan,nan
5376.581,1.545568e-05,0.0,nan,nan,nan
5376.668,1.545679e-05,0.0,nan,nan,nan
5376.752,1.545749e-05,0.0,nan,nan,nan
5376.836,1.545738e-05,0.0,nan,nan,nan
5376.919,1.545891e-05,0.0,nan,nan,nan
5377.003,1.545871e-05,0.0,nan,nan,nan
5377.086,1.546068e-05,0.0,nan,nan,nan
5377.189,1.546036e-05,0.0,nan,nan,nan
5377.273,1.545806e-05,0.0,nan,nan,nan
5377.357,1.545827e-05,0.0,nan,nan,nan
5377.451,1.546052e-05,0.0,nan,nan,nan
5377.535,1.546146e-05,0.0,nan,nan,nan
5377.618,1.545864e-05,0.0,nan,nan,nan
5377.702,1.545926e-05,0.0,nan,nan,nan
5377.786,1.546019e-05,0.0,nan,nan,nan
5377.869,1.546082e-05,0.0,nan,nan,nan
5377.953,1.545814e-05,0.0,nan,nan,nan
5378.036,1.545535e-05,0.0,nan,nan,nan
5378.12,1.545886e-05,0.0,nan,nan,nan
5378.203,1.546174e-05,0.0,nan,nan,nan
5378.288,1.546073e-05,0.0,nan,nan,nan
5378.372,1.545898e-05,0.0,nan,nan,nan
5378.455,1.546182e-05,0.0,nan,nan,nan
5378.539,1.546019e-05,0.0,nan,nan,nan
5378.622,1.545298e-05,0.0,nan,nan,nan
5378.706,1.545164e-05,0.0,nan,nan,nan
5378.807,1.545382e-05,0.0,nan,nan,nan
5378.891,1.545291e-05,0.0,nan,nan,nan
5378.974,1.545679e-05,0.0,nan,nan,nan
5379.058,1.545682e-05,0.0,nan,nan,nan
5379.147,1.545827e-05,0.0,nan,nan,nan
5379.231,1.545838e-05,0.0,nan,nan,nan
5379.318,1.545331e-05,0.0,nan,nan,nan
5379.402,1.545954e-05,0.0,nan,nan,nan
5379.506,1.545642e-05,0.0,nan,nan,nan
5379.613,1.545623e-05,0.0,nan,nan,nan
5379.697,1.54562e-05,0.0,nan,nan,nan
5379.78,1.54587e-05,0.0,nan,nan,nan
5379.864,1.545756e-05,0.0,nan,nan,nan
5379.947,1.545443e-05,0.0,nan,nan,nan
5380.031,1.545729e-05,0.0,nan,nan,nan
5380.115,1.545773e-05,0.0,nan,nan,nan
5380.201,1.545842e-05,0.0,nan,nan,nan
5380.285,1.545947e-05,0.0,nan,nan,nan
5380.369,1.545827e-05,0.0,nan,nan,nan
5380.452,1.545908e-05,0.0,nan,nan,nan
5380.536,1.545731e-05,0.0,nan,nan,nan
5380.637,1.545555e-05,0.0,nan,nan,nan
5380.721,1.546066e-05,0.0,nan,nan,nan
5380.804,1.54571e-05,0.0,nan,nan,nan
5380.888,1.545637e-05,0.0,nan,nan,nan
5380.971,1.545102e-05,0.0,nan,nan,nan
5381.055,1.545698e-05,0.0,nan,nan,nan
5381.139,1.545761e-05,0.0,nan,nan,nan
5381.247,1.545656e-05,0.0,nan,nan,nan
5381.33,1.545551e-05,0.0,nan,nan,nan
5381.414,1.545416e-05,0.0,nan,nan,nan
5381.497,1.545169e-05,0.0,nan,nan,nan
5381.581,1.545329e-05,0.0,nan,nan,nan
5381.673,1.545607e-05,0.0,nan,nan,nan
5381.756,1.545949e-05,0.0,nan,nan,nan
5381.859,1.545532e-05,0.0,nan,nan,nan
5381.943,1.545088e-05,0.0,nan,nan,nan
5382.034,1.545069e-05,0.0,nan,nan,nan
5382.118,1.545552e-05,0.0,nan,nan,nan
5382.202,1.54548e-05,0.0,nan,nan,nan
5382.287,1.545375e-05,0.0,nan,nan,nan
5382.37,1.545753e-05,0.0,nan,nan,nan
5382.48,1.54551e-05,0.0,nan,nan,nan
5382.568,1.545558e-05,0.0,nan,nan,nan
5382.651,1.545267e-05,0.0,nan,nan,nan
5382.735,1.545398e-05,0.0,nan,nan,nan
5382.819,1.545339e-05,0.0,nan,nan,nan
5382.902,1.545059e-05,0.0,nan,nan,nan
5382.986,1.545572e-05,0.0,nan,nan,nan
5383.08,1.545066e-05,0.0,nan,nan,nan
5383.164,1.544998e-05,0.0,nan,nan,nan
5383.248,1.54547e-05,0.0,nan,nan,nan
5383.332,1.545163e-05,0.0,nan,nan,nan
5383.416,1.545262e-05,0.0,nan,nan,nan
5383.508,1.545415e-05,0.0,nan,nan,nan
5383.593,1.545036e-05,0.0,nan,nan,nan
5383.677,1.545344e-05,0.0,nan,nan,nan
5383.76,1.545137e-05,0.0,nan,nan,nan
5383.846,1.54536e-05,0.0,nan,nan,nan
5383.929,1.545298e-05,0.0,nan,nan,nan
5384.013,1.545304e-05,0.0,nan,nan,nan
5384.098,1.545514e-05,0.0,nan,nan,nan
5384.182,1.545275e-05,0.0,nan,nan,nan
5384.266,1.545507e-05,0.0,nan,nan,nan
5384.35,1.545235e-05,0.0,nan,nan,nan
5384.434,1.545431e-05,0.0,nan,nan,nan
5384.517,1.545025e-05,0.0,nan,nan,nan
5384.601,1.54528e-05,0.0,nan,nan,nan
5384.687,1.54553e-05,0.0,nan,nan,nan
5384.77,1.54525e-05,0.0,nan,nan,nan
5384.856,1.545429e-05,0.0,nan,nan,nan
5384.939,1.545384e-05,0.0,nan,nan,nan
5385.023,1.545783e-05,0.0,nan,nan,nan
5385.107,1.545576e-05,0.0,nan,nan,nan
5385.191,1.54551e-05,0.0,nan,nan,nan
5385.275,1.545296e-05,0.0,nan,nan,nan
5385.359,1.545646e-05,0.0,nan,nan,nan
5385.442,1.545761e-05,0.0,nan,nan,nan
5385.546,1.545381e-05,0.0,nan,nan,nan
5385.63,1.545533e-05,0.0,nan,nan,nan
5385.724,1.545179e-05,0.0,nan,nan,nan
5385.822,1.545731e-05,0.0,nan,nan,nan
5385.906,1.545699e-05,0.0,nan,nan,nan
5385.99,1.54533e-05,0.0,nan,nan,nan
5386.075,1.545434e-05,0.0,nan,nan,nan
5386.159,1.545243e-05,0.0,nan,nan,nan
5386.244,1.545321e-05,0.0,nan,nan,nan
5386.327,1.545797e-05,0.0,nan,nan,nan
5386.411,1.545489e-05,0.0,nan,nan,nan
5386.494,1.545627e-05,0.0,nan,nan,nan
5386.578,1.545347e-05,0.0,nan,nan,nan
5386.67,1.545233e-05,0.0,nan,nan,nan
5386.777,1.545601e-05,0.0,nan,nan,nan
5386.861,1.545258e-05,0.0,nan,nan,nan
5386.966,1.545605e-05,0.0,nan,nan,nan
5387.05,1.54569e-05,0.0,nan,nan,nan
5387.133,1.545613e-05,0.0,nan,nan,nan
5387.217,1.545236e-05,0.0,nan,nan,nan
5387.302,1.545749e-05,0.0,nan,nan,nan
5387.385,1.54544e-05,0.0,nan,nan,nan
5387.469,1.545391e-05,0.0,nan,nan,nan
5387.553,1.545717e-05,0.0,nan,nan,nan
5387.637,1.545823e-05,0.0,nan,nan,nan
5387.72,1.54541e-05,0.0,nan,nan,nan
5387.83,1.54576e-05,0.0,nan,nan,nan
5387.914,1.545576e-05,0.0,nan,nan,nan
5388.006,1.545385e-05,0.0,nan,nan,nan
5388.089,1.545852e-05,0.0,nan,nan,nan
5388.196,1.545686e-05,0.0,nan,nan,nan
5388.287,1.544853e-05,0.0,nan,nan,nan
5388.39,1.545271e-05,0.0,nan,nan,nan
5388.474,1.545409e-05,0.0,nan,nan,nan
5388.58,1.545217e-05,0.0,nan,nan,nan
5388.664,1.545471e-05,0.0,nan,nan,nan
5388.748,1.545543e-05,0.0,nan,nan,nan
5388.831,1.54556e-05,0.0,nan,nan,nan
5388.916,1.545326e-05,0.0,nan,nan,nan
5389.004,1.544833e-05,0.0,nan,nan,nan
5389.087,1.545306e-05,0.0,nan,nan,nan
5389.173,1.545174e-05,0.0,nan,nan,nan
5389.257,1.545117e-05,0.0,nan,nan,nan
5389.34,1.545579e-05,0.0,nan,nan,nan
5389.424,1.545541e-05,0.0,nan,nan,nan
5389.507,1.54528e-05,0.0,nan,nan,nan
5389.604,1.544942e-05,0.0,nan,nan,nan
5389.687,1.545192e-05,0.0,nan,nan,nan
5389.771,1.544994e-05,0.0,nan,nan,nan
5389.863,1.545249e-05,0.0,nan,nan,nan
5389.95,1.544846e-05,0.0,nan,nan,nan
5390.035,1.545578e-05,0.0,nan,nan,nan
5390.119,1.545385e-05,0.0,nan,nan,nan
5390.218,1.545224e-05,0.0,nan,nan,nan
5390.302,1.545116e-05,0.0,nan,nan,nan
5390.385,1.545617e-05,0.0,nan,nan,nan
5390.469,1.545041e-05,0.0,nan,nan,nan
5390.553,1.545157e-05,0.0,nan,nan,nan
5390.636,1.545492e-05,0.0,nan,nan,nan
5390.719,1.54537e-05,0.0,nan,nan,nan
5390.803,1.545214e-05,0.0,nan,nan,nan
5390.886,1.545426e-05,0.0,nan,nan,nan
5390.97,1.545559e-05,0.0,nan,nan,nan
5391.074,1.545247e-05,0.0,nan,nan,nan
5391.158,1.545277e-05,0.0,nan,nan,nan
5391.243,1.545221e-05,0.0,nan,nan,nan
5391.327,1.545115e-05,0.0,nan,nan,nan
5391.41,1.544849e-05,0.0,nan,nan,nan
5391.496,1.545275e-05,0.0,nan,nan,nan
5391.579,1.545149e-05,0.0,nan,nan,nan
5391.665,1.544959e-05,0.0,nan,nan,nan
5391.749,1.544884e-05,0.0,nan,nan,nan
5391.832,1.545327e-05,0.0,nan,nan,nan
5391.936,1.545585e-05,0.0,nan,nan,nan
5392.021,1.545339e-05,0.0,nan,nan,nan
5392.105,1.545595e-05,0.0,nan,nan,nan
5392.188,1.54544e-05,0.0,nan,nan,nan
5392.297,1.545167e-05,0.0,nan,nan,nan
5392.386,1.545659e-05,0.0,nan,nan,nan
5392.494,1.545638e-05,0.0,nan,nan,nan
5392.578,1.54551e-05,0.0,nan,nan,nan
5392.662,1.545111e-05,0.0,nan,nan,nan
5392.746,1.545367e-05,0.0,nan,nan,nan
5392.829,1.545574e-05,0.0,nan,nan,nan
5392.913,1.545457e-05,0.0,nan,nan,nan
5392.996,1.545097e-05,0.0,nan,nan,nan
5393.083,1.545328e-05,0.0,nan,nan,nan
5393.167,1.545309e-05,0.0,nan,nan,nan
5393.25,1.545341e-05,0.0,nan,nan,nan
5393.334,1.545332e-05,0.0,nan,nan,nan
5393.418,1.545341e-05,0.0,nan,nan,nan
5393.509,1.545366e-05,0.0,nan,nan,nan
5393.592,1.545478e-05,0.0,nan,nan,nan
5393.695,1.545519e-05,0.0,nan,nan,nan
5393.779,1.545259e-05,0.0,nan,nan,nan
5393.862,1.545552e-05,0.0,nan,nan,nan
5393.993,1.545755e-05,0.0,nan,nan,nan
5394.077,1.545296e-05,0.0,nan,nan,nan
5394.161,1.545203e-05,0.0,nan,nan,nan
5394.247,1.545281e-05,0.0,nan,nan,nan
5394.33,1.545182e-05,0.0,nan,nan,nan
5394.415,1.545139e-05,0.0,nan,nan,nan
5394.498,1.545531e-05,0.0,nan,nan,nan
5394.582,1.545427e-05,0.0,nan,nan,nan
5394.669,1.545368e-05,0.0,nan,nan,nan
5394.752,1.545392e-05,0.0,nan,nan,nan
5394.838,1.544942e-05,0.0,nan,nan,nan
5394.927,1.545238e-05,0.0,nan,nan,nan
5395.011,1.545333e-05,0.0,nan,nan,nan
5395.124,1.544866e-05,0.0,nan,nan,nan
5395.208,1.545507e-05,0.0,nan,nan,nan
5395.314,1.545237e-05,0.0,nan,nan,nan
5395.398,1.54517e-05,0.0,nan,nan,nan
5395.482,1.545161e-05,0.0,nan,nan,nan
5395.565,1.545196e-05,0.0,nan,nan,nan
5395.649,1.545209e-05,0.0,nan,nan,nan
5395.733,1.545335e-05,0.0,nan,nan,nan
5395.817,1.545293e-05,0.0,nan,nan,nan
5395.9,1.545728e-05,0.0,nan,nan,nan
5395.984,1.545401e-05,0.0,nan,nan,nan
5396.114,1.545233e-05,0.0,nan,nan,nan
5396.206,1.545479e-05,0.0,nan,nan,nan
5396.291,1.545126e-05,0.0,nan,nan,nan
5396.375,1.545017e-05,0.0,nan,nan,nan
5396.458,1.54519e-05,0.0,nan,nan,nan
5396.557,1.54501e-05,0.0,nan,nan,nan
5396.641,1.545111e-05,0.0,nan,nan,nan
5396.724,1.54525e-05,0.0,nan,nan,nan
5396.808,1.545498e-05,0.0,nan,nan,nan
5396.892,1.545402e-05,0.0,nan,nan,nan
5396.987,1.545032e-05,0.0,nan,nan,nan
5397.071,1.545492e-05,0.0,nan,nan,nan
5397.165,1.545239e-05,0.0,nan,nan,nan
5397.249,1.545366e-05,0.0,nan,nan,nan
5397.333,1.545741e-05,0.0,nan,nan,nan
5397.416,1.545297e-05,0.0,nan,nan,nan
5397.502,1.545631e-05,0.0,nan,nan,nan
5397.586,1.545413e-05,0.0,nan,nan,nan
5397.67,1.545545e-05,0.0,nan,nan,nan
5397.773,1.545382e-05,0.0,nan,nan,nan
5397.856,1.545035e-05,0.0,nan,nan,nan
5397.94,1.545094e-05,0.0,nan,nan,nan
5398.024,1.544956e-05,0.0,nan,nan,nan
5398.107,1.545e-05,0.0,nan,nan,nan
5398.192,1.545098e-05,0.0,nan,nan,nan
5398.276,1.545768e-05,0.0,nan,nan,nan
5398.359,1.545131e-05,0.0,nan,nan,nan
5398.443,1.545223e-05,0.0,nan,nan,nan
5398.527,1.545325e-05,0.0,nan,nan,nan
5398.611,1.544937e-05,0.0,nan,nan,nan
5398.694,1.545233e-05,0.0,nan,nan,nan
5398.79,1.545008e-05,0.0,nan,nan,nan
5398.874,1.545238e-05,0.0,nan,nan,nan
5398.962,1.545081e-05,0.0,nan,nan,nan
5399.048,1.544925e-05,0.0,nan,nan,nan
5399.132,1.54531e-05,0.0,nan,nan,nan
5399.238,1.545388e-05,0.0,nan,nan,nan
5399.322,1.545384e-05,0.0,nan,nan,nan
5399.422,1.545144e-05,0.0,nan,nan,nan
5399.505,1.545061e-05,0.0,nan,nan,nan
5399.591,1.545393e-05,0.0,nan,nan,nan
5399.675,1.54549e-05,0.0,nan,nan,nan
5399.758,1.545624e-05,0.0,nan,nan,nan
5399.842,1.545295e-05,0.0,nan,nan,nan
5399.926,1.545045e-05,0.0,nan,nan,nan
5400.01,1.545517e-05,0.0,nan,nan,nan
5400.094,1.545464e-05,0.0,nan,nan,nan
5400.177,1.545236e-05,0.0,nan,nan,nan
5400.262,1.545287e-05,0.0,nan,nan,nan
5400.345,1.544894e-05,0.0,nan,nan,nan
5400.432,1.545416e-05,0.0,nan,nan,nan
5400.516,1.54511e-05,0.0,nan,nan,nan
5400.625,1.545026e-05,0.0,nan,nan,nan
5400.709,1.545234e-05,0.0,nan,nan,nan
5400.793,1.545191e-05,0.0,nan,nan,nan
5400.877,1.545321e-05,0.0,nan,nan,nan
5400.96,1.545082e-05,0.0,nan,nan,nan
5401.044,1.545027e-05,0.0,nan,nan,nan
5401.127,1.54566e-05,0.0,nan,nan,nan
5401.211,1.545118e-05,0.0,nan,nan,nan
5401.295,1.544834e-05,0.0,nan,nan,nan
5401.379,1.544813e-05,0.0,nan,nan,nan
5401.462,1.544774e-05,0.0,nan,nan,nan
5401.55,1.544635e-05,0.0,nan,nan,nan
5401.634,1.545063e-05,0.0,nan,nan,nan
5401.717,1.545091e-05,0.0,nan,nan,nan
5401.802,1.544892e-05,0.0,nan,nan,nan
5401.885,1.545112e-05,0.0,nan,nan,nan
5401.969,1.545074e-05,0.0,nan,nan,nan
5402.053,1.544731e-05,0.0,nan,nan,nan
5402.137,1.544817e-05,0.0,nan,nan,nan
5402.22,1.544912e-05,0.0,nan,nan,nan
5402.337,1.545119e-05,0.0,nan,nan,nan
5402.421,1.545211e-05,0.0,nan,nan,nan
5402.505,1.54523e-05,0.0,nan,nan,nan
5402.588,1.545417e-05,0.0,nan,nan,nan
5402.672,1.545469e-05,0.0,nan,nan,nan
5402.756,1.545383e-05,0.0,nan,nan,nan
5402.857,1.545759e-05,0.0,nan,nan,nan
5402.941,1.545854e-05,0.0,nan,nan,nan
5403.026,1.545564e-05,0.0,nan,nan,nan
5403.11,1.545179e-05,0.0,nan,nan,nan
5403.194,1.545519e-05,0.0,nan,nan,nan
5403.287,1.545299e-05,0.0,nan,nan,nan
5403.371,1.545624e-05,0.0,nan,nan,nan
5403.458,1.545868e-05,0.0,nan,nan,nan
5403.542,1.546043e-05,0.0,nan,nan,nan
5403.625,1.546012e-05,0.0,nan,nan,nan
5403.714,1.545703e-05,0.0,nan,nan,nan
5403.801,1.545776e-05,0.0,nan,nan,nan
5403.911,1.54587e-05,0.0,nan,nan,nan
5403.995,1.545942e-05,0.0,nan,nan,nan
5404.079,1.545881e-05,0.0,nan,nan,nan
5404.163,1.545571e-05,0.0,nan,nan,nan
5404.247,1.545715e-05,0.0,nan,nan,nan
5404.332,1.545841e-05,0.0,nan,nan,nan
5404.416,1.545911e-05,0.0,nan,nan,nan
5404.512,1.545636e-05,0.0,nan,nan,nan
5404.596,1.545586e-05,0.0,nan,nan,nan
5404.679,1.545651e-05,0.0,nan,nan,nan
5404.763,1.545553e-05,0.0,nan,nan,nan
5404.851,1.545892e-05,0.0,nan,nan,nan
5404.948,1.545881e-05,0.0,nan,nan,nan
5405.033,1.546261e-05,0.0,nan,nan,nan
5405.128,1.545751e-05,0.0,nan,nan,nan
5405.212,1.545862e-05,0.0,nan,nan,nan
5405.296,1.545876e-05,0.0,nan,nan,nan
5405.38,1.545372e-05,0.0,nan,nan,nan
5405.471,1.545732e-05,0.0,nan,nan,nan
5405.554,1.545381e-05,0.0,nan,nan,nan
5405.638,1.545438e-05,0.0,nan,nan,nan
5405.721,1.545127e-05,0.0,nan,nan,nan
5405.805,1.545313e-05,0.0,nan,nan,nan
5405.889,1.545152e-05,0.0,nan,nan,nan
5405.972,1.545544e-05,0.0,nan,nan,nan
5406.056,1.545717e-05,0.0,nan,nan,nan
5406.158,1.545441e-05,0.0,nan,nan,nan
5406.241,1.545564e-05,0.0,nan,nan,nan
5406.325,1.545236e-05,0.0,nan,nan,nan
5406.409,1.545316e-05,0.0,nan,nan,nan
5406.492,1.545798e-05,0.0,nan,nan,nan
5406.578,1.546007e-05,0.0,nan,nan,nan
5406.662,1.546007e-05,0.0,nan,nan,nan
5406.764,1.54577e-05,0.0,nan,nan,nan
5406.848,1.545598e-05,0.0,nan,nan,nan
5406.931,1.545876e-05,0.0,nan,nan,nan
5407.015,1.545554e-05,0.0,nan,nan,nan
5407.099,1.545735e-05,0.0,nan,nan,nan
5407.186,1.545535e-05,0.0,nan,nan,nan
5407.27,1.545731e-05,0.0,nan,nan,nan
5407.353,1.545425e-05,0.0,nan,nan,nan
5407.437,1.545605e-05,0.0,nan,nan,nan
5407.521,1.545729e-05,0.0,nan,nan,nan
5407.605,1.546245e-05,0.0,nan,nan,nan
5407.689,1.54573e-05,0.0,nan,nan,nan
5407.787,1.546056e-05,0.0,nan,nan,nan
5407.87,1.545796e-05,0.0,nan,nan,nan
5407.955,1.545712e-05,0.0,nan,nan,nan
5408.039,1.54567e-05,0.0,nan,nan,nan
5408.124,1.545422e-05,0.0,nan,nan,nan
5408.207,1.545631e-05,0.0,nan,nan,nan
5408.291,1.544853e-05,0.0,nan,nan,nan
5408.397,1.545356e-05,0.0,nan,nan,nan
5408.51,1.545444e-05,0.0,nan,nan,nan
5408.594,1.545274e-05,0.0,nan,nan,nan
5408.677,1.5455e-05,0.0,nan,nan,nan
5408.776,1.545619e-05,0.0,nan,nan,nan
5408.86,1.545515e-05,0.0,nan,nan,nan
5408.943,1.545361e-05,0.0,nan,nan,nan
5409.027,1.545511e-05,0.0,nan,nan,nan
5409.11,1.545652e-05,0.0,nan,nan,nan
5409.194,1.545845e-05,0.0,nan,nan,nan
5409.277,1.545341e-05,0.0,nan,nan,nan
5409.362,1.545229e-05,0.0,nan,nan,nan
5409.447,1.54523e-05,0.0,nan,nan,nan
5409.531,1.545333e-05,0.0,nan,nan,nan
5409.618,1.54538e-05,0.0,nan,nan,nan
5409.702,1.545051e-05,0.0,nan,nan,nan
5409.795,1.545483e-05,0.0,nan,nan,nan
5409.879,1.545384e-05,0.0,nan,nan,nan
5409.962,1.545206e-05,0.0,nan,nan,nan
5410.048,1.5453e-05,0.0,nan,nan,nan
5410.131,1.545752e-05,0.0,nan,nan,nan
5410.216,1.545458e-05,0.0,nan,nan,nan
5410.3,1.545486e-05,0.0,nan,nan,nan
5410.384,1.545569e-05,0.0,nan,nan,nan
5410.467,1.545544e-05,0.0,nan,nan,nan
5410.561,1.545559e-05,0.0,nan,nan,nan
5410.645,1.545693e-05,0.0,nan,nan,nan
5410.729,1.545156e-05,0.0,nan,nan,nan
5410.825,1.545535e-05,0.0,nan,nan,nan
5410.908,1.545579e-05,0.0,nan,nan,nan
5410.995,1.54549e-05,0.0,nan,nan,nan
5411.078,1.545744e-05,0.0,nan,nan,nan
5411.162,1.545304e-05,0.0,nan,nan,nan
5411.252,1.54517e-05,0.0,nan,nan,nan
5411.335,1.545422e-05,0.0,nan,nan,nan
5411.419,1.545401e-05,0.0,nan,nan,nan
5411.502,1.545285e-05,0.0,nan,nan,nan
5411.589,1.545591e-05,0.0,nan,nan,nan
5411.673,1.545537e-05,0.0,nan,nan,nan
5411.757,1.545293e-05,0.0,nan,nan,nan
5411.84,1.544951e-05,0.0,nan,nan,nan
5411.924,1.545165e-05,0.0,nan,nan,nan
5412.028,1.545074e-05,0.0,nan,nan,nan
5412.112,1.545369e-05,0.0,nan,nan,nan
5412.195,1.545254e-05,0.0,nan,nan,nan
5412.279,1.545478e-05,0.0,nan,nan,nan
5412.362,1.545224e-05,0.0,nan,nan,nan
5412.455,1.545608e-05,0.0,nan,nan,nan
5412.538,1.545403e-05,0.0,nan,nan,nan
5412.626,1.545682e-05,0.0,nan,nan,nan
5412.711,1.545564e-05,0.0,nan,nan,nan
5412.795,1.545561e-05,0.0,nan,nan,nan
5412.878,1.545574e-05,0.0,nan,nan,nan
5412.962,1.54525e-05,0.0,nan,nan,nan
5413.064,1.545222e-05,0.0,nan,nan,nan
5413.148,1.545056e-05,0.0,nan,nan,nan
5413.245,1.545383e-05,0.0,nan,nan,nan
5413.328,1.545292e-05,0.0,nan,nan,nan
5413.412,1.545454e-05,0.0,nan,nan,nan
5413.495,1.545388e-05,0.0,nan,nan,nan
5413.579,1.545152e-05,0.0,nan,nan,nan
5413.675,1.545398e-05,0.0,nan,nan,nan
5413.759,1.545711e-05,0.0,nan,nan,nan
5413.872,1.545409e-05,0.0,nan,nan,nan
5413.956,1.545656e-05,0.0,nan,nan,nan
5414.044,1.545367e-05,0.0,nan,nan,nan
5414.128,1.54543e-05,0.0,nan,nan,nan
5414.212,1.545441e-05,0.0,nan,nan,nan
5414.295,1.54547e-05,0.0,nan,nan,nan
5414.385,1.545621e-05,0.0,nan,nan,nan
5414.484,1.545695e-05,0.0,nan,nan,nan
5414.568,1.545694e-05,0.0,nan,nan,nan
5414.651,1.545649e-05,0.0,nan,nan,nan
5414.739,1.545123e-05,0.0,nan,nan,nan
5414.823,1.545178e-05,0.0,nan,nan,nan
5414.907,1.545111e-05,0.0,nan,nan,nan
5414.991,1.545843e-05,0.0,nan,nan,nan
5415.095,1.545652e-05,0.0,nan,nan,nan
5415.179,1.545588e-05,0.0,nan,nan,nan
5415.262,1.545636e-05,0.0,nan,nan,nan
5415.346,1.545236e-05,0.0,nan,nan,nan
5415.434,1.545189e-05,0.0,nan,nan,nan
5415.522,1.545746e-05,0.0,nan,nan,nan
5415.606,1.545827e-05,0.0,nan,nan,nan
5415.711,1.545475e-05,0.0,nan,nan,nan
5415.794,1.545857e-05,0.0,nan,nan,nan
5415.878,1.545678e-05,0.0,nan,nan,nan
5415.961,1.545679e-05,0.0,nan,nan,nan
5416.046,1.545878e-05,0.0,nan,nan,nan
5416.132,1.545673e-05,0.0,nan,nan,nan
5416.217,1.54543e-05,0.0,nan,nan,nan
5416.301,1.545565e-05,0.0,nan,nan,nan
5416.385,1.545608e-05,0.0,nan,nan,nan
5416.468,1.545591e-05,0.0,nan,nan,nan
5416.552,1.54555e-05,0.0,nan,nan,nan
5416.636,1.545837e-05,0.0,nan,nan,nan
5416.72,1.545295e-05,0.0,nan,nan,nan
5416.81,1.545204e-05,0.0,nan,nan,nan
5416.893,1.54552e-05,0.0,nan,nan,nan
5416.977,1.545688e-05,0.0,nan,nan,nan
5417.062,1.546017e-05,0.0,nan,nan,nan
5417.146,1.545477e-05,0.0,nan,nan,nan
5417.232,1.545606e-05,0.0,nan,nan,nan
5417.315,1.545451e-05,0.0,nan,nan,nan
5417.399,1.545457e-05,0.0,nan,nan,nan
5417.482,1.545636e-05,0.0,nan,nan,nan
5417.566,1.545434e-05,0.0,nan,nan,nan
5417.65,1.545549e-05,0.0,nan,nan,nan
5417.743,1.5457e-05,0.0,nan,nan,nan
5417.826,1.545769e-05,0.0,nan,nan,nan
5417.911,1.545697e-05,0.0,nan,nan,nan
5417.995,1.545732e-05,0.0,nan,nan,nan
5418.078,1.545596e-05,0.0,nan,nan,nan
5418.176,1.545573e-05,0.0,nan,nan,nan
5418.26,1.545592e-05,0.0,nan,nan,nan
5418.346,1.545658e-05,0.0,nan,nan,nan
5418.429,1.545218e-05,0.0,nan,nan,nan
5418.513,1.545837e-05,0.0,nan,nan,nan
5418.596,1.545423e-05,0.0,nan,nan,nan
5418.68,1.545078e-05,0.0,nan,nan,nan
5418.769,1.545112e-05,0.0,nan,nan,nan
5418.852,1.545133e-05,0.0,nan,nan,nan
5418.936,1.544942e-05,0.0,nan,nan,nan
5419.02,1.545169e-05,0.0,nan,nan,nan
5419.103,1.5454e-05,0.0,nan,nan,nan
5419.187,1.545476e-05,0.0,nan,nan,nan
5419.27,1.545527e-05,0.0,nan,nan,nan
5419.361,1.54549e-05,0.0,nan,nan,nan
5419.445,1.545352e-05,0.0,nan,nan,nan
5419.528,1.545225e-05,0.0,nan,nan,nan
5419.611,1.545384e-05,0.0,nan,nan,nan
5419.696,1.545555e-05,0.0,nan,nan,nan
5419.784,1.545232e-05,0.0,nan,nan,nan
5419.867,1.54528e-05,0.0,nan,nan,nan
5419.952,1.545689e-05,0.0,nan,nan,nan
5420.036,1.545535e-05,0.0,nan,nan,nan
5420.119,1.545764e-05,0.0,nan,nan,nan
5420.205,1.545635e-05,0.0,nan,nan,nan
5420.288,1.545375e-05,0.0,nan,nan,nan
5420.372,1.545757e-05,0.0,nan,nan,nan
5420.456,1.545508e-05,0.0,nan,nan,nan
5420.539,1.545302e-05,0.0,nan,nan,nan
5420.623,1.54536e-05,0.0,nan,nan,nan
5420.706,1.545487e-05,0.0,nan,nan,nan
5420.796,1.545332e-05,0.0,nan,nan,nan
5420.906,1.545684e-05,0.0,nan,nan,nan
5420.99,1.545666e-05,0.0,nan,nan,nan
5421.073,1.545751e-05,0.0,nan,nan,nan
5421.158,1.545966e-05,0.0,nan,nan,nan
5421.242,1.545289e-05,0.0,nan,nan,nan
5421.325,1.545503e-05,0.0,nan,nan,nan
5421.412,1.545419e-05,0.0,nan,nan,nan
5421.496,1.545336e-05,0.0,nan,nan,nan
5421.58,1.545595e-05,0.0,nan,nan,nan
5421.663,1.545563e-05,0.0,nan,nan,nan
5421.747,1.545077e-05,0.0,nan,nan,nan
5421.833,1.545465e-05,0.0,nan,nan,nan
5421.916,1.545701e-05,0.0,nan,nan,nan
5422.0,1.545478e-05,0.0,nan,nan,nan
5422.084,1.545341e-05,0.0,nan,nan,nan
5422.167,1.545297e-05,0.0,nan,nan,nan
5422.254,1.545367e-05,0.0,nan,nan,nan
5422.338,1.545138e-05,0.0,nan,nan,nan
5422.422,1.545744e-05,0.0,nan,nan,nan
5422.506,1.54558e-05,0.0,nan,nan,nan
5422.589,1.545469e-05,0.0,nan,nan,nan
5422.69,1.545732e-05,0.0,nan,nan,nan
5422.774,1.545418e-05,0.0,nan,nan,nan
5422.863,1.545563e-05,0.0,nan,nan,nan
5422.97,1.545606e-05,0.0,nan,nan,nan
5423.07,1.545564e-05,0.0,nan,nan,nan
5423.154,1.545658e-05,0.0,nan,nan,nan
5423.245,1.545563e-05,0.0,nan,nan,nan
5423.329,1.545167e-05,0.0,nan,nan,nan
5423.415,1.545519e-05,0.0,nan,nan,nan
5423.526,1.54493e-05,0.0,nan,nan,nan
5423.61,1.545535e-05,0.0,nan,nan,nan
5423.713,1.546021e-05,0.0,nan,nan,nan
5423.803,1.54608e-05,0.0,nan,nan,nan
5423.904,1.545444e-05,0.0,nan,nan,nan
5423.988,1.545073e-05,0.0,nan,nan,nan
5424.071,1.545443e-05,0.0,nan,nan,nan
5424.155,1.545505e-05,0.0,nan,nan,nan
5424.238,1.545285e-05,0.0,nan,nan,nan
5424.321,1.545383e-05,0.0,nan,nan,nan
5424.405,1.545288e-05,0.0,nan,nan,nan
5424.489,1.545374e-05,0.0,nan,nan,nan
5424.573,1.545352e-05,0.0,nan,nan,nan
5424.659,1.544971e-05,0.0,nan,nan,nan
5424.744,1.545322e-05,0.0,nan,nan,nan
5424.831,1.545637e-05,0.0,nan,nan,nan
5424.939,1.545478e-05,0.0,nan,nan,nan
5425.056,1.545628e-05,0.0,nan,nan,nan
5425.154,1.54551e-05,0.0,nan,nan,nan
5425.238,1.545437e-05,0.0,nan,nan,nan
5425.33,1.545709e-05,0.0,nan,nan,nan
5425.421,1.546069e-05,0.0,nan,nan,nan
5425.509,1.545954e-05,0.0,nan,nan,nan
5425.593,1.545452e-05,0.0,nan,nan,nan
5425.679,1.546156e-05,0.0,nan,nan,nan
5425.763,1.545746e-05,0.0,nan,nan,nan
5425.851,1.545835e-05,0.0,nan,nan,nan
5425.947,1.545651e-05,0.0,nan,nan,nan
5426.033,1.54574e-05,0.0,nan,nan,nan
5426.129,1.545983e-05,0.0,nan,nan,nan
5426.213,1.546109e-05,0.0,nan,nan,nan
5426.297,1.546047e-05,0.0,nan,nan,nan
5426.38,1.545941e-05,0.0,nan,nan,nan
5426.464,1.546097e-05,0.0,nan,nan,nan
5426.562,1.546098e-05,0.0,nan,nan,nan
5426.646,1.54586e-05,0.0,nan,nan,nan
5426.729,1.546451e-05,0.0,nan,nan,nan
5426.813,1.546242e-05,0.0,nan,nan,nan
5426.898,1.54629e-05,0.0,nan,nan,nan
5426.981,1.545683e-05,0.0,nan,nan,nan
5427.093,1.545745e-05,0.0,nan,nan,nan
5427.177,1.545621e-05,0.0,nan,nan,nan
5427.262,1.545534e-05,0.0,nan,nan,nan
5427.361,1.545823e-05,0.0,nan,nan,nan
5427.444,1.545979e-05,0.0,nan,nan,nan
5427.528,1.54564e-05,0.0,nan,nan,nan
5427.612,1.545543e-05,0.0,nan,nan,nan
5427.695,1.545573e-05,0.0,nan,nan,nan
5427.78,1.545673e-05,0.0,nan,nan,nan
5427.863,1.546035e-05,0.0,nan,nan,nan
5427.95,1.545731e-05,0.0,nan,nan,nan
5428.034,1.545836e-05,0.0,nan,nan,nan
5428.117,1.545282e-05,0.0,nan,nan,nan
5428.201,1.54602e-05,0.0,nan,nan,nan
5428.286,1.546014e-05,0.0,nan,nan,nan
5428.369,1.5458e-05,0.0,nan,nan,nan
5428.453,1.545978e-05,0.0,nan,nan,nan
5428.536,1.545832e-05,0.0,nan,nan,nan
5428.62,1.545574e-05,0.0,nan,nan,nan
5428.703,1.545557e-05,0.0,nan,nan,nan
5428.787,1.54566e-05,0.0,nan,nan,nan
5428.87,1.545343e-05,0.0,nan,nan,nan
5428.954,1.545623e-05,0.0,nan,nan,nan
5429.041,1.545738e-05,0.0,nan,nan,nan
5429.125,1.545418e-05,0.0,nan,nan,nan
5429.209,1.545311e-05,0.0,nan,nan,nan
5429.292,1.545779e-05,0.0,nan,nan,nan
5429.376,1.545868e-05,0.0,nan,nan,nan
5429.459,1.545534e-05,0.0,nan,nan,nan
5429.543,1.545617e-05,0.0,nan,nan,nan
5429.626,1.544968e-05,0.0,nan,nan,nan
5429.71,1.544949e-05,0.0,nan,nan,nan
5429.795,1.545091e-05,0.0,nan,nan,nan
5429.878,1.545202e-05,0.0,nan,nan,nan
5429.962,1.544743e-05,0.0,nan,nan,nan
5430.049,1.545143e-05,0.0,nan,nan,nan
5430.133,1.545064e-05,0.0,nan,nan,nan
5430.235,1.545301e-05,0.0,nan,nan,nan
5430.318,1.545274e-05,0.0,nan,nan,nan
5430.402,1.544972e-05,0.0,nan,nan,nan
5430.486,1.545091e-05,0.0,nan,nan,nan
5430.57,1.544769e-05,0.0,nan,nan,nan
5430.653,1.545274e-05,0.0,nan,nan,nan
5430.737,1.545147e-05,0.0,nan,nan,nan
5430.82,1.545089e-05,0.0,nan,nan,nan
5430.904,1.545201e-05,0.0,nan,nan,nan
5430.987,1.545273e-05,0.0,nan,nan,nan
5431.071,1.545351e-05,0.0,nan,nan,nan
5431.155,1.545389e-05,0.0,nan,nan,nan
5431.262,1.545198e-05,0.0,nan,nan,nan
5431.347,1.545453e-05,0.0,nan,nan,nan
5431.439,1.544863e-05,0.0,nan,nan,nan
5431.523,1.545076e-05,0.0,nan,nan,nan
5431.607,1.54573e-05,0.0,nan,nan,nan
5431.69,1.545184e-05,0.0,nan,nan,nan
5431.774,1.545497e-05,0.0,nan,nan,nan
5431.878,1.545342e-05,0.0,nan,nan,nan
5431.963,1.545443e-05,0.0,nan,nan,nan
5432.068,1.545427e-05,0.0,nan,nan,nan
5432.152,1.545824e-05,0.0,nan,nan,nan
5432.235,1.545413e-05,0.0,nan,nan,nan
5432.319,1.545288e-05,0.0,nan,nan,nan
5432.402,1.545534e-05,0.0,nan,nan,nan
5432.486,1.544714e-05,0.0,nan,nan,nan
5432.57,1.545376e-05,0.0,nan,nan,nan
5432.663,1.544878e-05,0.0,nan,nan,nan
5432.746,1.54512e-05,0.0,nan,nan,nan
5432.83,1.545232e-05,0.0,nan,nan,nan
5432.914,1.545036e-05,0.0,nan,nan,nan
5432.999,1.545578e-05,0.0,nan,nan,nan
5433.083,1.54559e-05,0.0,nan,nan,nan
5433.167,1.545227e-05,0.0,nan,nan,nan
5433.25,1.544864e-05,0.0,nan,nan,nan
5433.342,1.545301e-05,0.0,nan,nan,nan
5433.428,1.544746e-05,0.0,nan,nan,nan
5433.511,1.545158e-05,0.0,nan,nan,nan
5433.595,1.545064e-05,0.0,nan,nan,nan
5433.684,1.54463e-05,0.0,nan,nan,nan
5433.768,1.545282e-05,0.0,nan,nan,nan
5433.853,1.5449e-05,0.0,nan,nan,nan
5433.936,1.544254e-05,0.0,nan,nan,nan
5434.02,1.544771e-05,0.0,nan,nan,nan
5434.103,1.544821e-05,0.0,nan,nan,nan
5434.187,1.544923e-05,0.0,nan,nan,nan
5434.271,1.544861e-05,0.0,nan,nan,nan
5434.355,1.545217e-05,0.0,nan,nan,nan
5434.438,1.545079e-05,0.0,nan,nan,nan
5434.522,1.544581e-05,0.0,nan,nan,nan
5434.61,1.54477e-05,0.0,nan,nan,nan
5434.71,1.545246e-05,0.0,nan,nan,nan
5434.794,1.545172e-05,0.0,nan,nan,nan
5434.907,1.545182e-05,0.0,nan,nan,nan
5434.991,1.545118e-05,0.0,nan,nan,nan
5435.094,1.544966e-05,0.0,nan,nan,nan
5435.177,1.544792e-05,0.0,nan,nan,nan
5435.261,1.545325e-05,0.0,nan,nan,nan
5435.376,1.54527e-05,0.0,nan,nan,nan
5435.464,1.545248e-05,0.0,nan,nan,nan
5435.548,1.545209e-05,0.0,nan,nan,nan
5435.635,1.545264e-05,0.0,nan,nan,nan
5435.73,1.545564e-05,0.0,nan,nan,nan
5435.817,1.545365e-05,0.0,nan,nan,nan
5435.9,1.545276e-05,0.0,nan,nan,nan
5435.984,1.545156e-05,0.0,nan,nan,nan
5436.068,1.545303e-05,0.0,nan,nan,nan
5436.152,1.545484e-05,0.0,nan,nan,nan
5436.235,1.545553e-05,0.0,nan,nan,nan
5436.321,1.545165e-05,0.0,nan,nan,nan
5436.405,1.54564e-05,0.0,nan,nan,nan
5436.488,1.545366e-05,0.0,nan,nan,nan
5436.572,1.545015e-05,0.0,nan,nan,nan
5436.656,1.545078e-05,0.0,nan,nan,nan
5436.739,1.545014e-05,0.0,nan,nan,nan
5436.823,1.545553e-05,0.0,nan,nan,nan
5436.907,1.545186e-05,0.0,nan,nan,nan
5436.99,1.54529e-05,0.0,nan,nan,nan
5437.075,1.545512e-05,0.0,nan,nan,nan
5437.172,1.545363e-05,0.0,nan,nan,nan
5437.256,1.54548e-05,0.0,nan,nan,nan
5437.339,1.545405e-05,0.0,nan,nan,nan
5437.423,1.54465e-05,0.0,nan,nan,nan
5437.506,1.544775e-05,0.0,nan,nan,nan
5437.597,1.545187e-05,0.0,nan,nan,nan
5437.681,1.544962e-05,0.0,nan,nan,nan
5437.765,1.544849e-05,0.0,nan,nan,nan
5437.848,1.545205e-05,0.0,nan,nan,nan
5437.932,1.545376e-05,0.0,nan,nan,nan
5438.016,1.544909e-05,0.0,nan,nan,nan
5438.101,1.545083e-05,0.0,nan,nan,nan
5438.185,1.544946e-05,0.0,nan,nan,nan
5438.269,1.544974e-05,0.0,nan,nan,nan
5438.353,1.54499e-05,0.0,nan,nan,nan
5438.436,1.544693e-05,0.0,nan,nan,nan
5438.523,1.544589e-05,0.0,nan,nan,nan
5438.607,1.545173e-05,0.0,nan,nan,nan
5438.69,1.545373e-05,0.0,nan,nan,nan
5438.807,1.545274e-05,0.0,nan,nan,nan
5438.891,1.544746e-05,0.0,nan,nan,nan
5438.974,1.545487e-05,0.0,nan,nan,nan
5439.057,1.545e-05,0.0,nan,nan,nan
5439.143,1.545188e-05,0.0,nan,nan,nan
5439.226,1.54523e-05,0.0,nan,nan,nan
5439.31,1.544973e-05,0.0,nan,nan,nan
5439.393,1.545171e-05,0.0,nan,nan,nan
5439.477,1.544745e-05,0.0,nan,nan,nan
5439.576,1.545198e-05,0.0,nan,nan,nan
5439.66,1.545225e-05,0.0,nan,nan,nan
5439.743,1.545137e-05,0.0,nan,nan,nan
5439.83,1.544834e-05,0.0,nan,nan,nan
5439.914,1.544887e-05,0.0,nan,nan,nan
5439.998,1.544822e-05,0.0,nan,nan,nan
5440.092,1.544583e-05,0.0,nan,nan,nan
5440.176,1.544924e-05,0.0,nan,nan,nan
5440.279,1.545056e-05,0.0,nan,nan,nan
5440.363,1.54506e-05,0.0,nan,nan,nan
5440.481,1.544948e-05,0.0,nan,nan,nan
5440.568,1.545262e-05,0.0,nan,nan,nan
5440.653,1.544922e-05,0.0,nan,nan,nan
5440.737,1.545398e-05,0.0,nan,nan,nan
5440.829,1.545014e-05,0.0,nan,nan,nan
5440.913,1.545324e-05,0.0,nan,nan,nan
5440.996,1.545043e-05,0.0,nan,nan,nan
5441.08,1.54537e-05,0.0,nan,nan,nan
5441.164,1.545246e-05,0.0,nan,nan,nan
5441.251,1.545472e-05,0.0,nan,nan,nan
5441.335,1.545572e-05,0.0,nan,nan,nan
5441.419,1.545679e-05,0.0,nan,nan,nan
5441.502,1.545391e-05,0.0,nan,nan,nan
5441.586,1.544909e-05,0.0,nan,nan,nan
5441.693,1.545517e-05,0.0,nan,nan,nan
5441.776,1.545619e-05,0.0,nan,nan,nan
5441.86,1.545228e-05,0.0,nan,nan,nan
5441.943,1.54515e-05,0.0,nan,nan,nan
5442.027,1.545175e-05,0.0,nan,nan,nan
5442.11,1.545703e-05,0.0,nan,nan,nan
5442.195,1.545725e-05,0.0,nan,nan,nan
5442.31,1.545343e-05,0.0,nan,nan,nan
5442.394,1.545677e-05,0.0,nan,nan,nan
5442.485,1.545736e-05,0.0,nan,nan,nan
5442.568,1.545305e-05,0.0,nan,nan,nan
5442.67,1.545264e-05,0.0,nan,nan,nan
5442.753,1.545014e-05,0.0,nan,nan,nan
5442.837,1.54529e-05,0.0,nan,nan,nan
5442.921,1.545774e-05,0.0,nan,nan,nan
5443.004,1.54556e-05,0.0,nan,nan,nan
5443.088,1.545785e-05,0.0,nan,nan,nan
5443.172,1.545418e-05,0.0,nan,nan,nan
5443.271,1.545511e-05,0.0,nan,nan,nan
5443.355,1.545352e-05,0.0,nan,nan,nan
5443.438,1.545251e-05,0.0,nan,nan,nan
5443.522,1.545077e-05,0.0,nan,nan,nan
5443.605,1.544984e-05,0.0,nan,nan,nan
5443.689,1.545259e-05,0.0,nan,nan,nan
5443.773,1.545089e-05,0.0,nan,nan,nan
5443.869,1.544962e-05,0.0,nan,nan,nan
5443.952,1.545324e-05,0.0,nan,nan,nan
5444.036,1.545612e-05,0.0,nan,nan,nan
5444.12,1.544979e-05,0.0,nan,nan,nan
5444.203,1.545445e-05,0.0,nan,nan,nan
5444.299,1.545468e-05,0.0,nan,nan,nan
5444.383,1.545304e-05,0.0,nan,nan,nan
5444.466,1.545195e-05,0.0,nan,nan,nan
5444.55,1.545103e-05,0.0,nan,nan,nan
5444.633,1.544842e-05,0.0,nan,nan,nan
5444.717,1.545045e-05,0.0,nan,nan,nan
5444.801,1.545249e-05,0.0,nan,nan,nan
5444.885,1.545076e-05,0.0,nan,nan,nan
5444.969,1.545234e-05,0.0,nan,nan,nan
5445.054,1.544998e-05,0.0,nan,nan,nan
5445.137,1.545336e-05,0.0,nan,nan,nan
5445.221,1.545219e-05,0.0,nan,nan,nan
5445.321,1.545358e-05,0.0,nan,nan,nan
5445.405,1.545465e-05,0.0,nan,nan,nan
5445.488,1.545357e-05,0.0,nan,nan,nan
5445.572,1.545488e-05,0.0,nan,nan,nan
5445.656,1.545319e-05,0.0,nan,nan,nan
5445.744,1.545533e-05,0.0,nan,nan,nan
5445.828,1.545085e-05,0.0,nan,nan,nan
5445.927,1.54534e-05,0.0,nan,nan,nan
5446.011,1.545401e-05,0.0,nan,nan,nan
5446.094,1.545495e-05,0.0,nan,nan,nan
5446.178,1.545198e-05,0.0,nan,nan,nan
5446.262,1.545293e-05,0.0,nan,nan,nan
5446.346,1.545386e-05,0.0,nan,nan,nan
5446.429,1.545443e-05,0.0,nan,nan,nan
5446.513,1.545231e-05,0.0,nan,nan,nan
5446.597,1.545282e-05,0.0,nan,nan,nan
5446.681,1.545602e-05,0.0,nan,nan,nan
5446.768,1.545017e-05,0.0,nan,nan,nan
5446.852,1.545015e-05,0.0,nan,nan,nan
5446.954,1.544859e-05,0.0,nan,nan,nan
5447.038,1.545405e-05,0.0,nan,nan,nan
5447.123,1.545141e-05,0.0,nan,nan,nan
5447.207,1.545467e-05,0.0,nan,nan,nan
5447.292,1.545126e-05,0.0,nan,nan,nan
5447.375,1.545292e-05,0.0,nan,nan,nan
5447.459,1.545324e-05,0.0,nan,nan,nan
5447.562,1.54554e-05,0.0,nan,nan,nan
5447.646,1.544929e-05,0.0,nan,nan,nan
5447.73,1.54531e-05,0.0,nan,nan,nan
5447.859,1.545422e-05,0.0,nan,nan,nan
5447.946,1.545179e-05,0.0,nan,nan,nan
5448.029,1.545175e-05,0.0,nan,nan,nan
5448.115,1.545063e-05,0.0,nan,nan,nan
5448.204,1.544994e-05,0.0,nan,nan,nan
5448.287,1.54495e-05,0.0,nan,nan,nan
5448.388,1.545199e-05,0.0,nan,nan,nan
5448.472,1.544822e-05,0.0,nan,nan,nan
5448.572,1.545281e-05,0.0,nan,nan,nan
5448.656,1.545083e-05,0.0,nan,nan,nan
5448.74,1.545203e-05,0.0,nan,nan,nan
5448.824,1.54521e-05,0.0,nan,nan,nan
5448.908,1.545008e-05,0.0,nan,nan,nan
5449.009,1.545075e-05,0.0,nan,nan,nan
5449.093,1.545089e-05,0.0,nan,nan,nan
5449.2,1.545003e-05,0.0,nan,nan,nan
5449.284,1.545342e-05,0.0,nan,nan,nan
5449.388,1.545666e-05,0.0,nan,nan,nan
5449.471,1.545237e-05,0.0,nan,nan,nan
5449.558,1.545361e-05,0.0,nan,nan,nan
5449.642,1.545258e-05,0.0,nan,nan,nan
5449.726,1.545414e-05,0.0,nan,nan,nan
5449.815,1.545742e-05,0.0,nan,nan,nan
5449.926,1.545518e-05,0.0,nan,nan,nan
5450.029,1.545904e-05,0.0,nan,nan,nan
5450.118,1.545382e-05,0.0,nan,nan,nan
5450.205,1.545711e-05,0.0,nan,nan,nan
5450.289,1.545525e-05,0.0,nan,nan,nan
5450.373,1.54545e-05,0.0,nan,nan,nan
5450.456,1.545359e-05,0.0,nan,nan,nan
5450.54,1.545031e-05,0.0,nan,nan,nan
5450.626,1.545602e-05,0.0,nan,nan,nan
5450.71,1.545235e-05,0.0,nan,nan,nan
5450.812,1.545135e-05,0.0,nan,nan,nan
5450.895,1.544778e-05,0.0,nan,nan,nan
5450.979,1.545318e-05,0.0,nan,nan,nan
5451.062,1.545367e-05,0.0,nan,nan,nan
5451.148,1.545099e-05,0.0,nan,nan,nan
5451.235,1.545662e-05,0.0,nan,nan,nan
5451.319,1.545126e-05,0.0,nan,nan,nan
5451.418,1.545e-05,0.0,nan,nan,nan
5451.502,1.545016e-05,0.0,nan,nan,nan
5451.588,1.545603e-05,0.0,nan,nan,nan
5451.672,1.545519e-05,0.0,nan,nan,nan
5451.757,1.545255e-05,0.0,nan,nan,nan
5451.842,1.545093e-05,0.0,nan,nan,nan
5451.926,1.54529e-05,0.0,nan,nan,nan
5452.01,1.545306e-05,0.0,nan,nan,nan
5452.109,1.54491e-05,0.0,nan,nan,nan
5452.192,1.545159e-05,0.0,nan,nan,nan
5452.276,1.544822e-05,0.0,nan,nan,nan
5452.362,1.544945e-05,0.0,nan,nan,nan
5452.46,1.545366e-05,0.0,nan,nan,nan
5452.544,1.54518e-05,0.0,nan,nan,nan
5452.628,1.544856e-05,0.0,nan,nan,nan
5452.711,1.54473e-05,0.0,nan,nan,nan
5452.795,1.545218e-05,0.0,nan,nan,nan
5452.878,1.545063e-05,0.0,nan,nan,nan
5452.962,1.545354e-05,0.0,nan,nan,nan
5453.059,1.545242e-05,0.0,nan,nan,nan
5453.143,1.545206e-05,0.0,nan,nan,nan
5453.227,1.54492e-05,0.0,nan,nan,nan
5453.31,1.545071e-05,0.0,nan,nan,nan
5453.396,1.545174e-05,0.0,nan,nan,nan
5453.489,1.545147e-05,0.0,nan,nan,nan
5453.573,1.545861e-05,0.0,nan,nan,nan
5453.656,1.545145e-05,0.0,nan,nan,nan
5453.74,1.545163e-05,0.0,nan,nan,nan
5453.824,1.545439e-05,0.0,nan,nan,nan
5453.907,1.545191e-05,0.0,nan,nan,nan
5453.993,1.545008e-05,0.0,nan,nan,nan
5454.087,1.544948e-05,0.0,nan,nan,nan
5454.17,1.544932e-05,0.0,nan,nan,nan
5454.254,1.545031e-05,0.0,nan,nan,nan
5454.338,1.545631e-05,0.0,nan,nan,nan
5454.421,1.545523e-05,0.0,nan,nan,nan
5454.507,1.545256e-05,0.0,nan,nan,nan
5454.591,1.545464e-05,0.0,nan,nan,nan
5454.674,1.545425e-05,0.0,nan,nan,nan
5454.758,1.545385e-05,0.0,nan,nan,nan
5454.841,1.545481e-05,0.0,nan,nan,nan
5454.931,1.544856e-05,0.0,nan,nan,nan
5455.019,1.544436e-05,0.0,nan,nan,nan
5455.114,1.544813e-05,0.0,nan,nan,nan
5455.197,1.545029e-05,0.0,nan,nan,nan
5455.283,1.545362e-05,0.0,nan,nan,nan
5455.367,1.545235e-05,0.0,nan,nan,nan
5455.455,1.545149e-05,0.0,nan,nan,nan
5455.539,1.545106e-05,0.0,nan,nan,nan
5455.623,1.545075e-05,0.0,nan,nan,nan
5455.725,1.544727e-05,0.0,nan,nan,nan
5455.808,1.545002e-05,0.0,nan,nan,nan
5455.911,1.545199e-05,0.0,nan,nan,nan
5455.995,1.545268e-05,0.0,nan,nan,nan
5456.079,1.54538e-05,0.0,nan,nan,nan
5456.163,1.545482e-05,0.0,nan,nan,nan
5456.247,1.545113e-05,0.0,nan,nan,nan
5456.333,1.544957e-05,0.0,nan,nan,nan
5456.416,1.545034e-05,0.0,nan,nan,nan
5456.5,1.545125e-05,0.0,nan,nan,nan
5456.584,1.545087e-05,0.0,nan,nan,nan
5456.668,1.545165e-05,0.0,nan,nan,nan
5456.752,1.544618e-05,0.0,nan,nan,nan
5456.836,1.544992e-05,0.0,nan,nan,nan
5456.919,1.545566e-05,0.0,nan,nan,nan
5457.003,1.544813e-05,0.0,nan,nan,nan
5457.088,1.544846e-05,0.0,nan,nan,nan
5457.176,1.545191e-05,0.0,nan,nan,nan
5457.26,1.545097e-05,0.0,nan,nan,nan
5457.36,1.545193e-05,0.0,nan,nan,nan
5457.443,1.545571e-05,0.0,nan,nan,nan
5457.527,1.546015e-05,0.0,nan,nan,nan
5457.611,1.545369e-05,0.0,nan,nan,nan
5457.699,1.545137e-05,0.0,nan,nan,nan
5457.785,1.545496e-05,0.0,nan,nan,nan
5457.869,1.545058e-05,0.0,nan,nan,nan
5457.955,1.54497e-05,0.0,nan,nan,nan
5458.039,1.545138e-05,0.0,nan,nan,nan
5458.123,1.54535e-05,0.0,nan,nan,nan
5458.209,1.545413e-05,0.0,nan,nan,nan
5458.292,1.545842e-05,0.0,nan,nan,nan
5458.39,1.545434e-05,0.0,nan,nan,nan
5458.474,1.54541e-05,0.0,nan,nan,nan
5458.577,1.545149e-05,0.0,nan,nan,nan
5458.661,1.545234e-05,0.0,nan,nan,nan
5458.745,1.545075e-05,0.0,nan,nan,nan
5458.829,1.54507e-05,0.0,nan,nan,nan
5458.914,1.545384e-05,0.0,nan,nan,nan
5459.004,1.545052e-05,0.0,nan,nan,nan
5459.087,1.54526e-05,0.0,nan,nan,nan
5459.196,1.545651e-05,0.0,nan,nan,nan
5459.279,1.545025e-05,0.0,nan,nan,nan
5459.363,1.54542e-05,0.0,nan,nan,nan
5459.446,1.545244e-05,0.0,nan,nan,nan
5459.53,1.545552e-05,0.0,nan,nan,nan
5459.613,1.545253e-05,0.0,nan,nan,nan
5459.702,1.545205e-05,0.0,nan,nan,nan
5459.804,1.545235e-05,0.0,nan,nan,nan
5459.888,1.545342e-05,0.0,nan,nan,nan
5459.977,1.545527e-05,0.0,nan,nan,nan
5460.061,1.545348e-05,0.0,nan,nan,nan
5460.15,1.545318e-05,0.0,nan,nan,nan
5460.26,1.545901e-05,0.0,nan,nan,nan
5460.343,1.545148e-05,0.0,nan,nan,nan
5460.428,1.545235e-05,0.0,nan,nan,nan
5460.512,1.545389e-05,0.0,nan,nan,nan
5460.611,1.545754e-05,0.0,nan,nan,nan
5460.695,1.545782e-05,0.0,nan,nan,nan
5460.78,1.545101e-05,0.0,nan,nan,nan
5460.864,1.545538e-05,0.0,nan,nan,nan
5460.948,1.545186e-05,0.0,nan,nan,nan
5461.031,1.545452e-05,0.0,nan,nan,nan
5461.115,1.545459e-05,0.0,nan,nan,nan
5461.224,1.545433e-05,0.0,nan,nan,nan
5461.307,1.545572e-05,0.0,nan,nan,nan
5461.393,1.545669e-05,0.0,nan,nan,nan
5461.476,1.545789e-05,0.0,nan,nan,nan
5461.561,1.545598e-05,0.0,nan,nan,nan
5461.65,1.545661e-05,0.0,nan,nan,nan
5461.734,1.545781e-05,0.0,nan,nan,nan
5461.833,1.545842e-05,0.0,nan,nan,nan
5461.917,1.545809e-05,0.0,nan,nan,nan
5462.003,1.545492e-05,0.0,nan,nan,nan
5462.087,1.545622e-05,0.0,nan,nan,nan
5462.17,1.545506e-05,0.0,nan,nan,nan
5462.263,1.545803e-05,0.0,nan,nan,nan
5462.347,1.545924e-05,0.0,nan,nan,nan
5462.43,1.545104e-05,0.0,nan,nan,nan
5462.514,1.54545e-05,0.0,nan,nan,nan
5462.597,1.545194e-05,0.0,nan,nan,nan
5462.683,1.545668e-05,0.0,nan,nan,nan
5462.767,1.545845e-05,0.0,nan,nan,nan
5462.858,1.546199e-05,0.0,nan,nan,nan
5462.942,1.545738e-05,0.0,nan,nan,nan
5463.026,1.545614e-05,0.0,nan,nan,nan
5463.11,1.545828e-05,0.0,nan,nan,nan
5463.194,1.545402e-05,0.0,nan,nan,nan
5463.281,1.545511e-05,0.0,nan,nan,nan
5463.365,1.545764e-05,0.0,nan,nan,nan
5463.449,1.545457e-05,0.0,nan,nan,nan
5463.533,1.545673e-05,0.0,nan,nan,nan
5463.618,1.545227e-05,0.0,nan,nan,nan
5463.702,1.545681e-05,0.0,nan,nan,nan
5463.786,1.54571e-05,0.0,nan,nan,nan
5463.89,1.545191e-05,0.0,nan,nan,nan
5463.974,1.545152e-05,0.0,nan,nan,nan
5464.06,1.545121e-05,0.0,nan,nan,nan
5464.144,1.545112e-05,0.0,nan,nan,nan
5464.229,1.545238e-05,0.0,nan,nan,nan
5464.312,1.545232e-05,0.0,nan,nan,nan
5464.403,1.545191e-05,0.0,nan,nan,nan
5464.503,1.545203e-05,0.0,nan,nan,nan
5464.586,1.545729e-05,0.0,nan,nan,nan
5464.67,1.545535e-05,0.0,nan,nan,nan
5464.754,1.545924e-05,0.0,nan,nan,nan
5464.837,1.545187e-05,0.0,nan,nan,nan
5464.922,1.545499e-05,0.0,nan,nan,nan
5465.005,1.545357e-05,0.0,nan,nan,nan
5465.108,1.545411e-05,0.0,nan,nan,nan
5465.192,1.545561e-05,0.0,nan,nan,nan
5465.275,1.545382e-05,0.0,nan,nan,nan
5465.359,1.545003e-05,0.0,nan,nan,nan
5465.443,1.545477e-05,0.0,nan,nan,nan
5465.529,1.545522e-05,0.0,nan,nan,nan
5465.613,1.545297e-05,0.0,nan,nan,nan
5465.697,1.545437e-05,0.0,nan,nan,nan
5465.781,1.545641e-05,0.0,nan,nan,nan
5465.868,1.545192e-05,0.0,nan,nan,nan
5465.951,1.545411e-05,0.0,nan,nan,nan
5466.035,1.5455e-05,0.0,nan,nan,nan
5466.143,1.545703e-05,0.0,nan,nan,nan
5466.234,1.545246e-05,0.0,nan,nan,nan
5466.329,1.545252e-05,0.0,nan,nan,nan
5466.443,1.544905e-05,0.0,nan,nan,nan
5466.527,1.54464e-05,0.0,nan,nan,nan
5466.61,1.545134e-05,0.0,nan,nan,nan
5466.695,1.54509e-05,0.0,nan,nan,nan
5466.779,1.545118e-05,0.0,nan,nan,nan
5466.863,1.545329e-05,0.0,nan,nan,nan
5466.951,1.545129e-05,0.0,nan,nan,nan
5467.035,1.545325e-05,0.0,nan,nan,nan
5467.118,1.544968e-05,0.0,nan,nan,nan
5467.202,1.545322e-05,0.0,nan,nan,nan
5467.287,1.545221e-05,0.0,nan,nan,nan
5467.37,1.545267e-05,0.0,nan,nan,nan
5467.454,1.545482e-05,0.0,nan,nan,nan
5467.549,1.545253e-05,0.0,nan,nan,nan
5467.633,1.545521e-05,0.0,nan,nan,nan
5467.717,1.545261e-05,0.0,nan,nan,nan
5467.8,1.545277e-05,0.0,nan,nan,nan
5467.884,1.545416e-05,0.0,nan,nan,nan
5467.98,1.545462e-05,0.0,nan,nan,nan
5468.067,1.545373e-05,0.0,nan,nan,nan
5468.16,1.544981e-05,0.0,nan,nan,nan
5468.244,1.545206e-05,0.0,nan,nan,nan
5468.328,1.545215e-05,0.0,nan,nan,nan
5468.411,1.54517e-05,0.0,nan,nan,nan
5468.528,1.545573e-05,0.0,nan,nan,nan
5468.612,1.545479e-05,0.0,nan,nan,nan
5468.695,1.544898e-05,0.0,nan,nan,nan
5468.779,1.545087e-05,0.0,nan,nan,nan
5468.863,1.544881e-05,0.0,nan,nan,nan
5468.947,1.54478e-05,0.0,nan,nan,nan
5469.03,1.54528e-05,0.0,nan,nan,nan
5469.114,1.544987e-05,0.0,nan,nan,nan
5469.2,1.545348e-05,0.0,nan,nan,nan
5469.286,1.545375e-05,0.0,nan,nan,nan
5469.38,1.545381e-05,0.0,nan,nan,nan
5469.464,1.545591e-05,0.0,nan,nan,nan
5469.548,1.54563e-05,0.0,nan,nan,nan
5469.632,1.54519e-05,0.0,nan,nan,nan
5469.715,1.54547e-05,0.0,nan,nan,nan
5469.8,1.545332e-05,0.0,nan,nan,nan
5469.884,1.545206e-05,0.0,nan,nan,nan
5469.968,1.54553e-05,0.0,nan,nan,nan
5470.051,1.545583e-05,0.0,nan,nan,nan
5470.135,1.54523e-05,0.0,nan,nan,nan
5470.221,1.545436e-05,0.0,nan,nan,nan
5470.305,1.545671e-05,0.0,nan,nan,nan
5470.389,1.545077e-05,0.0,nan,nan,nan
5470.473,1.545016e-05,0.0,nan,nan,nan
5470.558,1.545056e-05,0.0,nan,nan,nan
5470.642,1.545217e-05,0.0,nan,nan,nan
5470.726,1.545318e-05,0.0,nan,nan,nan
5470.825,1.545022e-05,0.0,nan,nan,nan
5470.909,1.544805e-05,0.0,nan,nan,nan
5470.993,1.544803e-05,0.0,nan,nan,nan
5471.076,1.54484e-05,0.0,nan,nan,nan
5471.16,1.544866e-05,0.0,nan,nan,nan
5471.25,1.545266e-05,0.0,nan,nan,nan
5471.334,1.545102e-05,0.0,nan,nan,nan
5471.435,1.544897e-05,0.0,nan,nan,nan
5471.519,1.544938e-05,0.0,nan,nan,nan
5471.603,1.544868e-05,0.0,nan,nan,nan
5471.687,1.54495e-05,0.0,nan,nan,nan
5471.77,1.545053e-05,0.0,nan,nan,nan
5471.864,1.545365e-05,0.0,nan,nan,nan
5471.953,1.545274e-05,0.0,nan,nan,nan
5472.064,1.54552e-05,0.0,nan,nan,nan
5472.147,1.545068e-05,0.0,nan,nan,nan
5472.235,1.545249e-05,0.0,nan,nan,nan
5472.319,1.545586e-05,0.0,nan,nan,nan
5472.406,1.545862e-05,0.0,nan,nan,nan
5472.489,1.545376e-05,0.0,nan,nan,nan
5472.573,1.545689e-05,0.0,nan,nan,nan
5472.71,1.545008e-05,0.0,nan,nan,nan
5472.796,1.544868e-05,0.0,nan,nan,nan
5472.884,1.544616e-05,0.0,nan,nan,nan
5472.968,1.54509e-05,0.0,nan,nan,nan
5473.052,1.545081e-05,0.0,nan,nan,nan
5473.135,1.545176e-05,0.0,nan,nan,nan
5473.219,1.544628e-05,0.0,nan,nan,nan
5473.312,1.545334e-05,0.0,nan,nan,nan
5473.395,1.545183e-05,0.0,nan,nan,nan
5473.484,1.545224e-05,0.0,nan,nan,nan
5473.567,1.544889e-05,0.0,nan,nan,nan
5473.653,1.545209e-05,0.0,nan,nan,nan
5473.737,1.544738e-05,0.0,nan,nan,nan
5473.82,1.545346e-05,0.0,nan,nan,nan
5473.904,1.545166e-05,0.0,nan,nan,nan
5473.988,1.54516e-05,0.0,nan,nan,nan
5474.088,1.545239e-05,0.0,nan,nan,nan
5474.172,1.545414e-05,0.0,nan,nan,nan
5474.258,1.544966e-05,0.0,nan,nan,nan
5474.342,1.544687e-05,0.0,nan,nan,nan
5474.426,1.545065e-05,0.0,nan,nan,nan
5474.513,1.544788e-05,0.0,nan,nan,nan
5474.602,1.544809e-05,0.0,nan,nan,nan
5474.699,1.545007e-05,0.0,nan,nan,nan
5474.783,1.545058e-05,0.0,nan,nan,nan
5474.887,1.544738e-05,0.0,nan,nan,nan
5474.971,1.544906e-05,0.0,nan,nan,nan
5475.058,1.545034e-05,0.0,nan,nan,nan
5475.142,1.54502e-05,0.0,nan,nan,nan
5475.225,1.545399e-05,0.0,nan,nan,nan
5475.311,1.545086e-05,0.0,nan,nan,nan
5475.394,1.54526e-05,0.0,nan,nan,nan
5475.478,1.545449e-05,0.0,nan,nan,nan
5475.561,1.545315e-05,0.0,nan,nan,nan
5475.646,1.545488e-05,0.0,nan,nan,nan
5475.73,1.545482e-05,0.0,nan,nan,nan
5475.817,1.545025e-05,0.0,nan,nan,nan
5475.911,1.545539e-05,0.0,nan,nan,nan
5475.995,1.545154e-05,0.0,nan,nan,nan
5476.079,1.545269e-05,0.0,nan,nan,nan
5476.163,1.545342e-05,0.0,nan,nan,nan
5476.246,1.545449e-05,0.0,nan,nan,nan
5476.349,1.545324e-05,0.0,nan,nan,nan
5476.433,1.545027e-05,0.0,nan,nan,nan
5476.534,1.545333e-05,0.0,nan,nan,nan
5476.618,1.545118e-05,0.0,nan,nan,nan
5476.701,1.545245e-05,0.0,nan,nan,nan
5476.826,1.54505e-05,0.0,nan,nan,nan
5476.911,1.544606e-05,0.0,nan,nan,nan
5476.994,1.544791e-05,0.0,nan,nan,nan
5477.078,1.545317e-05,0.0,nan,nan,nan
5477.161,1.54514e-05,0.0,nan,nan,nan
5477.247,1.545034e-05,0.0,nan,nan,nan
5477.346,1.54507e-05,0.0,nan,nan,nan
5477.429,1.544929e-05,0.0,nan,nan,nan
5477.513,1.545202e-05,0.0,nan,nan,nan
5477.597,1.545398e-05,0.0,nan,nan,nan
5477.68,1.545281e-05,0.0,nan,nan,nan
5477.77,1.545177e-05,0.0,nan,nan,nan
5477.854,1.545293e-05,0.0,nan,nan,nan
5477.937,1.544978e-05,0.0,nan,nan,nan
5478.021,1.544943e-05,0.0,nan,nan,nan
5478.104,1.545568e-05,0.0,nan,nan,nan
5478.188,1.545321e-05,0.0,nan,nan,nan
5478.272,1.545072e-05,0.0,nan,nan,nan
5478.36,1.54505e-05,0.0,nan,nan,nan
5478.444,1.544893e-05,0.0,nan,nan,nan
5478.528,1.544822e-05,0.0,nan,nan,nan
5478.611,1.544666e-05,0.0,nan,nan,nan
5478.696,1.54528e-05,0.0,nan,nan,nan
5478.788,1.545009e-05,0.0,nan,nan,nan
5478.893,1.544957e-05,0.0,nan,nan,nan
5478.977,1.54526e-05,0.0,nan,nan,nan
5479.061,1.54515e-05,0.0,nan,nan,nan
5479.145,1.545171e-05,0.0,nan,nan,nan
5479.229,1.545209e-05,0.0,nan,nan,nan
5479.315,1.545064e-05,0.0,nan,nan,nan
5479.407,1.545345e-05,0.0,nan,nan,nan
5479.491,1.544911e-05,0.0,nan,nan,nan
5479.611,1.544979e-05,0.0,nan,nan,nan
5479.7,1.545031e-05,0.0,nan,nan,nan
5479.795,1.544801e-05,0.0,nan,nan,nan
5479.879,1.544703e-05,0.0,nan,nan,nan
5479.962,1.545117e-05,0.0,nan,nan,nan
5480.046,1.545312e-05,0.0,nan,nan,nan
5480.13,1.544964e-05,0.0,nan,nan,nan
5480.223,1.544696e-05,0.0,nan,nan,nan
5480.306,1.545182e-05,0.0,nan,nan,nan
5480.39,1.545468e-05,0.0,nan,nan,nan
5480.474,1.544986e-05,0.0,nan,nan,nan
5480.558,1.544967e-05,0.0,nan,nan,nan
5480.641,1.545069e-05,0.0,nan,nan,nan
5480.725,1.545086e-05,0.0,nan,nan,nan
5480.832,1.545411e-05,0.0,nan,nan,nan
5480.916,1.545026e-05,0.0,nan,nan,nan
5481.019,1.544966e-05,0.0,nan,nan,nan
5481.102,1.54523e-05,0.0,nan,nan,nan
5481.186,1.545147e-05,0.0,nan,nan,nan
5481.269,1.544852e-05,0.0,nan,nan,nan
5481.353,1.544774e-05,0.0,nan,nan,nan
5481.438,1.545267e-05,0.0,nan,nan,nan
5481.521,1.545104e-05,0.0,nan,nan,nan
5481.625,1.545202e-05,0.0,nan,nan,nan
5481.708,1.544447e-05,0.0,nan,nan,nan
5481.795,1.544982e-05,0.0,nan,nan,nan
5481.878,1.544672e-05,0.0,nan,nan,nan
5481.963,1.545224e-05,0.0,nan,nan,nan
5482.049,1.544896e-05,0.0,nan,nan,nan
5482.132,1.545097e-05,0.0,nan,nan,nan
5482.216,1.545521e-05,0.0,nan,nan,nan
5482.3,1.545516e-05,0.0,nan,nan,nan
5482.383,1.545805e-05,0.0,nan,nan,nan
5482.47,1.54537e-05,0.0,nan,nan,nan
5482.554,1.545273e-05,0.0,nan,nan,nan
5482.638,1.545629e-05,0.0,nan,nan,nan
5482.722,1.545131e-05,0.0,nan,nan,nan
5482.805,1.544992e-05,0.0,nan,nan,nan
5482.889,1.545135e-05,0.0,nan,nan,nan
5482.973,1.545397e-05,0.0,nan,nan,nan
5483.076,1.545269e-05,0.0,nan,nan,nan
5483.16,1.545294e-05,0.0,nan,nan,nan
5483.256,1.545131e-05,0.0,nan,nan,nan
5483.34,1.545109e-05,0.0,nan,nan,nan
5483.423,1.545258e-05,0.0,nan,nan,nan
5483.507,1.545182e-05,0.0,nan,nan,nan
5483.591,1.545046e-05,0.0,nan,nan,nan
5483.683,1.545252e-05,0.0,nan,nan,nan
5483.767,1.545072e-05,0.0,nan,nan,nan
5483.851,1.544763e-05,0.0,nan,nan,nan
5483.935,1.545058e-05,0.0,nan,nan,nan
5484.021,1.545221e-05,0.0,nan,nan,nan
5484.107,1.545047e-05,0.0,nan,nan,nan
5484.191,1.545314e-05,0.0,nan,nan,nan
5484.297,1.545085e-05,0.0,nan,nan,nan
5484.381,1.545385e-05,0.0,nan,nan,nan
5484.465,1.545228e-05,0.0,nan,nan,nan
5484.548,1.545218e-05,0.0,nan,nan,nan
5484.631,1.545072e-05,0.0,nan,nan,nan
5484.718,1.545377e-05,0.0,nan,nan,nan
5484.802,1.545597e-05,0.0,nan,nan,nan
5484.902,1.545347e-05,0.0,nan,nan,nan
5484.985,1.545505e-05,0.0,nan,nan,nan
5485.069,1.545183e-05,0.0,nan,nan,nan
5485.167,1.54574e-05,0.0,nan,nan,nan
5485.25,1.545226e-05,0.0,nan,nan,nan
5485.334,1.54531e-05,0.0,nan,nan,nan
5485.417,1.544838e-05,0.0,nan,nan,nan
5485.513,1.545196e-05,0.0,nan,nan,nan
5485.597,1.545437e-05,0.0,nan,nan,nan
5485.681,1.545311e-05,0.0,nan,nan,nan
5485.765,1.544978e-05,0.0,nan,nan,nan
5485.849,1.54542e-05,0.0,nan,nan,nan
5485.932,1.545197e-05,0.0,nan,nan,nan
5486.022,1.545268e-05,0.0,nan,nan,nan
5486.118,1.545221e-05,0.0,nan,nan,nan
5486.202,1.545305e-05,0.0,nan,nan,nan
5486.29,1.545172e-05,0.0,nan,nan,nan
5486.373,1.545294e-05,0.0,nan,nan,nan
5486.457,1.545124e-05,0.0,nan,nan,nan
5486.542,1.545058e-05,0.0,nan,nan,nan
5486.625,1.545362e-05,0.0,nan,nan,nan
5486.709,1.54559e-05,0.0,nan,nan,nan
5486.793,1.545065e-05,0.0,nan,nan,nan
5486.876,1.545114e-05,0.0,nan,nan,nan
5486.96,1.545129e-05,0.0,nan,nan,nan
5487.043,1.545401e-05,0.0,nan,nan,nan
5487.141,1.544972e-05,0.0,nan,nan,nan
5487.226,1.545332e-05,0.0,nan,nan,nan
5487.329,1.545013e-05,0.0,nan,nan,nan
5487.413,1.545258e-05,0.0,nan,nan,nan
5487.497,1.544937e-05,0.0,nan,nan,nan
5487.581,1.54529e-05,0.0,nan,nan,nan
5487.665,1.545257e-05,0.0,nan,nan,nan
5487.757,1.545515e-05,0.0,nan,nan,nan
5487.841,1.545704e-05,0.0,nan,nan,nan
5487.947,1.545048e-05,0.0,nan,nan,nan
5488.031,1.545605e-05,0.0,nan,nan,nan
5488.115,1.545659e-05,0.0,nan,nan,nan
5488.198,1.545295e-05,0.0,nan,nan,nan
5488.285,1.545211e-05,0.0,nan,nan,nan
5488.369,1.545467e-05,0.0,nan,nan,nan
5488.453,1.545613e-05,0.0,nan,nan,nan
5488.541,1.545586e-05,0.0,nan,nan,nan
5488.624,1.545061e-05,0.0,nan,nan,nan
5488.709,1.545509e-05,0.0,nan,nan,nan
5488.793,1.545642e-05,0.0,nan,nan,nan
5488.88,1.545609e-05,0.0,nan,nan,nan
5488.964,1.545593e-05,0.0,nan,nan,nan
5489.048,1.54533e-05,0.0,nan,nan,nan
5489.131,1.545378e-05,0.0,nan,nan,nan
5489.215,1.545525e-05,0.0,nan,nan,nan
5489.301,1.545692e-05,0.0,nan,nan,nan
5489.385,1.54542e-05,0.0,nan,nan,nan
5489.469,1.545513e-05,0.0,nan,nan,nan
5489.567,1.545939e-05,0.0,nan,nan,nan
5489.651,1.545374e-05,0.0,nan,nan,nan
5489.734,1.545274e-05,0.0,nan,nan,nan
5489.818,1.545185e-05,0.0,nan,nan,nan
5489.901,1.545238e-05,0.0,nan,nan,nan
5489.985,1.545063e-05,0.0,nan,nan,nan
5490.069,1.545451e-05,0.0,nan,nan,nan
5490.152,1.545594e-05,0.0,nan,nan,nan
5490.236,1.545505e-05,0.0,nan,nan,nan
5490.322,1.545539e-05,0.0,nan,nan,nan
5490.405,1.545552e-05,0.0,nan,nan,nan
5490.489,1.545872e-05,0.0,nan,nan,nan
5490.572,1.545809e-05,0.0,nan,nan,nan
5490.656,1.546049e-05,0.0,nan,nan,nan
5490.74,1.545825e-05,0.0,nan,nan,nan
5490.824,1.545692e-05,0.0,nan,nan,nan
5490.908,1.545633e-05,0.0,nan,nan,nan
5491.003,1.546213e-05,0.0,nan,nan,nan
5491.087,1.545884e-05,0.0,nan,nan,nan
5491.187,1.545863e-05,0.0,nan,nan,nan
5491.271,1.5454e-05,0.0,nan,nan,nan
5491.365,1.545462e-05,0.0,nan,nan,nan
5491.46,1.545326e-05,0.0,nan,nan,nan
5491.543,1.545464e-05,0.0,nan,nan,nan
5491.63,1.545337e-05,0.0,nan,nan,nan
5491.713,1.545612e-05,0.0,nan,nan,nan
5491.802,1.54546e-05,0.0,nan,nan,nan
5491.885,1.54574e-05,0.0,nan,nan,nan
5491.971,1.545647e-05,0.0,nan,nan,nan
5492.054,1.54607e-05,0.0,nan,nan,nan
5492.139,1.546087e-05,0.0,nan,nan,nan
5492.223,1.545575e-05,0.0,nan,nan,nan
5492.307,1.545278e-05,0.0,nan,nan,nan
5492.407,1.545289e-05,0.0,nan,nan,nan
5492.491,1.54536e-05,0.0,nan,nan,nan
5492.575,1.545383e-05,0.0,nan,nan,nan
5492.659,1.545584e-05,0.0,nan,nan,nan
5492.742,1.545848e-05,0.0,nan,nan,nan
5492.838,1.545856e-05,0.0,nan,nan,nan
5492.922,1.545229e-05,0.0,nan,nan,nan
5493.006,1.545403e-05,0.0,nan,nan,nan
5493.089,1.545456e-05,0.0,nan,nan,nan
5493.173,1.545467e-05,0.0,nan,nan,nan
5493.257,1.5457e-05,0.0,nan,nan,nan
5493.34,1.545683e-05,0.0,nan,nan,nan
5493.429,1.545832e-05,0.0,nan,nan,nan
5493.515,1.545825e-05,0.0,nan,nan,nan
5493.614,1.545898e-05,0.0,nan,nan,nan
5493.698,1.546261e-05,0.0,nan,nan,nan
5493.782,1.545577e-05,0.0,nan,nan,nan
5493.866,1.545636e-05,0.0,nan,nan,nan
5493.949,1.545611e-05,0.0,nan,nan,nan
5494.035,1.545668e-05,0.0,nan,nan,nan
5494.119,1.545654e-05,0.0,nan,nan,nan
5494.203,1.545357e-05,0.0,nan,nan,nan
5494.286,1.545199e-05,0.0,nan,nan,nan
5494.37,1.54575e-05,0.0,nan,nan,nan
5494.454,1.545018e-05,0.0,nan,nan,nan
5494.538,1.545517e-05,0.0,nan,nan,nan
5494.621,1.545348e-05,0.0,nan,nan,nan
5494.705,1.545625e-05,0.0,nan,nan,nan
5494.788,1.545722e-05,0.0,nan,nan,nan
5494.872,1.545402e-05,0.0,nan,nan,nan
5494.956,1.545618e-05,0.0,nan,nan,nan
5495.05,1.545574e-05,0.0,nan,nan,nan
5495.133,1.545645e-05,0.0,nan,nan,nan
5495.22,1.545648e-05,0.0,nan,nan,nan
5495.303,1.54563e-05,0.0,nan,nan,nan
5495.387,1.545464e-05,0.0,nan,nan,nan
5495.492,1.545547e-05,0.0,nan,nan,nan
5495.577,1.545688e-05,0.0,nan,nan,nan
5495.666,1.546095e-05,0.0,nan,nan,nan
5495.75,1.545612e-05,0.0,nan,nan,nan
5495.834,1.54541e-05,0.0,nan,nan,nan
5495.917,1.545676e-05,0.0,nan,nan,nan
5496.001,1.545073e-05,0.0,nan,nan,nan
5496.085,1.545198e-05,0.0,nan,nan,nan
5496.168,1.545334e-05,0.0,nan,nan,nan
5496.273,1.545528e-05,0.0,nan,nan,nan
5496.357,1.545322e-05,0.0,nan,nan,nan
5496.454,1.545341e-05,0.0,nan,nan,nan
5496.537,1.545453e-05,0.0,nan,nan,nan
5496.621,1.545479e-05,0.0,nan,nan,nan
5496.704,1.545511e-05,0.0,nan,nan,nan
5496.788,1.545573e-05,0.0,nan,nan,nan
5496.888,1.545042e-05,0.0,nan,nan,nan
5496.972,1.545357e-05,0.0,nan,nan,nan
5497.069,1.545329e-05,0.0,nan,nan,nan
5497.153,1.545269e-05,0.0,nan,nan,nan
5497.238,1.545352e-05,0.0,nan,nan,nan
5497.322,1.545365e-05,0.0,nan,nan,nan
5497.406,1.545409e-05,0.0,nan,nan,nan
5497.489,1.545272e-05,0.0,nan,nan,nan
5497.584,1.545041e-05,0.0,nan,nan,nan
5497.67,1.54505e-05,0.0,nan,nan,nan
5497.754,1.545486e-05,0.0,nan,nan,nan
5497.838,1.545265e-05,0.0,nan,nan,nan
5497.928,1.545517e-05,0.0,nan,nan,nan
5498.019,1.545648e-05,0.0,nan,nan,nan
5498.114,1.545442e-05,0.0,nan,nan,nan
5498.197,1.545842e-05,0.0,nan,nan,nan
5498.281,1.545653e-05,0.0,nan,nan,nan
5498.365,1.54563e-05,0.0,nan,nan,nan
5498.449,1.545313e-05,0.0,nan,nan,nan
5498.536,1.545682e-05,0.0,nan,nan,nan
5498.62,1.545678e-05,0.0,nan,nan,nan
5498.722,1.545753e-05,0.0,nan,nan,nan
5498.806,1.545846e-05,0.0,nan,nan,nan
5498.889,1.545544e-05,0.0,nan,nan,nan
5498.973,1.545815e-05,0.0,nan,nan,nan
5499.056,1.545771e-05,0.0,nan,nan,nan
5499.144,1.545798e-05,0.0,nan,nan,nan
5499.228,1.545412e-05,0.0,nan,nan,nan
5499.312,1.545439e-05,0.0,nan,nan,nan
5499.395,1.545514e-05,0.0,nan,nan,nan
5499.483,1.545398e-05,0.0,nan,nan,nan
5499.567,1.545269e-05,0.0,nan,nan,nan
5499.65,1.545511e-05,0.0,nan,nan,nan
5499.747,1.545989e-05,0.0,nan,nan,nan
5499.83,1.545493e-05,0.0,nan,nan,nan
5499.914,1.5454e-05,0.0,nan,nan,nan
5499.998,1.545627e-05,0.0,nan,nan,nan
5500.081,1.545627e-05,0.0,nan,nan,nan
5500.171,1.54578e-05,0.0,nan,nan,nan
5500.255,1.545833e-05,0.0,nan,nan,nan
5500.341,1.54569e-05,0.0,nan,nan,nan
5500.425,1.545443e-05,0.0,nan,nan,nan
5500.508,1.545689e-05,0.0,nan,nan,nan
5500.592,1.545937e-05,0.0,nan,nan,nan
5500.676,1.545578e-05,0.0,nan,nan,nan
5500.777,1.545642e-05,0.0,nan,nan,nan
5500.86,1.545465e-05,0.0,nan,nan,nan
5500.944,1.545695e-05,0.0,nan,nan,nan
5501.027,1.545306e-05,0.0,nan,nan,nan
5501.111,1.545235e-05,0.0,nan,nan,nan
5501.207,1.545046e-05,0.0,nan,nan,nan
5501.29,1.545528e-05,0.0,nan,nan,nan
5501.394,1.545431e-05,0.0,nan,nan,nan
5501.48,1.545149e-05,0.0,nan,nan,nan
5501.587,1.545386e-05,0.0,nan,nan,nan
5501.71,1.545738e-05,0.0,nan,nan,nan
5501.805,1.545985e-05,0.0,nan,nan,nan
5501.888,1.545998e-05,0.0,nan,nan,nan
5501.972,1.546235e-05,0.0,nan,nan,nan
5502.056,1.545693e-05,0.0,nan,nan,nan
5502.139,1.545875e-05,0.0,nan,nan,nan
5502.231,1.545698e-05,0.0,nan,nan,nan
5502.319,1.546189e-05,0.0,nan,nan,nan
5502.42,1.545451e-05,0.0,nan,nan,nan
5502.504,1.545625e-05,0.0,nan,nan,nan
5502.588,1.545123e-05,0.0,nan,nan,nan
5502.672,1.545631e-05,0.0,nan,nan,nan
5502.756,1.545262e-05,0.0,nan,nan,nan
5502.839,1.545148e-05,0.0,nan,nan,nan
5502.923,1.545039e-05,0.0,nan,nan,nan
5503.016,1.545224e-05,0.0,nan,nan,nan
5503.1,1.545347e-05,0.0,nan,nan,nan
5503.186,1.545069e-05,0.0,nan,nan,nan
5503.27,1.545364e-05,0.0,nan,nan,nan
5503.354,1.545134e-05,0.0,nan,nan,nan
5503.442,1.545171e-05,0.0,nan,nan,nan
5503.526,1.545318e-05,0.0,nan,nan,nan
5503.631,1.545155e-05,0.0,nan,nan,nan
5503.714,1.545434e-05,0.0,nan,nan,nan
5503.811,1.545278e-05,0.0,nan,nan,nan
5503.894,1.545066e-05,0.0,nan,nan,nan
5503.981,1.544941e-05,0.0,nan,nan,nan
5504.064,1.545151e-05,0.0,nan,nan,nan
5504.147,1.5452e-05,0.0,nan,nan,nan
5504.253,1.545336e-05,0.0,nan,nan,nan
5504.336,1.545325e-05,0.0,nan,nan,nan
5504.423,1.545585e-05,0.0,nan,nan,nan
5504.506,1.54527e-05,0.0,nan,nan,nan
5504.59,1.54553e-05,0.0,nan,nan,nan
5504.686,1.545495e-05,0.0,nan,nan,nan
5504.769,1.545662e-05,0.0,nan,nan,nan
5504.871,1.545677e-05,0.0,nan,nan,nan
5504.955,1.545169e-05,0.0,nan,nan,nan
5505.038,1.545112e-05,0.0,nan,nan,nan
5505.122,1.545453e-05,0.0,nan,nan,nan
5505.206,1.545453e-05,0.0,nan,nan,nan
5505.315,1.545486e-05,0.0,nan,nan,nan
5505.399,1.545101e-05,0.0,nan,nan,nan
5505.483,1.545118e-05,0.0,nan,nan,nan
5505.567,1.545095e-05,0.0,nan,nan,nan
5505.66,1.545097e-05,0.0,nan,nan,nan
5505.744,1.545418e-05,0.0,nan,nan,nan
5505.86,1.545295e-05,0.0,nan,nan,nan
5505.958,1.545412e-05,0.0,nan,nan,nan
5506.042,1.545208e-05,0.0,nan,nan,nan
5506.125,1.545364e-05,0.0,nan,nan,nan
5506.209,1.545518e-05,0.0,nan,nan,nan
5506.306,1.545094e-05,0.0,nan,nan,nan
5506.39,1.545105e-05,0.0,nan,nan,nan
5506.474,1.545566e-05,0.0,nan,nan,nan
5506.557,1.54539e-05,0.0,nan,nan,nan
5506.643,1.54589e-05,0.0,nan,nan,nan
5506.728,1.545267e-05,0.0,nan,nan,nan
5506.819,1.54526e-05,0.0,nan,nan,nan
5506.905,1.545234e-05,0.0,nan,nan,nan
5506.989,1.5453e-05,0.0,nan,nan,nan
5507.072,1.545873e-05,0.0,nan,nan,nan
5507.156,1.545285e-05,0.0,nan,nan,nan
5507.241,1.545192e-05,0.0,nan,nan,nan
5507.325,1.545757e-05,0.0,nan,nan,nan
5507.408,1.544998e-05,0.0,nan,nan,nan
5507.492,1.54563e-05,0.0,nan,nan,nan
5507.575,1.545465e-05,0.0,nan,nan,nan
5507.659,1.545248e-05,0.0,nan,nan,nan
5507.744,1.545551e-05,0.0,nan,nan,nan
5507.828,1.545287e-05,0.0,nan,nan,nan
5507.928,1.545602e-05,0.0,nan,nan,nan
5508.012,1.546036e-05,0.0,nan,nan,nan
5508.127,1.545322e-05,0.0,nan,nan,nan
5508.211,1.545282e-05,0.0,nan,nan,nan
5508.294,1.545835e-05,0.0,nan,nan,nan
5508.378,1.5451e-05,0.0,nan,nan,nan
5508.463,1.545261e-05,0.0,nan,nan,nan
5508.551,1.545289e-05,0.0,nan,nan,nan
5508.634,1.545022e-05,0.0,nan,nan,nan
5508.719,1.545434e-05,0.0,nan,nan,nan
5508.802,1.545274e-05,0.0,nan,nan,nan
5508.886,1.545761e-05,0.0,nan,nan,nan
5508.978,1.54553e-05,0.0,nan,nan,nan
5509.062,1.545689e-05,0.0,nan,nan,nan
5509.167,1.545625e-05,0.0,nan,nan,nan
5509.251,1.545747e-05,0.0,nan,nan,nan
5509.358,1.545648e-05,0.0,nan,nan,nan
5509.442,1.545253e-05,0.0,nan,nan,nan
5509.526,1.545988e-05,0.0,nan,nan,nan
5509.609,1.5457e-05,0.0,nan,nan,nan
5509.698,1.545553e-05,0.0,nan,nan,nan
5509.781,1.545438e-05,0.0,nan,nan,nan
5509.865,1.545569e-05,0.0,nan,nan,nan
5509.993,1.545841e-05,0.0,nan,nan,nan
5510.076,1.545694e-05,0.0,nan,nan,nan
5510.18,1.545297e-05,0.0,nan,nan,nan
5510.263,1.545372e-05,0.0,nan,nan,nan
5510.347,1.545346e-05,0.0,nan,nan,nan
5510.431,1.545727e-05,0.0,nan,nan,nan
5510.52,1.545414e-05,0.0,nan,nan,nan
5510.604,1.545638e-05,0.0,nan,nan,nan
5510.689,1.545163e-05,0.0,nan,nan,nan
5510.791,1.54557e-05,0.0,nan,nan,nan
5510.875,1.545394e-05,0.0,nan,nan,nan
5510.96,1.545246e-05,0.0,nan,nan,nan
5511.044,1.545743e-05,0.0,nan,nan,nan
5511.129,1.545589e-05,0.0,nan,nan,nan
5511.213,1.54531e-05,0.0,nan,nan,nan
5511.301,1.545875e-05,0.0,nan,nan,nan
5511.394,1.545761e-05,0.0,nan,nan,nan
5511.478,1.545773e-05,0.0,nan,nan,nan
5511.561,1.545301e-05,0.0,nan,nan,nan
5511.645,1.545544e-05,0.0,nan,nan,nan
5511.73,1.545437e-05,0.0,nan,nan,nan
5511.814,1.545696e-05,0.0,nan,nan,nan
5511.898,1.546051e-05,0.0,nan,nan,nan
5511.996,1.545262e-05,0.0,nan,nan,nan
5512.08,1.545785e-05,0.0,nan,nan,nan
5512.163,1.545417e-05,0.0,nan,nan,nan
5512.247,1.545613e-05,0.0,nan,nan,nan
5512.331,1.546019e-05,0.0,nan,nan,nan
5512.421,1.545578e-05,0.0,nan,nan,nan
5512.504,1.545707e-05,0.0,nan,nan,nan
5512.588,1.545375e-05,0.0,nan,nan,nan
5512.672,1.54578e-05,0.0,nan,nan,nan
5512.759,1.545708e-05,0.0,nan,nan,nan
5512.842,1.545616e-05,0.0,nan,nan,nan
5512.926,1.545494e-05,0.0,nan,nan,nan
5513.03,1.545366e-05,0.0,nan,nan,nan
5513.114,1.545836e-05,0.0,nan,nan,nan
5513.197,1.545621e-05,0.0,nan,nan,nan
5513.281,1.545507e-05,0.0,nan,nan,nan
5513.365,1.545404e-05,0.0,nan,nan,nan
5513.448,1.545507e-05,0.0,nan,nan,nan
5513.534,1.545316e-05,0.0,nan,nan,nan
5513.618,1.545486e-05,0.0,nan,nan,nan
5513.702,1.545509e-05,0.0,nan,nan,nan
5513.785,1.545586e-05,0.0,nan,nan,nan
5513.869,1.545181e-05,0.0,nan,nan,nan
5513.953,1.545577e-05,0.0,nan,nan,nan
5514.037,1.545761e-05,0.0,nan,nan,nan
5514.133,1.545836e-05,0.0,nan,nan,nan
5514.216,1.54536e-05,0.0,nan,nan,nan
5514.3,1.545177e-05,0.0,nan,nan,nan
5514.384,1.545582e-05,0.0,nan,nan,nan
5514.467,1.545473e-05,0.0,nan,nan,nan
5514.551,1.545055e-05,0.0,nan,nan,nan
5514.638,1.54523e-05,0.0,nan,nan,nan
5514.722,1.545531e-05,0.0,nan,nan,nan
5514.805,1.545257e-05,0.0,nan,nan,nan
5514.889,1.545382e-05,0.0,nan,nan,nan
5514.973,1.545499e-05,0.0,nan,nan,nan
5515.064,1.545533e-05,0.0,nan,nan,nan
5515.147,1.545347e-05,0.0,nan,nan,nan
5515.237,1.545896e-05,0.0,nan,nan,nan
5515.321,1.545718e-05,0.0,nan,nan,nan
5515.404,1.545878e-05,0.0,nan,nan,nan
5515.492,1.545589e-05,0.0,nan,nan,nan
5515.576,1.545347e-05,0.0,nan,nan,nan
5515.677,1.545368e-05,0.0,nan,nan,nan
5515.761,1.5451e-05,0.0,nan,nan,nan
5515.847,1.545402e-05,0.0,nan,nan,nan
5515.93,1.545508e-05,0.0,nan,nan,nan
5516.021,1.545999e-05,0.0,nan,nan,nan
5516.105,1.545291e-05,0.0,nan,nan,nan
5516.224,1.545795e-05,0.0,nan,nan,nan
5516.318,1.545653e-05,0.0,nan,nan,nan
5516.402,1.545847e-05,0.0,nan,nan,nan
5516.491,1.545469e-05,0.0,nan,nan,nan
5516.575,1.545794e-05,0.0,nan,nan,nan
5516.658,1.545607e-05,0.0,nan,nan,nan
5516.742,1.545404e-05,0.0,nan,nan,nan
5516.825,1.545509e-05,0.0,nan,nan,nan
5516.91,1.545763e-05,0.0,nan,nan,nan
5516.995,1.5457e-05,0.0,nan,nan,nan
5517.1,1.545647e-05,0.0,nan,nan,nan
5517.184,1.545677e-05,0.0,nan,nan,nan
5517.289,1.545979e-05,0.0,nan,nan,nan
5517.372,1.545813e-05,0.0,nan,nan,nan
5517.456,1.545854e-05,0.0,nan,nan,nan
5517.54,1.545874e-05,0.0,nan,nan,nan
5517.623,1.545594e-05,0.0,nan,nan,nan
5517.727,1.545592e-05,0.0,nan,nan,nan
5517.811,1.545743e-05,0.0,nan,nan,nan
5517.894,1.545594e-05,0.0,nan,nan,nan
5517.978,1.545663e-05,0.0,nan,nan,nan
5518.062,1.545256e-05,0.0,nan,nan,nan
5518.145,1.54537e-05,0.0,nan,nan,nan
5518.244,1.545282e-05,0.0,nan,nan,nan
5518.329,1.545189e-05,0.0,nan,nan,nan
5518.413,1.545346e-05,0.0,nan,nan,nan
5518.509,1.545023e-05,0.0,nan,nan,nan
5518.593,1.545523e-05,0.0,nan,nan,nan
5518.676,1.545488e-05,0.0,nan,nan,nan
5518.76,1.545404e-05,0.0,nan,nan,nan
5518.845,1.545375e-05,0.0,nan,nan,nan
5518.928,1.545287e-05,0.0,nan,nan,nan
5519.012,1.545188e-05,0.0,nan,nan,nan
5519.096,1.545079e-05,0.0,nan,nan,nan
5519.18,1.545345e-05,0.0,nan,nan,nan
5519.263,1.545144e-05,0.0,nan,nan,nan
5519.347,1.545283e-05,0.0,nan,nan,nan
5519.434,1.545468e-05,0.0,nan,nan,nan
5519.533,1.54517e-05,0.0,nan,nan,nan
5519.618,1.545411e-05,0.0,nan,nan,nan
5519.701,1.545346e-05,0.0,nan,nan,nan
5519.785,1.545151e-05,0.0,nan,nan,nan
5519.868,1.545536e-05,0.0,nan,nan,nan
5519.955,1.545296e-05,0.0,nan,nan,nan
5520.039,1.545523e-05,0.0,nan,nan,nan
5520.141,1.545478e-05,0.0,nan,nan,nan
5520.225,1.54531e-05,0.0,nan,nan,nan
5520.31,1.545458e-05,0.0,nan,nan,nan
5520.418,1.545234e-05,0.0,nan,nan,nan
5520.502,1.545288e-05,0.0,nan,nan,nan
5520.585,1.545511e-05,0.0,nan,nan,nan
5520.669,1.545228e-05,0.0,nan,nan,nan
5520.772,1.545089e-05,0.0,nan,nan,nan
5520.855,1.545174e-05,0.0,nan,nan,nan
5520.955,1.545174e-05,0.0,nan,nan,nan
5521.039,1.54514e-05,0.0,nan,nan,nan
5521.124,1.545392e-05,0.0,nan,nan,nan
5521.208,1.545651e-05,0.0,nan,nan,nan
5521.292,1.545405e-05,0.0,nan,nan,nan
5521.375,1.545145e-05,0.0,nan,nan,nan
5521.46,1.544926e-05,0.0,nan,nan,nan
5521.571,1.545385e-05,0.0,nan,nan,nan
5521.654,1.545336e-05,0.0,nan,nan,nan
5521.739,1.544724e-05,0.0,nan,nan,nan
5521.823,1.545463e-05,0.0,nan,nan,nan
5521.907,1.545637e-05,0.0,nan,nan,nan
5521.993,1.545434e-05,0.0,nan,nan,nan
5522.077,1.545517e-05,0.0,nan,nan,nan
5522.184,1.545153e-05,0.0,nan,nan,nan
5522.267,1.545141e-05,0.0,nan,nan,nan
5522.394,1.545517e-05,0.0,nan,nan,nan
5522.478,1.544888e-05,0.0,nan,nan,nan
5522.564,1.545051e-05,0.0,nan,nan,nan
5522.648,1.54553e-05,0.0,nan,nan,nan
5522.732,1.545497e-05,0.0,nan,nan,nan
5522.815,1.545315e-05,0.0,nan,nan,nan
5522.899,1.545619e-05,0.0,nan,nan,nan
5522.995,1.545657e-05,0.0,nan,nan,nan
5523.079,1.545416e-05,0.0,nan,nan,nan
5523.163,1.545859e-05,0.0,nan,nan,nan
5523.247,1.545978e-05,0.0,nan,nan,nan
5523.33,1.54578e-05,0.0,nan,nan,nan
5523.414,1.545597e-05,0.0,nan,nan,nan
5523.498,1.545811e-05,0.0,nan,nan,nan
5523.611,1.545702e-05,0.0,nan,nan,nan
5523.699,1.545592e-05,0.0,nan,nan,nan
5523.801,1.545504e-05,0.0,nan,nan,nan
5523.885,1.544919e-05,0.0,nan,nan,nan
5523.97,1.545217e-05,0.0,nan,nan,nan
5524.054,1.5451e-05,0.0,nan,nan,nan
5524.138,1.545385e-05,0.0,nan,nan,nan
5524.228,1.54525e-05,0.0,nan,nan,nan
5524.315,1.545202e-05,0.0,nan,nan,nan
5524.418,1.545573e-05,0.0,nan,nan,nan
5524.502,1.545408e-05,0.0,nan,nan,nan
5524.605,1.545357e-05,0.0,nan,nan,nan
5524.688,1.54503e-05,0.0,nan,nan,nan
5524.773,1.545274e-05,0.0,nan,nan,nan
5524.856,1.545203e-05,0.0,nan,nan,nan
5524.94,1.5449e-05,0.0,nan,nan,nan
5525.029,1.54529e-05,0.0,nan,nan,nan
5525.113,1.545081e-05,0.0,nan,nan,nan
5525.218,1.545591e-05,0.0,nan,nan,nan
5525.301,1.545465e-05,0.0,nan,nan,nan
5525.386,1.545774e-05,0.0,nan,nan,nan
5525.47,1.545466e-05,0.0,nan,nan,nan
5525.553,1.545067e-05,0.0,nan,nan,nan
5525.644,1.545597e-05,0.0,nan,nan,nan
5525.728,1.546131e-05,0.0,nan,nan,nan
5525.832,1.545082e-05,0.0,nan,nan,nan
5525.916,1.545153e-05,0.0,nan,nan,nan
5526.002,1.54502e-05,0.0,nan,nan,nan
5526.086,1.545603e-05,0.0,nan,nan,nan
5526.17,1.545293e-05,0.0,nan,nan,nan
5526.271,1.545143e-05,0.0,nan,nan,nan
5526.354,1.544939e-05,0.0,nan,nan,nan
5526.442,1.545396e-05,0.0,nan,nan,nan
5526.543,1.545356e-05,0.0,nan,nan,nan
5526.626,1.545639e-05,0.0,nan,nan,nan
5526.71,1.545501e-05,0.0,nan,nan,nan
5526.793,1.545362e-05,0.0,nan,nan,nan
5526.883,1.54539e-05,0.0,nan,nan,nan
5526.966,1.54523e-05,0.0,nan,nan,nan
5527.054,1.545061e-05,0.0,nan,nan,nan
5527.137,1.545446e-05,0.0,nan,nan,nan
5527.221,1.545996e-05,0.0,nan,nan,nan
5527.307,1.545992e-05,0.0,nan,nan,nan
5527.391,1.545566e-05,0.0,nan,nan,nan
5527.474,1.545699e-05,0.0,nan,nan,nan
5527.558,1.545897e-05,0.0,nan,nan,nan
5527.641,1.545641e-05,0.0,nan,nan,nan
5527.725,1.5456e-05,0.0,nan,nan,nan
5527.809,1.545531e-05,0.0,nan,nan,nan
5527.91,1.54538e-05,0.0,nan,nan,nan
5527.994,1.545425e-05,0.0,nan,nan,nan
5528.077,1.545203e-05,0.0,nan,nan,nan
5528.161,1.545608e-05,0.0,nan,nan,nan
5528.245,1.545254e-05,0.0,nan,nan,nan
5528.33,1.545268e-05,0.0,nan,nan,nan
5528.414,1.545889e-05,0.0,nan,nan,nan
5528.498,1.545653e-05,0.0,nan,nan,nan
5528.603,1.545784e-05,0.0,nan,nan,nan
5528.688,1.5454e-05,0.0,nan,nan,nan
5528.772,1.545998e-05,0.0,nan,nan,nan
5528.856,1.545287e-05,0.0,nan,nan,nan
5528.939,1.545411e-05,0.0,nan,nan,nan
5529.023,1.54563e-05,0.0,nan,nan,nan
5529.107,1.545664e-05,0.0,nan,nan,nan
5529.191,1.545103e-05,0.0,nan,nan,nan
5529.274,1.54569e-05,0.0,nan,nan,nan
5529.358,1.545712e-05,0.0,nan,nan,nan
5529.441,1.545763e-05,0.0,nan,nan,nan
5529.525,1.545707e-05,0.0,nan,nan,nan
5529.609,1.545443e-05,0.0,nan,nan,nan
5529.692,1.545785e-05,0.0,nan,nan,nan
5529.781,1.545951e-05,0.0,nan,nan,nan
5529.865,1.546039e-05,0.0,nan,nan,nan
5529.95,1.54596e-05,0.0,nan,nan,nan
5530.034,1.545512e-05,0.0,nan,nan,nan
5530.129,1.545631e-05,0.0,nan,nan,nan
5530.212,1.545821e-05,0.0,nan,nan,nan
5530.296,1.545523e-05,0.0,nan,nan,nan
5530.38,1.54544e-05,0.0,nan,nan,nan
5530.464,1.545756e-05,0.0,nan,nan,nan
5530.551,1.545897e-05,0.0,nan,nan,nan
5530.659,1.54564e-05,0.0,nan,nan,nan
5530.743,1.545834e-05,0.0,nan,nan,nan
5530.826,1.54605e-05,0.0,nan,nan,nan
5530.91,1.54589e-05,0.0,nan,nan,nan
5530.993,1.545783e-05,0.0,nan,nan,nan
5531.078,1.545892e-05,0.0,nan,nan,nan
5531.177,1.545503e-05,0.0,nan,nan,nan
5531.261,1.545644e-05,0.0,nan,nan,nan
5531.361,1.54538e-05,0.0,nan,nan,nan
5531.444,1.545717e-05,0.0,nan,nan,nan
5531.529,1.545505e-05,0.0,nan,nan,nan
5531.612,1.545575e-05,0.0,nan,nan,nan
5531.696,1.545359e-05,0.0,nan,nan,nan
5531.791,1.545564e-05,0.0,nan,nan,nan
5531.875,1.545343e-05,0.0,nan,nan,nan
5531.961,1.545605e-05,0.0,nan,nan,nan
5532.045,1.545701e-05,0.0,nan,nan,nan
5532.128,1.545725e-05,0.0,nan,nan,nan
5532.212,1.545705e-05,0.0,nan,nan,nan
5532.296,1.545739e-05,0.0,nan,nan,nan
5532.391,1.545787e-05,0.0,nan,nan,nan
5532.475,1.544819e-05,0.0,nan,nan,nan
5532.576,1.54537e-05,0.0,nan,nan,nan
5532.66,1.545278e-05,0.0,nan,nan,nan
5532.747,1.545158e-05,0.0,nan,nan,nan
5532.843,1.545437e-05,0.0,nan,nan,nan
5532.933,1.544998e-05,0.0,nan,nan,nan
5533.027,1.54568e-05,0.0,nan,nan,nan
5533.11,1.545443e-05,0.0,nan,nan,nan
5533.194,1.545396e-05,0.0,nan,nan,nan
5533.277,1.545057e-05,0.0,nan,nan,nan
5533.361,1.545196e-05,0.0,nan,nan,nan
5533.444,1.545421e-05,0.0,nan,nan,nan
5533.528,1.545185e-05,0.0,nan,nan,nan
5533.632,1.545656e-05,0.0,nan,nan,nan
5533.721,1.545612e-05,0.0,nan,nan,nan
5533.819,1.54551e-05,0.0,nan,nan,nan
5533.902,1.545364e-05,0.0,nan,nan,nan
5533.986,1.545604e-05,0.0,nan,nan,nan
5534.07,1.54533e-05,0.0,nan,nan,nan
5534.153,1.545135e-05,0.0,nan,nan,nan
5534.245,1.545393e-05,0.0,nan,nan,nan
5534.333,1.545736e-05,0.0,nan,nan,nan
5534.425,1.545435e-05,0.0,nan,nan,nan
5534.509,1.545412e-05,0.0,nan,nan,nan
5534.592,1.545687e-05,0.0,nan,nan,nan
5534.676,1.545967e-05,0.0,nan,nan,nan
5534.84,1.545636e-05,0.0,nan,nan,nan
5534.924,1.545537e-05,0.0,nan,nan,nan
5535.007,1.545414e-05,0.0,nan,nan,nan
5535.091,1.54586e-05,0.0,nan,nan,nan
5535.175,1.545877e-05,0.0,nan,nan,nan
5535.274,1.545577e-05,0.0,nan,nan,nan
5535.358,1.545664e-05,0.0,nan,nan,nan
5535.442,1.545774e-05,0.0,nan,nan,nan
5535.526,1.545798e-05,0.0,nan,nan,nan
5535.609,1.546152e-05,0.0,nan,nan,nan
5535.693,1.546051e-05,0.0,nan,nan,nan
5535.776,1.545609e-05,0.0,nan,nan,nan
5535.875,1.545849e-05,0.0,nan,nan,nan
5535.959,1.546305e-05,0.0,nan,nan,nan
5536.055,1.545881e-05,0.0,nan,nan,nan
5536.139,1.546335e-05,0.0,nan,nan,nan
5536.222,1.545967e-05,0.0,nan,nan,nan
5536.306,1.545542e-05,0.0,nan,nan,nan
5536.39,1.545896e-05,0.0,nan,nan,nan
5536.474,1.545517e-05,0.0,nan,nan,nan
5536.557,1.545997e-05,0.0,nan,nan,nan
5536.641,1.545566e-05,0.0,nan,nan,nan
5536.725,1.546122e-05,0.0,nan,nan,nan
5536.808,1.545993e-05,0.0,nan,nan,nan
5536.904,1.546126e-05,0.0,nan,nan,nan
5536.988,1.546015e-05,0.0,nan,nan,nan
5537.09,1.545564e-05,0.0,nan,nan,nan
5537.174,1.546e-05,0.0,nan,nan,nan
5537.257,1.545428e-05,0.0,nan,nan,nan
5537.341,1.545987e-05,0.0,nan,nan,nan
5537.427,1.545542e-05,0.0,nan,nan,nan
5537.52,1.545672e-05,0.0,nan,nan,nan
5537.604,1.545485e-05,0.0,nan,nan,nan
5537.687,1.54556e-05,0.0,nan,nan,nan
5537.771,1.5457e-05,0.0,nan,nan,nan
5537.855,1.545499e-05,0.0,nan,nan,nan
5537.938,1.545651e-05,0.0,nan,nan,nan
5538.022,1.545232e-05,0.0,nan,nan,nan
5538.124,1.545694e-05,0.0,nan,nan,nan
5538.207,1.545475e-05,0.0,nan,nan,nan
5538.309,1.545264e-05,0.0,nan,nan,nan
5538.393,1.545181e-05,0.0,nan,nan,nan
5538.477,1.545182e-05,0.0,nan,nan,nan
5538.561,1.544997e-05,0.0,nan,nan,nan
5538.645,1.544933e-05,0.0,nan,nan,nan
5538.728,1.545163e-05,0.0,nan,nan,nan
5538.812,1.545281e-05,0.0,nan,nan,nan
5538.895,1.545128e-05,0.0,nan,nan,nan
5538.989,1.545658e-05,0.0,nan,nan,nan
5539.072,1.545616e-05,0.0,nan,nan,nan
5539.156,1.545195e-05,0.0,nan,nan,nan
5539.239,1.545303e-05,0.0,nan,nan,nan
5539.338,1.54535e-05,0.0,nan,nan,nan
5539.422,1.545121e-05,0.0,nan,nan,nan
5539.508,1.54531e-05,0.0,nan,nan,nan
5539.592,1.545027e-05,0.0,nan,nan,nan
5539.675,1.544738e-05,0.0,nan,nan,nan
5539.78,1.544947e-05,0.0,nan,nan,nan
5539.868,1.545291e-05,0.0,nan,nan,nan
5539.968,1.545266e-05,0.0,nan,nan,nan
5540.052,1.545198e-05,0.0,nan,nan,nan
5540.135,1.545107e-05,0.0,nan,nan,nan
5540.219,1.545268e-05,0.0,nan,nan,nan
5540.303,1.545342e-05,0.0,nan,nan,nan
5540.386,1.545414e-05,0.0,nan,nan,nan
5540.47,1.544879e-05,0.0,nan,nan,nan
5540.575,1.544941e-05,0.0,nan,nan,nan
5540.659,1.545176e-05,0.0,nan,nan,nan
5540.743,1.545193e-05,0.0,nan,nan,nan
5540.827,1.545585e-05,0.0,nan,nan,nan
5540.91,1.545526e-05,0.0,nan,nan,nan
5541.026,1.545436e-05,0.0,nan,nan,nan
5541.11,1.545478e-05,0.0,nan,nan,nan
5541.201,1.545714e-05,0.0,nan,nan,nan
5541.285,1.545158e-05,0.0,nan,nan,nan
5541.391,1.545286e-05,0.0,nan,nan,nan
5541.474,1.545531e-05,0.0,nan,nan,nan
5541.577,1.545981e-05,0.0,nan,nan,nan
5541.66,1.54572e-05,0.0,nan,nan,nan
5541.744,1.545746e-05,0.0,nan,nan,nan
5541.828,1.545568e-05,0.0,nan,nan,nan
5541.913,1.54548e-05,0.0,nan,nan,nan
5542.003,1.545554e-05,0.0,nan,nan,nan
5542.086,1.545635e-05,0.0,nan,nan,nan
5542.182,1.545812e-05,0.0,nan,nan,nan
5542.266,1.545837e-05,0.0,nan,nan,nan
5542.355,1.54581e-05,0.0,nan,nan,nan
5542.439,1.545599e-05,0.0,nan,nan,nan
5542.523,1.545407e-05,0.0,nan,nan,nan
5542.606,1.545288e-05,0.0,nan,nan,nan
5542.69,1.54558e-05,0.0,nan,nan,nan
5542.792,1.545422e-05,0.0,nan,nan,nan
5542.877,1.546003e-05,0.0,nan,nan,nan
5542.96,1.545488e-05,0.0,nan,nan,nan
5543.068,1.54534e-05,0.0,nan,nan,nan
5543.153,1.545445e-05,0.0,nan,nan,nan
5543.236,1.545486e-05,0.0,nan,nan,nan
5543.32,1.545894e-05,0.0,nan,nan,nan
5543.403,1.545674e-05,0.0,nan,nan,nan
5543.487,1.545963e-05,0.0,nan,nan,nan
5543.572,1.545618e-05,0.0,nan,nan,nan
5543.656,1.545621e-05,0.0,nan,nan,nan
5543.74,1.545553e-05,0.0,nan,nan,nan
5543.83,1.545898e-05,0.0,nan,nan,nan
5543.914,1.545794e-05,0.0,nan,nan,nan
5544.03,1.545223e-05,0.0,nan,nan,nan
5544.114,1.545346e-05,0.0,nan,nan,nan
5544.198,1.545386e-05,0.0,nan,nan,nan
5544.281,1.545496e-05,0.0,nan,nan,nan
5544.365,1.545642e-05,0.0,nan,nan,nan
5544.449,1.5457e-05,0.0,nan,nan,nan
5544.535,1.545707e-05,0.0,nan,nan,nan
5544.625,1.545745e-05,0.0,nan,nan,nan
5544.709,1.545977e-05,0.0,nan,nan,nan
5544.793,1.545432e-05,0.0,nan,nan,nan
5544.876,1.545692e-05,0.0,nan,nan,nan
5544.96,1.545595e-05,0.0,nan,nan,nan
5545.047,1.545312e-05,0.0,nan,nan,nan
5545.175,1.545603e-05,0.0,nan,nan,nan
5545.277,1.545735e-05,0.0,nan,nan,nan
5545.361,1.545798e-05,0.0,nan,nan,nan
5545.457,1.545195e-05,0.0,nan,nan,nan
5545.541,1.545519e-05,0.0,nan,nan,nan
5545.625,1.545757e-05,0.0,nan,nan,nan
5545.708,1.545756e-05,0.0,nan,nan,nan
5545.792,1.546026e-05,0.0,nan,nan,nan
5545.876,1.545595e-05,0.0,nan,nan,nan
5545.96,1.545618e-05,0.0,nan,nan,nan
5546.064,1.545874e-05,0.0,nan,nan,nan
5546.153,1.546013e-05,0.0,nan,nan,nan
5546.24,1.545742e-05,0.0,nan,nan,nan
5546.324,1.545554e-05,0.0,nan,nan,nan
5546.408,1.545902e-05,0.0,nan,nan,nan
5546.492,1.545581e-05,0.0,nan,nan,nan
5546.575,1.54577e-05,0.0,nan,nan,nan
5546.677,1.545437e-05,0.0,nan,nan,nan
5546.762,1.545631e-05,0.0,nan,nan,nan
5546.853,1.545723e-05,0.0,nan,nan,nan
5546.937,1.545836e-05,0.0,nan,nan,nan
5547.028,1.545371e-05,0.0,nan,nan,nan
5547.111,1.545819e-05,0.0,nan,nan,nan
5547.238,1.545586e-05,0.0,nan,nan,nan
5547.34,1.545889e-05,0.0,nan,nan,nan
5547.426,1.545442e-05,0.0,nan,nan,nan
5547.513,1.545608e-05,0.0,nan,nan,nan
5547.597,1.545539e-05,0.0,nan,nan,nan
5547.691,1.545422e-05,0.0,nan,nan,nan
5547.775,1.545213e-05,0.0,nan,nan,nan
5547.859,1.545199e-05,0.0,nan,nan,nan
5547.942,1.545543e-05,0.0,nan,nan,nan
5548.026,1.545313e-05,0.0,nan,nan,nan
5548.11,1.545837e-05,0.0,nan,nan,nan
5548.195,1.546085e-05,0.0,nan,nan,nan
5548.296,1.545722e-05,0.0,nan,nan,nan
5548.38,1.545626e-05,0.0,nan,nan,nan
5548.464,1.545475e-05,0.0,nan,nan,nan
5548.548,1.545271e-05,0.0,nan,nan,nan
5548.634,1.545272e-05,0.0,nan,nan,nan
5548.728,1.545171e-05,0.0,nan,nan,nan
5548.816,1.545469e-05,0.0,nan,nan,nan
5548.915,1.545807e-05,0.0,nan,nan,nan
5548.999,1.545754e-05,0.0,nan,nan,nan
5549.103,1.545812e-05,0.0,nan,nan,nan
5549.187,1.545824e-05,0.0,nan,nan,nan
5549.308,1.545775e-05,0.0,nan,nan,nan
5549.392,1.545427e-05,0.0,nan,nan,nan
5549.476,1.545304e-05,0.0,nan,nan,nan
5549.56,1.545554e-05,0.0,nan,nan,nan
5549.643,1.545585e-05,0.0,nan,nan,nan
5549.746,1.545812e-05,0.0,nan,nan,nan
5549.83,1.54573e-05,0.0,nan,nan,nan
5549.914,1.545533e-05,0.0,nan,nan,nan
5549.997,1.545443e-05,0.0,nan,nan,nan
5550.082,1.545779e-05,0.0,nan,nan,nan
5550.166,1.545869e-05,0.0,nan,nan,nan
5550.249,1.54526e-05,0.0,nan,nan,nan
5550.353,1.545511e-05,0.0,nan,nan,nan
5550.437,1.545536e-05,0.0,nan,nan,nan
5550.526,1.545927e-05,0.0,nan,nan,nan
5550.61,1.545534e-05,0.0,nan,nan,nan
5550.693,1.545507e-05,0.0,nan,nan,nan
5550.781,1.545823e-05,0.0,nan,nan,nan
5550.872,1.545827e-05,0.0,nan,nan,nan
5550.972,1.5456e-05,0.0,nan,nan,nan
5551.055,1.545445e-05,0.0,nan,nan,nan
5551.156,1.545605e-05,0.0,nan,nan,nan
5551.24,1.545114e-05,0.0,nan,nan,nan
5551.326,1.545688e-05,0.0,nan,nan,nan
5551.43,1.545985e-05,0.0,nan,nan,nan
5551.516,1.545522e-05,0.0,nan,nan,nan
5551.6,1.545378e-05,0.0,nan,nan,nan
5551.685,1.545403e-05,0.0,nan,nan,nan
5551.79,1.545356e-05,0.0,nan,nan,nan
5551.873,1.545509e-05,0.0,nan,nan,nan
5551.979,1.545586e-05,0.0,nan,nan,nan
5552.063,1.54536e-05,0.0,nan,nan,nan
5552.146,1.545736e-05,0.0,nan,nan,nan
5552.23,1.545773e-05,0.0,nan,nan,nan
5552.314,1.54548e-05,0.0,nan,nan,nan
5552.398,1.545416e-05,0.0,nan,nan,nan
5552.484,1.54547e-05,0.0,nan,nan,nan
5552.592,1.545406e-05,0.0,nan,nan,nan
5552.676,1.545243e-05,0.0,nan,nan,nan
5552.759,1.545318e-05,0.0,nan,nan,nan
5552.843,1.545349e-05,0.0,nan,nan,nan
5552.926,1.545088e-05,0.0,nan,nan,nan
5553.021,1.545178e-05,0.0,nan,nan,nan
5553.105,1.54555e-05,0.0,nan,nan,nan
5553.196,1.545526e-05,0.0,nan,nan,nan
5553.279,1.545491e-05,0.0,nan,nan,nan
5553.394,1.545609e-05,0.0,nan,nan,nan
5553.477,1.545123e-05,0.0,nan,nan,nan
5553.561,1.545401e-05,0.0,nan,nan,nan
5553.644,1.54566e-05,0.0,nan,nan,nan
5553.728,1.545644e-05,0.0,nan,nan,nan
5553.811,1.545658e-05,0.0,nan,nan,nan
5553.895,1.545393e-05,0.0,nan,nan,nan
5553.978,1.545381e-05,0.0,nan,nan,nan
5554.062,1.545473e-05,0.0,nan,nan,nan
5554.146,1.545943e-05,0.0,nan,nan,nan
5554.231,1.54536e-05,0.0,nan,nan,nan
5554.317,1.545696e-05,0.0,nan,nan,nan
5554.42,1.545405e-05,0.0,nan,nan,nan
5554.504,1.545853e-05,0.0,nan,nan,nan
5554.587,1.545678e-05,0.0,nan,nan,nan
5554.671,1.545858e-05,0.0,nan,nan,nan
5554.755,1.545749e-05,0.0,nan,nan,nan
5554.843,1.545684e-05,0.0,nan,nan,nan
5554.927,1.545797e-05,0.0,nan,nan,nan
5555.031,1.545888e-05,0.0,nan,nan,nan
5555.115,1.5458e-05,0.0,nan,nan,nan
5555.198,1.54567e-05,0.0,nan,nan,nan
5555.282,1.545856e-05,0.0,nan,nan,nan
5555.367,1.546018e-05,0.0,nan,nan,nan
5555.476,1.546244e-05,0.0,nan,nan,nan
5555.559,1.545842e-05,0.0,nan,nan,nan
5555.646,1.545804e-05,0.0,nan,nan,nan
5555.734,1.545743e-05,0.0,nan,nan,nan
5555.818,1.545921e-05,0.0,nan,nan,nan
5555.901,1.546007e-05,0.0,nan,nan,nan
5555.989,1.545782e-05,0.0,nan,nan,nan
5556.072,1.545782e-05,0.0,nan,nan,nan
5556.156,1.54562e-05,0.0,nan,nan,nan
5556.257,1.545924e-05,0.0,nan,nan,nan
5556.341,1.545997e-05,0.0,nan,nan,nan
5556.426,1.545517e-05,0.0,nan,nan,nan
5556.51,1.546125e-05,0.0,nan,nan,nan
5556.593,1.545959e-05,0.0,nan,nan,nan
5556.684,1.546013e-05,0.0,nan,nan,nan
5556.768,1.546023e-05,0.0,nan,nan,nan
5556.868,1.545859e-05,0.0,nan,nan,nan
5556.951,1.545605e-05,0.0,nan,nan,nan
5557.047,1.54571e-05,0.0,nan,nan,nan
5557.131,1.545242e-05,0.0,nan,nan,nan
5557.219,1.545405e-05,0.0,nan,nan,nan
5557.302,1.545394e-05,0.0,nan,nan,nan
5557.386,1.545392e-05,0.0,nan,nan,nan
5557.479,1.545667e-05,0.0,nan,nan,nan
5557.563,1.545947e-05,0.0,nan,nan,nan
5557.647,1.545666e-05,0.0,nan,nan,nan
5557.73,1.545368e-05,0.0,nan,nan,nan
5557.814,1.545647e-05,0.0,nan,nan,nan
5557.898,1.545579e-05,0.0,nan,nan,nan
5557.981,1.54584e-05,0.0,nan,nan,nan
5558.086,1.545708e-05,0.0,nan,nan,nan
5558.169,1.545689e-05,0.0,nan,nan,nan
5558.254,1.545667e-05,0.0,nan,nan,nan
5558.338,1.545932e-05,0.0,nan,nan,nan
5558.421,1.545702e-05,0.0,nan,nan,nan
5558.505,1.545906e-05,0.0,nan,nan,nan
5558.589,1.545595e-05,0.0,nan,nan,nan
5558.672,1.545762e-05,0.0,nan,nan,nan
5558.756,1.545743e-05,0.0,nan,nan,nan
5558.839,1.545922e-05,0.0,nan,nan,nan
5558.923,1.545805e-05,0.0,nan,nan,nan
5559.007,1.546084e-05,0.0,nan,nan,nan
5559.111,1.54594e-05,0.0,nan,nan,nan
5559.198,1.54599e-05,0.0,nan,nan,nan
5559.29,1.545738e-05,0.0,nan,nan,nan
5559.373,1.545729e-05,0.0,nan,nan,nan
5559.458,1.54541e-05,0.0,nan,nan,nan
5559.542,1.545296e-05,0.0,nan,nan,nan
5559.647,1.545345e-05,0.0,nan,nan,nan
5559.748,1.545309e-05,0.0,nan,nan,nan
5559.831,1.545873e-05,0.0,nan,nan,nan
5559.921,1.546189e-05,0.0,nan,nan,nan
5560.005,1.54517e-05,0.0,nan,nan,nan
5560.09,1.545716e-05,0.0,nan,nan,nan
5560.174,1.545769e-05,0.0,nan,nan,nan
5560.257,1.545947e-05,0.0,nan,nan,nan
5560.341,1.546003e-05,0.0,nan,nan,nan
5560.424,1.546018e-05,0.0,nan,nan,nan
5560.528,1.546174e-05,0.0,nan,nan,nan
5560.611,1.545926e-05,0.0,nan,nan,nan
5560.695,1.545996e-05,0.0,nan,nan,nan
5560.778,1.545615e-05,0.0,nan,nan,nan
5560.862,1.545854e-05,0.0,nan,nan,nan
5560.954,1.545888e-05,0.0,nan,nan,nan
5561.037,1.546125e-05,0.0,nan,nan,nan
5561.128,1.54556e-05,0.0,nan,nan,nan
5561.212,1.545113e-05,0.0,nan,nan,nan
5561.297,1.545573e-05,0.0,nan,nan,nan
5561.38,1.54601e-05,0.0,nan,nan,nan
5561.47,1.545894e-05,0.0,nan,nan,nan
5561.554,1.546138e-05,0.0,nan,nan,nan
5561.638,1.545892e-05,0.0,nan,nan,nan
5561.722,1.545676e-05,0.0,nan,nan,nan
5561.817,1.54595e-05,0.0,nan,nan,nan
5561.905,1.546064e-05,0.0,nan,nan,nan
5561.988,1.546255e-05,0.0,nan,nan,nan
5562.072,1.545744e-05,0.0,nan,nan,nan
5562.157,1.545812e-05,0.0,nan,nan,nan
5562.241,1.54582e-05,0.0,nan,nan,nan
5562.328,1.546217e-05,0.0,nan,nan,nan
5562.412,1.546241e-05,0.0,nan,nan,nan
5562.497,1.54627e-05,0.0,nan,nan,nan
5562.581,1.546006e-05,0.0,nan,nan,nan
5562.668,1.545667e-05,0.0,nan,nan,nan
5562.752,1.546091e-05,0.0,nan,nan,nan
5562.836,1.545706e-05,0.0,nan,nan,nan
5562.919,1.545982e-05,0.0,nan,nan,nan
5563.003,1.546115e-05,0.0,nan,nan,nan
5563.086,1.5459e-05,0.0,nan,nan,nan
5563.174,1.5456e-05,0.0,nan,nan,nan
5563.258,1.545749e-05,0.0,nan,nan,nan
5563.363,1.546236e-05,0.0,nan,nan,nan
5563.446,1.546147e-05,0.0,nan,nan,nan
5563.53,1.545725e-05,0.0,nan,nan,nan
5563.614,1.545782e-05,0.0,nan,nan,nan
5563.697,1.546022e-05,0.0,nan,nan,nan
5563.782,1.545539e-05,0.0,nan,nan,nan
5563.866,1.545635e-05,0.0,nan,nan,nan
5563.964,1.545427e-05,0.0,nan,nan,nan
5564.048,1.545671e-05,0.0,nan,nan,nan
5564.132,1.545975e-05,0.0,nan,nan,nan
5564.215,1.546008e-05,0.0,nan,nan,nan
5564.299,1.546094e-05,0.0,nan,nan,nan
5564.391,1.54611e-05,0.0,nan,nan,nan
5564.475,1.545707e-05,0.0,nan,nan,nan
5564.561,1.545875e-05,0.0,nan,nan,nan
5564.645,1.546181e-05,0.0,nan,nan,nan
5564.728,1.546236e-05,0.0,nan,nan,nan
5564.812,1.546154e-05,0.0,nan,nan,nan
5564.896,1.546507e-05,0.0,nan,nan,nan
5564.997,1.546146e-05,0.0,nan,nan,nan
5565.081,1.546598e-05,0.0,nan,nan,nan
5565.193,1.546195e-05,0.0,nan,nan,nan
5565.276,1.545986e-05,0.0,nan,nan,nan
5565.359,1.54638e-05,0.0,nan,nan,nan
5565.443,1.545909e-05,0.0,nan,nan,nan
5565.528,1.546028e-05,0.0,nan,nan,nan
5565.611,1.54605e-05,0.0,nan,nan,nan
5565.698,1.545942e-05,0.0,nan,nan,nan
5565.82,1.545803e-05,0.0,nan,nan,nan
5565.903,1.545846e-05,0.0,nan,nan,nan
5566.001,1.546104e-05,0.0,nan,nan,nan
5566.084,1.54591e-05,0.0,nan,nan,nan
5566.168,1.546013e-05,0.0,nan,nan,nan
5566.251,1.545937e-05,0.0,nan,nan,nan
5566.335,1.546164e-05,0.0,nan,nan,nan
5566.425,1.546053e-05,0.0,nan,nan,nan
5566.509,1.545679e-05,0.0,nan,nan,nan
5566.606,1.545672e-05,0.0,nan,nan,nan
5566.689,1.54559e-05,0.0,nan,nan,nan
5566.777,1.545786e-05,0.0,nan,nan,nan
5566.861,1.545792e-05,0.0,nan,nan,nan
5566.95,1.54582e-05,0.0,nan,nan,nan
5567.04,1.545387e-05,0.0,nan,nan,nan
5567.124,1.545532e-05,0.0,nan,nan,nan
5567.228,1.545517e-05,0.0,nan,nan,nan
5567.312,1.545508e-05,0.0,nan,nan,nan
5567.395,1.545938e-05,0.0,nan,nan,nan
5567.479,1.545602e-05,0.0,nan,nan,nan
5567.562,1.54611e-05,0.0,nan,nan,nan
5567.646,1.54549e-05,0.0,nan,nan,nan
5567.733,1.545835e-05,0.0,nan,nan,nan
5567.818,1.545872e-05,0.0,nan,nan,nan
5567.916,1.54581e-05,0.0,nan,nan,nan
5568.003,1.545686e-05,0.0,nan,nan,nan
5568.087,1.545941e-05,0.0,nan,nan,nan
5568.17,1.545855e-05,0.0,nan,nan,nan
5568.254,1.545771e-05,0.0,nan,nan,nan
5568.338,1.545967e-05,0.0,nan,nan,nan
5568.427,1.545824e-05,0.0,nan,nan,nan
5568.511,1.546075e-05,0.0,nan,nan,nan
5568.595,1.545683e-05,0.0,nan,nan,nan
5568.679,1.545962e-05,0.0,nan,nan,nan
5568.765,1.546124e-05,0.0,nan,nan,nan
5568.855,1.546007e-05,0.0,nan,nan,nan
5568.938,1.545727e-05,0.0,nan,nan,nan
5569.023,1.545642e-05,0.0,nan,nan,nan
5569.107,1.545899e-05,0.0,nan,nan,nan
5569.191,1.545901e-05,0.0,nan,nan,nan
5569.279,1.546278e-05,0.0,nan,nan,nan
5569.367,1.545659e-05,0.0,nan,nan,nan
5569.466,1.545581e-05,0.0,nan,nan,nan
5569.55,1.54561e-05,0.0,nan,nan,nan
5569.647,1.545544e-05,0.0,nan,nan,nan
5569.731,1.545702e-05,0.0,nan,nan,nan
5569.814,1.54582e-05,0.0,nan,nan,nan
5569.898,1.545869e-05,0.0,nan,nan,nan
5569.993,1.545979e-05,0.0,nan,nan,nan
5570.093,1.545723e-05,0.0,nan,nan,nan
5570.181,1.545953e-05,0.0,nan,nan,nan
5570.269,1.546216e-05,0.0,nan,nan,nan
5570.353,1.54568e-05,0.0,nan,nan,nan
5570.438,1.545959e-05,0.0,nan,nan,nan
5570.522,1.546176e-05,0.0,nan,nan,nan
5570.605,1.545861e-05,0.0,nan,nan,nan
5570.689,1.545471e-05,0.0,nan,nan,nan
5570.773,1.545971e-05,0.0,nan,nan,nan
5570.857,1.546033e-05,0.0,nan,nan,nan
5570.941,1.545859e-05,0.0,nan,nan,nan
5571.027,1.545907e-05,0.0,nan,nan,nan
5571.111,1.546225e-05,0.0,nan,nan,nan
5571.194,1.545328e-05,0.0,nan,nan,nan
5571.291,1.545574e-05,0.0,nan,nan,nan
5571.375,1.545691e-05,0.0,nan,nan,nan
5571.459,1.545705e-05,0.0,nan,nan,nan
5571.542,1.545446e-05,0.0,nan,nan,nan
5571.626,1.545309e-05,0.0,nan,nan,nan
5571.723,1.545461e-05,0.0,nan,nan,nan
5571.806,1.545491e-05,0.0,nan,nan,nan
5571.892,1.545279e-05,0.0,nan,nan,nan
5571.976,1.545411e-05,0.0,nan,nan,nan
5572.064,1.545682e-05,0.0,nan,nan,nan
5572.161,1.545334e-05,0.0,nan,nan,nan
5572.246,1.545312e-05,0.0,nan,nan,nan
5572.33,1.545589e-05,0.0,nan,nan,nan
5572.423,1.545827e-05,0.0,nan,nan,nan
5572.515,1.545766e-05,0.0,nan,nan,nan
5572.598,1.545597e-05,0.0,nan,nan,nan
5572.683,1.545795e-05,0.0,nan,nan,nan
5572.767,1.545421e-05,0.0,nan,nan,nan
5572.852,1.545775e-05,0.0,nan,nan,nan
5572.948,1.54618e-05,0.0,nan,nan,nan
5573.035,1.545921e-05,0.0,nan,nan,nan
5573.146,1.545529e-05,0.0,nan,nan,nan
5573.235,1.545701e-05,0.0,nan,nan,nan
5573.326,1.545615e-05,0.0,nan,nan,nan
5573.41,1.546326e-05,0.0,nan,nan,nan
5573.493,1.545949e-05,0.0,nan,nan,nan
5573.577,1.545422e-05,0.0,nan,nan,nan
5573.661,1.545212e-05,0.0,nan,nan,nan
5573.748,1.545571e-05,0.0,nan,nan,nan
5573.831,1.545928e-05,0.0,nan,nan,nan
5573.915,1.545954e-05,0.0,nan,nan,nan
5573.999,1.545863e-05,0.0,nan,nan,nan
5574.125,1.545672e-05,0.0,nan,nan,nan
5574.209,1.545457e-05,0.0,nan,nan,nan
5574.293,1.545145e-05,0.0,nan,nan,nan
5574.377,1.545536e-05,0.0,nan,nan,nan
5574.463,1.545561e-05,0.0,nan,nan,nan
5574.551,1.545692e-05,0.0,nan,nan,nan
5574.635,1.54563e-05,0.0,nan,nan,nan
5574.721,1.545477e-05,0.0,nan,nan,nan
5574.804,1.545612e-05,0.0,nan,nan,nan
5574.888,1.54558e-05,0.0,nan,nan,nan
5574.972,1.545501e-05,0.0,nan,nan,nan
5575.055,1.545614e-05,0.0,nan,nan,nan
5575.139,1.54515e-05,0.0,nan,nan,nan
5575.222,1.545081e-05,0.0,nan,nan,nan
5575.306,1.545635e-05,0.0,nan,nan,nan
5575.39,1.545415e-05,0.0,nan,nan,nan
5575.473,1.545678e-05,0.0,nan,nan,nan
5575.566,1.54536e-05,0.0,nan,nan,nan
5575.65,1.545429e-05,0.0,nan,nan,nan
5575.733,1.545661e-05,0.0,nan,nan,nan
5575.817,1.545491e-05,0.0,nan,nan,nan
5575.901,1.54574e-05,0.0,nan,nan,nan
5575.986,1.545353e-05,0.0,nan,nan,nan
5576.07,1.545562e-05,0.0,nan,nan,nan
5576.181,1.545059e-05,0.0,nan,nan,nan
5576.265,1.5454e-05,0.0,nan,nan,nan
5576.349,1.545782e-05,0.0,nan,nan,nan
5576.432,1.54549e-05,0.0,nan,nan,nan
5576.521,1.545465e-05,0.0,nan,nan,nan
5576.605,1.545294e-05,0.0,nan,nan,nan
5576.689,1.545711e-05,0.0,nan,nan,nan
5576.796,1.545295e-05,0.0,nan,nan,nan
5576.88,1.545018e-05,0.0,nan,nan,nan
5576.966,1.545271e-05,0.0,nan,nan,nan
5577.049,1.545345e-05,0.0,nan,nan,nan
5577.138,1.545479e-05,0.0,nan,nan,nan
5577.223,1.545611e-05,0.0,nan,nan,nan
5577.307,1.545555e-05,0.0,nan,nan,nan
5577.405,1.545972e-05,0.0,nan,nan,nan
5577.489,1.545663e-05,0.0,nan,nan,nan
5577.595,1.545714e-05,0.0,nan,nan,nan
5577.678,1.545339e-05,0.0,nan,nan,nan
5577.762,1.545363e-05,0.0,nan,nan,nan
5577.846,1.545235e-05,0.0,nan,nan,nan
5577.931,1.545365e-05,0.0,nan,nan,nan
5578.02,1.545509e-05,0.0,nan,nan,nan
5578.104,1.546101e-05,0.0,nan,nan,nan
5578.243,1.54579e-05,0.0,nan,nan,nan
5578.329,1.545856e-05,0.0,nan,nan,nan
5578.434,1.546065e-05,0.0,nan,nan,nan
5578.517,1.54665e-05,0.0,nan,nan,nan
5578.615,1.546005e-05,0.0,nan,nan,nan
5578.698,1.545595e-05,0.0,nan,nan,nan
5578.801,1.545775e-05,0.0,nan,nan,nan
5578.885,1.545638e-05,0.0,nan,nan,nan
5578.968,1.545829e-05,0.0,nan,nan,nan
5579.052,1.546036e-05,0.0,nan,nan,nan
5579.135,1.545771e-05,0.0,nan,nan,nan
5579.219,1.54607e-05,0.0,nan,nan,nan
5579.303,1.54612e-05,0.0,nan,nan,nan
5579.387,1.546022e-05,0.0,nan,nan,nan
5579.471,1.546371e-05,0.0,nan,nan,nan
5579.554,1.545961e-05,0.0,nan,nan,nan
5579.647,1.545858e-05,0.0,nan,nan,nan
5579.731,1.545427e-05,0.0,nan,nan,nan
5579.814,1.545577e-05,0.0,nan,nan,nan
5579.898,1.545573e-05,0.0,nan,nan,nan
5579.982,1.545263e-05,0.0,nan,nan,nan
5580.065,1.545856e-05,0.0,nan,nan,nan
5580.149,1.545817e-05,0.0,nan,nan,nan
5580.249,1.545893e-05,0.0,nan,nan,nan
5580.335,1.545571e-05,0.0,nan,nan,nan
5580.418,1.545705e-05,0.0,nan,nan,nan
5580.502,1.54605e-05,0.0,nan,nan,nan
5580.585,1.546351e-05,0.0,nan,nan,nan
5580.669,1.545632e-05,0.0,nan,nan,nan
5580.753,1.545664e-05,0.0,nan,nan,nan
5580.858,1.54538e-05,0.0,nan,nan,nan
5580.942,1.545712e-05,0.0,nan,nan,nan
5581.026,1.545681e-05,0.0,nan,nan,nan
5581.109,1.545936e-05,0.0,nan,nan,nan
5581.193,1.545913e-05,0.0,nan,nan,nan
5581.285,1.545919e-05,0.0,nan,nan,nan
5581.369,1.545599e-05,0.0,nan,nan,nan
5581.453,1.545766e-05,0.0,nan,nan,nan
5581.536,1.545952e-05,0.0,nan,nan,nan
5581.62,1.545903e-05,0.0,nan,nan,nan
5581.703,1.545616e-05,0.0,nan,nan,nan
5581.787,1.545872e-05,0.0,nan,nan,nan
5581.871,1.54583e-05,0.0,nan,nan,nan
5581.954,1.545659e-05,0.0,nan,nan,nan
5582.038,1.5458e-05,0.0,nan,nan,nan
5582.122,1.545834e-05,0.0,nan,nan,nan
5582.205,1.545889e-05,0.0,nan,nan,nan
5582.295,1.545763e-05,0.0,nan,nan,nan
5582.393,1.545912e-05,0.0,nan,nan,nan
5582.476,1.545938e-05,0.0,nan,nan,nan
5582.56,1.545946e-05,0.0,nan,nan,nan
5582.647,1.546021e-05,0.0,nan,nan,nan
5582.731,1.545654e-05,0.0,nan,nan,nan
5582.819,1.545781e-05,0.0,nan,nan,nan
5582.915,1.546095e-05,0.0,nan,nan,nan
5582.999,1.5458e-05,0.0,nan,nan,nan
5583.082,1.545779e-05,0.0,nan,nan,nan
5583.166,1.545267e-05,0.0,nan,nan,nan
5583.25,1.545593e-05,0.0,nan,nan,nan
5583.334,1.545891e-05,0.0,nan,nan,nan
5583.418,1.545892e-05,0.0,nan,nan,nan
5583.519,1.545767e-05,0.0,nan,nan,nan
5583.603,1.545766e-05,0.0,nan,nan,nan
5583.687,1.545975e-05,0.0,nan,nan,nan
5583.77,1.546144e-05,0.0,nan,nan,nan
5583.854,1.546008e-05,0.0,nan,nan,nan
5583.952,1.546015e-05,0.0,nan,nan,nan
5584.036,1.545828e-05,0.0,nan,nan,nan
5584.134,1.546312e-05,0.0,nan,nan,nan
5584.218,1.546226e-05,0.0,nan,nan,nan
5584.301,1.546109e-05,0.0,nan,nan,nan
5584.385,1.546037e-05,0.0,nan,nan,nan
5584.481,1.545869e-05,0.0,nan,nan,nan
5584.566,1.545995e-05,0.0,nan,nan,nan
5584.652,1.545979e-05,0.0,nan,nan,nan
5584.735,1.546463e-05,0.0,nan,nan,nan
5584.819,1.545917e-05,0.0,nan,nan,nan
5584.905,1.546112e-05,0.0,nan,nan,nan
5584.989,1.545948e-05,0.0,nan,nan,nan
5585.072,1.546017e-05,0.0,nan,nan,nan
5585.162,1.546062e-05,0.0,nan,nan,nan
5585.251,1.546123e-05,0.0,nan,nan,nan
5585.344,1.546433e-05,0.0,nan,nan,nan
5585.428,1.545933e-05,0.0,nan,nan,nan
5585.511,1.545952e-05,0.0,nan,nan,nan
5585.595,1.545504e-05,0.0,nan,nan,nan
5585.68,1.54612e-05,0.0,nan,nan,nan
5585.774,1.546272e-05,0.0,nan,nan,nan
5585.858,1.545923e-05,0.0,nan,nan,nan
5585.96,1.546347e-05,0.0,nan,nan,nan
5586.044,1.545789e-05,0.0,nan,nan,nan
5586.128,1.546019e-05,0.0,nan,nan,nan
5586.211,1.545894e-05,0.0,nan,nan,nan
5586.295,1.546288e-05,0.0,nan,nan,nan
5586.384,1.546198e-05,0.0,nan,nan,nan
5586.468,1.545794e-05,0.0,nan,nan,nan
5586.552,1.545846e-05,0.0,nan,nan,nan
5586.636,1.545723e-05,0.0,nan,nan,nan
5586.719,1.545888e-05,0.0,nan,nan,nan
5586.803,1.545853e-05,0.0,nan,nan,nan
5586.886,1.546226e-05,0.0,nan,nan,nan
5586.988,1.546314e-05,0.0,nan,nan,nan
5587.072,1.546215e-05,0.0,nan,nan,nan
5587.176,1.545692e-05,0.0,nan,nan,nan
5587.26,1.546127e-05,0.0,nan,nan,nan
5587.344,1.545682e-05,0.0,nan,nan,nan
5587.427,1.545733e-05,0.0,nan,nan,nan
5587.51,1.545897e-05,0.0,nan,nan,nan
5587.609,1.545625e-05,0.0,nan,nan,nan
5587.693,1.545452e-05,0.0,nan,nan,nan
5587.805,1.545415e-05,0.0,nan,nan,nan
5587.888,1.545464e-05,0.0,nan,nan,nan
5587.993,1.545612e-05,0.0,nan,nan,nan
5588.076,1.545579e-05,0.0,nan,nan,nan
5588.16,1.54589e-05,0.0,nan,nan,nan
5588.244,1.545861e-05,0.0,nan,nan,nan
5588.327,1.545852e-05,0.0,nan,nan,nan
5588.411,1.545821e-05,0.0,nan,nan,nan
5588.495,1.54623e-05,0.0,nan,nan,nan
5588.588,1.546187e-05,0.0,nan,nan,nan
5588.675,1.546184e-05,0.0,nan,nan,nan
5588.765,1.545786e-05,0.0,nan,nan,nan
5588.849,1.546052e-05,0.0,nan,nan,nan
5588.936,1.545921e-05,0.0,nan,nan,nan
5589.04,1.546156e-05,0.0,nan,nan,nan
5589.124,1.54565e-05,0.0,nan,nan,nan
5589.208,1.545782e-05,0.0,nan,nan,nan
5589.291,1.545569e-05,0.0,nan,nan,nan
5589.375,1.545674e-05,0.0,nan,nan,nan
5589.462,1.545753e-05,0.0,nan,nan,nan
5589.548,1.545741e-05,0.0,nan,nan,nan
5589.635,1.546026e-05,0.0,nan,nan,nan
5589.718,1.546158e-05,0.0,nan,nan,nan
5589.805,1.546225e-05,0.0,nan,nan,nan
5589.888,1.546052e-05,0.0,nan,nan,nan
5589.972,1.546096e-05,0.0,nan,nan,nan
5590.068,1.545578e-05,0.0,nan,nan,nan
5590.151,1.545929e-05,0.0,nan,nan,nan
5590.258,1.545815e-05,0.0,nan,nan,nan
5590.342,1.545745e-05,0.0,nan,nan,nan
5590.426,1.546265e-05,0.0,nan,nan,nan
5590.51,1.546176e-05,0.0,nan,nan,nan
5590.596,1.546406e-05,0.0,nan,nan,nan
5590.726,1.545951e-05,0.0,nan,nan,nan
5590.809,1.54582e-05,0.0,nan,nan,nan
5590.893,1.546256e-05,0.0,nan,nan,nan
5590.976,1.546103e-05,0.0,nan,nan,nan
5591.069,1.546171e-05,0.0,nan,nan,nan
5591.153,1.546044e-05,0.0,nan,nan,nan
5591.237,1.546035e-05,0.0,nan,nan,nan
5591.32,1.546048e-05,0.0,nan,nan,nan
5591.404,1.546157e-05,0.0,nan,nan,nan
5591.492,1.546311e-05,0.0,nan,nan,nan
5591.575,1.546107e-05,0.0,nan,nan,nan
5591.665,1.546267e-05,0.0,nan,nan,nan
5591.749,1.545498e-05,0.0,nan,nan,nan
5591.833,1.545898e-05,0.0,nan,nan,nan
5591.917,1.546052e-05,0.0,nan,nan,nan
5592.0,1.545777e-05,0.0,nan,nan,nan
5592.097,1.545861e-05,0.0,nan,nan,nan
5592.182,1.545827e-05,0.0,nan,nan,nan
5592.284,1.545827e-05,0.0,nan,nan,nan
5592.368,1.545884e-05,0.0,nan,nan,nan
5592.456,1.546394e-05,0.0,nan,nan,nan
5592.54,1.546407e-05,0.0,nan,nan,nan
5592.623,1.545977e-05,0.0,nan,nan,nan
5592.71,1.546048e-05,0.0,nan,nan,nan
5592.803,1.545839e-05,0.0,nan,nan,nan
5592.906,1.545841e-05,0.0,nan,nan,nan
5592.99,1.545998e-05,0.0,nan,nan,nan
5593.088,1.545635e-05,0.0,nan,nan,nan
5593.171,1.546122e-05,0.0,nan,nan,nan
5593.255,1.54578e-05,0.0,nan,nan,nan
5593.339,1.545964e-05,0.0,nan,nan,nan
5593.422,1.545925e-05,0.0,nan,nan,nan
5593.527,1.545868e-05,0.0,nan,nan,nan
5593.611,1.545953e-05,0.0,nan,nan,nan
5593.722,1.546063e-05,0.0,nan,nan,nan
5593.806,1.545823e-05,0.0,nan,nan,nan
5593.913,1.546449e-05,0.0,nan,nan,nan
5593.997,1.545765e-05,0.0,nan,nan,nan
5594.08,1.546038e-05,0.0,nan,nan,nan
5594.164,1.54586e-05,0.0,nan,nan,nan
5594.257,1.545641e-05,0.0,nan,nan,nan
5594.34,1.545827e-05,0.0,nan,nan,nan
5594.424,1.545847e-05,0.0,nan,nan,nan
5594.527,1.545926e-05,0.0,nan,nan,nan
5594.611,1.545892e-05,0.0,nan,nan,nan
5594.696,1.545629e-05,0.0,nan,nan,nan
5594.78,1.545679e-05,0.0,nan,nan,nan
5594.863,1.545585e-05,0.0,nan,nan,nan
5594.963,1.545334e-05,0.0,nan,nan,nan
5595.046,1.545374e-05,0.0,nan,nan,nan
5595.149,1.545594e-05,0.0,nan,nan,nan
5595.234,1.545321e-05,0.0,nan,nan,nan
5595.335,1.54537e-05,0.0,nan,nan,nan
5595.419,1.545564e-05,0.0,nan,nan,nan
5595.502,1.545903e-05,0.0,nan,nan,nan
5595.586,1.546048e-05,0.0,nan,nan,nan
5595.669,1.545775e-05,0.0,nan,nan,nan
5595.759,1.546019e-05,0.0,nan,nan,nan
5595.843,1.546086e-05,0.0,nan,nan,nan
5595.926,1.545884e-05,0.0,nan,nan,nan
5596.01,1.545977e-05,0.0,nan,nan,nan
5596.093,1.546192e-05,0.0,nan,nan,nan
5596.177,1.545838e-05,0.0,nan,nan,nan
5596.26,1.545839e-05,0.0,nan,nan,nan
5596.36,1.546571e-05,0.0,nan,nan,nan
5596.444,1.54613e-05,0.0,nan,nan,nan
5596.547,1.54621e-05,0.0,nan,nan,nan
5596.63,1.545595e-05,0.0,nan,nan,nan
5596.714,1.545966e-05,0.0,nan,nan,nan
5596.798,1.545946e-05,0.0,nan,nan,nan
5596.895,1.545899e-05,0.0,nan,nan,nan
5596.98,1.545965e-05,0.0,nan,nan,nan
5597.064,1.545871e-05,0.0,nan,nan,nan
5597.147,1.546019e-05,0.0,nan,nan,nan
5597.231,1.545935e-05,0.0,nan,nan,nan
5597.315,1.545773e-05,0.0,nan,nan,nan
5597.399,1.54587e-05,0.0,nan,nan,nan
5597.485,1.546186e-05,0.0,nan,nan,nan
5597.569,1.545999e-05,0.0,nan,nan,nan
5597.653,1.546033e-05,0.0,nan,nan,nan
5597.738,1.545826e-05,0.0,nan,nan,nan
5597.824,1.545875e-05,0.0,nan,nan,nan
5597.908,1.546218e-05,0.0,nan,nan,nan
5598.009,1.546282e-05,0.0,nan,nan,nan
5598.093,1.545748e-05,0.0,nan,nan,nan
5598.177,1.546193e-05,0.0,nan,nan,nan
5598.26,1.545971e-05,0.0,nan,nan,nan
5598.345,1.545805e-05,0.0,nan,nan,nan
5598.431,1.545708e-05,0.0,nan,nan,nan
5598.518,1.545457e-05,0.0,nan,nan,nan
5598.616,1.545412e-05,0.0,nan,nan,nan
5598.7,1.545254e-05,0.0,nan,nan,nan
5598.784,1.545856e-05,0.0,nan,nan,nan
5598.868,1.545392e-05,0.0,nan,nan,nan
5598.976,1.545653e-05,0.0,nan,nan,nan
5599.079,1.545493e-05,0.0,nan,nan,nan
5599.163,1.545489e-05,0.0,nan,nan,nan
5599.246,1.545329e-05,0.0,nan,nan,nan
5599.33,1.546157e-05,0.0,nan,nan,nan
5599.432,1.545768e-05,0.0,nan,nan,nan
5599.516,1.54585e-05,0.0,nan,nan,nan
5599.599,1.546171e-05,0.0,nan,nan,nan
5599.683,1.545439e-05,0.0,nan,nan,nan
5599.768,1.545778e-05,0.0,nan,nan,nan
5599.858,1.545686e-05,0.0,nan,nan,nan
5599.941,1.545641e-05,0.0,nan,nan,nan
5600.039,1.545641e-05,0.0,nan,nan,nan
5600.123,1.546008e-05,0.0,nan,nan,nan
5600.206,1.546307e-05,0.0,nan,nan,nan
5600.29,1.545628e-05,0.0,nan,nan,nan
5600.373,1.545828e-05,0.0,nan,nan,nan
5600.457,1.545417e-05,0.0,nan,nan,nan
5600.541,1.545813e-05,0.0,nan,nan,nan
5600.633,1.545801e-05,0.0,nan,nan,nan
5600.717,1.545544e-05,0.0,nan,nan,nan
5600.801,1.545587e-05,0.0,nan,nan,nan
5600.884,1.545676e-05,0.0,nan,nan,nan
5600.968,1.545494e-05,0.0,nan,nan,nan
5601.052,1.545686e-05,0.0,nan,nan,nan
5601.141,1.545858e-05,0.0,nan,nan,nan
5601.225,1.545865e-05,0.0,nan,nan,nan
5601.309,1.545581e-05,0.0,nan,nan,nan
5601.392,1.545608e-05,0.0,nan,nan,nan
5601.489,1.545579e-05,0.0,nan,nan,nan
5601.572,1.545525e-05,0.0,nan,nan,nan
5601.675,1.545488e-05,0.0,nan,nan,nan
5601.759,1.545665e-05,0.0,nan,nan,nan
5601.86,1.546135e-05,0.0,nan,nan,nan
5601.944,1.546079e-05,0.0,nan,nan,nan
5602.049,1.546096e-05,0.0,nan,nan,nan
5602.133,1.54564e-05,0.0,nan,nan,nan
5602.217,1.545437e-05,0.0,nan,nan,nan
5602.3,1.545778e-05,0.0,nan,nan,nan
5602.386,1.545369e-05,0.0,nan,nan,nan
5602.473,1.545777e-05,0.0,nan,nan,nan
5602.557,1.545625e-05,0.0,nan,nan,nan
5602.641,1.545771e-05,0.0,nan,nan,nan
5602.724,1.545814e-05,0.0,nan,nan,nan
5602.808,1.545941e-05,0.0,nan,nan,nan
5602.893,1.545988e-05,0.0,nan,nan,nan
5602.977,1.545693e-05,0.0,nan,nan,nan
5603.104,1.545465e-05,0.0,nan,nan,nan
5603.188,1.54632e-05,0.0,nan,nan,nan
5603.271,1.546027e-05,0.0,nan,nan,nan
5603.355,1.545942e-05,0.0,nan,nan,nan
5603.44,1.545528e-05,0.0,nan,nan,nan
5603.524,1.545952e-05,0.0,nan,nan,nan
5603.607,1.545942e-05,0.0,nan,nan,nan
5603.708,1.545786e-05,0.0,nan,nan,nan
5603.791,1.545606e-05,0.0,nan,nan,nan
5603.896,1.545979e-05,0.0,nan,nan,nan
5603.979,1.546374e-05,0.0,nan,nan,nan
5604.097,1.545902e-05,0.0,nan,nan,nan
5604.181,1.545816e-05,0.0,nan,nan,nan
5604.264,1.545895e-05,0.0,nan,nan,nan
5604.348,1.545764e-05,0.0,nan,nan,nan
5604.431,1.545986e-05,0.0,nan,nan,nan
5604.517,1.545975e-05,0.0,nan,nan,nan
5604.601,1.54599e-05,0.0,nan,nan,nan
5604.684,1.546097e-05,0.0,nan,nan,nan
5604.768,1.5462e-05,0.0,nan,nan,nan
5604.852,1.546258e-05,0.0,nan,nan,nan
5604.936,1.546122e-05,0.0,nan,nan,nan
5605.019,1.546235e-05,0.0,nan,nan,nan
5605.176,1.546564e-05,0.0,nan,nan,nan
5605.26,1.54613e-05,0.0,nan,nan,nan
5605.343,1.545875e-05,0.0,nan,nan,nan
5605.427,1.545994e-05,0.0,nan,nan,nan
5605.53,1.546511e-05,0.0,nan,nan,nan
5605.614,1.546466e-05,0.0,nan,nan,nan
5605.7,1.545882e-05,0.0,nan,nan,nan
5605.783,1.545995e-05,0.0,nan,nan,nan
5605.867,1.545855e-05,0.0,nan,nan,nan
5605.961,1.546026e-05,0.0,nan,nan,nan
5606.044,1.546197e-05,0.0,nan,nan,nan
5606.128,1.546216e-05,0.0,nan,nan,nan
5606.212,1.54612e-05,0.0,nan,nan,nan
5606.297,1.545953e-05,0.0,nan,nan,nan
5606.38,1.546046e-05,0.0,nan,nan,nan
5606.467,1.545702e-05,0.0,nan,nan,nan
5606.556,1.546083e-05,0.0,nan,nan,nan
5606.64,1.546045e-05,0.0,nan,nan,nan
5606.724,1.546319e-05,0.0,nan,nan,nan
5606.808,1.54618e-05,0.0,nan,nan,nan
5606.891,1.546192e-05,0.0,nan,nan,nan
5606.975,1.545977e-05,0.0,nan,nan,nan
5607.059,1.546013e-05,0.0,nan,nan,nan
5607.158,1.546085e-05,0.0,nan,nan,nan
5607.244,1.546122e-05,0.0,nan,nan,nan
5607.328,1.545766e-05,0.0,nan,nan,nan
5607.412,1.546134e-05,0.0,nan,nan,nan
5607.497,1.545839e-05,0.0,nan,nan,nan
5607.581,1.545627e-05,0.0,nan,nan,nan
5607.665,1.545495e-05,0.0,nan,nan,nan
5607.767,1.545577e-05,0.0,nan,nan,nan
5607.851,1.545481e-05,0.0,nan,nan,nan
5607.934,1.545363e-05,0.0,nan,nan,nan
5608.018,1.545639e-05,0.0,nan,nan,nan
5608.102,1.545721e-05,0.0,nan,nan,nan
5608.187,1.545763e-05,0.0,nan,nan,nan
5608.271,1.546048e-05,0.0,nan,nan,nan
5608.354,1.546125e-05,0.0,nan,nan,nan
5608.438,1.545627e-05,0.0,nan,nan,nan
5608.522,1.545668e-05,0.0,nan,nan,nan
5608.605,1.545576e-05,0.0,nan,nan,nan
5608.689,1.545681e-05,0.0,nan,nan,nan
5608.791,1.545737e-05,0.0,nan,nan,nan
5608.875,1.545243e-05,0.0,nan,nan,nan
5608.96,1.545705e-05,0.0,nan,nan,nan
5609.044,1.545756e-05,0.0,nan,nan,nan
5609.131,1.54574e-05,0.0,nan,nan,nan
5609.226,1.545702e-05,0.0,nan,nan,nan
5609.309,1.54535e-05,0.0,nan,nan,nan
5609.393,1.545776e-05,0.0,nan,nan,nan
5609.476,1.545753e-05,0.0,nan,nan,nan
5609.56,1.545825e-05,0.0,nan,nan,nan
5609.644,1.545777e-05,0.0,nan,nan,nan
5609.727,1.545723e-05,0.0,nan,nan,nan
5609.811,1.545597e-05,0.0,nan,nan,nan
5609.895,1.545669e-05,0.0,nan,nan,nan
5609.978,1.545995e-05,0.0,nan,nan,nan
5610.062,1.545507e-05,0.0,nan,nan,nan
5610.145,1.54541e-05,0.0,nan,nan,nan
5610.229,1.545467e-05,0.0,nan,nan,nan
5610.318,1.545655e-05,0.0,nan,nan,nan
5610.417,1.546158e-05,0.0,nan,nan,nan
5610.501,1.546155e-05,0.0,nan,nan,nan
5610.607,1.54631e-05,0.0,nan,nan,nan
5610.691,1.545842e-05,0.0,nan,nan,nan
5610.774,1.546442e-05,0.0,nan,nan,nan
5610.858,1.546061e-05,0.0,nan,nan,nan
5610.942,1.546504e-05,0.0,nan,nan,nan
5611.035,1.54634e-05,0.0,nan,nan,nan
5611.119,1.546568e-05,0.0,nan,nan,nan
5611.212,1.546565e-05,0.0,nan,nan,nan
5611.295,1.546101e-05,0.0,nan,nan,nan
5611.396,1.546356e-05,0.0,nan,nan,nan
5611.487,1.545826e-05,0.0,nan,nan,nan
5611.571,1.545842e-05,0.0,nan,nan,nan
5611.655,1.546079e-05,0.0,nan,nan,nan
5611.739,1.545898e-05,0.0,nan,nan,nan
5611.824,1.545705e-05,0.0,nan,nan,nan
5611.908,1.545728e-05,0.0,nan,nan,nan
5611.993,1.545465e-05,0.0,nan,nan,nan
5612.077,1.545828e-05,0.0,nan,nan,nan
5612.164,1.545859e-05,0.0,nan,nan,nan
5612.252,1.546099e-05,0.0,nan,nan,nan
5612.336,1.546108e-05,0.0,nan,nan,nan
5612.432,1.546236e-05,0.0,nan,nan,nan
5612.516,1.545582e-05,0.0,nan,nan,nan
5612.601,1.545871e-05,0.0,nan,nan,nan
5612.685,1.546232e-05,0.0,nan,nan,nan
5612.768,1.545951e-05,0.0,nan,nan,nan
5612.856,1.54609e-05,0.0,nan,nan,nan
5612.94,1.545588e-05,0.0,nan,nan,nan
5613.023,1.545775e-05,0.0,nan,nan,nan
5613.107,1.545784e-05,0.0,nan,nan,nan
5613.19,1.545681e-05,0.0,nan,nan,nan
5613.277,1.54553e-05,0.0,nan,nan,nan
5613.361,1.54573e-05,0.0,nan,nan,nan
5613.46,1.546003e-05,0.0,nan,nan,nan
5613.543,1.546041e-05,0.0,nan,nan,nan
5613.627,1.545769e-05,0.0,nan,nan,nan
5613.711,1.546034e-05,0.0,nan,nan,nan
5613.794,1.546045e-05,0.0,nan,nan,nan
5613.883,1.545877e-05,0.0,nan,nan,nan
5613.968,1.54583e-05,0.0,nan,nan,nan
5614.068,1.545666e-05,0.0,nan,nan,nan
5614.152,1.545639e-05,0.0,nan,nan,nan
5614.237,1.545731e-05,0.0,nan,nan,nan
5614.321,1.545799e-05,0.0,nan,nan,nan
5614.405,1.545828e-05,0.0,nan,nan,nan
5614.513,1.545823e-05,0.0,nan,nan,nan
5614.6,1.545928e-05,0.0,nan,nan,nan
5614.696,1.545782e-05,0.0,nan,nan,nan
5614.78,1.545737e-05,0.0,nan,nan,nan
5614.864,1.545627e-05,0.0,nan,nan,nan
5614.948,1.546152e-05,0.0,nan,nan,nan
5615.031,1.546342e-05,0.0,nan,nan,nan
5615.116,1.545839e-05,0.0,nan,nan,nan
5615.201,1.546429e-05,0.0,nan,nan,nan
5615.296,1.546186e-05,0.0,nan,nan,nan
5615.38,1.545998e-05,0.0,nan,nan,nan
5615.512,1.545728e-05,0.0,nan,nan,nan
5615.596,1.545782e-05,0.0,nan,nan,nan
5615.679,1.546018e-05,0.0,nan,nan,nan
5615.763,1.545943e-05,0.0,nan,nan,nan
5615.848,1.545932e-05,0.0,nan,nan,nan
5615.931,1.545785e-05,0.0,nan,nan,nan
5616.017,1.545533e-05,0.0,nan,nan,nan
5616.128,1.545609e-05,0.0,nan,nan,nan
5616.216,1.545838e-05,0.0,nan,nan,nan
5616.326,1.545776e-05,0.0,nan,nan,nan
5616.409,1.545978e-05,0.0,nan,nan,nan
5616.493,1.545811e-05,0.0,nan,nan,nan
5616.576,1.545914e-05,0.0,nan,nan,nan
5616.659,1.545995e-05,0.0,nan,nan,nan
5616.749,1.54648e-05,0.0,nan,nan,nan
5616.833,1.546293e-05,0.0,nan,nan,nan
5616.928,1.546179e-05,0.0,nan,nan,nan
5617.012,1.546478e-05,0.0,nan,nan,nan
5617.096,1.546366e-05,0.0,nan,nan,nan
5617.18,1.545908e-05,0.0,nan,nan,nan
5617.266,1.545881e-05,0.0,nan,nan,nan
5617.35,1.545871e-05,0.0,nan,nan,nan
5617.434,1.5462e-05,0.0,nan,nan,nan
5617.542,1.546365e-05,0.0,nan,nan,nan
5617.626,1.546446e-05,0.0,nan,nan,nan
5617.71,1.54665e-05,0.0,nan,nan,nan
5617.793,1.546068e-05,0.0,nan,nan,nan
5617.878,1.545928e-05,0.0,nan,nan,nan
5617.962,1.54602e-05,0.0,nan,nan,nan
5618.048,1.545774e-05,0.0,nan,nan,nan
5618.144,1.546113e-05,0.0,nan,nan,nan
5618.228,1.546033e-05,0.0,nan,nan,nan
5618.312,1.546069e-05,0.0,nan,nan,nan
5618.396,1.545999e-05,0.0,nan,nan,nan
5618.479,1.546143e-05,0.0,nan,nan,nan
5618.563,1.545941e-05,0.0,nan,nan,nan
5618.647,1.546011e-05,0.0,nan,nan,nan
5618.73,1.545461e-05,0.0,nan,nan,nan
5618.814,1.546045e-05,0.0,nan,nan,nan
5618.899,1.545808e-05,0.0,nan,nan,nan
5618.983,1.54621e-05,0.0,nan,nan,nan
5619.067,1.546424e-05,0.0,nan,nan,nan
5619.167,1.545971e-05,0.0,nan,nan,nan
5619.251,1.545681e-05,0.0,nan,nan,nan
5619.335,1.545901e-05,0.0,nan,nan,nan
5619.419,1.545793e-05,0.0,nan,nan,nan
5619.505,1.545846e-05,0.0,nan,nan,nan
5619.59,1.545679e-05,0.0,nan,nan,nan
5619.675,1.545615e-05,0.0,nan,nan,nan
5619.767,1.545929e-05,0.0,nan,nan,nan
5619.851,1.545742e-05,0.0,nan,nan,nan
5619.934,1.546006e-05,0.0,nan,nan,nan
5620.018,1.545754e-05,0.0,nan,nan,nan
5620.102,1.545754e-05,0.0,nan,nan,nan
5620.187,1.54599e-05,0.0,nan,nan,nan
5620.271,1.545355e-05,0.0,nan,nan,nan
5620.354,1.545475e-05,0.0,nan,nan,nan
5620.438,1.545722e-05,0.0,nan,nan,nan
5620.522,1.54547e-05,0.0,nan,nan,nan
5620.605,1.545926e-05,0.0,nan,nan,nan
5620.689,1.545491e-05,0.0,nan,nan,nan
5620.793,1.545244e-05,0.0,nan,nan,nan
5620.877,1.545661e-05,0.0,nan,nan,nan
5620.961,1.545579e-05,0.0,nan,nan,nan
5621.044,1.545764e-05,0.0,nan,nan,nan
5621.131,1.545677e-05,0.0,nan,nan,nan
5621.22,1.545936e-05,0.0,nan,nan,nan
5621.303,1.546093e-05,0.0,nan,nan,nan
5621.403,1.545528e-05,0.0,nan,nan,nan
5621.487,1.54553e-05,0.0,nan,nan,nan
5621.59,1.545617e-05,0.0,nan,nan,nan
5621.673,1.545554e-05,0.0,nan,nan,nan
5621.757,1.545794e-05,0.0,nan,nan,nan
5621.842,1.546053e-05,0.0,nan,nan,nan
5621.927,1.546346e-05,0.0,nan,nan,nan
5622.01,1.546109e-05,0.0,nan,nan,nan
5622.094,1.545621e-05,0.0,nan,nan,nan
5622.178,1.54562e-05,0.0,nan,nan,nan
5622.262,1.545782e-05,0.0,nan,nan,nan
5622.346,1.545608e-05,0.0,nan,nan,nan
5622.43,1.545649e-05,0.0,nan,nan,nan
5622.518,1.545395e-05,0.0,nan,nan,nan
5622.617,1.545588e-05,0.0,nan,nan,nan
5622.701,1.545123e-05,0.0,nan,nan,nan
5622.804,1.545106e-05,0.0,nan,nan,nan
5622.888,1.545585e-05,0.0,nan,nan,nan
5622.974,1.545069e-05,0.0,nan,nan,nan
5623.058,1.545516e-05,0.0,nan,nan,nan
5623.142,1.545533e-05,0.0,nan,nan,nan
5623.241,1.545417e-05,0.0,nan,nan,nan
5623.325,1.545285e-05,0.0,nan,nan,nan
5623.411,1.545787e-05,0.0,nan,nan,nan
5623.494,1.545798e-05,0.0,nan,nan,nan
5623.578,1.545467e-05,0.0,nan,nan,nan
5623.661,1.545484e-05,0.0,nan,nan,nan
5623.745,1.545442e-05,0.0,nan,nan,nan
5623.828,1.545144e-05,0.0,nan,nan,nan
5623.912,1.545394e-05,0.0,nan,nan,nan
5623.995,1.545769e-05,0.0,nan,nan,nan
5624.079,1.546094e-05,0.0,nan,nan,nan
5624.162,1.546039e-05,0.0,nan,nan,nan
5624.266,1.54579e-05,0.0,nan,nan,nan
5624.35,1.546136e-05,0.0,nan,nan,nan
5624.436,1.545548e-05,0.0,nan,nan,nan
5624.52,1.545775e-05,0.0,nan,nan,nan
5624.603,1.545299e-05,0.0,nan,nan,nan
5624.687,1.545826e-05,0.0,nan,nan,nan
5624.771,1.545527e-05,0.0,nan,nan,nan
5624.869,1.54531e-05,0.0,nan,nan,nan
5624.953,1.545769e-05,0.0,nan,nan,nan
5625.036,1.545789e-05,0.0,nan,nan,nan
5625.12,1.545574e-05,0.0,nan,nan,nan
5625.204,1.545308e-05,0.0,nan,nan,nan
5625.295,1.545286e-05,0.0,nan,nan,nan
5625.379,1.545287e-05,0.0,nan,nan,nan
5625.465,1.545318e-05,0.0,nan,nan,nan
5625.549,1.545161e-05,0.0,nan,nan,nan
5625.635,1.545438e-05,0.0,nan,nan,nan
5625.725,1.54541e-05,0.0,nan,nan,nan
5625.808,1.545746e-05,0.0,nan,nan,nan
5625.892,1.545814e-05,0.0,nan,nan,nan
5625.979,1.545467e-05,0.0,nan,nan,nan
5626.063,1.545569e-05,0.0,nan,nan,nan
5626.147,1.545492e-05,0.0,nan,nan,nan
5626.23,1.545673e-05,0.0,nan,nan,nan
5626.314,1.545519e-05,0.0,nan,nan,nan
5626.397,1.545469e-05,0.0,nan,nan,nan
5626.481,1.545502e-05,0.0,nan,nan,nan
5626.565,1.545173e-05,0.0,nan,nan,nan
5626.648,1.545778e-05,0.0,nan,nan,nan
5626.752,1.545757e-05,0.0,nan,nan,nan
5626.836,1.545429e-05,0.0,nan,nan,nan
5626.933,1.545824e-05,0.0,nan,nan,nan
5627.018,1.545469e-05,0.0,nan,nan,nan
5627.114,1.54564e-05,0.0,nan,nan,nan
5627.198,1.545626e-05,0.0,nan,nan,nan
5627.281,1.545635e-05,0.0,nan,nan,nan
5627.366,1.545837e-05,0.0,nan,nan,nan
5627.449,1.546003e-05,0.0,nan,nan,nan
5627.541,1.545597e-05,0.0,nan,nan,nan
5627.625,1.545631e-05,0.0,nan,nan,nan
5627.709,1.545542e-05,0.0,nan,nan,nan
5627.793,1.545614e-05,0.0,nan,nan,nan
5627.877,1.545856e-05,0.0,nan,nan,nan
5627.96,1.54575e-05,0.0,nan,nan,nan
5628.046,1.545707e-05,0.0,nan,nan,nan
5628.136,1.545797e-05,0.0,nan,nan,nan
5628.22,1.545835e-05,0.0,nan,nan,nan
5628.304,1.545931e-05,0.0,nan,nan,nan
5628.388,1.545534e-05,0.0,nan,nan,nan
5628.471,1.545658e-05,0.0,nan,nan,nan
5628.561,1.545543e-05,0.0,nan,nan,nan
5628.645,1.545718e-05,0.0,nan,nan,nan
5628.729,1.545316e-05,0.0,nan,nan,nan
5628.813,1.545395e-05,0.0,nan,nan,nan
5628.896,1.545213e-05,0.0,nan,nan,nan
5628.985,1.54561e-05,0.0,nan,nan,nan
5629.068,1.545559e-05,0.0,nan,nan,nan
5629.164,1.545628e-05,0.0,nan,nan,nan
5629.247,1.545612e-05,0.0,nan,nan,nan
5629.33,1.545516e-05,0.0,nan,nan,nan
5629.414,1.54538e-05,0.0,nan,nan,nan
5629.503,1.5454e-05,0.0,nan,nan,nan
5629.587,1.545536e-05,0.0,nan,nan,nan
5629.67,1.545338e-05,0.0,nan,nan,nan
5629.773,1.545652e-05,0.0,nan,nan,nan
5629.857,1.545494e-05,0.0,nan,nan,nan
5629.942,1.545332e-05,0.0,nan,nan,nan
5630.046,1.54559e-05,0.0,nan,nan,nan
5630.129,1.545668e-05,0.0,nan,nan,nan
5630.213,1.545979e-05,0.0,nan,nan,nan
5630.301,1.545965e-05,0.0,nan,nan,nan
5630.411,1.545765e-05,0.0,nan,nan,nan
5630.498,1.545853e-05,0.0,nan,nan,nan
5630.595,1.545938e-05,0.0,nan,nan,nan
5630.678,1.545871e-05,0.0,nan,nan,nan
5630.762,1.545716e-05,0.0,nan,nan,nan
5630.845,1.545782e-05,0.0,nan,nan,nan
5630.93,1.54556e-05,0.0,nan,nan,nan
5631.03,1.545604e-05,0.0,nan,nan,nan
5631.117,1.545796e-05,0.0,nan,nan,nan
5631.201,1.546305e-05,0.0,nan,nan,nan
5631.284,1.54576e-05,0.0,nan,nan,nan
5631.374,1.545923e-05,0.0,nan,nan,nan
5631.48,1.545756e-05,0.0,nan,nan,nan
5631.564,1.546193e-05,0.0,nan,nan,nan
5631.664,1.546192e-05,0.0,nan,nan,nan
5631.754,1.546082e-05,0.0,nan,nan,nan
5631.857,1.546296e-05,0.0,nan,nan,nan
5631.941,1.545982e-05,0.0,nan,nan,nan
5632.044,1.545426e-05,0.0,nan,nan,nan
5632.128,1.545986e-05,0.0,nan,nan,nan
5632.211,1.545994e-05,0.0,nan,nan,nan
5632.334,1.546029e-05,0.0,nan,nan,nan
5632.427,1.545609e-05,0.0,nan,nan,nan
5632.544,1.545434e-05,0.0,nan,nan,nan
5632.631,1.545602e-05,0.0,nan,nan,nan
5632.715,1.54584e-05,0.0,nan,nan,nan
5632.799,1.545463e-05,0.0,nan,nan,nan
5632.883,1.545531e-05,0.0,nan,nan,nan
5632.97,1.545704e-05,0.0,nan,nan,nan
5633.057,1.545391e-05,0.0,nan,nan,nan
5633.141,1.545773e-05,0.0,nan,nan,nan
5633.227,1.54572e-05,0.0,nan,nan,nan
5633.311,1.545495e-05,0.0,nan,nan,nan
5633.402,1.545744e-05,0.0,nan,nan,nan
5633.486,1.545888e-05,0.0,nan,nan,nan
5633.57,1.545706e-05,0.0,nan,nan,nan
5633.653,1.545977e-05,0.0,nan,nan,nan
5633.74,1.545746e-05,0.0,nan,nan,nan
5633.823,1.5456e-05,0.0,nan,nan,nan
5633.911,1.545847e-05,0.0,nan,nan,nan
5633.995,1.545839e-05,0.0,nan,nan,nan
5634.079,1.545875e-05,0.0,nan,nan,nan
5634.207,1.546132e-05,0.0,nan,nan,nan
5634.292,1.545868e-05,0.0,nan,nan,nan
5634.375,1.545643e-05,0.0,nan,nan,nan
5634.459,1.545732e-05,0.0,nan,nan,nan
5634.543,1.546023e-05,0.0,nan,nan,nan
5634.626,1.545701e-05,0.0,nan,nan,nan
5634.71,1.54545e-05,0.0,nan,nan,nan
5634.794,1.545289e-05,0.0,nan,nan,nan
5634.877,1.545612e-05,0.0,nan,nan,nan
5634.966,1.545571e-05,0.0,nan,nan,nan
5635.049,1.54584e-05,0.0,nan,nan,nan
5635.139,1.545716e-05,0.0,nan,nan,nan
5635.223,1.545663e-05,0.0,nan,nan,nan
5635.307,1.545969e-05,0.0,nan,nan,nan
5635.395,1.54571e-05,0.0,nan,nan,nan
5635.48,1.546091e-05,0.0,nan,nan,nan
5635.564,1.546026e-05,0.0,nan,nan,nan
5635.647,1.545609e-05,0.0,nan,nan,nan
5635.731,1.545511e-05,0.0,nan,nan,nan
5635.814,1.545797e-05,0.0,nan,nan,nan
5635.898,1.545724e-05,0.0,nan,nan,nan
5635.982,1.546198e-05,0.0,nan,nan,nan
5636.066,1.545875e-05,0.0,nan,nan,nan
5636.158,1.545646e-05,0.0,nan,nan,nan
5636.278,1.545684e-05,0.0,nan,nan,nan
5636.362,1.545826e-05,0.0,nan,nan,nan
5636.446,1.545624e-05,0.0,nan,nan,nan
5636.529,1.54542e-05,0.0,nan,nan,nan
5636.619,1.545887e-05,0.0,nan,nan,nan
5636.727,1.545571e-05,0.0,nan,nan,nan
5636.812,1.545843e-05,0.0,nan,nan,nan
5636.92,1.545857e-05,0.0,nan,nan,nan
5637.004,1.545996e-05,0.0,nan,nan,nan
5637.102,1.545895e-05,0.0,nan,nan,nan
5637.185,1.545993e-05,0.0,nan,nan,nan
5637.272,1.546029e-05,0.0,nan,nan,nan
5637.355,1.545578e-05,0.0,nan,nan,nan
5637.439,1.54563e-05,0.0,nan,nan,nan
5637.53,1.545578e-05,0.0,nan,nan,nan
5637.614,1.545678e-05,0.0,nan,nan,nan
5637.697,1.54597e-05,0.0,nan,nan,nan
5637.781,1.54635e-05,0.0,nan,nan,nan
5637.868,1.546238e-05,0.0,nan,nan,nan
5637.952,1.545993e-05,0.0,nan,nan,nan
5638.036,1.545885e-05,0.0,nan,nan,nan
5638.141,1.54597e-05,0.0,nan,nan,nan
5638.224,1.545776e-05,0.0,nan,nan,nan
5638.308,1.545429e-05,0.0,nan,nan,nan
5638.404,1.545595e-05,0.0,nan,nan,nan
5638.489,1.545691e-05,0.0,nan,nan,nan
5638.574,1.545813e-05,0.0,nan,nan,nan
5638.658,1.545822e-05,0.0,nan,nan,nan
5638.76,1.546093e-05,0.0,nan,nan,nan
5638.844,1.545783e-05,0.0,nan,nan,nan
5638.927,1.545937e-05,0.0,nan,nan,nan
5639.011,1.545889e-05,0.0,nan,nan,nan
5639.094,1.54584e-05,0.0,nan,nan,nan
5639.179,1.545681e-05,0.0,nan,nan,nan
5639.267,1.546033e-05,0.0,nan,nan,nan
5639.351,1.545827e-05,0.0,nan,nan,nan
5639.434,1.545895e-05,0.0,nan,nan,nan
5639.518,1.54586e-05,0.0,nan,nan,nan
5639.602,1.545626e-05,0.0,nan,nan,nan
5639.685,1.545625e-05,0.0,nan,nan,nan
5639.77,1.546251e-05,0.0,nan,nan,nan
5639.853,1.546048e-05,0.0,nan,nan,nan
5639.962,1.545772e-05,0.0,nan,nan,nan
5640.045,1.545624e-05,0.0,nan,nan,nan
5640.13,1.545699e-05,0.0,nan,nan,nan
5640.213,1.544965e-05,0.0,nan,nan,nan
5640.296,1.545913e-05,0.0,nan,nan,nan
5640.393,1.545853e-05,0.0,nan,nan,nan
5640.481,1.545731e-05,0.0,nan,nan,nan
5640.565,1.545589e-05,0.0,nan,nan,nan
5640.648,1.545691e-05,0.0,nan,nan,nan
5640.732,1.545551e-05,0.0,nan,nan,nan
5640.849,1.545312e-05,0.0,nan,nan,nan
5640.935,1.546013e-05,0.0,nan,nan,nan
5641.019,1.545416e-05,0.0,nan,nan,nan
5641.102,1.54501e-05,0.0,nan,nan,nan
5641.186,1.545324e-05,0.0,nan,nan,nan
5641.269,1.545561e-05,0.0,nan,nan,nan
5641.356,1.545211e-05,0.0,nan,nan,nan
5641.44,1.545479e-05,0.0,nan,nan,nan
5641.523,1.545447e-05,0.0,nan,nan,nan
5641.627,1.545619e-05,0.0,nan,nan,nan
5641.711,1.54511e-05,0.0,nan,nan,nan
5641.811,1.545335e-05,0.0,nan,nan,nan
5641.895,1.545067e-05,0.0,nan,nan,nan
5641.978,1.545087e-05,0.0,nan,nan,nan
5642.062,1.545333e-05,0.0,nan,nan,nan
5642.145,1.54579e-05,0.0,nan,nan,nan
5642.229,1.545466e-05,0.0,nan,nan,nan
5642.313,1.545487e-05,0.0,nan,nan,nan
5642.398,1.545629e-05,0.0,nan,nan,nan
5642.482,1.545474e-05,0.0,nan,nan,nan
5642.565,1.545617e-05,0.0,nan,nan,nan
5642.65,1.54522e-05,0.0,nan,nan,nan
5642.733,1.545564e-05,0.0,nan,nan,nan
5642.826,1.545934e-05,0.0,nan,nan,nan
5642.91,1.545449e-05,0.0,nan,nan,nan
5642.993,1.545859e-05,0.0,nan,nan,nan
5643.077,1.54551e-05,0.0,nan,nan,nan
5643.16,1.546056e-05,0.0,nan,nan,nan
5643.258,1.545821e-05,0.0,nan,nan,nan
5643.342,1.545738e-05,0.0,nan,nan,nan
5643.426,1.546226e-05,0.0,nan,nan,nan
5643.51,1.546146e-05,0.0,nan,nan,nan
5643.593,1.545752e-05,0.0,nan,nan,nan
5643.68,1.545828e-05,0.0,nan,nan,nan
5643.768,1.545743e-05,0.0,nan,nan,nan
5643.851,1.545669e-05,0.0,nan,nan,nan
5643.935,1.546205e-05,0.0,nan,nan,nan
5644.018,1.546317e-05,0.0,nan,nan,nan
5644.102,1.545973e-05,0.0,nan,nan,nan
5644.185,1.546017e-05,0.0,nan,nan,nan
5644.288,1.545891e-05,0.0,nan,nan,nan
5644.371,1.546195e-05,0.0,nan,nan,nan
5644.463,1.545703e-05,0.0,nan,nan,nan
5644.546,1.546035e-05,0.0,nan,nan,nan
5644.632,1.545867e-05,0.0,nan,nan,nan
5644.717,1.546494e-05,0.0,nan,nan,nan
5644.801,1.546179e-05,0.0,nan,nan,nan
5644.89,1.546157e-05,0.0,nan,nan,nan
5644.974,1.546029e-05,0.0,nan,nan,nan
5645.058,1.545878e-05,0.0,nan,nan,nan
5645.142,1.545815e-05,0.0,nan,nan,nan
5645.227,1.545831e-05,0.0,nan,nan,nan
5645.311,1.546077e-05,0.0,nan,nan,nan
5645.395,1.546021e-05,0.0,nan,nan,nan
5645.488,1.54584e-05,0.0,nan,nan,nan
5645.572,1.545921e-05,0.0,nan,nan,nan
5645.656,1.546098e-05,0.0,nan,nan,nan
5645.74,1.546131e-05,0.0,nan,nan,nan
5645.823,1.546042e-05,0.0,nan,nan,nan
5645.913,1.545467e-05,0.0,nan,nan,nan
5646.0,1.545917e-05,0.0,nan,nan,nan
5646.084,1.545851e-05,0.0,nan,nan,nan
5646.168,1.546194e-05,0.0,nan,nan,nan
5646.252,1.54587e-05,0.0,nan,nan,nan
5646.336,1.54548e-05,0.0,nan,nan,nan
5646.42,1.545886e-05,0.0,nan,nan,nan
5646.514,1.546011e-05,0.0,nan,nan,nan
5646.598,1.545678e-05,0.0,nan,nan,nan
5646.683,1.54574e-05,0.0,nan,nan,nan
5646.776,1.546053e-05,0.0,nan,nan,nan
5646.859,1.545825e-05,0.0,nan,nan,nan
5646.943,1.545728e-05,0.0,nan,nan,nan
5647.032,1.545988e-05,0.0,nan,nan,nan
5647.119,1.545814e-05,0.0,nan,nan,nan
5647.203,1.545923e-05,0.0,nan,nan,nan
5647.307,1.545488e-05,0.0,nan,nan,nan
5647.391,1.546108e-05,0.0,nan,nan,nan
5647.474,1.545738e-05,0.0,nan,nan,nan
5647.558,1.545792e-05,0.0,nan,nan,nan
5647.642,1.546036e-05,0.0,nan,nan,nan
5647.743,1.546271e-05,0.0,nan,nan,nan
5647.827,1.546178e-05,0.0,nan,nan,nan
5647.929,1.546512e-05,0.0,nan,nan,nan
5648.013,1.545926e-05,0.0,nan,nan,nan
5648.097,1.546174e-05,0.0,nan,nan,nan
5648.181,1.546244e-05,0.0,nan,nan,nan
5648.265,1.546303e-05,0.0,nan,nan,nan
5648.37,1.546321e-05,0.0,nan,nan,nan
5648.454,1.546084e-05,0.0,nan,nan,nan
5648.538,1.545999e-05,0.0,nan,nan,nan
5648.622,1.546428e-05,0.0,nan,nan,nan
5648.742,1.545872e-05,0.0,nan,nan,nan
5648.828,1.546022e-05,0.0,nan,nan,nan
5648.913,1.546173e-05,0.0,nan,nan,nan
5648.997,1.545685e-05,0.0,nan,nan,nan
5649.08,1.545933e-05,0.0,nan,nan,nan
5649.172,1.546123e-05,0.0,nan,nan,nan
5649.256,1.545974e-05,0.0,nan,nan,nan
5649.341,1.546147e-05,0.0,nan,nan,nan
5649.425,1.545969e-05,0.0,nan,nan,nan
5649.509,1.545806e-05,0.0,nan,nan,nan
5649.593,1.545978e-05,0.0,nan,nan,nan
5649.676,1.545944e-05,0.0,nan,nan,nan
5649.781,1.545972e-05,0.0,nan,nan,nan
5649.865,1.546088e-05,0.0,nan,nan,nan
5649.948,1.546003e-05,0.0,nan,nan,nan
5650.033,1.546088e-05,0.0,nan,nan,nan
5650.116,1.546095e-05,0.0,nan,nan,nan
5650.201,1.546168e-05,0.0,nan,nan,nan
5650.285,1.546103e-05,0.0,nan,nan,nan
5650.37,1.545823e-05,0.0,nan,nan,nan
5650.453,1.54588e-05,0.0,nan,nan,nan
5650.539,1.546113e-05,0.0,nan,nan,nan
5650.623,1.545738e-05,0.0,nan,nan,nan
5650.706,1.545533e-05,0.0,nan,nan,nan
5650.794,1.546366e-05,0.0,nan,nan,nan
5650.878,1.545866e-05,0.0,nan,nan,nan
5650.963,1.54595e-05,0.0,nan,nan,nan
5651.046,1.545693e-05,0.0,nan,nan,nan
5651.13,1.545785e-05,0.0,nan,nan,nan
5651.214,1.546284e-05,0.0,nan,nan,nan
5651.302,1.54586e-05,0.0,nan,nan,nan
5651.386,1.545863e-05,0.0,nan,nan,nan
5651.469,1.545764e-05,0.0,nan,nan,nan
5651.555,1.545887e-05,0.0,nan,nan,nan
5651.639,1.54547e-05,0.0,nan,nan,nan
5651.722,1.545495e-05,0.0,nan,nan,nan
5651.806,1.545659e-05,0.0,nan,nan,nan
5651.889,1.54568e-05,0.0,nan,nan,nan
5651.973,1.545673e-05,0.0,nan,nan,nan
5652.057,1.54581e-05,0.0,nan,nan,nan
5652.14,1.546134e-05,0.0,nan,nan,nan
5652.225,1.54599e-05,0.0,nan,nan,nan
5652.309,1.545735e-05,0.0,nan,nan,nan
5652.393,1.545778e-05,0.0,nan,nan,nan
5652.479,1.545196e-05,0.0,nan,nan,nan
5652.562,1.545393e-05,0.0,nan,nan,nan
5652.646,1.545454e-05,0.0,nan,nan,nan
5652.73,1.545529e-05,0.0,nan,nan,nan
5652.844,1.545711e-05,0.0,nan,nan,nan
5652.93,1.545441e-05,0.0,nan,nan,nan
5653.03,1.545629e-05,0.0,nan,nan,nan
5653.113,1.545751e-05,0.0,nan,nan,nan
5653.21,1.546056e-05,0.0,nan,nan,nan
5653.293,1.545906e-05,0.0,nan,nan,nan
5653.384,1.545995e-05,0.0,nan,nan,nan
5653.468,1.54564e-05,0.0,nan,nan,nan
5653.552,1.545534e-05,0.0,nan,nan,nan
5653.637,1.545583e-05,0.0,nan,nan,nan
5653.721,1.545362e-05,0.0,nan,nan,nan
5653.804,1.545994e-05,0.0,nan,nan,nan
5653.888,1.545359e-05,0.0,nan,nan,nan
5653.972,1.545435e-05,0.0,nan,nan,nan
5654.056,1.545499e-05,0.0,nan,nan,nan
5654.139,1.545648e-05,0.0,nan,nan,nan
5654.239,1.546009e-05,0.0,nan,nan,nan
5654.323,1.545928e-05,0.0,nan,nan,nan
5654.428,1.545648e-05,0.0,nan,nan,nan
5654.512,1.545682e-05,0.0,nan,nan,nan
5654.595,1.545695e-05,0.0,nan,nan,nan
5654.679,1.545759e-05,0.0,nan,nan,nan
5654.766,1.54554e-05,0.0,nan,nan,nan
5654.86,1.545612e-05,0.0,nan,nan,nan
5654.946,1.545593e-05,0.0,nan,nan,nan
5655.046,1.545438e-05,0.0,nan,nan,nan
5655.129,1.545755e-05,0.0,nan,nan,nan
5655.213,1.545408e-05,0.0,nan,nan,nan
5655.297,1.545409e-05,0.0,nan,nan,nan
5655.38,1.545609e-05,0.0,nan,nan,nan
5655.464,1.545377e-05,0.0,nan,nan,nan
5655.548,1.54546e-05,0.0,nan,nan,nan
5655.647,1.545667e-05,0.0,nan,nan,nan
5655.73,1.545407e-05,0.0,nan,nan,nan
5655.814,1.545216e-05,0.0,nan,nan,nan
5655.897,1.545724e-05,0.0,nan,nan,nan
5655.981,1.545184e-05,0.0,nan,nan,nan
5656.075,1.545696e-05,0.0,nan,nan,nan
5656.159,1.54483e-05,0.0,nan,nan,nan
5656.242,1.545654e-05,0.0,nan,nan,nan
5656.326,1.545326e-05,0.0,nan,nan,nan
5656.411,1.545524e-05,0.0,nan,nan,nan
5656.494,1.545729e-05,0.0,nan,nan,nan
5656.578,1.545642e-05,0.0,nan,nan,nan
5656.684,1.545621e-05,0.0,nan,nan,nan
5656.768,1.5457e-05,0.0,nan,nan,nan
5656.851,1.545655e-05,0.0,nan,nan,nan
5656.935,1.545608e-05,0.0,nan,nan,nan
5657.026,1.545318e-05,0.0,nan,nan,nan
5657.129,1.545381e-05,0.0,nan,nan,nan
5657.213,1.545421e-05,0.0,nan,nan,nan
5657.308,1.545386e-05,0.0,nan,nan,nan
5657.392,1.545605e-05,0.0,nan,nan,nan
5657.477,1.545815e-05,0.0,nan,nan,nan
5657.56,1.545907e-05,0.0,nan,nan,nan
5657.644,1.545951e-05,0.0,nan,nan,nan
5657.729,1.54589e-05,0.0,nan,nan,nan
5657.817,1.545641e-05,0.0,nan,nan,nan
5657.91,1.545895e-05,0.0,nan,nan,nan
5657.994,1.54546e-05,0.0,nan,nan,nan
5658.078,1.546003e-05,0.0,nan,nan,nan
5658.162,1.545938e-05,0.0,nan,nan,nan
5658.246,1.54595e-05,0.0,nan,nan,nan
5658.329,1.545673e-05,0.0,nan,nan,nan
5658.413,1.5452e-05,0.0,nan,nan,nan
5658.497,1.545826e-05,0.0,nan,nan,nan
5658.581,1.545625e-05,0.0,nan,nan,nan
5658.664,1.545562e-05,0.0,nan,nan,nan
5658.751,1.545742e-05,0.0,nan,nan,nan
5658.837,1.545583e-05,0.0,nan,nan,nan
5658.935,1.545719e-05,0.0,nan,nan,nan
5659.019,1.545441e-05,0.0,nan,nan,nan
5659.105,1.545744e-05,0.0,nan,nan,nan
5659.188,1.545844e-05,0.0,nan,nan,nan
5659.273,1.545428e-05,0.0,nan,nan,nan
5659.357,1.545777e-05,0.0,nan,nan,nan
5659.441,1.545762e-05,0.0,nan,nan,nan
5659.546,1.546025e-05,0.0,nan,nan,nan
5659.629,1.545921e-05,0.0,nan,nan,nan
5659.728,1.54596e-05,0.0,nan,nan,nan
5659.812,1.545871e-05,0.0,nan,nan,nan
5659.895,1.54581e-05,0.0,nan,nan,nan
5659.979,1.546037e-05,0.0,nan,nan,nan
5660.063,1.545696e-05,0.0,nan,nan,nan
5660.146,1.545603e-05,0.0,nan,nan,nan
5660.23,1.545161e-05,0.0,nan,nan,nan
5660.314,1.545237e-05,0.0,nan,nan,nan
5660.398,1.545716e-05,0.0,nan,nan,nan
5660.481,1.54571e-05,0.0,nan,nan,nan
5660.565,1.545646e-05,0.0,nan,nan,nan
5660.649,1.545289e-05,0.0,nan,nan,nan
5660.732,1.545669e-05,0.0,nan,nan,nan
5660.816,1.545008e-05,0.0,nan,nan,nan
5660.901,1.545737e-05,0.0,nan,nan,nan
5660.985,1.545832e-05,0.0,nan,nan,nan
5661.068,1.54598e-05,0.0,nan,nan,nan
5661.156,1.545694e-05,0.0,nan,nan,nan
5661.24,1.545821e-05,0.0,nan,nan,nan
5661.324,1.545453e-05,0.0,nan,nan,nan
5661.407,1.546253e-05,0.0,nan,nan,nan
5661.491,1.5456e-05,0.0,nan,nan,nan
5661.575,1.546076e-05,0.0,nan,nan,nan
5661.658,1.545652e-05,0.0,nan,nan,nan
5661.742,1.545582e-05,0.0,nan,nan,nan
5661.826,1.545471e-05,0.0,nan,nan,nan
5661.91,1.545776e-05,0.0,nan,nan,nan
5661.995,1.54524e-05,0.0,nan,nan,nan
5662.08,1.545463e-05,0.0,nan,nan,nan
5662.171,1.545527e-05,0.0,nan,nan,nan
5662.255,1.54557e-05,0.0,nan,nan,nan
5662.338,1.545519e-05,0.0,nan,nan,nan
5662.422,1.545292e-05,0.0,nan,nan,nan
5662.505,1.5457e-05,0.0,nan,nan,nan
5662.589,1.545175e-05,0.0,nan,nan,nan
5662.673,1.545457e-05,0.0,nan,nan,nan
5662.777,1.545415e-05,0.0,nan,nan,nan
5662.861,1.54528e-05,0.0,nan,nan,nan
5662.945,1.545668e-05,0.0,nan,nan,nan
5663.029,1.545624e-05,0.0,nan,nan,nan
5663.112,1.545437e-05,0.0,nan,nan,nan
5663.911,1.545533e-05,0.0,nan,nan,nan
5663.997,1.545358e-05,0.0,nan,nan,nan
5664.081,1.545301e-05,0.0,nan,nan,nan
5664.164,1.545749e-05,0.0,nan,nan,nan
5664.251,1.54576e-05,0.0,nan,nan,nan
5664.335,1.546199e-05,0.0,nan,nan,nan
5664.44,1.545859e-05,0.0,nan,nan,nan
5664.523,1.545527e-05,0.0,nan,nan,nan
5664.627,1.545396e-05,0.0,nan,nan,nan
5664.711,1.545199e-05,0.0,nan,nan,nan
5664.795,1.545583e-05,0.0,nan,nan,nan
5664.878,1.545875e-05,0.0,nan,nan,nan
5664.966,1.545643e-05,0.0,nan,nan,nan
5665.063,1.545796e-05,0.0,nan,nan,nan
5665.147,1.545485e-05,0.0,nan,nan,nan
5665.231,1.545702e-05,0.0,nan,nan,nan
5665.314,1.545906e-05,0.0,nan,nan,nan
5665.398,1.545631e-05,0.0,nan,nan,nan
5665.482,1.545294e-05,0.0,nan,nan,nan
5665.566,1.545331e-05,0.0,nan,nan,nan
5665.668,1.54538e-05,0.0,nan,nan,nan
5665.751,1.545236e-05,0.0,nan,nan,nan
5665.852,1.545507e-05,0.0,nan,nan,nan
5665.959,1.545272e-05,0.0,nan,nan,nan
5666.042,1.545499e-05,0.0,nan,nan,nan
5666.126,1.545267e-05,0.0,nan,nan,nan
5666.21,1.545464e-05,0.0,nan,nan,nan
5666.293,1.545473e-05,0.0,nan,nan,nan
5666.384,1.545606e-05,0.0,nan,nan,nan
5666.48,1.545679e-05,0.0,nan,nan,nan
5666.564,1.545357e-05,0.0,nan,nan,nan
5666.647,1.545805e-05,0.0,nan,nan,nan
5666.731,1.545521e-05,0.0,nan,nan,nan
5666.814,1.54557e-05,0.0,nan,nan,nan
5666.898,1.545297e-05,0.0,nan,nan,nan
5666.982,1.545258e-05,0.0,nan,nan,nan
5667.065,1.545276e-05,0.0,nan,nan,nan
5667.149,1.545088e-05,0.0,nan,nan,nan
5667.235,1.54564e-05,0.0,nan,nan,nan
5667.319,1.545247e-05,0.0,nan,nan,nan
5667.403,1.545274e-05,0.0,nan,nan,nan
5667.488,1.545604e-05,0.0,nan,nan,nan
5667.572,1.545343e-05,0.0,nan,nan,nan
5667.655,1.545197e-05,0.0,nan,nan,nan
5667.739,1.545386e-05,0.0,nan,nan,nan
5667.823,1.545384e-05,0.0,nan,nan,nan
5667.912,1.545687e-05,0.0,nan,nan,nan
5667.995,1.545782e-05,0.0,nan,nan,nan
5668.08,1.545772e-05,0.0,nan,nan,nan
5668.164,1.545703e-05,0.0,nan,nan,nan
5668.249,1.545765e-05,0.0,nan,nan,nan
5668.336,1.545913e-05,0.0,nan,nan,nan
5668.42,1.545713e-05,0.0,nan,nan,nan
5668.522,1.545831e-05,0.0,nan,nan,nan
5668.605,1.546032e-05,0.0,nan,nan,nan
5668.689,1.545661e-05,0.0,nan,nan,nan
5668.773,1.545963e-05,0.0,nan,nan,nan
5668.857,1.545627e-05,0.0,nan,nan,nan
5668.951,1.546324e-05,0.0,nan,nan,nan
5669.034,1.546068e-05,0.0,nan,nan,nan
5669.118,1.545766e-05,0.0,nan,nan,nan
5669.202,1.545985e-05,0.0,nan,nan,nan
5669.287,1.545927e-05,0.0,nan,nan,nan
5669.371,1.546096e-05,0.0,nan,nan,nan
5669.455,1.545787e-05,0.0,nan,nan,nan
5669.542,1.545792e-05,0.0,nan,nan,nan
5669.626,1.545749e-05,0.0,nan,nan,nan
5669.71,1.546037e-05,0.0,nan,nan,nan
5669.793,1.545643e-05,0.0,nan,nan,nan
5669.88,1.545773e-05,0.0,nan,nan,nan
5669.974,1.546009e-05,0.0,nan,nan,nan
5670.058,1.545574e-05,0.0,nan,nan,nan
5670.141,1.546054e-05,0.0,nan,nan,nan
5670.231,1.545915e-05,0.0,nan,nan,nan
5670.314,1.546152e-05,0.0,nan,nan,nan
5670.402,1.545767e-05,0.0,nan,nan,nan
5670.487,1.545705e-05,0.0,nan,nan,nan
5670.571,1.54592e-05,0.0,nan,nan,nan
5670.654,1.545627e-05,0.0,nan,nan,nan
5670.738,1.545382e-05,0.0,nan,nan,nan
5670.822,1.54576e-05,0.0,nan,nan,nan
5670.905,1.545723e-05,0.0,nan,nan,nan
5670.989,1.545475e-05,0.0,nan,nan,nan
5671.072,1.54574e-05,0.0,nan,nan,nan
5671.176,1.545631e-05,0.0,nan,nan,nan
5671.259,1.545684e-05,0.0,nan,nan,nan
5671.343,1.545692e-05,0.0,nan,nan,nan
5671.426,1.545585e-05,0.0,nan,nan,nan
5671.511,1.545314e-05,0.0,nan,nan,nan
5671.596,1.545622e-05,0.0,nan,nan,nan
5671.683,1.545719e-05,0.0,nan,nan,nan
5671.785,1.54549e-05,0.0,nan,nan,nan
5671.869,1.545247e-05,0.0,nan,nan,nan
5671.952,1.545603e-05,0.0,nan,nan,nan
5672.036,1.545788e-05,0.0,nan,nan,nan
5672.12,1.545686e-05,0.0,nan,nan,nan
5672.205,1.545602e-05,0.0,nan,nan,nan
5672.289,1.545757e-05,0.0,nan,nan,nan
5672.381,1.545722e-05,0.0,nan,nan,nan
5672.465,1.545589e-05,0.0,nan,nan,nan
5672.554,1.545632e-05,0.0,nan,nan,nan
5672.638,1.545689e-05,0.0,nan,nan,nan
5672.722,1.545424e-05,0.0,nan,nan,nan
5672.81,1.545796e-05,0.0,nan,nan,nan
5672.893,1.545783e-05,0.0,nan,nan,nan
5672.977,1.54552e-05,0.0,nan,nan,nan
5673.061,1.545551e-05,0.0,nan,nan,nan
5673.146,1.545276e-05,0.0,nan,nan,nan
5673.229,1.545234e-05,0.0,nan,nan,nan
5673.317,1.545667e-05,0.0,nan,nan,nan
5673.401,1.545798e-05,0.0,nan,nan,nan
5673.484,1.5452e-05,0.0,nan,nan,nan
5673.569,1.545256e-05,0.0,nan,nan,nan
5673.653,1.546049e-05,0.0,nan,nan,nan
5673.736,1.54568e-05,0.0,nan,nan,nan
5673.821,1.545546e-05,0.0,nan,nan,nan
5673.905,1.545559e-05,0.0,nan,nan,nan
5673.99,1.545731e-05,0.0,nan,nan,nan
5674.074,1.545799e-05,0.0,nan,nan,nan
5674.157,1.545808e-05,0.0,nan,nan,nan
5674.276,1.545967e-05,0.0,nan,nan,nan
5674.362,1.545566e-05,0.0,nan,nan,nan
5674.446,1.545862e-05,0.0,nan,nan,nan
5674.531,1.545588e-05,0.0,nan,nan,nan
5674.615,1.545523e-05,0.0,nan,nan,nan
5674.699,1.546196e-05,0.0,nan,nan,nan
5674.783,1.545491e-05,0.0,nan,nan,nan
5674.866,1.545465e-05,0.0,nan,nan,nan
5674.95,1.545624e-05,0.0,nan,nan,nan
5675.06,1.545473e-05,0.0,nan,nan,nan
5675.144,1.545758e-05,0.0,nan,nan,nan
5675.227,1.546044e-05,0.0,nan,nan,nan
5675.311,1.545801e-05,0.0,nan,nan,nan
5675.395,1.545398e-05,0.0,nan,nan,nan
5675.491,1.545241e-05,0.0,nan,nan,nan
5675.577,1.545817e-05,0.0,nan,nan,nan
5675.664,1.545594e-05,0.0,nan,nan,nan
5675.748,1.545774e-05,0.0,nan,nan,nan
5675.831,1.545817e-05,0.0,nan,nan,nan
5675.915,1.545723e-05,0.0,nan,nan,nan
5676.0,1.545374e-05,0.0,nan,nan,nan
5676.095,1.545853e-05,0.0,nan,nan,nan
5676.184,1.545773e-05,0.0,nan,nan,nan
5676.268,1.545963e-05,0.0,nan,nan,nan
5676.357,1.545999e-05,0.0,nan,nan,nan
5676.44,1.545726e-05,0.0,nan,nan,nan
5676.524,1.545883e-05,0.0,nan,nan,nan
5676.608,1.545545e-05,0.0,nan,nan,nan
5676.692,1.545752e-05,0.0,nan,nan,nan
5676.776,1.545645e-05,0.0,nan,nan,nan
5676.875,1.545581e-05,0.0,nan,nan,nan
5676.959,1.54542e-05,0.0,nan,nan,nan
5677.042,1.545968e-05,0.0,nan,nan,nan
5677.126,1.545635e-05,0.0,nan,nan,nan
5677.212,1.546072e-05,0.0,nan,nan,nan
5677.305,1.546085e-05,0.0,nan,nan,nan
5677.389,1.546266e-05,0.0,nan,nan,nan
5677.474,1.545834e-05,0.0,nan,nan,nan
5677.558,1.545794e-05,0.0,nan,nan,nan
5677.641,1.545497e-05,0.0,nan,nan,nan
5677.729,1.546014e-05,0.0,nan,nan,nan
5677.814,1.545967e-05,0.0,nan,nan,nan
5677.911,1.545756e-05,0.0,nan,nan,nan
5677.994,1.545571e-05,0.0,nan,nan,nan
5678.078,1.545561e-05,0.0,nan,nan,nan
5678.161,1.545619e-05,0.0,nan,nan,nan
5678.246,1.545682e-05,0.0,nan,nan,nan
5678.331,1.54545e-05,0.0,nan,nan,nan
5678.415,1.545453e-05,0.0,nan,nan,nan
5678.499,1.545586e-05,0.0,nan,nan,nan
5678.582,1.545413e-05,0.0,nan,nan,nan
5678.667,1.545196e-05,0.0,nan,nan,nan
5678.751,1.545477e-05,0.0,nan,nan,nan
5678.835,1.54582e-05,0.0,nan,nan,nan
5678.944,1.545955e-05,0.0,nan,nan,nan
5679.029,1.545995e-05,0.0,nan,nan,nan
5679.115,1.545711e-05,0.0,nan,nan,nan
5679.199,1.545873e-05,0.0,nan,nan,nan
5679.282,1.545678e-05,0.0,nan,nan,nan
5679.368,1.545769e-05,0.0,nan,nan,nan
5679.452,1.545688e-05,0.0,nan,nan,nan
5679.536,1.545559e-05,0.0,nan,nan,nan
5679.619,1.545753e-05,0.0,nan,nan,nan
5679.703,1.546285e-05,0.0,nan,nan,nan
5679.786,1.545698e-05,0.0,nan,nan,nan
5679.87,1.545788e-05,0.0,nan,nan,nan
5679.953,1.546038e-05,0.0,nan,nan,nan
5680.037,1.546017e-05,0.0,nan,nan,nan
5680.124,1.546289e-05,0.0,nan,nan,nan
5680.207,1.546224e-05,0.0,nan,nan,nan
5680.291,1.545695e-05,0.0,nan,nan,nan
5680.375,1.545681e-05,0.0,nan,nan,nan
5680.459,1.546074e-05,0.0,nan,nan,nan
5680.555,1.546171e-05,0.0,nan,nan,nan
5680.639,1.546196e-05,0.0,nan,nan,nan
5680.729,1.546197e-05,0.0,nan,nan,nan
5680.813,1.546398e-05,0.0,nan,nan,nan
5680.897,1.546118e-05,0.0,nan,nan,nan
5680.983,1.546119e-05,0.0,nan,nan,nan
5681.067,1.545801e-05,0.0,nan,nan,nan
5681.159,1.545732e-05,0.0,nan,nan,nan
5681.242,1.545939e-05,0.0,nan,nan,nan
5681.327,1.545855e-05,0.0,nan,nan,nan
5681.411,1.545902e-05,0.0,nan,nan,nan
5681.494,1.546134e-05,0.0,nan,nan,nan
5681.577,1.546014e-05,0.0,nan,nan,nan
5681.661,1.546039e-05,0.0,nan,nan,nan
5681.745,1.546353e-05,0.0,nan,nan,nan
5681.829,1.545976e-05,0.0,nan,nan,nan
5681.912,1.54613e-05,0.0,nan,nan,nan
5681.996,1.546083e-05,0.0,nan,nan,nan
5682.079,1.545826e-05,0.0,nan,nan,nan
5682.178,1.545441e-05,0.0,nan,nan,nan
5682.262,1.545869e-05,0.0,nan,nan,nan
5682.346,1.545882e-05,0.0,nan,nan,nan
5682.429,1.545884e-05,0.0,nan,nan,nan
5682.524,1.546066e-05,0.0,nan,nan,nan
5682.61,1.545594e-05,0.0,nan,nan,nan
5682.695,1.545441e-05,0.0,nan,nan,nan
5682.792,1.545801e-05,0.0,nan,nan,nan
5682.876,1.545683e-05,0.0,nan,nan,nan
5682.962,1.546094e-05,0.0,nan,nan,nan
5683.045,1.545693e-05,0.0,nan,nan,nan
5683.128,1.546115e-05,0.0,nan,nan,nan
5683.213,1.546046e-05,0.0,nan,nan,nan
5683.296,1.546163e-05,0.0,nan,nan,nan
5683.379,1.546336e-05,0.0,nan,nan,nan
5683.463,1.546031e-05,0.0,nan,nan,nan
5683.546,1.545793e-05,0.0,nan,nan,nan
5683.63,1.545725e-05,0.0,nan,nan,nan
5683.713,1.546097e-05,0.0,nan,nan,nan
5683.807,1.545942e-05,0.0,nan,nan,nan
5683.89,1.54591e-05,0.0,nan,nan,nan
5683.974,1.545637e-05,0.0,nan,nan,nan
5684.057,1.546213e-05,0.0,nan,nan,nan
5684.141,1.545767e-05,0.0,nan,nan,nan
5684.226,1.546178e-05,0.0,nan,nan,nan
5684.31,1.545964e-05,0.0,nan,nan,nan
5684.393,1.545998e-05,0.0,nan,nan,nan
5684.477,1.54561e-05,0.0,nan,nan,nan
5684.584,1.54615e-05,0.0,nan,nan,nan
5684.667,1.546119e-05,0.0,nan,nan,nan
5684.751,1.545963e-05,0.0,nan,nan,nan
5684.843,1.54625e-05,0.0,nan,nan,nan
5684.927,1.546311e-05,0.0,nan,nan,nan
5685.01,1.546208e-05,0.0,nan,nan,nan
5685.093,1.545959e-05,0.0,nan,nan,nan
5685.177,1.546767e-05,0.0,nan,nan,nan
5685.275,1.546005e-05,0.0,nan,nan,nan
5685.366,1.545917e-05,0.0,nan,nan,nan
5685.47,1.545762e-05,0.0,nan,nan,nan
5685.553,1.54593e-05,0.0,nan,nan,nan
5685.64,1.546013e-05,0.0,nan,nan,nan
5685.724,1.546113e-05,0.0,nan,nan,nan
5685.807,1.545778e-05,0.0,nan,nan,nan
5685.891,1.545616e-05,0.0,nan,nan,nan
5685.976,1.54578e-05,0.0,nan,nan,nan
5686.075,1.545455e-05,0.0,nan,nan,nan
5686.158,1.545496e-05,0.0,nan,nan,nan
5686.242,1.545977e-05,0.0,nan,nan,nan
5686.325,1.546058e-05,0.0,nan,nan,nan
5686.409,1.545997e-05,0.0,nan,nan,nan
5686.493,1.545708e-05,0.0,nan,nan,nan
5686.58,1.545846e-05,0.0,nan,nan,nan
5686.709,1.545752e-05,0.0,nan,nan,nan
5686.793,1.545865e-05,0.0,nan,nan,nan
5686.876,1.545693e-05,0.0,nan,nan,nan
5686.96,1.545617e-05,0.0,nan,nan,nan
5687.043,1.545513e-05,0.0,nan,nan,nan
5687.135,1.545637e-05,0.0,nan,nan,nan
5687.22,1.545872e-05,0.0,nan,nan,nan
5687.311,1.54572e-05,0.0,nan,nan,nan
5687.398,1.545445e-05,0.0,nan,nan,nan
5687.482,1.545868e-05,0.0,nan,nan,nan
5687.566,1.54563e-05,0.0,nan,nan,nan
5687.65,1.545327e-05,0.0,nan,nan,nan
5687.734,1.545533e-05,0.0,nan,nan,nan
5687.817,1.545546e-05,0.0,nan,nan,nan
5687.901,1.545443e-05,0.0,nan,nan,nan
5687.984,1.545685e-05,0.0,nan,nan,nan
5688.077,1.545901e-05,0.0,nan,nan,nan
5688.16,1.54593e-05,0.0,nan,nan,nan
5688.244,1.545367e-05,0.0,nan,nan,nan
5688.327,1.545821e-05,0.0,nan,nan,nan
5688.412,1.54575e-05,0.0,nan,nan,nan
5688.506,1.546004e-05,0.0,nan,nan,nan
5688.59,1.54644e-05,0.0,nan,nan,nan
5688.677,1.546113e-05,0.0,nan,nan,nan
5688.784,1.545565e-05,0.0,nan,nan,nan
5688.868,1.545576e-05,0.0,nan,nan,nan
5688.952,1.545984e-05,0.0,nan,nan,nan
5689.035,1.545758e-05,0.0,nan,nan,nan
5689.119,1.545827e-05,0.0,nan,nan,nan
5689.202,1.545699e-05,0.0,nan,nan,nan
5689.294,1.545313e-05,0.0,nan,nan,nan
5689.377,1.545629e-05,0.0,nan,nan,nan
5689.461,1.546207e-05,0.0,nan,nan,nan
5689.544,1.54572e-05,0.0,nan,nan,nan
5689.63,1.545678e-05,0.0,nan,nan,nan
5689.731,1.545426e-05,0.0,nan,nan,nan
5689.814,1.545891e-05,0.0,nan,nan,nan
5689.908,1.545774e-05,0.0,nan,nan,nan
5689.992,1.545617e-05,0.0,nan,nan,nan
5690.075,1.545694e-05,0.0,nan,nan,nan
5690.159,1.545117e-05,0.0,nan,nan,nan
5690.242,1.545659e-05,0.0,nan,nan,nan
5690.326,1.545579e-05,0.0,nan,nan,nan
5690.41,1.545845e-05,0.0,nan,nan,nan
5690.493,1.545816e-05,0.0,nan,nan,nan
5690.577,1.545399e-05,0.0,nan,nan,nan
5690.663,1.545356e-05,0.0,nan,nan,nan
5690.749,1.545839e-05,0.0,nan,nan,nan
5690.835,1.545662e-05,0.0,nan,nan,nan
5690.918,1.545957e-05,0.0,nan,nan,nan
5691.002,1.545281e-05,0.0,nan,nan,nan
5691.086,1.545653e-05,0.0,nan,nan,nan
5691.169,1.545905e-05,0.0,nan,nan,nan
5691.253,1.545606e-05,0.0,nan,nan,nan
5691.347,1.545634e-05,0.0,nan,nan,nan
5691.43,1.545739e-05,0.0,nan,nan,nan
5691.514,1.545923e-05,0.0,nan,nan,nan
5691.598,1.545931e-05,0.0,nan,nan,nan
5691.681,1.545926e-05,0.0,nan,nan,nan
5691.776,1.545578e-05,0.0,nan,nan,nan
5691.859,1.545487e-05,0.0,nan,nan,nan
5691.943,1.546007e-05,0.0,nan,nan,nan
5692.026,1.545802e-05,0.0,nan,nan,nan
5692.11,1.546035e-05,0.0,nan,nan,nan
5692.193,1.546557e-05,0.0,nan,nan,nan
5692.277,1.546528e-05,0.0,nan,nan,nan
5692.37,1.546166e-05,0.0,nan,nan,nan
5692.454,1.545595e-05,0.0,nan,nan,nan
5692.539,1.546083e-05,0.0,nan,nan,nan
5692.623,1.545728e-05,0.0,nan,nan,nan
5692.706,1.545933e-05,0.0,nan,nan,nan
5692.798,1.546241e-05,0.0,nan,nan,nan
5692.909,1.546139e-05,0.0,nan,nan,nan
5693.01,1.546347e-05,0.0,nan,nan,nan
5693.093,1.546228e-05,0.0,nan,nan,nan
5693.177,1.545952e-05,0.0,nan,nan,nan
5693.26,1.546078e-05,0.0,nan,nan,nan
5693.345,1.545673e-05,0.0,nan,nan,nan
5693.434,1.545513e-05,0.0,nan,nan,nan
5693.517,1.545558e-05,0.0,nan,nan,nan
5693.621,1.545386e-05,0.0,nan,nan,nan
5693.704,1.54573e-05,0.0,nan,nan,nan
5693.806,1.546361e-05,0.0,nan,nan,nan
5693.89,1.545842e-05,0.0,nan,nan,nan
5693.973,1.545641e-05,0.0,nan,nan,nan
5694.057,1.545473e-05,0.0,nan,nan,nan
5694.143,1.545514e-05,0.0,nan,nan,nan
5694.244,1.545672e-05,0.0,nan,nan,nan
5694.332,1.545876e-05,0.0,nan,nan,nan
5694.442,1.54555e-05,0.0,nan,nan,nan
5694.525,1.545416e-05,0.0,nan,nan,nan
5694.609,1.545705e-05,0.0,nan,nan,nan
5694.693,1.545857e-05,0.0,nan,nan,nan
5694.776,1.545699e-05,0.0,nan,nan,nan
5694.86,1.545367e-05,0.0,nan,nan,nan
5694.983,1.545464e-05,0.0,nan,nan,nan
5695.086,1.545496e-05,0.0,nan,nan,nan
5695.171,1.545877e-05,0.0,nan,nan,nan
5695.255,1.545628e-05,0.0,nan,nan,nan
5695.339,1.545718e-05,0.0,nan,nan,nan
5695.447,1.545286e-05,0.0,nan,nan,nan
5695.531,1.545511e-05,0.0,nan,nan,nan
5695.633,1.545418e-05,0.0,nan,nan,nan
5695.717,1.545697e-05,0.0,nan,nan,nan
5695.802,1.545485e-05,0.0,nan,nan,nan
5695.885,1.545414e-05,0.0,nan,nan,nan
5695.969,1.545662e-05,0.0,nan,nan,nan
5696.054,1.545924e-05,0.0,nan,nan,nan
5696.138,1.545802e-05,0.0,nan,nan,nan
5696.226,1.545709e-05,0.0,nan,nan,nan
5696.31,1.545853e-05,0.0,nan,nan,nan
5696.394,1.545929e-05,0.0,nan,nan,nan
5696.477,1.545915e-05,0.0,nan,nan,nan
5696.567,1.546078e-05,0.0,nan,nan,nan
5696.653,1.5459e-05,0.0,nan,nan,nan
5696.737,1.546155e-05,0.0,nan,nan,nan
5696.821,1.546072e-05,0.0,nan,nan,nan
5696.905,1.545454e-05,0.0,nan,nan,nan
5696.988,1.54607e-05,0.0,nan,nan,nan
5697.072,1.545982e-05,0.0,nan,nan,nan
5697.155,1.545706e-05,0.0,nan,nan,nan
5697.239,1.545577e-05,0.0,nan,nan,nan
5697.322,1.545764e-05,0.0,nan,nan,nan
5697.406,1.545838e-05,0.0,nan,nan,nan
5697.493,1.545747e-05,0.0,nan,nan,nan
5697.584,1.545472e-05,0.0,nan,nan,nan
5697.677,1.545468e-05,0.0,nan,nan,nan
5697.761,1.545482e-05,0.0,nan,nan,nan
5697.844,1.54557e-05,0.0,nan,nan,nan
5697.928,1.545486e-05,0.0,nan,nan,nan
5698.012,1.545742e-05,0.0,nan,nan,nan
5698.096,1.545292e-05,0.0,nan,nan,nan
5698.181,1.545663e-05,0.0,nan,nan,nan
5698.284,1.54528e-05,0.0,nan,nan,nan
5698.367,1.545262e-05,0.0,nan,nan,nan
5698.455,1.54563e-05,0.0,nan,nan,nan
5698.538,1.545884e-05,0.0,nan,nan,nan
5698.622,1.545738e-05,0.0,nan,nan,nan
5698.709,1.546097e-05,0.0,nan,nan,nan
5698.799,1.546171e-05,0.0,nan,nan,nan
5698.898,1.545926e-05,0.0,nan,nan,nan
5698.982,1.546117e-05,0.0,nan,nan,nan
5699.065,1.54591e-05,0.0,nan,nan,nan
5699.149,1.546079e-05,0.0,nan,nan,nan
5699.233,1.546367e-05,0.0,nan,nan,nan
5699.319,1.545716e-05,0.0,nan,nan,nan
5699.402,1.545714e-05,0.0,nan,nan,nan
5699.504,1.546216e-05,0.0,nan,nan,nan
5699.588,1.545262e-05,0.0,nan,nan,nan
5699.672,1.545372e-05,0.0,nan,nan,nan
5699.755,1.545671e-05,0.0,nan,nan,nan
5699.838,1.545399e-05,0.0,nan,nan,nan
5699.924,1.545594e-05,0.0,nan,nan,nan
5700.008,1.545684e-05,0.0,nan,nan,nan
5700.109,1.545763e-05,0.0,nan,nan,nan
5700.193,1.545519e-05,0.0,nan,nan,nan
5700.276,1.545627e-05,0.0,nan,nan,nan
5700.36,1.545587e-05,0.0,nan,nan,nan
5700.447,1.545998e-05,0.0,nan,nan,nan
5700.543,1.545882e-05,0.0,nan,nan,nan
5700.634,1.545734e-05,0.0,nan,nan,nan
5700.718,1.546108e-05,0.0,nan,nan,nan
5700.801,1.545708e-05,0.0,nan,nan,nan
5700.886,1.545603e-05,0.0,nan,nan,nan
5700.969,1.545537e-05,0.0,nan,nan,nan
5701.053,1.545589e-05,0.0,nan,nan,nan
5701.136,1.545601e-05,0.0,nan,nan,nan
5701.22,1.545788e-05,0.0,nan,nan,nan
5701.308,1.545697e-05,0.0,nan,nan,nan
5701.392,1.546027e-05,0.0,nan,nan,nan
5701.475,1.545653e-05,0.0,nan,nan,nan
5701.562,1.545603e-05,0.0,nan,nan,nan
5701.645,1.545681e-05,0.0,nan,nan,nan
5701.729,1.545468e-05,0.0,nan,nan,nan
5701.812,1.545633e-05,0.0,nan,nan,nan
5701.896,1.545442e-05,0.0,nan,nan,nan
5701.979,1.545277e-05,0.0,nan,nan,nan
5702.064,1.545298e-05,0.0,nan,nan,nan
5702.161,1.544954e-05,0.0,nan,nan,nan
5702.245,1.545261e-05,0.0,nan,nan,nan
5702.328,1.545139e-05,0.0,nan,nan,nan
5702.412,1.545082e-05,0.0,nan,nan,nan
5702.501,1.545484e-05,0.0,nan,nan,nan
5702.584,1.545723e-05,0.0,nan,nan,nan
5702.668,1.545633e-05,0.0,nan,nan,nan
5702.765,1.545441e-05,0.0,nan,nan,nan
5702.848,1.545316e-05,0.0,nan,nan,nan
5702.936,1.545527e-05,0.0,nan,nan,nan
5703.02,1.545326e-05,0.0,nan,nan,nan
5703.103,1.545073e-05,0.0,nan,nan,nan
5703.197,1.545244e-05,0.0,nan,nan,nan
5703.28,1.545322e-05,0.0,nan,nan,nan
5703.374,1.544971e-05,0.0,nan,nan,nan
5703.458,1.545268e-05,0.0,nan,nan,nan
5703.541,1.545299e-05,0.0,nan,nan,nan
5703.625,1.54542e-05,0.0,nan,nan,nan
5703.712,1.545719e-05,0.0,nan,nan,nan
5703.809,1.54549e-05,0.0,nan,nan,nan
5703.896,1.545723e-05,0.0,nan,nan,nan
5703.995,1.545403e-05,0.0,nan,nan,nan
5704.079,1.545396e-05,0.0,nan,nan,nan
5704.162,1.545475e-05,0.0,nan,nan,nan
5704.246,1.545086e-05,0.0,nan,nan,nan
5704.331,1.545464e-05,0.0,nan,nan,nan
5704.416,1.544968e-05,0.0,nan,nan,nan
5704.5,1.544999e-05,0.0,nan,nan,nan
5704.584,1.544956e-05,0.0,nan,nan,nan
5704.668,1.545197e-05,0.0,nan,nan,nan
5704.752,1.545213e-05,0.0,nan,nan,nan
5704.836,1.545559e-05,0.0,nan,nan,nan
5704.919,1.545124e-05,0.0,nan,nan,nan
5705.018,1.545235e-05,0.0,nan,nan,nan
5705.102,1.54512e-05,0.0,nan,nan,nan
5705.186,1.545032e-05,0.0,nan,nan,nan
5705.269,1.545276e-05,0.0,nan,nan,nan
5705.353,1.545368e-05,0.0,nan,nan,nan
5705.445,1.545285e-05,0.0,nan,nan,nan
5705.532,1.545792e-05,0.0,nan,nan,nan
5705.623,1.545783e-05,0.0,nan,nan,nan
5705.707,1.54565e-05,0.0,nan,nan,nan
5705.793,1.5457e-05,0.0,nan,nan,nan
5705.876,1.546002e-05,0.0,nan,nan,nan
5705.96,1.545576e-05,0.0,nan,nan,nan
5706.044,1.545527e-05,0.0,nan,nan,nan
5706.132,1.545773e-05,0.0,nan,nan,nan
5706.216,1.545916e-05,0.0,nan,nan,nan
5706.299,1.545615e-05,0.0,nan,nan,nan
5706.383,1.545485e-05,0.0,nan,nan,nan
5706.467,1.546383e-05,0.0,nan,nan,nan
5706.552,1.545244e-05,0.0,nan,nan,nan
5706.636,1.545918e-05,0.0,nan,nan,nan
5706.719,1.545795e-05,0.0,nan,nan,nan
5706.819,1.545941e-05,0.0,nan,nan,nan
5706.902,1.545258e-05,0.0,nan,nan,nan
5706.986,1.545241e-05,0.0,nan,nan,nan
5707.07,1.545358e-05,0.0,nan,nan,nan
5707.153,1.545695e-05,0.0,nan,nan,nan
5707.237,1.545889e-05,0.0,nan,nan,nan
5707.321,1.545682e-05,0.0,nan,nan,nan
5707.412,1.545751e-05,0.0,nan,nan,nan
5707.517,1.545223e-05,0.0,nan,nan,nan
5707.603,1.545704e-05,0.0,nan,nan,nan
5707.686,1.545953e-05,0.0,nan,nan,nan
5707.77,1.545372e-05,0.0,nan,nan,nan
5707.853,1.545134e-05,0.0,nan,nan,nan
5707.937,1.545244e-05,0.0,nan,nan,nan
5708.021,1.546021e-05,0.0,nan,nan,nan
5708.104,1.54578e-05,0.0,nan,nan,nan
5708.188,1.545532e-05,0.0,nan,nan,nan
5708.288,1.546131e-05,0.0,nan,nan,nan
5708.372,1.545503e-05,0.0,nan,nan,nan
5708.455,1.545718e-05,0.0,nan,nan,nan
5708.539,1.54535e-05,0.0,nan,nan,nan
5708.623,1.545453e-05,0.0,nan,nan,nan
5708.717,1.54534e-05,0.0,nan,nan,nan
5708.801,1.544882e-05,0.0,nan,nan,nan
5708.896,1.545261e-05,0.0,nan,nan,nan
5708.98,1.545105e-05,0.0,nan,nan,nan
5709.063,1.545314e-05,0.0,nan,nan,nan
5709.147,1.545022e-05,0.0,nan,nan,nan
5709.231,1.545391e-05,0.0,nan,nan,nan
5709.314,1.545504e-05,0.0,nan,nan,nan
5709.398,1.545283e-05,0.0,nan,nan,nan
5709.481,1.545151e-05,0.0,nan,nan,nan
5709.568,1.544989e-05,0.0,nan,nan,nan
5709.652,1.545122e-05,0.0,nan,nan,nan
5709.736,1.545245e-05,0.0,nan,nan,nan
5709.819,1.545022e-05,0.0,nan,nan,nan
5709.919,1.545716e-05,0.0,nan,nan,nan
5710.003,1.545364e-05,0.0,nan,nan,nan
5710.087,1.545744e-05,0.0,nan,nan,nan
5710.171,1.545635e-05,0.0,nan,nan,nan
5710.254,1.545885e-05,0.0,nan,nan,nan
5710.338,1.545441e-05,0.0,nan,nan,nan
5710.421,1.545832e-05,0.0,nan,nan,nan
5710.516,1.545149e-05,0.0,nan,nan,nan
5710.6,1.545583e-05,0.0,nan,nan,nan
5710.684,1.545333e-05,0.0,nan,nan,nan
5710.767,1.545392e-05,0.0,nan,nan,nan
5710.851,1.545315e-05,0.0,nan,nan,nan
5710.942,1.545553e-05,0.0,nan,nan,nan
5711.026,1.54545e-05,0.0,nan,nan,nan
5711.134,1.545424e-05,0.0,nan,nan,nan
5711.218,1.544948e-05,0.0,nan,nan,nan
5711.301,1.545312e-05,0.0,nan,nan,nan
5711.385,1.545174e-05,0.0,nan,nan,nan
5711.468,1.54515e-05,0.0,nan,nan,nan
5711.552,1.545203e-05,0.0,nan,nan,nan
5711.635,1.545271e-05,0.0,nan,nan,nan
5711.726,1.545081e-05,0.0,nan,nan,nan
5711.81,1.545269e-05,0.0,nan,nan,nan
5711.893,1.545417e-05,0.0,nan,nan,nan
5711.977,1.545812e-05,0.0,nan,nan,nan
5712.062,1.545165e-05,0.0,nan,nan,nan
5712.155,1.545322e-05,0.0,nan,nan,nan
5712.239,1.545566e-05,0.0,nan,nan,nan
5712.334,1.545289e-05,0.0,nan,nan,nan
5712.418,1.545542e-05,0.0,nan,nan,nan
5712.503,1.545315e-05,0.0,nan,nan,nan
5712.587,1.545161e-05,0.0,nan,nan,nan
5712.67,1.545188e-05,0.0,nan,nan,nan
5712.779,1.545562e-05,0.0,nan,nan,nan
5712.864,1.545414e-05,0.0,nan,nan,nan
5712.964,1.545525e-05,0.0,nan,nan,nan
5713.048,1.545267e-05,0.0,nan,nan,nan
5713.131,1.545694e-05,0.0,nan,nan,nan
5713.215,1.545207e-05,0.0,nan,nan,nan
5713.301,1.545551e-05,0.0,nan,nan,nan
5713.391,1.54602e-05,0.0,nan,nan,nan
5713.475,1.545576e-05,0.0,nan,nan,nan
5713.575,1.54535e-05,0.0,nan,nan,nan
5713.659,1.545147e-05,0.0,nan,nan,nan
5713.745,1.545248e-05,0.0,nan,nan,nan
5713.829,1.545203e-05,0.0,nan,nan,nan
5713.912,1.544935e-05,0.0,nan,nan,nan
5713.996,1.545564e-05,0.0,nan,nan,nan
5714.081,1.545235e-05,0.0,nan,nan,nan
5714.18,1.545205e-05,0.0,nan,nan,nan
5714.264,1.545652e-05,0.0,nan,nan,nan
5714.347,1.545663e-05,0.0,nan,nan,nan
5714.43,1.545904e-05,0.0,nan,nan,nan
5714.514,1.545455e-05,0.0,nan,nan,nan
5714.598,1.545239e-05,0.0,nan,nan,nan
5714.684,1.545491e-05,0.0,nan,nan,nan
5714.78,1.545592e-05,0.0,nan,nan,nan
5714.864,1.54544e-05,0.0,nan,nan,nan
5714.952,1.545788e-05,0.0,nan,nan,nan
5715.035,1.545533e-05,0.0,nan,nan,nan
5715.119,1.545419e-05,0.0,nan,nan,nan
5715.208,1.545324e-05,0.0,nan,nan,nan
5715.291,1.545468e-05,0.0,nan,nan,nan
5715.378,1.545678e-05,0.0,nan,nan,nan
5715.462,1.545491e-05,0.0,nan,nan,nan
5715.547,1.545492e-05,0.0,nan,nan,nan
5715.644,1.545738e-05,0.0,nan,nan,nan
5715.73,1.545336e-05,0.0,nan,nan,nan
5715.814,1.545386e-05,0.0,nan,nan,nan
5715.897,1.545675e-05,0.0,nan,nan,nan
5715.981,1.545645e-05,0.0,nan,nan,nan
5716.064,1.545788e-05,0.0,nan,nan,nan
5716.15,1.545416e-05,0.0,nan,nan,nan
5716.234,1.544944e-05,0.0,nan,nan,nan
5716.318,1.545493e-05,0.0,nan,nan,nan
5716.412,1.545381e-05,0.0,nan,nan,nan
5716.496,1.545339e-05,0.0,nan,nan,nan
5716.581,1.545705e-05,0.0,nan,nan,nan
5716.665,1.545933e-05,0.0,nan,nan,nan
5716.753,1.54594e-05,0.0,nan,nan,nan
5716.836,1.545479e-05,0.0,nan,nan,nan
5716.92,1.545866e-05,0.0,nan,nan,nan
5717.004,1.545519e-05,0.0,nan,nan,nan
5717.088,1.545749e-05,0.0,nan,nan,nan
5717.173,1.545238e-05,0.0,nan,nan,nan
5717.256,1.545506e-05,0.0,nan,nan,nan
5717.34,1.546062e-05,0.0,nan,nan,nan
5717.439,1.545906e-05,0.0,nan,nan,nan
5717.523,1.545645e-05,0.0,nan,nan,nan
5717.606,1.545152e-05,0.0,nan,nan,nan
5717.725,1.545268e-05,0.0,nan,nan,nan
5717.809,1.545106e-05,0.0,nan,nan,nan
5717.893,1.545486e-05,0.0,nan,nan,nan
5717.976,1.545424e-05,0.0,nan,nan,nan
5718.06,1.545515e-05,0.0,nan,nan,nan
5718.143,1.545295e-05,0.0,nan,nan,nan
5718.236,1.545406e-05,0.0,nan,nan,nan
5718.32,1.545643e-05,0.0,nan,nan,nan
5718.403,1.545486e-05,0.0,nan,nan,nan
5718.487,1.545503e-05,0.0,nan,nan,nan
5718.57,1.54534e-05,0.0,nan,nan,nan
5718.663,1.545529e-05,0.0,nan,nan,nan
5718.747,1.545147e-05,0.0,nan,nan,nan
5718.834,1.545329e-05,0.0,nan,nan,nan
5718.917,1.545964e-05,0.0,nan,nan,nan
5719.001,1.545258e-05,0.0,nan,nan,nan
5719.084,1.545742e-05,0.0,nan,nan,nan
5719.168,1.545602e-05,0.0,nan,nan,nan
5719.251,1.545901e-05,0.0,nan,nan,nan
5719.335,1.545728e-05,0.0,nan,nan,nan
5719.418,1.545852e-05,0.0,nan,nan,nan
5719.508,1.545818e-05,0.0,nan,nan,nan
5719.592,1.545907e-05,0.0,nan,nan,nan
5719.69,1.545379e-05,0.0,nan,nan,nan
5719.8,1.545441e-05,0.0,nan,nan,nan
5719.889,1.545624e-05,0.0,nan,nan,nan
5719.973,1.545658e-05,0.0,nan,nan,nan
5720.057,1.54586e-05,0.0,nan,nan,nan
5720.141,1.545946e-05,0.0,nan,nan,nan
5720.224,1.545518e-05,0.0,nan,nan,nan
5720.308,1.546331e-05,0.0,nan,nan,nan
5720.391,1.54556e-05,0.0,nan,nan,nan
5720.475,1.545707e-05,0.0,nan,nan,nan
5720.558,1.545847e-05,0.0,nan,nan,nan
5720.642,1.545854e-05,0.0,nan,nan,nan
5720.726,1.545656e-05,0.0,nan,nan,nan
5720.809,1.545474e-05,0.0,nan,nan,nan
5720.906,1.54547e-05,0.0,nan,nan,nan
5720.99,1.545536e-05,0.0,nan,nan,nan
5721.075,1.545668e-05,0.0,nan,nan,nan
5721.158,1.545303e-05,0.0,nan,nan,nan
5721.242,1.54548e-05,0.0,nan,nan,nan
5721.327,1.545631e-05,0.0,nan,nan,nan
5721.41,1.545555e-05,0.0,nan,nan,nan
5721.511,1.545742e-05,0.0,nan,nan,nan
5721.595,1.54565e-05,0.0,nan,nan,nan
5721.678,1.545544e-05,0.0,nan,nan,nan
5721.762,1.546016e-05,0.0,nan,nan,nan
5721.864,1.545783e-05,0.0,nan,nan,nan
5721.948,1.545453e-05,0.0,nan,nan,nan
5722.032,1.545729e-05,0.0,nan,nan,nan
5722.128,1.545907e-05,0.0,nan,nan,nan
5722.211,1.545806e-05,0.0,nan,nan,nan
5722.295,1.54556e-05,0.0,nan,nan,nan
5722.378,1.545351e-05,0.0,nan,nan,nan
5722.462,1.546274e-05,0.0,nan,nan,nan
5722.545,1.5458e-05,0.0,nan,nan,nan
5722.629,1.545744e-05,0.0,nan,nan,nan
5722.712,1.54593e-05,0.0,nan,nan,nan
5722.796,1.545888e-05,0.0,nan,nan,nan
5722.88,1.545822e-05,0.0,nan,nan,nan
5722.974,1.545794e-05,0.0,nan,nan,nan
5723.057,1.545671e-05,0.0,nan,nan,nan
5723.162,1.545382e-05,0.0,nan,nan,nan
5723.246,1.545829e-05,0.0,nan,nan,nan
5723.329,1.545864e-05,0.0,nan,nan,nan
5723.413,1.54595e-05,0.0,nan,nan,nan
5723.502,1.546193e-05,0.0,nan,nan,nan
5723.586,1.546096e-05,0.0,nan,nan,nan
5723.67,1.546131e-05,0.0,nan,nan,nan
5723.769,1.54591e-05,0.0,nan,nan,nan
5723.853,1.545783e-05,0.0,nan,nan,nan
5723.955,1.545564e-05,0.0,nan,nan,nan
5724.044,1.545674e-05,0.0,nan,nan,nan
5724.128,1.545625e-05,0.0,nan,nan,nan
5724.212,1.546107e-05,0.0,nan,nan,nan
5724.296,1.545312e-05,0.0,nan,nan,nan
5724.402,1.54553e-05,0.0,nan,nan,nan
5724.485,1.545913e-05,0.0,nan,nan,nan
5724.569,1.545559e-05,0.0,nan,nan,nan
5724.653,1.545409e-05,0.0,nan,nan,nan
5724.737,1.545583e-05,0.0,nan,nan,nan
5724.821,1.54604e-05,0.0,nan,nan,nan
5724.905,1.545822e-05,0.0,nan,nan,nan
5725.005,1.545759e-05,0.0,nan,nan,nan
5725.089,1.545604e-05,0.0,nan,nan,nan
5725.196,1.545847e-05,0.0,nan,nan,nan
5725.279,1.545795e-05,0.0,nan,nan,nan
5725.363,1.545787e-05,0.0,nan,nan,nan
5725.447,1.545535e-05,0.0,nan,nan,nan
5725.53,1.546057e-05,0.0,nan,nan,nan
5725.614,1.545081e-05,0.0,nan,nan,nan
5725.7,1.545152e-05,0.0,nan,nan,nan
5725.786,1.545685e-05,0.0,nan,nan,nan
5725.869,1.545844e-05,0.0,nan,nan,nan
5725.953,1.545541e-05,0.0,nan,nan,nan
5726.036,1.54557e-05,0.0,nan,nan,nan
5726.12,1.545232e-05,0.0,nan,nan,nan
5726.218,1.545696e-05,0.0,nan,nan,nan
5726.301,1.54504e-05,0.0,nan,nan,nan
5726.385,1.545491e-05,0.0,nan,nan,nan
5726.468,1.545499e-05,0.0,nan,nan,nan
5726.553,1.54493e-05,0.0,nan,nan,nan
5726.637,1.545113e-05,0.0,nan,nan,nan
5726.721,1.5453e-05,0.0,nan,nan,nan
5726.804,1.545284e-05,0.0,nan,nan,nan
5726.888,1.545476e-05,0.0,nan,nan,nan
5726.971,1.545578e-05,0.0,nan,nan,nan
5727.055,1.54568e-05,0.0,nan,nan,nan
5727.139,1.545472e-05,0.0,nan,nan,nan
5727.222,1.545579e-05,0.0,nan,nan,nan
5727.306,1.546108e-05,0.0,nan,nan,nan
5727.393,1.545524e-05,0.0,nan,nan,nan
5727.476,1.545214e-05,0.0,nan,nan,nan
5727.56,1.545717e-05,0.0,nan,nan,nan
5727.657,1.545794e-05,0.0,nan,nan,nan
5727.744,1.545993e-05,0.0,nan,nan,nan
5727.848,1.545602e-05,0.0,nan,nan,nan
5727.931,1.545666e-05,0.0,nan,nan,nan
5728.042,1.545662e-05,0.0,nan,nan,nan
5728.126,1.545687e-05,0.0,nan,nan,nan
5728.209,1.545979e-05,0.0,nan,nan,nan
5728.293,1.545898e-05,0.0,nan,nan,nan
5728.377,1.545846e-05,0.0,nan,nan,nan
5728.461,1.546011e-05,0.0,nan,nan,nan
5728.547,1.546008e-05,0.0,nan,nan,nan
5728.66,1.54581e-05,0.0,nan,nan,nan
5728.748,1.545739e-05,0.0,nan,nan,nan
5728.845,1.545937e-05,0.0,nan,nan,nan
5728.929,1.54571e-05,0.0,nan,nan,nan
5729.012,1.545597e-05,0.0,nan,nan,nan
5729.096,1.54582e-05,0.0,nan,nan,nan
5729.18,1.54573e-05,0.0,nan,nan,nan
5729.278,1.545978e-05,0.0,nan,nan,nan
5729.368,1.545682e-05,0.0,nan,nan,nan
5729.477,1.545386e-05,0.0,nan,nan,nan
5729.566,1.545609e-05,0.0,nan,nan,nan
5729.667,1.545953e-05,0.0,nan,nan,nan
5729.75,1.545838e-05,0.0,nan,nan,nan
5729.853,1.545536e-05,0.0,nan,nan,nan
5729.936,1.545857e-05,0.0,nan,nan,nan
5730.022,1.546005e-05,0.0,nan,nan,nan
5730.142,1.545672e-05,0.0,nan,nan,nan
5730.225,1.545307e-05,0.0,nan,nan,nan
5730.309,1.545625e-05,0.0,nan,nan,nan
5730.395,1.545633e-05,0.0,nan,nan,nan
5730.496,1.545686e-05,0.0,nan,nan,nan
5730.581,1.545992e-05,0.0,nan,nan,nan
5730.664,1.545193e-05,0.0,nan,nan,nan
5730.748,1.54532e-05,0.0,nan,nan,nan
5730.832,1.545063e-05,0.0,nan,nan,nan
5730.915,1.545499e-05,0.0,nan,nan,nan
5730.999,1.545469e-05,0.0,nan,nan,nan
5731.087,1.545617e-05,0.0,nan,nan,nan
5731.171,1.545735e-05,0.0,nan,nan,nan
5731.256,1.545786e-05,0.0,nan,nan,nan
5731.34,1.545974e-05,0.0,nan,nan,nan
5731.424,1.545716e-05,0.0,nan,nan,nan
5731.524,1.545947e-05,0.0,nan,nan,nan
5731.608,1.54559e-05,0.0,nan,nan,nan
5731.693,1.545788e-05,0.0,nan,nan,nan
5731.777,1.546213e-05,0.0,nan,nan,nan
5731.861,1.545935e-05,0.0,nan,nan,nan
5731.945,1.546195e-05,0.0,nan,nan,nan
5732.029,1.545702e-05,0.0,nan,nan,nan
5732.117,1.54568e-05,0.0,nan,nan,nan
5732.215,1.545328e-05,0.0,nan,nan,nan
5732.318,1.545636e-05,0.0,nan,nan,nan
5732.402,1.545894e-05,0.0,nan,nan,nan
5732.485,1.545779e-05,0.0,nan,nan,nan
5732.569,1.545867e-05,0.0,nan,nan,nan
5732.652,1.545877e-05,0.0,nan,nan,nan
5732.74,1.545197e-05,0.0,nan,nan,nan
5732.824,1.545629e-05,0.0,nan,nan,nan
5732.913,1.545601e-05,0.0,nan,nan,nan
5732.997,1.54589e-05,0.0,nan,nan,nan
5733.081,1.545455e-05,0.0,nan,nan,nan
5733.165,1.545752e-05,0.0,nan,nan,nan
5733.25,1.54566e-05,0.0,nan,nan,nan
5733.341,1.545385e-05,0.0,nan,nan,nan
5733.424,1.545321e-05,0.0,nan,nan,nan
5733.508,1.545653e-05,0.0,nan,nan,nan
5733.592,1.545742e-05,0.0,nan,nan,nan
5733.677,1.545806e-05,0.0,nan,nan,nan
5733.761,1.545995e-05,0.0,nan,nan,nan
5733.851,1.545737e-05,0.0,nan,nan,nan
5733.936,1.545911e-05,0.0,nan,nan,nan
5734.019,1.545687e-05,0.0,nan,nan,nan
5734.105,1.545429e-05,0.0,nan,nan,nan
5734.189,1.545612e-05,0.0,nan,nan,nan
5734.288,1.545384e-05,0.0,nan,nan,nan
5734.376,1.545516e-05,0.0,nan,nan,nan
5734.46,1.545648e-05,0.0,nan,nan,nan
5734.548,1.545719e-05,0.0,nan,nan,nan
5734.632,1.545531e-05,0.0,nan,nan,nan
5734.718,1.545791e-05,0.0,nan,nan,nan
5734.802,1.545778e-05,0.0,nan,nan,nan
5734.887,1.545917e-05,0.0,nan,nan,nan
5734.972,1.545695e-05,0.0,nan,nan,nan
5735.056,1.545762e-05,0.0,nan,nan,nan
5735.141,1.545955e-05,0.0,nan,nan,nan
5735.225,1.545943e-05,0.0,nan,nan,nan
5735.309,1.545635e-05,0.0,nan,nan,nan
5735.392,1.545648e-05,0.0,nan,nan,nan
5735.479,1.545865e-05,0.0,nan,nan,nan
5735.572,1.545627e-05,0.0,nan,nan,nan
5735.657,1.545945e-05,0.0,nan,nan,nan
5735.741,1.545875e-05,0.0,nan,nan,nan
5735.827,1.545672e-05,0.0,nan,nan,nan
5735.911,1.546122e-05,0.0,nan,nan,nan
5735.999,1.546001e-05,0.0,nan,nan,nan
5736.083,1.545868e-05,0.0,nan,nan,nan
5736.167,1.546241e-05,0.0,nan,nan,nan
5736.25,1.545975e-05,0.0,nan,nan,nan
5736.343,1.546027e-05,0.0,nan,nan,nan
5736.426,1.545745e-05,0.0,nan,nan,nan
5736.51,1.54587e-05,0.0,nan,nan,nan
5736.594,1.545625e-05,0.0,nan,nan,nan
5736.678,1.546304e-05,0.0,nan,nan,nan
5736.761,1.545918e-05,0.0,nan,nan,nan
5736.845,1.545739e-05,0.0,nan,nan,nan
5736.929,1.54562e-05,0.0,nan,nan,nan
5737.018,1.546205e-05,0.0,nan,nan,nan
5737.102,1.545978e-05,0.0,nan,nan,nan
5737.207,1.545816e-05,0.0,nan,nan,nan
5737.29,1.545602e-05,0.0,nan,nan,nan
5737.375,1.545681e-05,0.0,nan,nan,nan
5737.458,1.546234e-05,0.0,nan,nan,nan
5737.542,1.545864e-05,0.0,nan,nan,nan
5737.626,1.54556e-05,0.0,nan,nan,nan
5737.717,1.546027e-05,0.0,nan,nan,nan
5737.8,1.545481e-05,0.0,nan,nan,nan
5737.884,1.545739e-05,0.0,nan,nan,nan
5737.968,1.54591e-05,0.0,nan,nan,nan
5738.052,1.545421e-05,0.0,nan,nan,nan
5738.135,1.545502e-05,0.0,nan,nan,nan
5738.219,1.545562e-05,0.0,nan,nan,nan
5738.303,1.545585e-05,0.0,nan,nan,nan
5738.41,1.5458e-05,0.0,nan,nan,nan
5738.493,1.545166e-05,0.0,nan,nan,nan
5738.581,1.545712e-05,0.0,nan,nan,nan
5738.665,1.545738e-05,0.0,nan,nan,nan
5738.749,1.545645e-05,0.0,nan,nan,nan
5738.832,1.545862e-05,0.0,nan,nan,nan
5738.916,1.545721e-05,0.0,nan,nan,nan
5739.002,1.545881e-05,0.0,nan,nan,nan
5739.085,1.545866e-05,0.0,nan,nan,nan
5739.169,1.54616e-05,0.0,nan,nan,nan
5739.267,1.54575e-05,0.0,nan,nan,nan
5739.351,1.545456e-05,0.0,nan,nan,nan
5739.458,1.545932e-05,0.0,nan,nan,nan
5739.541,1.545894e-05,0.0,nan,nan,nan
5739.625,1.545496e-05,0.0,nan,nan,nan
5739.709,1.545914e-05,0.0,nan,nan,nan
5739.793,1.545678e-05,0.0,nan,nan,nan
5739.876,1.545675e-05,0.0,nan,nan,nan
5739.964,1.545407e-05,0.0,nan,nan,nan
5740.047,1.545698e-05,0.0,nan,nan,nan
5740.131,1.545747e-05,0.0,nan,nan,nan
5740.215,1.545802e-05,0.0,nan,nan,nan
5740.299,1.545691e-05,0.0,nan,nan,nan
5740.383,1.545322e-05,0.0,nan,nan,nan
5740.492,1.545706e-05,0.0,nan,nan,nan
5740.576,1.546006e-05,0.0,nan,nan,nan
5740.672,1.545704e-05,0.0,nan,nan,nan
5740.756,1.54554e-05,0.0,nan,nan,nan
5740.841,1.545826e-05,0.0,nan,nan,nan
5740.925,1.545728e-05,0.0,nan,nan,nan
5741.008,1.545576e-05,0.0,nan,nan,nan
5741.092,1.545694e-05,0.0,nan,nan,nan
5741.175,1.54574e-05,0.0,nan,nan,nan
5741.259,1.545878e-05,0.0,nan,nan,nan
5741.342,1.545828e-05,0.0,nan,nan,nan
5741.43,1.545812e-05,0.0,nan,nan,nan
5741.532,1.545784e-05,0.0,nan,nan,nan
5741.616,1.545786e-05,0.0,nan,nan,nan
5741.716,1.54633e-05,0.0,nan,nan,nan
5741.799,1.545559e-05,0.0,nan,nan,nan
5741.883,1.5458e-05,0.0,nan,nan,nan
5741.967,1.545824e-05,0.0,nan,nan,nan
5742.051,1.546095e-05,0.0,nan,nan,nan
5742.134,1.545883e-05,0.0,nan,nan,nan
5742.218,1.545975e-05,0.0,nan,nan,nan
5742.309,1.545784e-05,0.0,nan,nan,nan
5742.392,1.546214e-05,0.0,nan,nan,nan
5742.476,1.545648e-05,0.0,nan,nan,nan
5742.568,1.545533e-05,0.0,nan,nan,nan
5742.652,1.545965e-05,0.0,nan,nan,nan
5742.736,1.545941e-05,0.0,nan,nan,nan
5742.82,1.545796e-05,0.0,nan,nan,nan
5742.925,1.545844e-05,0.0,nan,nan,nan
5743.009,1.545668e-05,0.0,nan,nan,nan
5743.093,1.545677e-05,0.0,nan,nan,nan
5743.176,1.545599e-05,0.0,nan,nan,nan
5743.26,1.545034e-05,0.0,nan,nan,nan
5743.344,1.545107e-05,0.0,nan,nan,nan
5743.433,1.545201e-05,0.0,nan,nan,nan
5743.517,1.545372e-05,0.0,nan,nan,nan
5743.601,1.545079e-05,0.0,nan,nan,nan
5743.684,1.545485e-05,0.0,nan,nan,nan
5743.768,1.545341e-05,0.0,nan,nan,nan
5743.851,1.545236e-05,0.0,nan,nan,nan
5743.935,1.5453e-05,0.0,nan,nan,nan
5744.019,1.54544e-05,0.0,nan,nan,nan
5744.105,1.545357e-05,0.0,nan,nan,nan
5744.188,1.545416e-05,0.0,nan,nan,nan
5744.272,1.545299e-05,0.0,nan,nan,nan
5744.362,1.545203e-05,0.0,nan,nan,nan
5744.449,1.545078e-05,0.0,nan,nan,nan
5744.536,1.545339e-05,0.0,nan,nan,nan
5744.647,1.545563e-05,0.0,nan,nan,nan
5744.73,1.545434e-05,0.0,nan,nan,nan
5744.814,1.545345e-05,0.0,nan,nan,nan
5744.901,1.545559e-05,0.0,nan,nan,nan
5744.985,1.545469e-05,0.0,nan,nan,nan
5745.068,1.545256e-05,0.0,nan,nan,nan
5745.162,1.545439e-05,0.0,nan,nan,nan
5745.246,1.545146e-05,0.0,nan,nan,nan
5745.329,1.545668e-05,0.0,nan,nan,nan
5745.413,1.545452e-05,0.0,nan,nan,nan
5745.497,1.545519e-05,0.0,nan,nan,nan
5745.587,1.54549e-05,0.0,nan,nan,nan
5745.671,1.545358e-05,0.0,nan,nan,nan
5745.754,1.545411e-05,0.0,nan,nan,nan
5745.837,1.545029e-05,0.0,nan,nan,nan
5745.923,1.545308e-05,0.0,nan,nan,nan
5746.007,1.545273e-05,0.0,nan,nan,nan
5746.093,1.545333e-05,0.0,nan,nan,nan
5746.179,1.545376e-05,0.0,nan,nan,nan
5746.262,1.545324e-05,0.0,nan,nan,nan
5746.346,1.545562e-05,0.0,nan,nan,nan
5746.43,1.545584e-05,0.0,nan,nan,nan
5746.513,1.545901e-05,0.0,nan,nan,nan
5746.597,1.545183e-05,0.0,nan,nan,nan
5746.725,1.545565e-05,0.0,nan,nan,nan
5746.809,1.545527e-05,0.0,nan,nan,nan
5746.893,1.545501e-05,0.0,nan,nan,nan
5746.976,1.545365e-05,0.0,nan,nan,nan
5747.06,1.545742e-05,0.0,nan,nan,nan
5747.144,1.545611e-05,0.0,nan,nan,nan
5747.231,1.545049e-05,0.0,nan,nan,nan
5747.314,1.545521e-05,0.0,nan,nan,nan
5747.423,1.544975e-05,0.0,nan,nan,nan
5747.506,1.545406e-05,0.0,nan,nan,nan
5747.611,1.54525e-05,0.0,nan,nan,nan
5747.695,1.545535e-05,0.0,nan,nan,nan
5747.778,1.545282e-05,0.0,nan,nan,nan
5747.862,1.545483e-05,0.0,nan,nan,nan
5747.945,1.545495e-05,0.0,nan,nan,nan
5748.049,1.545537e-05,0.0,nan,nan,nan
5748.133,1.544921e-05,0.0,nan,nan,nan
5748.217,1.545527e-05,0.0,nan,nan,nan
5748.301,1.545514e-05,0.0,nan,nan,nan
5748.386,1.545237e-05,0.0,nan,nan,nan
5748.47,1.545092e-05,0.0,nan,nan,nan
5748.553,1.545361e-05,0.0,nan,nan,nan
5748.655,1.545618e-05,0.0,nan,nan,nan
5748.739,1.545445e-05,0.0,nan,nan,nan
5748.823,1.545455e-05,0.0,nan,nan,nan
5748.918,1.545355e-05,0.0,nan,nan,nan
5749.005,1.545587e-05,0.0,nan,nan,nan
5749.089,1.545482e-05,0.0,nan,nan,nan
5749.172,1.545626e-05,0.0,nan,nan,nan
5749.272,1.545501e-05,0.0,nan,nan,nan
5749.356,1.545482e-05,0.0,nan,nan,nan
5749.46,1.545445e-05,0.0,nan,nan,nan
5749.544,1.545497e-05,0.0,nan,nan,nan
5749.628,1.545129e-05,0.0,nan,nan,nan
5749.711,1.54541e-05,0.0,nan,nan,nan
5749.795,1.545175e-05,0.0,nan,nan,nan
5749.882,1.545509e-05,0.0,nan,nan,nan
5749.965,1.545396e-05,0.0,nan,nan,nan
5750.049,1.545843e-05,0.0,nan,nan,nan
5750.132,1.545667e-05,0.0,nan,nan,nan
5750.216,1.54561e-05,0.0,nan,nan,nan
5750.3,1.545504e-05,0.0,nan,nan,nan
5750.384,1.545228e-05,0.0,nan,nan,nan
5750.467,1.54537e-05,0.0,nan,nan,nan
5750.551,1.545701e-05,0.0,nan,nan,nan
5750.634,1.545378e-05,0.0,nan,nan,nan
5750.718,1.54587e-05,0.0,nan,nan,nan
5750.802,1.545861e-05,0.0,nan,nan,nan
5750.892,1.545595e-05,0.0,nan,nan,nan
5750.975,1.545678e-05,0.0,nan,nan,nan
5751.059,1.54571e-05,0.0,nan,nan,nan
5751.143,1.545795e-05,0.0,nan,nan,nan
5751.228,1.545422e-05,0.0,nan,nan,nan
5751.324,1.545098e-05,0.0,nan,nan,nan
5751.408,1.545572e-05,0.0,nan,nan,nan
5751.492,1.54578e-05,0.0,nan,nan,nan
5751.576,1.545886e-05,0.0,nan,nan,nan
5751.66,1.545319e-05,0.0,nan,nan,nan
5751.745,1.545458e-05,0.0,nan,nan,nan
5751.831,1.545414e-05,0.0,nan,nan,nan
5751.943,1.545578e-05,0.0,nan,nan,nan
5752.034,1.545211e-05,0.0,nan,nan,nan
5752.134,1.544815e-05,0.0,nan,nan,nan
5752.218,1.54524e-05,0.0,nan,nan,nan
5752.309,1.545509e-05,0.0,nan,nan,nan
5752.393,1.545177e-05,0.0,nan,nan,nan
5752.477,1.545521e-05,0.0,nan,nan,nan
5752.562,1.544902e-05,0.0,nan,nan,nan
5752.646,1.545706e-05,0.0,nan,nan,nan
5752.729,1.545788e-05,0.0,nan,nan,nan
5752.813,1.545865e-05,0.0,nan,nan,nan
5752.909,1.546082e-05,0.0,nan,nan,nan
5752.994,1.546046e-05,0.0,nan,nan,nan
5753.078,1.546006e-05,0.0,nan,nan,nan
5753.172,1.545712e-05,0.0,nan,nan,nan
5753.255,1.545463e-05,0.0,nan,nan,nan
5753.34,1.545751e-05,0.0,nan,nan,nan
5753.423,1.546114e-05,0.0,nan,nan,nan
5753.507,1.545709e-05,0.0,nan,nan,nan
5753.591,1.546163e-05,0.0,nan,nan,nan
5753.674,1.545636e-05,0.0,nan,nan,nan
5753.777,1.545465e-05,0.0,nan,nan,nan
5753.86,1.545605e-05,0.0,nan,nan,nan
5753.944,1.545561e-05,0.0,nan,nan,nan
5754.028,1.545765e-05,0.0,nan,nan,nan
5754.118,1.545736e-05,0.0,nan,nan,nan
5754.201,1.545788e-05,0.0,nan,nan,nan
5754.285,1.546029e-05,0.0,nan,nan,nan
5754.384,1.545838e-05,0.0,nan,nan,nan
5754.468,1.545831e-05,0.0,nan,nan,nan
5754.574,1.545901e-05,0.0,nan,nan,nan
5754.658,1.545481e-05,0.0,nan,nan,nan
5754.743,1.545587e-05,0.0,nan,nan,nan
5754.829,1.545613e-05,0.0,nan,nan,nan
5754.912,1.545905e-05,0.0,nan,nan,nan
5755.02,1.545738e-05,0.0,nan,nan,nan
5755.106,1.545878e-05,0.0,nan,nan,nan
5755.2,1.545636e-05,0.0,nan,nan,nan
5755.284,1.545342e-05,0.0,nan,nan,nan
5755.369,1.545304e-05,0.0,nan,nan,nan
5755.453,1.545603e-05,0.0,nan,nan,nan
5755.536,1.545581e-05,0.0,nan,nan,nan
5755.624,1.545237e-05,0.0,nan,nan,nan
5755.708,1.545393e-05,0.0,nan,nan,nan
5755.807,1.545433e-05,0.0,nan,nan,nan
5755.891,1.545789e-05,0.0,nan,nan,nan
5755.974,1.545728e-05,0.0,nan,nan,nan
5756.058,1.544813e-05,0.0,nan,nan,nan
5756.141,1.545792e-05,0.0,nan,nan,nan
5756.233,1.545522e-05,0.0,nan,nan,nan
5756.317,1.545654e-05,0.0,nan,nan,nan
5756.4,1.545416e-05,0.0,nan,nan,nan
5756.484,1.545331e-05,0.0,nan,nan,nan
5756.567,1.545353e-05,0.0,nan,nan,nan
5756.656,1.545288e-05,0.0,nan,nan,nan
5756.74,1.54535e-05,0.0,nan,nan,nan
5756.824,1.545135e-05,0.0,nan,nan,nan
5756.908,1.545567e-05,0.0,nan,nan,nan
5756.992,1.545256e-05,0.0,nan,nan,nan
5757.089,1.545346e-05,0.0,nan,nan,nan
5757.173,1.545358e-05,0.0,nan,nan,nan
5757.257,1.545474e-05,0.0,nan,nan,nan
5757.34,1.545262e-05,0.0,nan,nan,nan
5757.424,1.545366e-05,0.0,nan,nan,nan
5757.507,1.545649e-05,0.0,nan,nan,nan
5757.593,1.545773e-05,0.0,nan,nan,nan
5757.677,1.545827e-05,0.0,nan,nan,nan
5757.765,1.54601e-05,0.0,nan,nan,nan
5757.862,1.545928e-05,0.0,nan,nan,nan
5757.946,1.545432e-05,0.0,nan,nan,nan
5758.031,1.545406e-05,0.0,nan,nan,nan
5758.114,1.545523e-05,0.0,nan,nan,nan
5758.198,1.545546e-05,0.0,nan,nan,nan
5758.287,1.545392e-05,0.0,nan,nan,nan
5758.371,1.545122e-05,0.0,nan,nan,nan
5758.477,1.545688e-05,0.0,nan,nan,nan
5758.56,1.545603e-05,0.0,nan,nan,nan
5758.644,1.54537e-05,0.0,nan,nan,nan
5758.728,1.54577e-05,0.0,nan,nan,nan
5758.817,1.545363e-05,0.0,nan,nan,nan
5758.9,1.545827e-05,0.0,nan,nan,nan
5758.984,1.546018e-05,0.0,nan,nan,nan
5759.087,1.545937e-05,0.0,nan,nan,nan
5759.17,1.54618e-05,0.0,nan,nan,nan
5759.254,1.545796e-05,0.0,nan,nan,nan
5759.338,1.54603e-05,0.0,nan,nan,nan
5759.421,1.545639e-05,0.0,nan,nan,nan
5759.513,1.545702e-05,0.0,nan,nan,nan
5759.597,1.54543e-05,0.0,nan,nan,nan
5759.681,1.545691e-05,0.0,nan,nan,nan
5759.765,1.54538e-05,0.0,nan,nan,nan
5759.848,1.545706e-05,0.0,nan,nan,nan
5759.932,1.545563e-05,0.0,nan,nan,nan
5760.016,1.545821e-05,0.0,nan,nan,nan
5760.1,1.54562e-05,0.0,nan,nan,nan
5760.183,1.545756e-05,0.0,nan,nan,nan
5760.267,1.545526e-05,0.0,nan,nan,nan
5760.351,1.545341e-05,0.0,nan,nan,nan
5760.435,1.545264e-05,0.0,nan,nan,nan
5760.54,1.545494e-05,0.0,nan,nan,nan
5760.624,1.545253e-05,0.0,nan,nan,nan
5760.709,1.545752e-05,0.0,nan,nan,nan
5760.793,1.545678e-05,0.0,nan,nan,nan
5760.876,1.545367e-05,0.0,nan,nan,nan
5760.959,1.545788e-05,0.0,nan,nan,nan
5761.046,1.545078e-05,0.0,nan,nan,nan
5761.13,1.544992e-05,0.0,nan,nan,nan
5761.214,1.545767e-05,0.0,nan,nan,nan
5761.321,1.545638e-05,0.0,nan,nan,nan
5761.405,1.545504e-05,0.0,nan,nan,nan
5761.488,1.545363e-05,0.0,nan,nan,nan
5761.572,1.545601e-05,0.0,nan,nan,nan
5761.656,1.545771e-05,0.0,nan,nan,nan
5761.76,1.545725e-05,0.0,nan,nan,nan
5761.844,1.545846e-05,0.0,nan,nan,nan
5761.927,1.545315e-05,0.0,nan,nan,nan
5762.011,1.545803e-05,0.0,nan,nan,nan
5762.1,1.54574e-05,0.0,nan,nan,nan
5762.184,1.545346e-05,0.0,nan,nan,nan
5762.267,1.545823e-05,0.0,nan,nan,nan
5762.351,1.545615e-05,0.0,nan,nan,nan
5762.435,1.545034e-05,0.0,nan,nan,nan
5762.524,1.545489e-05,0.0,nan,nan,nan
5762.607,1.545719e-05,0.0,nan,nan,nan
5762.693,1.545494e-05,0.0,nan,nan,nan
5762.793,1.545546e-05,0.0,nan,nan,nan
5762.879,1.545385e-05,0.0,nan,nan,nan
5762.963,1.545573e-05,0.0,nan,nan,nan
5763.046,1.545421e-05,0.0,nan,nan,nan
5763.133,1.545846e-05,0.0,nan,nan,nan
5763.25,1.546363e-05,0.0,nan,nan,nan
5763.334,1.545766e-05,0.0,nan,nan,nan
5763.418,1.545907e-05,0.0,nan,nan,nan
5763.501,1.54589e-05,0.0,nan,nan,nan
5763.594,1.545927e-05,0.0,nan,nan,nan
5763.678,1.54568e-05,0.0,nan,nan,nan
5763.761,1.545581e-05,0.0,nan,nan,nan
5763.845,1.545624e-05,0.0,nan,nan,nan
5763.93,1.545297e-05,0.0,nan,nan,nan
5764.016,1.545354e-05,0.0,nan,nan,nan
5764.1,1.54557e-05,0.0,nan,nan,nan
5764.184,1.545397e-05,0.0,nan,nan,nan
5764.267,1.545716e-05,0.0,nan,nan,nan
5764.351,1.545739e-05,0.0,nan,nan,nan
5764.454,1.54569e-05,0.0,nan,nan,nan
5764.538,1.545737e-05,0.0,nan,nan,nan
5764.643,1.546211e-05,0.0,nan,nan,nan
5764.73,1.545344e-05,0.0,nan,nan,nan
5764.817,1.545648e-05,0.0,nan,nan,nan
5764.9,1.545882e-05,0.0,nan,nan,nan
5764.984,1.545703e-05,0.0,nan,nan,nan
5765.068,1.545965e-05,0.0,nan,nan,nan
5765.154,1.545815e-05,0.0,nan,nan,nan
5765.238,1.546116e-05,0.0,nan,nan,nan
5765.322,1.545876e-05,0.0,nan,nan,nan
5765.405,1.545571e-05,0.0,nan,nan,nan
5765.489,1.545445e-05,0.0,nan,nan,nan
5765.573,1.545972e-05,0.0,nan,nan,nan
5765.66,1.546042e-05,0.0,nan,nan,nan
5765.747,1.546086e-05,0.0,nan,nan,nan
5765.83,1.546028e-05,0.0,nan,nan,nan
5765.914,1.545742e-05,0.0,nan,nan,nan
5765.998,1.546289e-05,0.0,nan,nan,nan
5766.082,1.546389e-05,0.0,nan,nan,nan
5766.165,1.545723e-05,0.0,nan,nan,nan
5766.271,1.545767e-05,0.0,nan,nan,nan
5766.355,1.54598e-05,0.0,nan,nan,nan
5766.459,1.545892e-05,0.0,nan,nan,nan
5766.543,1.545604e-05,0.0,nan,nan,nan
5766.626,1.545294e-05,0.0,nan,nan,nan
5766.71,1.546131e-05,0.0,nan,nan,nan
5766.794,1.546002e-05,0.0,nan,nan,nan
5766.882,1.545788e-05,0.0,nan,nan,nan
5766.966,1.545904e-05,0.0,nan,nan,nan
5767.05,1.546043e-05,0.0,nan,nan,nan
5767.134,1.545992e-05,0.0,nan,nan,nan
5767.219,1.545894e-05,0.0,nan,nan,nan
5767.303,1.546027e-05,0.0,nan,nan,nan
5767.386,1.545755e-05,0.0,nan,nan,nan
5767.483,1.545976e-05,0.0,nan,nan,nan
5767.567,1.54609e-05,0.0,nan,nan,nan
5767.651,1.545965e-05,0.0,nan,nan,nan
5767.735,1.545994e-05,0.0,nan,nan,nan
5767.818,1.546026e-05,0.0,nan,nan,nan
5767.902,1.545546e-05,0.0,nan,nan,nan
5767.986,1.545805e-05,0.0,nan,nan,nan
5768.07,1.545531e-05,0.0,nan,nan,nan
5768.154,1.546161e-05,0.0,nan,nan,nan
5768.239,1.545623e-05,0.0,nan,nan,nan
5768.323,1.545709e-05,0.0,nan,nan,nan
5768.406,1.545877e-05,0.0,nan,nan,nan
5768.504,1.545849e-05,0.0,nan,nan,nan
5768.588,1.546126e-05,0.0,nan,nan,nan
5768.672,1.545379e-05,0.0,nan,nan,nan
5768.755,1.545648e-05,0.0,nan,nan,nan
5768.839,1.545315e-05,0.0,nan,nan,nan
5768.923,1.54547e-05,0.0,nan,nan,nan
5769.007,1.545457e-05,0.0,nan,nan,nan
5769.111,1.545603e-05,0.0,nan,nan,nan
5769.195,1.546014e-05,0.0,nan,nan,nan
5769.279,1.545654e-05,0.0,nan,nan,nan
5769.392,1.545956e-05,0.0,nan,nan,nan
5769.476,1.545784e-05,0.0,nan,nan,nan
5769.559,1.545819e-05,0.0,nan,nan,nan
5769.646,1.545532e-05,0.0,nan,nan,nan
5769.745,1.545961e-05,0.0,nan,nan,nan
5769.828,1.545895e-05,0.0,nan,nan,nan
5769.929,1.545875e-05,0.0,nan,nan,nan
5770.012,1.546132e-05,0.0,nan,nan,nan
5770.099,1.546343e-05,0.0,nan,nan,nan
5770.183,1.546253e-05,0.0,nan,nan,nan
5770.267,1.545973e-05,0.0,nan,nan,nan
5770.35,1.546061e-05,0.0,nan,nan,nan
5770.434,1.546003e-05,0.0,nan,nan,nan
5770.54,1.546277e-05,0.0,nan,nan,nan
5770.624,1.546161e-05,0.0,nan,nan,nan
5770.707,1.545465e-05,0.0,nan,nan,nan
5770.791,1.545442e-05,0.0,nan,nan,nan
5770.876,1.54587e-05,0.0,nan,nan,nan
5770.96,1.546019e-05,0.0,nan,nan,nan
5771.044,1.54595e-05,0.0,nan,nan,nan
5771.127,1.546058e-05,0.0,nan,nan,nan
5771.211,1.545729e-05,0.0,nan,nan,nan
5771.301,1.545892e-05,0.0,nan,nan,nan
5771.384,1.545745e-05,0.0,nan,nan,nan
5771.495,1.546154e-05,0.0,nan,nan,nan
5771.581,1.546369e-05,0.0,nan,nan,nan
5771.667,1.545782e-05,0.0,nan,nan,nan
5771.751,1.5461e-05,0.0,nan,nan,nan
5771.834,1.545944e-05,0.0,nan,nan,nan
5771.918,1.545841e-05,0.0,nan,nan,nan
5772.002,1.546163e-05,0.0,nan,nan,nan
5772.086,1.546129e-05,0.0,nan,nan,nan
5772.175,1.545879e-05,0.0,nan,nan,nan
5772.259,1.54555e-05,0.0,nan,nan,nan
5772.372,1.545907e-05,0.0,nan,nan,nan
5772.456,1.545684e-05,0.0,nan,nan,nan
5772.561,1.545708e-05,0.0,nan,nan,nan
5772.645,1.54584e-05,0.0,nan,nan,nan
5772.731,1.545751e-05,0.0,nan,nan,nan
5772.814,1.54559e-05,0.0,nan,nan,nan
5772.898,1.545854e-05,0.0,nan,nan,nan
5772.981,1.545597e-05,0.0,nan,nan,nan
5773.066,1.545504e-05,0.0,nan,nan,nan
5773.149,1.545557e-05,0.0,nan,nan,nan
5773.233,1.54584e-05,0.0,nan,nan,nan
5773.317,1.546125e-05,0.0,nan,nan,nan
5773.403,1.545767e-05,0.0,nan,nan,nan
5773.49,1.545802e-05,0.0,nan,nan,nan
5773.574,1.545993e-05,0.0,nan,nan,nan
5773.657,1.545671e-05,0.0,nan,nan,nan
5773.741,1.545795e-05,0.0,nan,nan,nan
5773.825,1.545936e-05,0.0,nan,nan,nan
5773.908,1.545535e-05,0.0,nan,nan,nan
5774.008,1.545712e-05,0.0,nan,nan,nan
5774.092,1.545652e-05,0.0,nan,nan,nan
5774.176,1.54567e-05,0.0,nan,nan,nan
5774.26,1.545872e-05,0.0,nan,nan,nan
5774.348,1.545682e-05,0.0,nan,nan,nan
5774.432,1.545536e-05,0.0,nan,nan,nan
5774.515,1.545258e-05,0.0,nan,nan,nan
5774.606,1.545797e-05,0.0,nan,nan,nan
5774.689,1.546062e-05,0.0,nan,nan,nan
5774.773,1.545813e-05,0.0,nan,nan,nan
5774.857,1.545611e-05,0.0,nan,nan,nan
5774.94,1.545575e-05,0.0,nan,nan,nan
5775.027,1.545917e-05,0.0,nan,nan,nan
5775.116,1.545577e-05,0.0,nan,nan,nan
5775.21,1.54581e-05,0.0,nan,nan,nan
5775.294,1.545309e-05,0.0,nan,nan,nan
5775.377,1.545378e-05,0.0,nan,nan,nan
5775.46,1.545344e-05,0.0,nan,nan,nan
5775.549,1.545499e-05,0.0,nan,nan,nan
5775.647,1.545194e-05,0.0,nan,nan,nan
5775.73,1.545453e-05,0.0,nan,nan,nan
5775.815,1.545733e-05,0.0,nan,nan,nan
5775.899,1.545774e-05,0.0,nan,nan,nan
5775.985,1.545723e-05,0.0,nan,nan,nan
5776.068,1.545699e-05,0.0,nan,nan,nan
5776.152,1.545515e-05,0.0,nan,nan,nan
5776.237,1.545858e-05,0.0,nan,nan,nan
5776.321,1.546245e-05,0.0,nan,nan,nan
5776.412,1.545902e-05,0.0,nan,nan,nan
5776.495,1.545875e-05,0.0,nan,nan,nan
5776.579,1.545804e-05,0.0,nan,nan,nan
5776.663,1.546148e-05,0.0,nan,nan,nan
5776.746,1.546281e-05,0.0,nan,nan,nan
5776.84,1.545888e-05,0.0,nan,nan,nan
5776.924,1.546458e-05,0.0,nan,nan,nan
5777.008,1.546312e-05,0.0,nan,nan,nan
5777.092,1.546015e-05,0.0,nan,nan,nan
5777.177,1.545812e-05,0.0,nan,nan,nan
5777.271,1.54615e-05,0.0,nan,nan,nan
5777.355,1.546032e-05,0.0,nan,nan,nan
5777.438,1.546057e-05,0.0,nan,nan,nan
5777.522,1.546214e-05,0.0,nan,nan,nan
5777.606,1.546455e-05,0.0,nan,nan,nan
5777.709,1.545615e-05,0.0,nan,nan,nan
5777.793,1.546272e-05,0.0,nan,nan,nan
5777.877,1.546233e-05,0.0,nan,nan,nan
5777.964,1.545849e-05,0.0,nan,nan,nan
5778.048,1.545476e-05,0.0,nan,nan,nan
5778.132,1.545652e-05,0.0,nan,nan,nan
5778.218,1.545783e-05,0.0,nan,nan,nan
5778.305,1.546125e-05,0.0,nan,nan,nan
5778.388,1.546064e-05,0.0,nan,nan,nan
5778.481,1.545915e-05,0.0,nan,nan,nan
5778.565,1.545814e-05,0.0,nan,nan,nan
5778.648,1.546069e-05,0.0,nan,nan,nan
5778.732,1.546119e-05,0.0,nan,nan,nan
5778.817,1.546152e-05,0.0,nan,nan,nan
5778.901,1.545602e-05,0.0,nan,nan,nan
5778.984,1.545951e-05,0.0,nan,nan,nan
5779.087,1.545852e-05,0.0,nan,nan,nan
5779.171,1.546072e-05,0.0,nan,nan,nan
5779.255,1.546309e-05,0.0,nan,nan,nan
5779.338,1.546308e-05,0.0,nan,nan,nan
5779.422,1.546271e-05,0.0,nan,nan,nan
5779.529,1.546136e-05,0.0,nan,nan,nan
5779.614,1.545764e-05,0.0,nan,nan,nan
5779.721,1.546465e-05,0.0,nan,nan,nan
5779.805,1.545697e-05,0.0,nan,nan,nan
5779.905,1.546154e-05,0.0,nan,nan,nan
5779.989,1.545768e-05,0.0,nan,nan,nan
5780.072,1.546222e-05,0.0,nan,nan,nan
5780.156,1.545636e-05,0.0,nan,nan,nan
5780.24,1.546234e-05,0.0,nan,nan,nan
5780.327,1.545589e-05,0.0,nan,nan,nan
5780.411,1.545461e-05,0.0,nan,nan,nan
5780.495,1.545686e-05,0.0,nan,nan,nan
5780.578,1.546106e-05,0.0,nan,nan,nan
5780.667,1.545707e-05,0.0,nan,nan,nan
5780.76,1.545661e-05,0.0,nan,nan,nan
5780.85,1.546085e-05,0.0,nan,nan,nan
5780.955,1.546033e-05,0.0,nan,nan,nan
5781.039,1.545745e-05,0.0,nan,nan,nan
5781.123,1.546101e-05,0.0,nan,nan,nan
5781.207,1.546382e-05,0.0,nan,nan,nan
5781.291,1.545999e-05,0.0,nan,nan,nan
5781.375,1.546247e-05,0.0,nan,nan,nan
5781.461,1.54635e-05,0.0,nan,nan,nan
5781.546,1.545707e-05,0.0,nan,nan,nan
5781.63,1.545889e-05,0.0,nan,nan,nan
5781.713,1.545604e-05,0.0,nan,nan,nan
5781.797,1.545937e-05,0.0,nan,nan,nan
5781.884,1.546367e-05,0.0,nan,nan,nan
5781.992,1.546018e-05,0.0,nan,nan,nan
5782.079,1.546101e-05,0.0,nan,nan,nan
5782.187,1.546016e-05,0.0,nan,nan,nan
5782.271,1.545613e-05,0.0,nan,nan,nan
5782.354,1.545946e-05,0.0,nan,nan,nan
5782.438,1.546164e-05,0.0,nan,nan,nan
5782.522,1.546138e-05,0.0,nan,nan,nan
5782.612,1.545947e-05,0.0,nan,nan,nan
5782.697,1.545914e-05,0.0,nan,nan,nan
5782.781,1.545689e-05,0.0,nan,nan,nan
5782.864,1.5457e-05,0.0,nan,nan,nan
5782.948,1.545671e-05,0.0,nan,nan,nan
5783.035,1.545993e-05,0.0,nan,nan,nan
5783.119,1.545941e-05,0.0,nan,nan,nan
5783.205,1.545981e-05,0.0,nan,nan,nan
5783.288,1.546063e-05,0.0,nan,nan,nan
5783.374,1.545904e-05,0.0,nan,nan,nan
5783.482,1.546031e-05,0.0,nan,nan,nan
5783.566,1.546487e-05,0.0,nan,nan,nan
5783.662,1.546003e-05,0.0,nan,nan,nan
5783.745,1.546114e-05,0.0,nan,nan,nan
5783.829,1.546056e-05,0.0,nan,nan,nan
5783.934,1.545576e-05,0.0,nan,nan,nan
5784.035,1.545764e-05,0.0,nan,nan,nan
5784.119,1.545777e-05,0.0,nan,nan,nan
5784.222,1.545781e-05,0.0,nan,nan,nan
5784.306,1.546094e-05,0.0,nan,nan,nan
5784.389,1.546103e-05,0.0,nan,nan,nan
5784.473,1.546142e-05,0.0,nan,nan,nan
5784.557,1.54626e-05,0.0,nan,nan,nan
5784.641,1.546041e-05,0.0,nan,nan,nan
5784.725,1.546329e-05,0.0,nan,nan,nan
5784.812,1.546202e-05,0.0,nan,nan,nan
5784.896,1.54589e-05,0.0,nan,nan,nan
5784.98,1.546331e-05,0.0,nan,nan,nan
5785.063,1.546099e-05,0.0,nan,nan,nan
5785.147,1.545906e-05,0.0,nan,nan,nan
5785.25,1.545895e-05,0.0,nan,nan,nan
5785.334,1.546595e-05,0.0,nan,nan,nan
5785.437,1.546446e-05,0.0,nan,nan,nan
5785.52,1.546289e-05,0.0,nan,nan,nan
5785.627,1.546185e-05,0.0,nan,nan,nan
5785.71,1.546035e-05,0.0,nan,nan,nan
5785.798,1.546032e-05,0.0,nan,nan,nan
5785.882,1.546114e-05,0.0,nan,nan,nan
5785.995,1.545997e-05,0.0,nan,nan,nan
5786.113,1.546077e-05,0.0,nan,nan,nan
5786.197,1.546246e-05,0.0,nan,nan,nan
5786.287,1.546344e-05,0.0,nan,nan,nan
5786.37,1.546446e-05,0.0,nan,nan,nan
5786.467,1.546375e-05,0.0,nan,nan,nan
5786.551,1.546411e-05,0.0,nan,nan,nan
5786.634,1.546232e-05,0.0,nan,nan,nan
5786.718,1.54636e-05,0.0,nan,nan,nan
5786.801,1.54613e-05,0.0,nan,nan,nan
5786.885,1.545779e-05,0.0,nan,nan,nan
5786.968,1.545887e-05,0.0,nan,nan,nan
5787.053,1.545935e-05,0.0,nan,nan,nan
5787.137,1.545663e-05,0.0,nan,nan,nan
5787.222,1.546181e-05,0.0,nan,nan,nan
5787.306,1.5462e-05,0.0,nan,nan,nan
5787.39,1.545825e-05,0.0,nan,nan,nan
5787.495,1.546129e-05,0.0,nan,nan,nan
5787.58,1.546428e-05,0.0,nan,nan,nan
5787.667,1.546108e-05,0.0,nan,nan,nan
5787.751,1.54624e-05,0.0,nan,nan,nan
5787.838,1.545629e-05,0.0,nan,nan,nan
5787.922,1.546093e-05,0.0,nan,nan,nan
5788.006,1.545712e-05,0.0,nan,nan,nan
5788.089,1.545659e-05,0.0,nan,nan,nan
5788.193,1.54581e-05,0.0,nan,nan,nan
5788.276,1.545983e-05,0.0,nan,nan,nan
5788.359,1.546427e-05,0.0,nan,nan,nan
5788.443,1.546276e-05,0.0,nan,nan,nan
5788.538,1.545981e-05,0.0,nan,nan,nan
5788.621,1.545954e-05,0.0,nan,nan,nan
5788.713,1.546088e-05,0.0,nan,nan,nan
5788.801,1.546156e-05,0.0,nan,nan,nan
5788.894,1.546148e-05,0.0,nan,nan,nan
5788.977,1.546096e-05,0.0,nan,nan,nan
5789.061,1.545517e-05,0.0,nan,nan,nan
5789.145,1.545696e-05,0.0,nan,nan,nan
5789.229,1.545734e-05,0.0,nan,nan,nan
5789.315,1.546062e-05,0.0,nan,nan,nan
5789.399,1.545919e-05,0.0,nan,nan,nan
5789.484,1.545914e-05,0.0,nan,nan,nan
5789.568,1.545986e-05,0.0,nan,nan,nan
5789.652,1.546216e-05,0.0,nan,nan,nan
5789.736,1.54568e-05,0.0,nan,nan,nan
5789.819,1.545736e-05,0.0,nan,nan,nan
5789.903,1.545904e-05,0.0,nan,nan,nan
5789.986,1.545907e-05,0.0,nan,nan,nan
5790.073,1.54583e-05,0.0,nan,nan,nan
5790.178,1.546328e-05,0.0,nan,nan,nan
5790.263,1.54581e-05,0.0,nan,nan,nan
5790.352,1.545741e-05,0.0,nan,nan,nan
5790.435,1.546082e-05,0.0,nan,nan,nan
5790.519,1.546362e-05,0.0,nan,nan,nan
5790.603,1.545644e-05,0.0,nan,nan,nan
5790.688,1.545483e-05,0.0,nan,nan,nan
5790.772,1.545942e-05,0.0,nan,nan,nan
5790.856,1.546184e-05,0.0,nan,nan,nan
5790.95,1.545976e-05,0.0,nan,nan,nan
5791.034,1.545312e-05,0.0,nan,nan,nan
5791.118,1.54563e-05,0.0,nan,nan,nan
5791.202,1.545985e-05,0.0,nan,nan,nan
5791.286,1.546015e-05,0.0,nan,nan,nan
5791.369,1.545282e-05,0.0,nan,nan,nan
5791.453,1.545689e-05,0.0,nan,nan,nan
5791.536,1.545419e-05,0.0,nan,nan,nan
5791.62,1.545514e-05,0.0,nan,nan,nan
5791.704,1.545523e-05,0.0,nan,nan,nan
5791.788,1.545393e-05,0.0,nan,nan,nan
5791.871,1.545732e-05,0.0,nan,nan,nan
5791.972,1.545888e-05,0.0,nan,nan,nan
5792.056,1.545969e-05,0.0,nan,nan,nan
5792.139,1.545945e-05,0.0,nan,nan,nan
5792.242,1.545979e-05,0.0,nan,nan,nan
5792.326,1.546137e-05,0.0,nan,nan,nan
5792.409,1.546075e-05,0.0,nan,nan,nan
5792.493,1.546068e-05,0.0,nan,nan,nan
5792.578,1.545948e-05,0.0,nan,nan,nan
5792.662,1.545629e-05,0.0,nan,nan,nan
5792.745,1.545935e-05,0.0,nan,nan,nan
5792.829,1.546065e-05,0.0,nan,nan,nan
5792.912,1.54575e-05,0.0,nan,nan,nan
5793.0,1.545936e-05,0.0,nan,nan,nan
5793.084,1.545807e-05,0.0,nan,nan,nan
5793.185,1.546142e-05,0.0,nan,nan,nan
5793.269,1.54548e-05,0.0,nan,nan,nan
5793.352,1.545881e-05,0.0,nan,nan,nan
5793.436,1.54536e-05,0.0,nan,nan,nan
5793.52,1.545696e-05,0.0,nan,nan,nan
5793.607,1.545797e-05,0.0,nan,nan,nan
5793.69,1.545455e-05,0.0,nan,nan,nan
5793.798,1.54564e-05,0.0,nan,nan,nan
5793.882,1.545825e-05,0.0,nan,nan,nan
5793.978,1.546065e-05,0.0,nan,nan,nan
5794.062,1.545805e-05,0.0,nan,nan,nan
5794.145,1.545774e-05,0.0,nan,nan,nan
5794.229,1.545987e-05,0.0,nan,nan,nan
5794.312,1.546247e-05,0.0,nan,nan,nan
5794.41,1.546083e-05,0.0,nan,nan,nan
5794.498,1.545774e-05,0.0,nan,nan,nan
5794.582,1.545879e-05,0.0,nan,nan,nan
5794.665,1.545875e-05,0.0,nan,nan,nan
5794.752,1.546079e-05,0.0,nan,nan,nan
5794.835,1.546216e-05,0.0,nan,nan,nan
5794.919,1.54633e-05,0.0,nan,nan,nan
5795.021,1.546195e-05,0.0,nan,nan,nan
5795.105,1.546597e-05,0.0,nan,nan,nan
5795.191,1.546286e-05,0.0,nan,nan,nan
5795.275,1.546145e-05,0.0,nan,nan,nan
5795.36,1.545816e-05,0.0,nan,nan,nan
5795.446,1.546131e-05,0.0,nan,nan,nan
5795.532,1.546257e-05,0.0,nan,nan,nan
5795.616,1.546264e-05,0.0,nan,nan,nan
5795.7,1.54602e-05,0.0,nan,nan,nan
5795.783,1.546731e-05,0.0,nan,nan,nan
5795.867,1.546435e-05,0.0,nan,nan,nan
5795.951,1.54582e-05,0.0,nan,nan,nan
5796.062,1.546377e-05,0.0,nan,nan,nan
5796.146,1.546491e-05,0.0,nan,nan,nan
5796.229,1.546289e-05,0.0,nan,nan,nan
5796.354,1.545673e-05,0.0,nan,nan,nan
5796.451,1.545977e-05,0.0,nan,nan,nan
5796.535,1.546226e-05,0.0,nan,nan,nan
5796.619,1.546469e-05,0.0,nan,nan,nan
5796.703,1.546297e-05,0.0,nan,nan,nan
5796.786,1.546004e-05,0.0,nan,nan,nan
5796.882,1.546143e-05,0.0,nan,nan,nan
5796.966,1.546407e-05,0.0,nan,nan,nan
5797.049,1.546331e-05,0.0,nan,nan,nan
5797.133,1.546408e-05,0.0,nan,nan,nan
5797.219,1.546521e-05,0.0,nan,nan,nan
5797.302,1.546431e-05,0.0,nan,nan,nan
5797.386,1.546472e-05,0.0,nan,nan,nan
5797.474,1.546538e-05,0.0,nan,nan,nan
5797.557,1.546256e-05,0.0,nan,nan,nan
5797.641,1.546428e-05,0.0,nan,nan,nan
5797.725,1.546156e-05,0.0,nan,nan,nan
5797.808,1.546419e-05,0.0,nan,nan,nan
5797.894,1.545897e-05,0.0,nan,nan,nan
5797.98,1.545931e-05,0.0,nan,nan,nan
5798.085,1.546057e-05,0.0,nan,nan,nan
5798.168,1.54601e-05,0.0,nan,nan,nan
5798.253,1.546251e-05,0.0,nan,nan,nan
5798.337,1.546029e-05,0.0,nan,nan,nan
5798.423,1.545897e-05,0.0,nan,nan,nan
5798.511,1.546062e-05,0.0,nan,nan,nan
5798.594,1.546439e-05,0.0,nan,nan,nan
5798.678,1.546217e-05,0.0,nan,nan,nan
5798.762,1.545622e-05,0.0,nan,nan,nan
5798.846,1.545861e-05,0.0,nan,nan,nan
5798.929,1.546226e-05,0.0,nan,nan,nan
5799.013,1.545878e-05,0.0,nan,nan,nan
5799.116,1.546265e-05,0.0,nan,nan,nan
5799.199,1.546401e-05,0.0,nan,nan,nan
5799.283,1.546336e-05,0.0,nan,nan,nan
5799.367,1.546554e-05,0.0,nan,nan,nan
5799.45,1.546616e-05,0.0,nan,nan,nan
5799.539,1.546239e-05,0.0,nan,nan,nan
5799.623,1.545553e-05,0.0,nan,nan,nan
5799.728,1.546086e-05,0.0,nan,nan,nan
5799.812,1.545989e-05,0.0,nan,nan,nan
5799.896,1.546078e-05,0.0,nan,nan,nan
5799.979,1.546228e-05,0.0,nan,nan,nan
5800.063,1.54529e-05,0.0,nan,nan,nan
5800.151,1.5458e-05,0.0,nan,nan,nan
5800.234,1.546105e-05,0.0,nan,nan,nan
5800.339,1.545909e-05,0.0,nan,nan,nan
5800.423,1.545764e-05,0.0,nan,nan,nan
5800.506,1.545959e-05,0.0,nan,nan,nan
5800.597,1.54567e-05,0.0,nan,nan,nan
5800.681,1.546195e-05,0.0,nan,nan,nan
5800.767,1.546197e-05,0.0,nan,nan,nan
5800.85,1.545961e-05,0.0,nan,nan,nan
5800.934,1.546215e-05,0.0,nan,nan,nan
5801.018,1.545932e-05,0.0,nan,nan,nan
5801.107,1.54637e-05,0.0,nan,nan,nan
5801.196,1.545998e-05,0.0,nan,nan,nan
5801.28,1.546095e-05,0.0,nan,nan,nan
5801.363,1.545952e-05,0.0,nan,nan,nan
5801.447,1.546293e-05,0.0,nan,nan,nan
5801.531,1.546185e-05,0.0,nan,nan,nan
5801.614,1.546073e-05,0.0,nan,nan,nan
5801.698,1.546291e-05,0.0,nan,nan,nan
5801.785,1.546278e-05,0.0,nan,nan,nan
5801.868,1.546011e-05,0.0,nan,nan,nan
5801.952,1.54618e-05,0.0,nan,nan,nan
5802.035,1.546462e-05,0.0,nan,nan,nan
5802.119,1.546311e-05,0.0,nan,nan,nan
5802.202,1.546406e-05,0.0,nan,nan,nan
5802.286,1.545977e-05,0.0,nan,nan,nan
5802.369,1.546311e-05,0.0,nan,nan,nan
5802.453,1.546595e-05,0.0,nan,nan,nan
5802.564,1.546447e-05,0.0,nan,nan,nan
5802.651,1.546085e-05,0.0,nan,nan,nan
5802.734,1.546122e-05,0.0,nan,nan,nan
5802.818,1.546086e-05,0.0,nan,nan,nan
5802.901,1.546535e-05,0.0,nan,nan,nan
5803.001,1.546874e-05,0.0,nan,nan,nan
5803.085,1.546088e-05,0.0,nan,nan,nan
5803.168,1.546417e-05,0.0,nan,nan,nan
5803.252,1.546422e-05,0.0,nan,nan,nan
5803.336,1.546815e-05,0.0,nan,nan,nan
5803.42,1.546415e-05,0.0,nan,nan,nan
5803.503,1.54628e-05,0.0,nan,nan,nan
5803.597,1.546146e-05,0.0,nan,nan,nan
5803.681,1.546134e-05,0.0,nan,nan,nan
5803.765,1.545793e-05,0.0,nan,nan,nan
5803.849,1.54583e-05,0.0,nan,nan,nan
5803.932,1.545786e-05,0.0,nan,nan,nan
5804.017,1.546247e-05,0.0,nan,nan,nan
5804.101,1.546068e-05,0.0,nan,nan,nan
5804.205,1.54609e-05,0.0,nan,nan,nan
5804.289,1.545977e-05,0.0,nan,nan,nan
5804.372,1.545892e-05,0.0,nan,nan,nan
5804.456,1.54633e-05,0.0,nan,nan,nan
5804.54,1.546358e-05,0.0,nan,nan,nan
5804.624,1.546324e-05,0.0,nan,nan,nan
5804.708,1.545717e-05,0.0,nan,nan,nan
5804.806,1.54591e-05,0.0,nan,nan,nan
5804.89,1.546041e-05,0.0,nan,nan,nan
5804.974,1.546235e-05,0.0,nan,nan,nan
5805.057,1.546219e-05,0.0,nan,nan,nan
5805.141,1.545893e-05,0.0,nan,nan,nan
5805.235,1.546239e-05,0.0,nan,nan,nan
5805.319,1.545974e-05,0.0,nan,nan,nan
5805.403,1.545932e-05,0.0,nan,nan,nan
5805.486,1.545666e-05,0.0,nan,nan,nan
5805.57,1.545524e-05,0.0,nan,nan,nan
5805.653,1.546062e-05,0.0,nan,nan,nan
5805.737,1.546122e-05,0.0,nan,nan,nan
5805.84,1.546296e-05,0.0,nan,nan,nan
5805.924,1.546397e-05,0.0,nan,nan,nan
5806.007,1.546162e-05,0.0,nan,nan,nan
5806.091,1.545858e-05,0.0,nan,nan,nan
5806.178,1.545722e-05,0.0,nan,nan,nan
5806.27,1.54624e-05,0.0,nan,nan,nan
5806.353,1.546172e-05,0.0,nan,nan,nan
5806.439,1.546034e-05,0.0,nan,nan,nan
5806.522,1.545871e-05,0.0,nan,nan,nan
5806.607,1.545929e-05,0.0,nan,nan,nan
5806.691,1.546088e-05,0.0,nan,nan,nan
5806.778,1.545983e-05,0.0,nan,nan,nan
5806.864,1.546186e-05,0.0,nan,nan,nan
5806.948,1.545955e-05,0.0,nan,nan,nan
5807.05,1.546486e-05,0.0,nan,nan,nan
5807.134,1.546377e-05,0.0,nan,nan,nan
5807.217,1.546325e-05,0.0,nan,nan,nan
5807.302,1.546091e-05,0.0,nan,nan,nan
5807.386,1.546409e-05,0.0,nan,nan,nan
5807.469,1.546248e-05,0.0,nan,nan,nan
5807.553,1.54566e-05,0.0,nan,nan,nan
5807.636,1.545896e-05,0.0,nan,nan,nan
5807.72,1.54643e-05,0.0,nan,nan,nan
5807.804,1.546554e-05,0.0,nan,nan,nan
5807.888,1.546354e-05,0.0,nan,nan,nan
5807.971,1.54627e-05,0.0,nan,nan,nan
5808.078,1.546204e-05,0.0,nan,nan,nan
5808.163,1.546845e-05,0.0,nan,nan,nan
5808.247,1.546637e-05,0.0,nan,nan,nan
5808.331,1.54657e-05,0.0,nan,nan,nan
5808.414,1.546554e-05,0.0,nan,nan,nan
5808.522,1.546314e-05,0.0,nan,nan,nan
5808.606,1.546477e-05,0.0,nan,nan,nan
5808.758,1.546269e-05,0.0,nan,nan,nan
5808.844,1.546167e-05,0.0,nan,nan,nan
5808.927,1.546558e-05,0.0,nan,nan,nan
5809.014,1.546007e-05,0.0,nan,nan,nan
5809.116,1.546122e-05,0.0,nan,nan,nan
5809.2,1.546175e-05,0.0,nan,nan,nan
5809.309,1.546191e-05,0.0,nan,nan,nan
5809.393,1.546357e-05,0.0,nan,nan,nan
5809.476,1.545997e-05,0.0,nan,nan,nan
5809.56,1.546219e-05,0.0,nan,nan,nan
5809.643,1.54624e-05,0.0,nan,nan,nan
5809.733,1.546377e-05,0.0,nan,nan,nan
5809.817,1.546392e-05,0.0,nan,nan,nan
5809.901,1.546005e-05,0.0,nan,nan,nan
5809.984,1.545977e-05,0.0,nan,nan,nan
5810.069,1.546074e-05,0.0,nan,nan,nan
5810.152,1.546228e-05,0.0,nan,nan,nan
5810.236,1.546287e-05,0.0,nan,nan,nan
5810.337,1.546755e-05,0.0,nan,nan,nan
5810.421,1.546186e-05,0.0,nan,nan,nan
5810.505,1.546118e-05,0.0,nan,nan,nan
5810.589,1.546455e-05,0.0,nan,nan,nan
5810.672,1.546597e-05,0.0,nan,nan,nan
5810.777,1.546803e-05,0.0,nan,nan,nan
5810.861,1.546572e-05,0.0,nan,nan,nan
5810.951,1.546415e-05,0.0,nan,nan,nan
5811.035,1.54605e-05,0.0,nan,nan,nan
5811.118,1.546045e-05,0.0,nan,nan,nan
5811.202,1.546312e-05,0.0,nan,nan,nan
5811.285,1.546513e-05,0.0,nan,nan,nan
5811.369,1.546106e-05,0.0,nan,nan,nan
5811.452,1.546221e-05,0.0,nan,nan,nan
5811.558,1.546553e-05,0.0,nan,nan,nan
5811.641,1.546333e-05,0.0,nan,nan,nan
5811.726,1.546494e-05,0.0,nan,nan,nan
5811.81,1.546419e-05,0.0,nan,nan,nan
5811.893,1.546051e-05,0.0,nan,nan,nan
5811.979,1.54635e-05,0.0,nan,nan,nan
5812.068,1.546217e-05,0.0,nan,nan,nan
5812.151,1.54616e-05,0.0,nan,nan,nan
5812.235,1.546315e-05,0.0,nan,nan,nan
5812.32,1.545964e-05,0.0,nan,nan,nan
5812.404,1.545915e-05,0.0,nan,nan,nan
5812.487,1.545739e-05,0.0,nan,nan,nan
5812.571,1.54625e-05,0.0,nan,nan,nan
5812.655,1.546276e-05,0.0,nan,nan,nan
5812.739,1.546037e-05,0.0,nan,nan,nan
5812.823,1.546484e-05,0.0,nan,nan,nan
5812.906,1.545318e-05,0.0,nan,nan,nan
5812.99,1.545567e-05,0.0,nan,nan,nan
5813.074,1.546232e-05,0.0,nan,nan,nan
5813.166,1.546291e-05,0.0,nan,nan,nan
5813.25,1.546247e-05,0.0,nan,nan,nan
5813.335,1.545971e-05,0.0,nan,nan,nan
5813.419,1.546046e-05,0.0,nan,nan,nan
5813.502,1.545799e-05,0.0,nan,nan,nan
5813.599,1.54612e-05,0.0,nan,nan,nan
5813.683,1.546384e-05,0.0,nan,nan,nan
5813.767,1.546058e-05,0.0,nan,nan,nan
5813.851,1.54614e-05,0.0,nan,nan,nan
5813.934,1.546184e-05,0.0,nan,nan,nan
5814.022,1.545745e-05,0.0,nan,nan,nan
5814.106,1.546266e-05,0.0,nan,nan,nan
5814.189,1.546248e-05,0.0,nan,nan,nan
5814.273,1.545946e-05,0.0,nan,nan,nan
5814.359,1.545812e-05,0.0,nan,nan,nan
5814.442,1.545908e-05,0.0,nan,nan,nan
5814.532,1.545771e-05,0.0,nan,nan,nan
5814.628,1.545794e-05,0.0,nan,nan,nan
5814.712,1.546134e-05,0.0,nan,nan,nan
5814.798,1.54592e-05,0.0,nan,nan,nan
5814.925,1.545867e-05,0.0,nan,nan,nan
5815.009,1.546129e-05,0.0,nan,nan,nan
5815.093,1.546149e-05,0.0,nan,nan,nan
5815.176,1.546075e-05,0.0,nan,nan,nan
5815.261,1.546229e-05,0.0,nan,nan,nan
5815.348,1.546109e-05,0.0,nan,nan,nan
5815.445,1.545943e-05,0.0,nan,nan,nan
5815.529,1.546026e-05,0.0,nan,nan,nan
5815.629,1.546183e-05,0.0,nan,nan,nan
5815.713,1.546099e-05,0.0,nan,nan,nan
5815.797,1.546514e-05,0.0,nan,nan,nan
5815.88,1.546016e-05,0.0,nan,nan,nan
5815.964,1.546049e-05,0.0,nan,nan,nan
5816.064,1.546421e-05,0.0,nan,nan,nan
5816.148,1.546521e-05,0.0,nan,nan,nan
5816.26,1.545929e-05,0.0,nan,nan,nan
5816.344,1.545768e-05,0.0,nan,nan,nan
5816.427,1.545815e-05,0.0,nan,nan,nan
5816.511,1.545699e-05,0.0,nan,nan,nan
5816.594,1.545931e-05,0.0,nan,nan,nan
5816.678,1.545841e-05,0.0,nan,nan,nan
5816.765,1.546271e-05,0.0,nan,nan,nan
5816.848,1.54618e-05,0.0,nan,nan,nan
5816.932,1.546028e-05,0.0,nan,nan,nan
5817.016,1.545715e-05,0.0,nan,nan,nan
5817.109,1.545625e-05,0.0,nan,nan,nan
5817.196,1.546651e-05,0.0,nan,nan,nan
5817.284,1.54599e-05,0.0,nan,nan,nan
5817.367,1.546222e-05,0.0,nan,nan,nan
5817.46,1.545849e-05,0.0,nan,nan,nan
5817.544,1.545988e-05,0.0,nan,nan,nan
5817.627,1.546169e-05,0.0,nan,nan,nan
5817.711,1.546166e-05,0.0,nan,nan,nan
5817.796,1.546196e-05,0.0,nan,nan,nan
5817.893,1.545713e-05,0.0,nan,nan,nan
5817.977,1.545607e-05,0.0,nan,nan,nan
5818.082,1.545813e-05,0.0,nan,nan,nan
5818.165,1.54574e-05,0.0,nan,nan,nan
5818.249,1.545885e-05,0.0,nan,nan,nan
5818.332,1.545724e-05,0.0,nan,nan,nan
5818.416,1.546119e-05,0.0,nan,nan,nan
5818.504,1.546417e-05,0.0,nan,nan,nan
5818.588,1.546112e-05,0.0,nan,nan,nan
5818.677,1.546377e-05,0.0,nan,nan,nan
5818.76,1.546562e-05,0.0,nan,nan,nan
5818.846,1.54623e-05,0.0,nan,nan,nan
5818.93,1.546353e-05,0.0,nan,nan,nan
5819.058,1.546357e-05,0.0,nan,nan,nan
5819.154,1.545975e-05,0.0,nan,nan,nan
5819.238,1.546199e-05,0.0,nan,nan,nan
5819.321,1.546149e-05,0.0,nan,nan,nan
5819.405,1.546111e-05,0.0,nan,nan,nan
5819.51,1.546383e-05,0.0,nan,nan,nan
5819.594,1.545882e-05,0.0,nan,nan,nan
5819.679,1.546115e-05,0.0,nan,nan,nan
5819.763,1.545824e-05,0.0,nan,nan,nan
5819.851,1.545721e-05,0.0,nan,nan,nan
5819.937,1.545977e-05,0.0,nan,nan,nan
5820.021,1.546259e-05,0.0,nan,nan,nan
5820.121,1.546121e-05,0.0,nan,nan,nan
5820.205,1.54619e-05,0.0,nan,nan,nan
5820.288,1.545962e-05,0.0,nan,nan,nan
5820.372,1.546152e-05,0.0,nan,nan,nan
5820.456,1.546185e-05,0.0,nan,nan,nan
5820.539,1.545951e-05,0.0,nan,nan,nan
5820.623,1.545841e-05,0.0,nan,nan,nan
5820.728,1.545781e-05,0.0,nan,nan,nan
5820.811,1.545422e-05,0.0,nan,nan,nan
5820.895,1.54628e-05,0.0,nan,nan,nan
5820.979,1.545748e-05,0.0,nan,nan,nan
5821.064,1.545897e-05,0.0,nan,nan,nan
5821.148,1.545865e-05,0.0,nan,nan,nan
5821.232,1.546083e-05,0.0,nan,nan,nan
5821.331,1.545847e-05,0.0,nan,nan,nan
5821.415,1.545784e-05,0.0,nan,nan,nan
5821.501,1.545672e-05,0.0,nan,nan,nan
5821.585,1.545285e-05,0.0,nan,nan,nan
5821.668,1.545864e-05,0.0,nan,nan,nan
5821.773,1.545959e-05,0.0,nan,nan,nan
5821.857,1.546092e-05,0.0,nan,nan,nan
5821.952,1.546282e-05,0.0,nan,nan,nan
5822.035,1.545913e-05,0.0,nan,nan,nan
5822.119,1.54633e-05,0.0,nan,nan,nan
5822.203,1.546065e-05,0.0,nan,nan,nan
5822.286,1.54602e-05,0.0,nan,nan,nan
5822.377,1.546201e-05,0.0,nan,nan,nan
5822.466,1.545922e-05,0.0,nan,nan,nan
5822.549,1.545905e-05,0.0,nan,nan,nan
5822.632,1.546057e-05,0.0,nan,nan,nan
5822.718,1.546306e-05,0.0,nan,nan,nan
5822.805,1.546e-05,0.0,nan,nan,nan
5822.889,1.545818e-05,0.0,nan,nan,nan
5822.985,1.54599e-05,0.0,nan,nan,nan
5823.068,1.545976e-05,0.0,nan,nan,nan
5823.192,1.545627e-05,0.0,nan,nan,nan
5823.28,1.5465e-05,0.0,nan,nan,nan
5823.372,1.546492e-05,0.0,nan,nan,nan
5823.455,1.546257e-05,0.0,nan,nan,nan
5823.539,1.546114e-05,0.0,nan,nan,nan
5823.623,1.545772e-05,0.0,nan,nan,nan
5823.706,1.54585e-05,0.0,nan,nan,nan
5823.793,1.546023e-05,0.0,nan,nan,nan
5823.877,1.545736e-05,0.0,nan,nan,nan
5823.96,1.545828e-05,0.0,nan,nan,nan
5824.044,1.545703e-05,0.0,nan,nan,nan
5824.128,1.546035e-05,0.0,nan,nan,nan
5824.212,1.546179e-05,0.0,nan,nan,nan
5824.3,1.545638e-05,0.0,nan,nan,nan
5824.384,1.545375e-05,0.0,nan,nan,nan
5824.467,1.545622e-05,0.0,nan,nan,nan
5824.551,1.545745e-05,0.0,nan,nan,nan
5824.635,1.545689e-05,0.0,nan,nan,nan
5824.718,1.545615e-05,0.0,nan,nan,nan
5824.806,1.545383e-05,0.0,nan,nan,nan
5824.89,1.545649e-05,0.0,nan,nan,nan
5824.973,1.545589e-05,0.0,nan,nan,nan
5825.057,1.54559e-05,0.0,nan,nan,nan
5825.141,1.545742e-05,0.0,nan,nan,nan
5825.225,1.545669e-05,0.0,nan,nan,nan
5825.309,1.545687e-05,0.0,nan,nan,nan
5825.393,1.545424e-05,0.0,nan,nan,nan
5825.476,1.545529e-05,0.0,nan,nan,nan
5825.56,1.545495e-05,0.0,nan,nan,nan
5825.644,1.545731e-05,0.0,nan,nan,nan
5825.73,1.545712e-05,0.0,nan,nan,nan
5825.836,1.545724e-05,0.0,nan,nan,nan
5825.92,1.545839e-05,0.0,nan,nan,nan
5826.004,1.545987e-05,0.0,nan,nan,nan
5826.087,1.545838e-05,0.0,nan,nan,nan
5826.171,1.545865e-05,0.0,nan,nan,nan
5826.256,1.545809e-05,0.0,nan,nan,nan
5826.34,1.546291e-05,0.0,nan,nan,nan
5826.442,1.546239e-05,0.0,nan,nan,nan
5826.526,1.545907e-05,0.0,nan,nan,nan
5826.609,1.54573e-05,0.0,nan,nan,nan
5826.692,1.545965e-05,0.0,nan,nan,nan
5826.776,1.5456e-05,0.0,nan,nan,nan
5826.859,1.546078e-05,0.0,nan,nan,nan
5826.95,1.545892e-05,0.0,nan,nan,nan
5827.053,1.545832e-05,0.0,nan,nan,nan
5827.136,1.54564e-05,0.0,nan,nan,nan
5827.222,1.545717e-05,0.0,nan,nan,nan
5827.342,1.546129e-05,0.0,nan,nan,nan
5827.426,1.546087e-05,0.0,nan,nan,nan
5827.509,1.546192e-05,0.0,nan,nan,nan
5827.597,1.545994e-05,0.0,nan,nan,nan
5827.68,1.545936e-05,0.0,nan,nan,nan
5827.767,1.546204e-05,0.0,nan,nan,nan
5827.853,1.546277e-05,0.0,nan,nan,nan
5827.936,1.546269e-05,0.0,nan,nan,nan
5828.022,1.545871e-05,0.0,nan,nan,nan
5828.106,1.546028e-05,0.0,nan,nan,nan
5828.191,1.545722e-05,0.0,nan,nan,nan
5828.29,1.545465e-05,0.0,nan,nan,nan
5828.373,1.545841e-05,0.0,nan,nan,nan
5828.461,1.545941e-05,0.0,nan,nan,nan
5828.545,1.546012e-05,0.0,nan,nan,nan
5828.629,1.545999e-05,0.0,nan,nan,nan
5828.741,1.545808e-05,0.0,nan,nan,nan
5828.827,1.545888e-05,0.0,nan,nan,nan
5828.91,1.545666e-05,0.0,nan,nan,nan
5828.996,1.545673e-05,0.0,nan,nan,nan
5829.079,1.545864e-05,0.0,nan,nan,nan
5829.174,1.545605e-05,0.0,nan,nan,nan
5829.259,1.545717e-05,0.0,nan,nan,nan
5829.359,1.54578e-05,0.0,nan,nan,nan
5829.446,1.545617e-05,0.0,nan,nan,nan
5829.553,1.54583e-05,0.0,nan,nan,nan
5829.636,1.546109e-05,0.0,nan,nan,nan
5829.728,1.545826e-05,0.0,nan,nan,nan
5829.812,1.545959e-05,0.0,nan,nan,nan
5829.896,1.545744e-05,0.0,nan,nan,nan
5829.979,1.545811e-05,0.0,nan,nan,nan
5830.063,1.546315e-05,0.0,nan,nan,nan
5830.146,1.545848e-05,0.0,nan,nan,nan
5830.23,1.546062e-05,0.0,nan,nan,nan
5830.328,1.54606e-05,0.0,nan,nan,nan
5830.412,1.545745e-05,0.0,nan,nan,nan
5830.496,1.546256e-05,0.0,nan,nan,nan
5830.58,1.545659e-05,0.0,nan,nan,nan
5830.663,1.545705e-05,0.0,nan,nan,nan
5830.751,1.545791e-05,0.0,nan,nan,nan
5830.835,1.545789e-05,0.0,nan,nan,nan
5830.939,1.545905e-05,0.0,nan,nan,nan
5831.023,1.546267e-05,0.0,nan,nan,nan
5831.107,1.54615e-05,0.0,nan,nan,nan
5831.191,1.545709e-05,0.0,nan,nan,nan
5831.274,1.546083e-05,0.0,nan,nan,nan
5831.358,1.545869e-05,0.0,nan,nan,nan
5831.441,1.545526e-05,0.0,nan,nan,nan
5831.525,1.545196e-05,0.0,nan,nan,nan
5831.618,1.545508e-05,0.0,nan,nan,nan
5831.703,1.545435e-05,0.0,nan,nan,nan
5831.786,1.546047e-05,0.0,nan,nan,nan
5831.87,1.545965e-05,0.0,nan,nan,nan
5831.961,1.545254e-05,0.0,nan,nan,nan
5832.046,1.54568e-05,0.0,nan,nan,nan
5832.137,1.54567e-05,0.0,nan,nan,nan
5832.22,1.54549e-05,0.0,nan,nan,nan
5832.304,1.545702e-05,0.0,nan,nan,nan
5832.388,1.545675e-05,0.0,nan,nan,nan
5832.472,1.545704e-05,0.0,nan,nan,nan
5832.556,1.545506e-05,0.0,nan,nan,nan
5832.639,1.545821e-05,0.0,nan,nan,nan
5832.726,1.545873e-05,0.0,nan,nan,nan
5832.81,1.545482e-05,0.0,nan,nan,nan
5832.894,1.545662e-05,0.0,nan,nan,nan
5832.989,1.545438e-05,0.0,nan,nan,nan
5833.073,1.545484e-05,0.0,nan,nan,nan
5833.164,1.545239e-05,0.0,nan,nan,nan
5833.247,1.5457e-05,0.0,nan,nan,nan
5833.333,1.545765e-05,0.0,nan,nan,nan
5833.416,1.545877e-05,0.0,nan,nan,nan
5833.5,1.545602e-05,0.0,nan,nan,nan
5833.592,1.545685e-05,0.0,nan,nan,nan
5833.676,1.545406e-05,0.0,nan,nan,nan
5833.783,1.545035e-05,0.0,nan,nan,nan
5833.867,1.545475e-05,0.0,nan,nan,nan
5833.969,1.545642e-05,0.0,nan,nan,nan
5834.053,1.545794e-05,0.0,nan,nan,nan
5834.139,1.545991e-05,0.0,nan,nan,nan
5834.223,1.545918e-05,0.0,nan,nan,nan
5834.306,1.546007e-05,0.0,nan,nan,nan
5834.39,1.545885e-05,0.0,nan,nan,nan
5834.474,1.546458e-05,0.0,nan,nan,nan
5834.558,1.54594e-05,0.0,nan,nan,nan
5834.642,1.545872e-05,0.0,nan,nan,nan
5834.726,1.545756e-05,0.0,nan,nan,nan
5834.809,1.545853e-05,0.0,nan,nan,nan
5834.901,1.545883e-05,0.0,nan,nan,nan
5835.013,1.54561e-05,0.0,nan,nan,nan
5835.099,1.54595e-05,0.0,nan,nan,nan
5835.183,1.545592e-05,0.0,nan,nan,nan
5835.267,1.545774e-05,0.0,nan,nan,nan
5835.352,1.545871e-05,0.0,nan,nan,nan
5835.436,1.545712e-05,0.0,nan,nan,nan
5835.519,1.546111e-05,0.0,nan,nan,nan
5835.633,1.545491e-05,0.0,nan,nan,nan
5835.717,1.545453e-05,0.0,nan,nan,nan
5835.805,1.545656e-05,0.0,nan,nan,nan
5835.889,1.545142e-05,0.0,nan,nan,nan
5835.973,1.545818e-05,0.0,nan,nan,nan
5836.056,1.545888e-05,0.0,nan,nan,nan
5836.14,1.545332e-05,0.0,nan,nan,nan
5836.239,1.54558e-05,0.0,nan,nan,nan
5836.323,1.545589e-05,0.0,nan,nan,nan
5836.407,1.545899e-05,0.0,nan,nan,nan
5836.491,1.545821e-05,0.0,nan,nan,nan
5836.574,1.54586e-05,0.0,nan,nan,nan
5836.658,1.546029e-05,0.0,nan,nan,nan
5836.745,1.545772e-05,0.0,nan,nan,nan
5836.842,1.545844e-05,0.0,nan,nan,nan
5836.925,1.546041e-05,0.0,nan,nan,nan
5837.009,1.545667e-05,0.0,nan,nan,nan
5837.093,1.545324e-05,0.0,nan,nan,nan
5837.178,1.545306e-05,0.0,nan,nan,nan
5837.278,1.545235e-05,0.0,nan,nan,nan
5837.365,1.545109e-05,0.0,nan,nan,nan
5837.462,1.54529e-05,0.0,nan,nan,nan
5837.546,1.545054e-05,0.0,nan,nan,nan
5837.63,1.545084e-05,0.0,nan,nan,nan
5837.741,1.544992e-05,0.0,nan,nan,nan
5837.825,1.545555e-05,0.0,nan,nan,nan
5837.909,1.545434e-05,0.0,nan,nan,nan
5837.993,1.54529e-05,0.0,nan,nan,nan
5838.084,1.54554e-05,0.0,nan,nan,nan
5838.168,1.545247e-05,0.0,nan,nan,nan
5838.251,1.545622e-05,0.0,nan,nan,nan
5838.335,1.545374e-05,0.0,nan,nan,nan
5838.418,1.545545e-05,0.0,nan,nan,nan
5838.502,1.545822e-05,0.0,nan,nan,nan
5838.585,1.545492e-05,0.0,nan,nan,nan
5838.669,1.545667e-05,0.0,nan,nan,nan
5838.752,1.545366e-05,0.0,nan,nan,nan
5838.836,1.545653e-05,0.0,nan,nan,nan
5838.92,1.545721e-05,0.0,nan,nan,nan
5839.003,1.545503e-05,0.0,nan,nan,nan
5839.093,1.545713e-05,0.0,nan,nan,nan
5839.177,1.546074e-05,0.0,nan,nan,nan
5839.262,1.545711e-05,0.0,nan,nan,nan
5839.346,1.545813e-05,0.0,nan,nan,nan
5839.431,1.545595e-05,0.0,nan,nan,nan
5839.531,1.54579e-05,0.0,nan,nan,nan
5839.614,1.545993e-05,0.0,nan,nan,nan
5839.718,1.545887e-05,0.0,nan,nan,nan
5839.816,1.545677e-05,0.0,nan,nan,nan
5839.924,1.545849e-05,0.0,nan,nan,nan
5840.008,1.545653e-05,0.0,nan,nan,nan
5840.118,1.545834e-05,0.0,nan,nan,nan
5840.202,1.545865e-05,0.0,nan,nan,nan
5840.286,1.545965e-05,0.0,nan,nan,nan
5840.369,1.54623e-05,0.0,nan,nan,nan
5840.453,1.546459e-05,0.0,nan,nan,nan
5840.537,1.546205e-05,0.0,nan,nan,nan
5840.62,1.546235e-05,0.0,nan,nan,nan
5840.728,1.546254e-05,0.0,nan,nan,nan
5840.811,1.545867e-05,0.0,nan,nan,nan
5840.895,1.545728e-05,0.0,nan,nan,nan
5840.978,1.545933e-05,0.0,nan,nan,nan
5841.062,1.545901e-05,0.0,nan,nan,nan
5841.151,1.546033e-05,0.0,nan,nan,nan
5841.235,1.545639e-05,0.0,nan,nan,nan
5841.318,1.546146e-05,0.0,nan,nan,nan
5841.402,1.546138e-05,0.0,nan,nan,nan
5841.486,1.545304e-05,0.0,nan,nan,nan
5841.569,1.546175e-05,0.0,nan,nan,nan
5841.653,1.545861e-05,0.0,nan,nan,nan
5841.737,1.546043e-05,0.0,nan,nan,nan
5841.821,1.545928e-05,0.0,nan,nan,nan
5841.904,1.545961e-05,0.0,nan,nan,nan
5841.991,1.546363e-05,0.0,nan,nan,nan
5842.075,1.546349e-05,0.0,nan,nan,nan
5842.159,1.546115e-05,0.0,nan,nan,nan
5842.242,1.545728e-05,0.0,nan,nan,nan
5842.328,1.546095e-05,0.0,nan,nan,nan
5842.412,1.54582e-05,0.0,nan,nan,nan
5842.495,1.54566e-05,0.0,nan,nan,nan
5842.584,1.545532e-05,0.0,nan,nan,nan
5842.667,1.545789e-05,0.0,nan,nan,nan
5842.775,1.54581e-05,0.0,nan,nan,nan
5842.859,1.545962e-05,0.0,nan,nan,nan
5842.943,1.54596e-05,0.0,nan,nan,nan
5843.027,1.546273e-05,0.0,nan,nan,nan
5843.11,1.545776e-05,0.0,nan,nan,nan
5843.199,1.545617e-05,0.0,nan,nan,nan
5843.282,1.545413e-05,0.0,nan,nan,nan
5843.388,1.545808e-05,0.0,nan,nan,nan
5843.471,1.545739e-05,0.0,nan,nan,nan
5843.557,1.545729e-05,0.0,nan,nan,nan
5843.64,1.545823e-05,0.0,nan,nan,nan
5843.725,1.54596e-05,0.0,nan,nan,nan
5843.81,1.545764e-05,0.0,nan,nan,nan
5843.925,1.545683e-05,0.0,nan,nan,nan
5844.008,1.545714e-05,0.0,nan,nan,nan
5844.092,1.545667e-05,0.0,nan,nan,nan
5844.176,1.545773e-05,0.0,nan,nan,nan
5844.259,1.54621e-05,0.0,nan,nan,nan
5844.343,1.54606e-05,0.0,nan,nan,nan
5844.437,1.545533e-05,0.0,nan,nan,nan
5844.52,1.545723e-05,0.0,nan,nan,nan
5844.604,1.545899e-05,0.0,nan,nan,nan
5844.688,1.545687e-05,0.0,nan,nan,nan
5844.771,1.545816e-05,0.0,nan,nan,nan
5844.855,1.545469e-05,0.0,nan,nan,nan
5844.939,1.545872e-05,0.0,nan,nan,nan
5845.032,1.545992e-05,0.0,nan,nan,nan
5845.115,1.545952e-05,0.0,nan,nan,nan
5845.199,1.545922e-05,0.0,nan,nan,nan
5845.283,1.546094e-05,0.0,nan,nan,nan
5845.367,1.545708e-05,0.0,nan,nan,nan
5845.451,1.545849e-05,0.0,nan,nan,nan
5845.535,1.546009e-05,0.0,nan,nan,nan
5845.629,1.545841e-05,0.0,nan,nan,nan
5845.713,1.54573e-05,0.0,nan,nan,nan
5845.796,1.545846e-05,0.0,nan,nan,nan
5845.88,1.545842e-05,0.0,nan,nan,nan
5845.965,1.54572e-05,0.0,nan,nan,nan
5846.05,1.545751e-05,0.0,nan,nan,nan
5846.134,1.545721e-05,0.0,nan,nan,nan
5846.222,1.545758e-05,0.0,nan,nan,nan
5846.306,1.545757e-05,0.0,nan,nan,nan
5846.389,1.545868e-05,0.0,nan,nan,nan
5846.475,1.545934e-05,0.0,nan,nan,nan
5846.559,1.545684e-05,0.0,nan,nan,nan
5846.663,1.546063e-05,0.0,nan,nan,nan
5846.746,1.546009e-05,0.0,nan,nan,nan
5846.83,1.546007e-05,0.0,nan,nan,nan
5846.914,1.54594e-05,0.0,nan,nan,nan
5846.997,1.546269e-05,0.0,nan,nan,nan
5847.081,1.546073e-05,0.0,nan,nan,nan
5847.165,1.545806e-05,0.0,nan,nan,nan
5847.271,1.545823e-05,0.0,nan,nan,nan
5847.355,1.545622e-05,0.0,nan,nan,nan
5847.441,1.545969e-05,0.0,nan,nan,nan
5847.525,1.545703e-05,0.0,nan,nan,nan
5847.609,1.546021e-05,0.0,nan,nan,nan
5847.694,1.545903e-05,0.0,nan,nan,nan
5847.785,1.545993e-05,0.0,nan,nan,nan
5847.891,1.545584e-05,0.0,nan,nan,nan
5847.979,1.54563e-05,0.0,nan,nan,nan
5848.1,1.545729e-05,0.0,nan,nan,nan
5848.184,1.545927e-05,0.0,nan,nan,nan
5848.284,1.546167e-05,0.0,nan,nan,nan
5848.368,1.545946e-05,0.0,nan,nan,nan
5848.452,1.546001e-05,0.0,nan,nan,nan
5848.535,1.545968e-05,0.0,nan,nan,nan
5848.619,1.546059e-05,0.0,nan,nan,nan
5848.705,1.546027e-05,0.0,nan,nan,nan
5848.788,1.546272e-05,0.0,nan,nan,nan
5848.887,1.545656e-05,0.0,nan,nan,nan
5848.971,1.545768e-05,0.0,nan,nan,nan
5849.054,1.546103e-05,0.0,nan,nan,nan
5849.138,1.545784e-05,0.0,nan,nan,nan
5849.221,1.545867e-05,0.0,nan,nan,nan
5849.311,1.546261e-05,0.0,nan,nan,nan
5849.395,1.546001e-05,0.0,nan,nan,nan
5849.479,1.545892e-05,0.0,nan,nan,nan
5849.562,1.545977e-05,0.0,nan,nan,nan
5849.649,1.546209e-05,0.0,nan,nan,nan
5849.75,1.545854e-05,0.0,nan,nan,nan
5849.834,1.545907e-05,0.0,nan,nan,nan
5849.925,1.545949e-05,0.0,nan,nan,nan
5850.008,1.545822e-05,0.0,nan,nan,nan
5850.112,1.545789e-05,0.0,nan,nan,nan
5850.196,1.546267e-05,0.0,nan,nan,nan
5850.28,1.545804e-05,0.0,nan,nan,nan
5850.363,1.546091e-05,0.0,nan,nan,nan
5850.447,1.545977e-05,0.0,nan,nan,nan
5850.533,1.546497e-05,0.0,nan,nan,nan
5850.617,1.546277e-05,0.0,nan,nan,nan
5850.701,1.546102e-05,0.0,nan,nan,nan
5850.785,1.54629e-05,0.0,nan,nan,nan
5850.868,1.546041e-05,0.0,nan,nan,nan
5850.952,1.546039e-05,0.0,nan,nan,nan
5851.036,1.546283e-05,0.0,nan,nan,nan
5851.142,1.545781e-05,0.0,nan,nan,nan
5851.23,1.545713e-05,0.0,nan,nan,nan
5851.329,1.545741e-05,0.0,nan,nan,nan
5851.413,1.545644e-05,0.0,nan,nan,nan
5851.5,1.545591e-05,0.0,nan,nan,nan
5851.584,1.545951e-05,0.0,nan,nan,nan
5851.668,1.545973e-05,0.0,nan,nan,nan
5851.774,1.545636e-05,0.0,nan,nan,nan
5851.858,1.546054e-05,0.0,nan,nan,nan
5851.962,1.54568e-05,0.0,nan,nan,nan
5852.046,1.545652e-05,0.0,nan,nan,nan
5852.129,1.545545e-05,0.0,nan,nan,nan
5852.257,1.546062e-05,0.0,nan,nan,nan
5852.359,1.545721e-05,0.0,nan,nan,nan
5852.443,1.545533e-05,0.0,nan,nan,nan
5852.528,1.545525e-05,0.0,nan,nan,nan
5852.612,1.545974e-05,0.0,nan,nan,nan
5852.697,1.545921e-05,0.0,nan,nan,nan
5852.809,1.545553e-05,0.0,nan,nan,nan
5852.896,1.545901e-05,0.0,nan,nan,nan
5853.0,1.545723e-05,0.0,nan,nan,nan
5853.084,1.545438e-05,0.0,nan,nan,nan
5853.168,1.546227e-05,0.0,nan,nan,nan
5853.251,1.545907e-05,0.0,nan,nan,nan
5853.336,1.546069e-05,0.0,nan,nan,nan
5853.42,1.54565e-05,0.0,nan,nan,nan
5853.503,1.546092e-05,0.0,nan,nan,nan
5853.601,1.546004e-05,0.0,nan,nan,nan
5853.685,1.545518e-05,0.0,nan,nan,nan
5853.768,1.545767e-05,0.0,nan,nan,nan
5853.852,1.54585e-05,0.0,nan,nan,nan
5853.936,1.545614e-05,0.0,nan,nan,nan
5854.02,1.546088e-05,0.0,nan,nan,nan
5854.104,1.546023e-05,0.0,nan,nan,nan
5854.205,1.546198e-05,0.0,nan,nan,nan
5854.326,1.545734e-05,0.0,nan,nan,nan
5854.425,1.546106e-05,0.0,nan,nan,nan
5854.51,1.54595e-05,0.0,nan,nan,nan
5854.606,1.545798e-05,0.0,nan,nan,nan
5854.69,1.545487e-05,0.0,nan,nan,nan
5854.773,1.546418e-05,0.0,nan,nan,nan
5854.857,1.545945e-05,0.0,nan,nan,nan
5854.94,1.546016e-05,0.0,nan,nan,nan
5855.025,1.546314e-05,0.0,nan,nan,nan
5855.109,1.546037e-05,0.0,nan,nan,nan
5855.216,1.546167e-05,0.0,nan,nan,nan
5855.299,1.54577e-05,0.0,nan,nan,nan
5855.405,1.546075e-05,0.0,nan,nan,nan
5855.489,1.546042e-05,0.0,nan,nan,nan
5855.573,1.545943e-05,0.0,nan,nan,nan
5855.657,1.545884e-05,0.0,nan,nan,nan
5855.741,1.546205e-05,0.0,nan,nan,nan
5855.826,1.546549e-05,0.0,nan,nan,nan
5855.91,1.546079e-05,0.0,nan,nan,nan
5855.993,1.546104e-05,0.0,nan,nan,nan
5856.077,1.546031e-05,0.0,nan,nan,nan
5856.16,1.545682e-05,0.0,nan,nan,nan
5856.248,1.545638e-05,0.0,nan,nan,nan
5856.332,1.546085e-05,0.0,nan,nan,nan
5856.416,1.54584e-05,0.0,nan,nan,nan
5856.5,1.546112e-05,0.0,nan,nan,nan
5856.584,1.546272e-05,0.0,nan,nan,nan
5856.667,1.546033e-05,0.0,nan,nan,nan
5856.751,1.545823e-05,0.0,nan,nan,nan
5856.846,1.545969e-05,0.0,nan,nan,nan
5856.929,1.545845e-05,0.0,nan,nan,nan
5857.039,1.546008e-05,0.0,nan,nan,nan
5857.123,1.54554e-05,0.0,nan,nan,nan
5857.207,1.545664e-05,0.0,nan,nan,nan
5857.29,1.545813e-05,0.0,nan,nan,nan
5857.377,1.545907e-05,0.0,nan,nan,nan
5857.482,1.54587e-05,0.0,nan,nan,nan
5857.568,1.545825e-05,0.0,nan,nan,nan
5857.678,1.545827e-05,0.0,nan,nan,nan
5857.765,1.546335e-05,0.0,nan,nan,nan
5857.851,1.546064e-05,0.0,nan,nan,nan
5857.934,1.545812e-05,0.0,nan,nan,nan
5858.019,1.546421e-05,0.0,nan,nan,nan
5858.103,1.545793e-05,0.0,nan,nan,nan
5858.187,1.546263e-05,0.0,nan,nan,nan
5858.28,1.546134e-05,0.0,nan,nan,nan
5858.364,1.546681e-05,0.0,nan,nan,nan
5858.467,1.546339e-05,0.0,nan,nan,nan
5858.553,1.546459e-05,0.0,nan,nan,nan
5858.637,1.546144e-05,0.0,nan,nan,nan
5858.72,1.54609e-05,0.0,nan,nan,nan
5858.804,1.546082e-05,0.0,nan,nan,nan
5858.897,1.546052e-05,0.0,nan,nan,nan
5858.981,1.545776e-05,0.0,nan,nan,nan
5859.065,1.546233e-05,0.0,nan,nan,nan
5859.148,1.545812e-05,0.0,nan,nan,nan
5859.233,1.54561e-05,0.0,nan,nan,nan
5859.317,1.545984e-05,0.0,nan,nan,nan
5859.4,1.546133e-05,0.0,nan,nan,nan
5859.513,1.545926e-05,0.0,nan,nan,nan
5859.597,1.54568e-05,0.0,nan,nan,nan
5859.681,1.545622e-05,0.0,nan,nan,nan
5859.764,1.545843e-05,0.0,nan,nan,nan
5859.848,1.545857e-05,0.0,nan,nan,nan
5859.934,1.546098e-05,0.0,nan,nan,nan
5860.018,1.545756e-05,0.0,nan,nan,nan
5860.101,1.545301e-05,0.0,nan,nan,nan
5860.185,1.54566e-05,0.0,nan,nan,nan
5860.269,1.545523e-05,0.0,nan,nan,nan
5860.353,1.546156e-05,0.0,nan,nan,nan
5860.436,1.545732e-05,0.0,nan,nan,nan
5860.534,1.545828e-05,0.0,nan,nan,nan
5860.617,1.545912e-05,0.0,nan,nan,nan
5860.723,1.545694e-05,0.0,nan,nan,nan
5860.807,1.545871e-05,0.0,nan,nan,nan
5860.891,1.546072e-05,0.0,nan,nan,nan
5860.974,1.546258e-05,0.0,nan,nan,nan
5861.059,1.546245e-05,0.0,nan,nan,nan
5861.143,1.54636e-05,0.0,nan,nan,nan
5861.233,1.545981e-05,0.0,nan,nan,nan
5861.317,1.546247e-05,0.0,nan,nan,nan
5861.401,1.54607e-05,0.0,nan,nan,nan
5861.484,1.546384e-05,0.0,nan,nan,nan
5861.569,1.545647e-05,0.0,nan,nan,nan
5861.653,1.546496e-05,0.0,nan,nan,nan
5861.736,1.546274e-05,0.0,nan,nan,nan
5861.82,1.546082e-05,0.0,nan,nan,nan
5861.903,1.545498e-05,0.0,nan,nan,nan
5861.99,1.545731e-05,0.0,nan,nan,nan
5862.073,1.546018e-05,0.0,nan,nan,nan
5862.156,1.546178e-05,0.0,nan,nan,nan
5862.24,1.54584e-05,0.0,nan,nan,nan
5862.324,1.545745e-05,0.0,nan,nan,nan
5862.407,1.545777e-05,0.0,nan,nan,nan
5862.491,1.546062e-05,0.0,nan,nan,nan
5862.575,1.546242e-05,0.0,nan,nan,nan
5862.659,1.546143e-05,0.0,nan,nan,nan
5862.743,1.545985e-05,0.0,nan,nan,nan
5862.826,1.54569e-05,0.0,nan,nan,nan
5862.913,1.545933e-05,0.0,nan,nan,nan
5862.996,1.546462e-05,0.0,nan,nan,nan
5863.082,1.546394e-05,0.0,nan,nan,nan
5863.166,1.546342e-05,0.0,nan,nan,nan
5863.25,1.546165e-05,0.0,nan,nan,nan
5863.337,1.546658e-05,0.0,nan,nan,nan
5863.421,1.546675e-05,0.0,nan,nan,nan
5863.504,1.546606e-05,0.0,nan,nan,nan
5863.59,1.546477e-05,0.0,nan,nan,nan
5863.674,1.546401e-05,0.0,nan,nan,nan
5863.774,1.546263e-05,0.0,nan,nan,nan
5863.858,1.546203e-05,0.0,nan,nan,nan
5863.946,1.546294e-05,0.0,nan,nan,nan
5864.03,1.546341e-05,0.0,nan,nan,nan
5864.114,1.546679e-05,0.0,nan,nan,nan
5864.218,1.546714e-05,0.0,nan,nan,nan
5864.303,1.546263e-05,0.0,nan,nan,nan
5864.418,1.546176e-05,0.0,nan,nan,nan
5864.502,1.546714e-05,0.0,nan,nan,nan
5864.586,1.546342e-05,0.0,nan,nan,nan
5864.671,1.546272e-05,0.0,nan,nan,nan
5864.755,1.546025e-05,0.0,nan,nan,nan
5864.839,1.545971e-05,0.0,nan,nan,nan
5864.923,1.546221e-05,0.0,nan,nan,nan
5865.009,1.545879e-05,0.0,nan,nan,nan
5865.092,1.546048e-05,0.0,nan,nan,nan
5865.176,1.546316e-05,0.0,nan,nan,nan
5865.259,1.546244e-05,0.0,nan,nan,nan
5865.343,1.545787e-05,0.0,nan,nan,nan
5865.427,1.546036e-05,0.0,nan,nan,nan
5865.511,1.546144e-05,0.0,nan,nan,nan
5865.612,1.546372e-05,0.0,nan,nan,nan
5865.695,1.546245e-05,0.0,nan,nan,nan
5865.779,1.546785e-05,0.0,nan,nan,nan
5865.862,1.546494e-05,0.0,nan,nan,nan
5865.946,1.546223e-05,0.0,nan,nan,nan
5866.052,1.546476e-05,0.0,nan,nan,nan
5866.135,1.546541e-05,0.0,nan,nan,nan
5866.241,1.546616e-05,0.0,nan,nan,nan
5866.325,1.546089e-05,0.0,nan,nan,nan
5866.42,1.546449e-05,0.0,nan,nan,nan
5866.504,1.54602e-05,0.0,nan,nan,nan
5866.589,1.54613e-05,0.0,nan,nan,nan
5866.673,1.545617e-05,0.0,nan,nan,nan
5866.757,1.546103e-05,0.0,nan,nan,nan
5866.843,1.545884e-05,0.0,nan,nan,nan
5866.927,1.546491e-05,0.0,nan,nan,nan
5867.01,1.546655e-05,0.0,nan,nan,nan
5867.094,1.54628e-05,0.0,nan,nan,nan
5867.177,1.546036e-05,0.0,nan,nan,nan
5867.277,1.546035e-05,0.0,nan,nan,nan
5867.363,1.545889e-05,0.0,nan,nan,nan
5867.466,1.546395e-05,0.0,nan,nan,nan
5867.55,1.546681e-05,0.0,nan,nan,nan
5867.634,1.545989e-05,0.0,nan,nan,nan
5867.717,1.546085e-05,0.0,nan,nan,nan
5867.801,1.546353e-05,0.0,nan,nan,nan
5867.885,1.546124e-05,0.0,nan,nan,nan
5867.968,1.546205e-05,0.0,nan,nan,nan
5868.074,1.545842e-05,0.0,nan,nan,nan
5868.158,1.546061e-05,0.0,nan,nan,nan
5868.241,1.546469e-05,0.0,nan,nan,nan
5868.325,1.546411e-05,0.0,nan,nan,nan
5868.409,1.546095e-05,0.0,nan,nan,nan
5868.514,1.546213e-05,0.0,nan,nan,nan
5868.6,1.546527e-05,0.0,nan,nan,nan
5868.698,1.545832e-05,0.0,nan,nan,nan
5868.792,1.546236e-05,0.0,nan,nan,nan
5868.884,1.546103e-05,0.0,nan,nan,nan
5868.967,1.546519e-05,0.0,nan,nan,nan
5869.051,1.54655e-05,0.0,nan,nan,nan
5869.135,1.546138e-05,0.0,nan,nan,nan
5869.218,1.546214e-05,0.0,nan,nan,nan
5869.309,1.546142e-05,0.0,nan,nan,nan
5869.393,1.546115e-05,0.0,nan,nan,nan
5869.476,1.545693e-05,0.0,nan,nan,nan
5869.56,1.545841e-05,0.0,nan,nan,nan
5869.644,1.545983e-05,0.0,nan,nan,nan
5869.728,1.546048e-05,0.0,nan,nan,nan
5869.817,1.546269e-05,0.0,nan,nan,nan
5869.91,1.546377e-05,0.0,nan,nan,nan
5869.993,1.546486e-05,0.0,nan,nan,nan
5870.078,1.546333e-05,0.0,nan,nan,nan
5870.161,1.54575e-05,0.0,nan,nan,nan
5870.245,1.546078e-05,0.0,nan,nan,nan
5870.338,1.546231e-05,0.0,nan,nan,nan
5870.422,1.545977e-05,0.0,nan,nan,nan
5870.527,1.546005e-05,0.0,nan,nan,nan
5870.611,1.5464e-05,0.0,nan,nan,nan
5870.697,1.546587e-05,0.0,nan,nan,nan
5870.781,1.546413e-05,0.0,nan,nan,nan
5870.876,1.546265e-05,0.0,nan,nan,nan
5870.969,1.546489e-05,0.0,nan,nan,nan
5871.052,1.546655e-05,0.0,nan,nan,nan
5871.143,1.546148e-05,0.0,nan,nan,nan
5871.227,1.546201e-05,0.0,nan,nan,nan
5871.316,1.546276e-05,0.0,nan,nan,nan
5871.4,1.545985e-05,0.0,nan,nan,nan
5871.483,1.54622e-05,0.0,nan,nan,nan
5871.567,1.546044e-05,0.0,nan,nan,nan
5871.651,1.546308e-05,0.0,nan,nan,nan
5871.753,1.546387e-05,0.0,nan,nan,nan
5871.837,1.545675e-05,0.0,nan,nan,nan
5871.92,1.546113e-05,0.0,nan,nan,nan
5872.003,1.545587e-05,0.0,nan,nan,nan
5872.087,1.546092e-05,0.0,nan,nan,nan
5872.171,1.546182e-05,0.0,nan,nan,nan
5872.254,1.546251e-05,0.0,nan,nan,nan
5872.361,1.546216e-05,0.0,nan,nan,nan
5872.447,1.546305e-05,0.0,nan,nan,nan
5872.555,1.546277e-05,0.0,nan,nan,nan
5872.638,1.54617e-05,0.0,nan,nan,nan
5872.722,1.546375e-05,0.0,nan,nan,nan
5872.806,1.546078e-05,0.0,nan,nan,nan
5872.908,1.546037e-05,0.0,nan,nan,nan
5872.992,1.545905e-05,0.0,nan,nan,nan
5873.076,1.545489e-05,0.0,nan,nan,nan
5873.172,1.545586e-05,0.0,nan,nan,nan
5873.256,1.545557e-05,0.0,nan,nan,nan
5873.36,1.546103e-05,0.0,nan,nan,nan
5873.443,1.546086e-05,0.0,nan,nan,nan
5873.527,1.545919e-05,0.0,nan,nan,nan
5873.611,1.545779e-05,0.0,nan,nan,nan
5873.696,1.546046e-05,0.0,nan,nan,nan
5873.785,1.546123e-05,0.0,nan,nan,nan
5873.873,1.546132e-05,0.0,nan,nan,nan
5873.957,1.545907e-05,0.0,nan,nan,nan
5874.04,1.545602e-05,0.0,nan,nan,nan
5874.124,1.545662e-05,0.0,nan,nan,nan
5874.208,1.546109e-05,0.0,nan,nan,nan
5874.297,1.546136e-05,0.0,nan,nan,nan
5874.404,1.54606e-05,0.0,nan,nan,nan
5874.488,1.546178e-05,0.0,nan,nan,nan
5874.579,1.546235e-05,0.0,nan,nan,nan
5874.663,1.54628e-05,0.0,nan,nan,nan
5874.746,1.54569e-05,0.0,nan,nan,nan
5874.83,1.546498e-05,0.0,nan,nan,nan
5874.914,1.546148e-05,0.0,nan,nan,nan
5875.012,1.546361e-05,0.0,nan,nan,nan
5875.095,1.546133e-05,0.0,nan,nan,nan
5875.179,1.546083e-05,0.0,nan,nan,nan
5875.263,1.546382e-05,0.0,nan,nan,nan
5875.347,1.546628e-05,0.0,nan,nan,nan
5875.434,1.546637e-05,0.0,nan,nan,nan
5875.517,1.546974e-05,0.0,nan,nan,nan
5875.611,1.546792e-05,0.0,nan,nan,nan
5875.694,1.546565e-05,0.0,nan,nan,nan
5875.778,1.546768e-05,0.0,nan,nan,nan
5875.861,1.546439e-05,0.0,nan,nan,nan
5875.945,1.546593e-05,0.0,nan,nan,nan
5876.033,1.546759e-05,0.0,nan,nan,nan
5876.116,1.54623e-05,0.0,nan,nan,nan
5876.2,1.546361e-05,0.0,nan,nan,nan
5876.284,1.546265e-05,0.0,nan,nan,nan
5876.369,1.546242e-05,0.0,nan,nan,nan
5876.452,1.545945e-05,0.0,nan,nan,nan
5876.536,1.546223e-05,0.0,nan,nan,nan
5876.632,1.546134e-05,0.0,nan,nan,nan
5876.715,1.546116e-05,0.0,nan,nan,nan
5876.799,1.546083e-05,0.0,nan,nan,nan
5876.883,1.545899e-05,0.0,nan,nan,nan
5876.967,1.546005e-05,0.0,nan,nan,nan
5877.065,1.54619e-05,0.0,nan,nan,nan
5877.149,1.546539e-05,0.0,nan,nan,nan
5877.255,1.546613e-05,0.0,nan,nan,nan
5877.338,1.546496e-05,0.0,nan,nan,nan
5877.422,1.546568e-05,0.0,nan,nan,nan
5877.506,1.546025e-05,0.0,nan,nan,nan
5877.589,1.546114e-05,0.0,nan,nan,nan
5877.673,1.546308e-05,0.0,nan,nan,nan
5877.756,1.546256e-05,0.0,nan,nan,nan
5877.858,1.546475e-05,0.0,nan,nan,nan
5877.944,1.546611e-05,0.0,nan,nan,nan
5878.028,1.546588e-05,0.0,nan,nan,nan
5878.111,1.546208e-05,0.0,nan,nan,nan
5878.197,1.546431e-05,0.0,nan,nan,nan
5878.281,1.546183e-05,0.0,nan,nan,nan
5878.365,1.546086e-05,0.0,nan,nan,nan
5878.449,1.546532e-05,0.0,nan,nan,nan
5878.533,1.546323e-05,0.0,nan,nan,nan
5878.617,1.546237e-05,0.0,nan,nan,nan
5878.7,1.546277e-05,0.0,nan,nan,nan
5878.784,1.546377e-05,0.0,nan,nan,nan
5878.87,1.545964e-05,0.0,nan,nan,nan
5878.954,1.546502e-05,0.0,nan,nan,nan
5879.039,1.545956e-05,0.0,nan,nan,nan
5879.149,1.546024e-05,0.0,nan,nan,nan
5879.233,1.545947e-05,0.0,nan,nan,nan
5879.316,1.54613e-05,0.0,nan,nan,nan
5879.4,1.546408e-05,0.0,nan,nan,nan
5879.484,1.546528e-05,0.0,nan,nan,nan
5879.568,1.54617e-05,0.0,nan,nan,nan
5879.652,1.546267e-05,0.0,nan,nan,nan
5879.736,1.546161e-05,0.0,nan,nan,nan
5879.819,1.546063e-05,0.0,nan,nan,nan
5879.919,1.546635e-05,0.0,nan,nan,nan
5880.002,1.546516e-05,0.0,nan,nan,nan
5880.103,1.546277e-05,0.0,nan,nan,nan
5880.186,1.546035e-05,0.0,nan,nan,nan
5880.271,1.545683e-05,0.0,nan,nan,nan
5880.355,1.546786e-05,0.0,nan,nan,nan
5880.438,1.546448e-05,0.0,nan,nan,nan
5880.523,1.546702e-05,0.0,nan,nan,nan
5880.606,1.546513e-05,0.0,nan,nan,nan
5880.69,1.546222e-05,0.0,nan,nan,nan
5880.774,1.546448e-05,0.0,nan,nan,nan
5880.857,1.546362e-05,0.0,nan,nan,nan
5880.941,1.54611e-05,0.0,nan,nan,nan
5881.03,1.546351e-05,0.0,nan,nan,nan
5881.118,1.546345e-05,0.0,nan,nan,nan
5881.225,1.54647e-05,0.0,nan,nan,nan
5881.32,1.546022e-05,0.0,nan,nan,nan
5881.404,1.546076e-05,0.0,nan,nan,nan
5881.488,1.545911e-05,0.0,nan,nan,nan
5881.571,1.546135e-05,0.0,nan,nan,nan
5881.655,1.545776e-05,0.0,nan,nan,nan
5881.743,1.545848e-05,0.0,nan,nan,nan
5881.829,1.545922e-05,0.0,nan,nan,nan
5881.913,1.545904e-05,0.0,nan,nan,nan
5881.996,1.546095e-05,0.0,nan,nan,nan
5882.081,1.546047e-05,0.0,nan,nan,nan
5882.165,1.545999e-05,0.0,nan,nan,nan
5882.249,1.546383e-05,0.0,nan,nan,nan
5882.363,1.546235e-05,0.0,nan,nan,nan
5882.447,1.545952e-05,0.0,nan,nan,nan
5882.531,1.546066e-05,0.0,nan,nan,nan
5882.615,1.546001e-05,0.0,nan,nan,nan
5882.701,1.546165e-05,0.0,nan,nan,nan
5882.792,1.546247e-05,0.0,nan,nan,nan
5882.878,1.545925e-05,0.0,nan,nan,nan
5882.98,1.545879e-05,0.0,nan,nan,nan
5883.065,1.545176e-05,0.0,nan,nan,nan
5883.149,1.545529e-05,0.0,nan,nan,nan
5883.234,1.545159e-05,0.0,nan,nan,nan
5883.35,1.545692e-05,0.0,nan,nan,nan
5883.435,1.54555e-05,0.0,nan,nan,nan
5883.52,1.545744e-05,0.0,nan,nan,nan
5883.604,1.545836e-05,0.0,nan,nan,nan
5883.687,1.545534e-05,0.0,nan,nan,nan
5883.794,1.54574e-05,0.0,nan,nan,nan
5883.881,1.546132e-05,0.0,nan,nan,nan
5883.981,1.546067e-05,0.0,nan,nan,nan
5884.065,1.546051e-05,0.0,nan,nan,nan
5884.148,1.545792e-05,0.0,nan,nan,nan
5884.231,1.545696e-05,0.0,nan,nan,nan
5884.315,1.545966e-05,0.0,nan,nan,nan
5884.4,1.546252e-05,0.0,nan,nan,nan
5884.484,1.54586e-05,0.0,nan,nan,nan
5884.567,1.545953e-05,0.0,nan,nan,nan
5884.651,1.545672e-05,0.0,nan,nan,nan
5884.734,1.545899e-05,0.0,nan,nan,nan
5884.818,1.546347e-05,0.0,nan,nan,nan
5884.901,1.545958e-05,0.0,nan,nan,nan
5885.004,1.546214e-05,0.0,nan,nan,nan
5885.088,1.546279e-05,0.0,nan,nan,nan
5885.171,1.546282e-05,0.0,nan,nan,nan
5885.255,1.546353e-05,0.0,nan,nan,nan
5885.338,1.546454e-05,0.0,nan,nan,nan
5885.44,1.545956e-05,0.0,nan,nan,nan
5885.542,1.546283e-05,0.0,nan,nan,nan
5885.626,1.545907e-05,0.0,nan,nan,nan
5885.713,1.546367e-05,0.0,nan,nan,nan
5885.822,1.545992e-05,0.0,nan,nan,nan
5885.906,1.545828e-05,0.0,nan,nan,nan
5885.99,1.546242e-05,0.0,nan,nan,nan
5886.074,1.546231e-05,0.0,nan,nan,nan
5886.157,1.546214e-05,0.0,nan,nan,nan
5886.241,1.545954e-05,0.0,nan,nan,nan
5886.332,1.546051e-05,0.0,nan,nan,nan
5886.416,1.546201e-05,0.0,nan,nan,nan
5886.499,1.545977e-05,0.0,nan,nan,nan
5886.583,1.546217e-05,0.0,nan,nan,nan
5886.694,1.546482e-05,0.0,nan,nan,nan
5886.778,1.546873e-05,0.0,nan,nan,nan
5886.864,1.546103e-05,0.0,nan,nan,nan
5886.952,1.546317e-05,0.0,nan,nan,nan
5887.036,1.545746e-05,0.0,nan,nan,nan
5887.123,1.546396e-05,0.0,nan,nan,nan
5887.208,1.546633e-05,0.0,nan,nan,nan
5887.293,1.546506e-05,0.0,nan,nan,nan
5887.383,1.546062e-05,0.0,nan,nan,nan
5887.492,1.546085e-05,0.0,nan,nan,nan
5887.578,1.54637e-05,0.0,nan,nan,nan
5887.662,1.546152e-05,0.0,nan,nan,nan
5887.745,1.546375e-05,0.0,nan,nan,nan
5887.829,1.546473e-05,0.0,nan,nan,nan
5887.913,1.546105e-05,0.0,nan,nan,nan
5888.002,1.5463e-05,0.0,nan,nan,nan
5888.086,1.546269e-05,0.0,nan,nan,nan
5888.169,1.546113e-05,0.0,nan,nan,nan
5888.278,1.545686e-05,0.0,nan,nan,nan
5888.361,1.546253e-05,0.0,nan,nan,nan
5888.445,1.546221e-05,0.0,nan,nan,nan
5888.528,1.546009e-05,0.0,nan,nan,nan
5888.614,1.546418e-05,0.0,nan,nan,nan
5888.7,1.54613e-05,0.0,nan,nan,nan
5888.784,1.545989e-05,0.0,nan,nan,nan
5888.868,1.546087e-05,0.0,nan,nan,nan
5888.951,1.545889e-05,0.0,nan,nan,nan
5889.037,1.54596e-05,0.0,nan,nan,nan
5889.12,1.546116e-05,0.0,nan,nan,nan
5889.204,1.545967e-05,0.0,nan,nan,nan
5889.298,1.546099e-05,0.0,nan,nan,nan
5889.382,1.546472e-05,0.0,nan,nan,nan
5889.484,1.546157e-05,0.0,nan,nan,nan
5889.578,1.54612e-05,0.0,nan,nan,nan
5889.661,1.546596e-05,0.0,nan,nan,nan
5889.745,1.546149e-05,0.0,nan,nan,nan
5889.833,1.545899e-05,0.0,nan,nan,nan
5889.924,1.546305e-05,0.0,nan,nan,nan
5890.007,1.545888e-05,0.0,nan,nan,nan
5890.091,1.546046e-05,0.0,nan,nan,nan
5890.192,1.545898e-05,0.0,nan,nan,nan
5890.277,1.545984e-05,0.0,nan,nan,nan
5890.367,1.545638e-05,0.0,nan,nan,nan
5890.451,1.545956e-05,0.0,nan,nan,nan
5890.559,1.545804e-05,0.0,nan,nan,nan
5890.643,1.546013e-05,0.0,nan,nan,nan
5890.726,1.545557e-05,0.0,nan,nan,nan
5890.81,1.545918e-05,0.0,nan,nan,nan
5890.893,1.545922e-05,0.0,nan,nan,nan
5890.988,1.545943e-05,0.0,nan,nan,nan
5891.071,1.545701e-05,0.0,nan,nan,nan
5891.162,1.546194e-05,0.0,nan,nan,nan
5891.245,1.545747e-05,0.0,nan,nan,nan
5891.341,1.545327e-05,0.0,nan,nan,nan
5891.425,1.545542e-05,0.0,nan,nan,nan
5891.523,1.545866e-05,0.0,nan,nan,nan
5891.642,1.545444e-05,0.0,nan,nan,nan
5891.726,1.546049e-05,0.0,nan,nan,nan
5891.809,1.545312e-05,0.0,nan,nan,nan
5891.893,1.545589e-05,0.0,nan,nan,nan
5891.977,1.545766e-05,0.0,nan,nan,nan
5892.06,1.545476e-05,0.0,nan,nan,nan
5892.146,1.545314e-05,0.0,nan,nan,nan
5892.233,1.545912e-05,0.0,nan,nan,nan
5892.334,1.546085e-05,0.0,nan,nan,nan
5892.418,1.545748e-05,0.0,nan,nan,nan
5892.502,1.545582e-05,0.0,nan,nan,nan
5892.586,1.545563e-05,0.0,nan,nan,nan
5892.669,1.546122e-05,0.0,nan,nan,nan
5892.777,1.545804e-05,0.0,nan,nan,nan
5892.864,1.545969e-05,0.0,nan,nan,nan
5892.948,1.545967e-05,0.0,nan,nan,nan
5893.032,1.545918e-05,0.0,nan,nan,nan
5893.116,1.545888e-05,0.0,nan,nan,nan
5893.205,1.545565e-05,0.0,nan,nan,nan
5893.288,1.545822e-05,0.0,nan,nan,nan
5893.377,1.545765e-05,0.0,nan,nan,nan
5893.464,1.545537e-05,0.0,nan,nan,nan
5893.548,1.545676e-05,0.0,nan,nan,nan
5893.631,1.545743e-05,0.0,nan,nan,nan
5893.744,1.545625e-05,0.0,nan,nan,nan
5893.83,1.545595e-05,0.0,nan,nan,nan
5893.915,1.54562e-05,0.0,nan,nan,nan
5894.001,1.545609e-05,0.0,nan,nan,nan
5894.085,1.545423e-05,0.0,nan,nan,nan
5894.189,1.545913e-05,0.0,nan,nan,nan
5894.273,1.545789e-05,0.0,nan,nan,nan
5894.357,1.545617e-05,0.0,nan,nan,nan
5894.441,1.546039e-05,0.0,nan,nan,nan
5894.524,1.546396e-05,0.0,nan,nan,nan
5894.608,1.545954e-05,0.0,nan,nan,nan
5894.692,1.546216e-05,0.0,nan,nan,nan
5894.775,1.545772e-05,0.0,nan,nan,nan
5894.859,1.546003e-05,0.0,nan,nan,nan
5894.943,1.546013e-05,0.0,nan,nan,nan
5895.029,1.545592e-05,0.0,nan,nan,nan
5895.113,1.545449e-05,0.0,nan,nan,nan
5895.217,1.545702e-05,0.0,nan,nan,nan
5895.301,1.546012e-05,0.0,nan,nan,nan
5895.402,1.545875e-05,0.0,nan,nan,nan
5895.486,1.545834e-05,0.0,nan,nan,nan
5895.573,1.545871e-05,0.0,nan,nan,nan
5895.657,1.545841e-05,0.0,nan,nan,nan
5895.741,1.545772e-05,0.0,nan,nan,nan
5895.824,1.546189e-05,0.0,nan,nan,nan
5895.908,1.545504e-05,0.0,nan,nan,nan
5895.991,1.545654e-05,0.0,nan,nan,nan
5896.075,1.546059e-05,0.0,nan,nan,nan
5896.159,1.545672e-05,0.0,nan,nan,nan
5896.245,1.545808e-05,0.0,nan,nan,nan
5896.333,1.545183e-05,0.0,nan,nan,nan
5896.418,1.545391e-05,0.0,nan,nan,nan
5896.502,1.545756e-05,0.0,nan,nan,nan
5896.585,1.545641e-05,0.0,nan,nan,nan
5896.669,1.545315e-05,0.0,nan,nan,nan
5896.752,1.545173e-05,0.0,nan,nan,nan
5896.846,1.545338e-05,0.0,nan,nan,nan
5896.934,1.545684e-05,0.0,nan,nan,nan
5897.031,1.545756e-05,0.0,nan,nan,nan
5897.115,1.545459e-05,0.0,nan,nan,nan
5897.199,1.545663e-05,0.0,nan,nan,nan
5897.283,1.545776e-05,0.0,nan,nan,nan
5897.368,1.546145e-05,0.0,nan,nan,nan
5897.451,1.545565e-05,0.0,nan,nan,nan
5897.535,1.54579e-05,0.0,nan,nan,nan
5897.635,1.545611e-05,0.0,nan,nan,nan
5897.719,1.54582e-05,0.0,nan,nan,nan
5897.802,1.545619e-05,0.0,nan,nan,nan
5897.895,1.54559e-05,0.0,nan,nan,nan
5897.979,1.545325e-05,0.0,nan,nan,nan
5898.063,1.545717e-05,0.0,nan,nan,nan
5898.146,1.546105e-05,0.0,nan,nan,nan
5898.23,1.546021e-05,0.0,nan,nan,nan
5898.314,1.546349e-05,0.0,nan,nan,nan
5898.401,1.545973e-05,0.0,nan,nan,nan
5898.484,1.546001e-05,0.0,nan,nan,nan
5898.568,1.546175e-05,0.0,nan,nan,nan
5898.653,1.546056e-05,0.0,nan,nan,nan
5898.737,1.545956e-05,0.0,nan,nan,nan
5898.823,1.545733e-05,0.0,nan,nan,nan
5898.906,1.545375e-05,0.0,nan,nan,nan
5898.99,1.546007e-05,0.0,nan,nan,nan
5899.085,1.545858e-05,0.0,nan,nan,nan
5899.168,1.545907e-05,0.0,nan,nan,nan
5899.26,1.545911e-05,0.0,nan,nan,nan
5899.343,1.545766e-05,0.0,nan,nan,nan
5899.427,1.545709e-05,0.0,nan,nan,nan
5899.51,1.54592e-05,0.0,nan,nan,nan
5899.594,1.545834e-05,0.0,nan,nan,nan
5899.684,1.546158e-05,0.0,nan,nan,nan
5899.768,1.54576e-05,0.0,nan,nan,nan
5899.854,1.545964e-05,0.0,nan,nan,nan
5899.938,1.545882e-05,0.0,nan,nan,nan
5900.022,1.546201e-05,0.0,nan,nan,nan
5900.108,1.545399e-05,0.0,nan,nan,nan
5900.192,1.545829e-05,0.0,nan,nan,nan
5900.29,1.545909e-05,0.0,nan,nan,nan
5900.374,1.546312e-05,0.0,nan,nan,nan
5900.458,1.545955e-05,0.0,nan,nan,nan
5900.542,1.545804e-05,0.0,nan,nan,nan
5900.626,1.545714e-05,0.0,nan,nan,nan
5900.713,1.546006e-05,0.0,nan,nan,nan
5900.797,1.545911e-05,0.0,nan,nan,nan
5900.881,1.54613e-05,0.0,nan,nan,nan
5900.965,1.545821e-05,0.0,nan,nan,nan
5901.049,1.54586e-05,0.0,nan,nan,nan
5901.132,1.546134e-05,0.0,nan,nan,nan
5901.216,1.545907e-05,0.0,nan,nan,nan
5901.313,1.546019e-05,0.0,nan,nan,nan
5901.397,1.545887e-05,0.0,nan,nan,nan
5901.48,1.546074e-05,0.0,nan,nan,nan
5901.564,1.546184e-05,0.0,nan,nan,nan
5901.648,1.545872e-05,0.0,nan,nan,nan
5901.742,1.545998e-05,0.0,nan,nan,nan
5901.833,1.545637e-05,0.0,nan,nan,nan
5901.938,1.546012e-05,0.0,nan,nan,nan
5902.021,1.545531e-05,0.0,nan,nan,nan
5902.12,1.545861e-05,0.0,nan,nan,nan
5902.204,1.545807e-05,0.0,nan,nan,nan
5902.287,1.545712e-05,0.0,nan,nan,nan
5902.371,1.545469e-05,0.0,nan,nan,nan
5902.455,1.546197e-05,0.0,nan,nan,nan
5902.55,1.545864e-05,0.0,nan,nan,nan
5902.634,1.545688e-05,0.0,nan,nan,nan
5902.72,1.546473e-05,0.0,nan,nan,nan
5902.804,1.545848e-05,0.0,nan,nan,nan
5902.887,1.546172e-05,0.0,nan,nan,nan
5902.971,1.545925e-05,0.0,nan,nan,nan
5903.055,1.545917e-05,0.0,nan,nan,nan
5903.16,1.545802e-05,0.0,nan,nan,nan
5903.244,1.546236e-05,0.0,nan,nan,nan
5903.327,1.545947e-05,0.0,nan,nan,nan
5903.411,1.545451e-05,0.0,nan,nan,nan
5903.497,1.546201e-05,0.0,nan,nan,nan
5903.581,1.546317e-05,0.0,nan,nan,nan
5903.665,1.545874e-05,0.0,nan,nan,nan
5903.764,1.545804e-05,0.0,nan,nan,nan
5903.848,1.54631e-05,0.0,nan,nan,nan
5903.932,1.546266e-05,0.0,nan,nan,nan
5904.042,1.546337e-05,0.0,nan,nan,nan
5904.126,1.545847e-05,0.0,nan,nan,nan
5904.209,1.546118e-05,0.0,nan,nan,nan
5904.296,1.546303e-05,0.0,nan,nan,nan
5904.388,1.545628e-05,0.0,nan,nan,nan
5904.472,1.545917e-05,0.0,nan,nan,nan
5904.556,1.546001e-05,0.0,nan,nan,nan
5904.639,1.545939e-05,0.0,nan,nan,nan
5904.723,1.546146e-05,0.0,nan,nan,nan
5904.812,1.545727e-05,0.0,nan,nan,nan
5904.896,1.545997e-05,0.0,nan,nan,nan
5904.98,1.546033e-05,0.0,nan,nan,nan
5905.063,1.545973e-05,0.0,nan,nan,nan
5905.151,1.54619e-05,0.0,nan,nan,nan
5905.234,1.546237e-05,0.0,nan,nan,nan
5905.318,1.54613e-05,0.0,nan,nan,nan
5905.401,1.546044e-05,0.0,nan,nan,nan
5905.485,1.545859e-05,0.0,nan,nan,nan
5905.572,1.546381e-05,0.0,nan,nan,nan
5905.656,1.546438e-05,0.0,nan,nan,nan
5905.74,1.546024e-05,0.0,nan,nan,nan
5905.827,1.54629e-05,0.0,nan,nan,nan
5905.91,1.54571e-05,0.0,nan,nan,nan
5905.994,1.546415e-05,0.0,nan,nan,nan
5906.077,1.545976e-05,0.0,nan,nan,nan
5906.163,1.545766e-05,0.0,nan,nan,nan
5906.25,1.545765e-05,0.0,nan,nan,nan
5906.333,1.546347e-05,0.0,nan,nan,nan
5906.437,1.546052e-05,0.0,nan,nan,nan
5906.52,1.545551e-05,0.0,nan,nan,nan
5906.604,1.545713e-05,0.0,nan,nan,nan
5906.688,1.546146e-05,0.0,nan,nan,nan
5906.771,1.545763e-05,0.0,nan,nan,nan
5906.855,1.54579e-05,0.0,nan,nan,nan
5906.939,1.545689e-05,0.0,nan,nan,nan
5907.028,1.545797e-05,0.0,nan,nan,nan
5907.112,1.546156e-05,0.0,nan,nan,nan
5907.197,1.545968e-05,0.0,nan,nan,nan
5907.281,1.546459e-05,0.0,nan,nan,nan
5907.364,1.546092e-05,0.0,nan,nan,nan
5907.463,1.546377e-05,0.0,nan,nan,nan
5907.546,1.546573e-05,0.0,nan,nan,nan
5907.645,1.54653e-05,0.0,nan,nan,nan
5907.729,1.546385e-05,0.0,nan,nan,nan
5907.814,1.546055e-05,0.0,nan,nan,nan
5907.898,1.546143e-05,0.0,nan,nan,nan
5907.982,1.5459e-05,0.0,nan,nan,nan
5908.066,1.546039e-05,0.0,nan,nan,nan
5908.149,1.545984e-05,0.0,nan,nan,nan
5908.233,1.545914e-05,0.0,nan,nan,nan
5908.318,1.545827e-05,0.0,nan,nan,nan
5908.403,1.546239e-05,0.0,nan,nan,nan
5908.487,1.545828e-05,0.0,nan,nan,nan
5908.57,1.54592e-05,0.0,nan,nan,nan
5908.675,1.545856e-05,0.0,nan,nan,nan
5908.759,1.545934e-05,0.0,nan,nan,nan
5908.843,1.545932e-05,0.0,nan,nan,nan
5908.927,1.546181e-05,0.0,nan,nan,nan
5909.01,1.545844e-05,0.0,nan,nan,nan
5909.094,1.546009e-05,0.0,nan,nan,nan
5909.181,1.54565e-05,0.0,nan,nan,nan
5909.265,1.546132e-05,0.0,nan,nan,nan
5909.349,1.546064e-05,0.0,nan,nan,nan
5909.434,1.545748e-05,0.0,nan,nan,nan
5909.52,1.546383e-05,0.0,nan,nan,nan
5909.608,1.54609e-05,0.0,nan,nan,nan
5909.702,1.546156e-05,0.0,nan,nan,nan
5909.786,1.546151e-05,0.0,nan,nan,nan
5909.869,1.545872e-05,0.0,nan,nan,nan
5909.953,1.545386e-05,0.0,nan,nan,nan
5910.037,1.546455e-05,0.0,nan,nan,nan
5910.12,1.546521e-05,0.0,nan,nan,nan
5910.204,1.546284e-05,0.0,nan,nan,nan
5910.301,1.546159e-05,0.0,nan,nan,nan
5910.385,1.546275e-05,0.0,nan,nan,nan
5910.469,1.546206e-05,0.0,nan,nan,nan
5910.553,1.545908e-05,0.0,nan,nan,nan
5910.637,1.545782e-05,0.0,nan,nan,nan
5910.725,1.545924e-05,0.0,nan,nan,nan
5910.812,1.545961e-05,0.0,nan,nan,nan
5910.908,1.545994e-05,0.0,nan,nan,nan
5910.992,1.545872e-05,0.0,nan,nan,nan
5911.075,1.546275e-05,0.0,nan,nan,nan
5911.159,1.546227e-05,0.0,nan,nan,nan
5911.243,1.545906e-05,0.0,nan,nan,nan
5911.329,1.545872e-05,0.0,nan,nan,nan
5911.412,1.545687e-05,0.0,nan,nan,nan
5911.496,1.545722e-05,0.0,nan,nan,nan
5911.579,1.546458e-05,0.0,nan,nan,nan
5911.664,1.546218e-05,0.0,nan,nan,nan
5911.748,1.545984e-05,0.0,nan,nan,nan
5911.832,1.545903e-05,0.0,nan,nan,nan
5911.939,1.546182e-05,0.0,nan,nan,nan
5912.023,1.546062e-05,0.0,nan,nan,nan
5912.109,1.546375e-05,0.0,nan,nan,nan
5912.193,1.546167e-05,0.0,nan,nan,nan
5912.277,1.546106e-05,0.0,nan,nan,nan
5912.366,1.545756e-05,0.0,nan,nan,nan
5912.45,1.545817e-05,0.0,nan,nan,nan
5912.534,1.545894e-05,0.0,nan,nan,nan
5912.618,1.546245e-05,0.0,nan,nan,nan
5912.703,1.546343e-05,0.0,nan,nan,nan
5912.786,1.545902e-05,0.0,nan,nan,nan
5912.87,1.546204e-05,0.0,nan,nan,nan
5912.956,1.545931e-05,0.0,nan,nan,nan
5913.039,1.546081e-05,0.0,nan,nan,nan
5913.123,1.546079e-05,0.0,nan,nan,nan
5913.207,1.546015e-05,0.0,nan,nan,nan
5913.293,1.54599e-05,0.0,nan,nan,nan
5913.377,1.546511e-05,0.0,nan,nan,nan
5913.462,1.54635e-05,0.0,nan,nan,nan
5913.565,1.546358e-05,0.0,nan,nan,nan
5913.649,1.546148e-05,0.0,nan,nan,nan
5913.756,1.546125e-05,0.0,nan,nan,nan
5913.84,1.546046e-05,0.0,nan,nan,nan
5913.926,1.545849e-05,0.0,nan,nan,nan
5914.01,1.546059e-05,0.0,nan,nan,nan
5914.093,1.545743e-05,0.0,nan,nan,nan
5914.182,1.546088e-05,0.0,nan,nan,nan
5914.266,1.545639e-05,0.0,nan,nan,nan
5914.371,1.546265e-05,0.0,nan,nan,nan
5914.455,1.545967e-05,0.0,nan,nan,nan
5914.553,1.546077e-05,0.0,nan,nan,nan
5914.637,1.546053e-05,0.0,nan,nan,nan
5914.72,1.54654e-05,0.0,nan,nan,nan
5914.804,1.546258e-05,0.0,nan,nan,nan
5914.887,1.546352e-05,0.0,nan,nan,nan
5914.971,1.546353e-05,0.0,nan,nan,nan
5915.055,1.546309e-05,0.0,nan,nan,nan
5915.142,1.546607e-05,0.0,nan,nan,nan
5915.226,1.546211e-05,0.0,nan,nan,nan
5915.31,1.546304e-05,0.0,nan,nan,nan
5915.393,1.546578e-05,0.0,nan,nan,nan
5915.479,1.546039e-05,0.0,nan,nan,nan
5915.563,1.545994e-05,0.0,nan,nan,nan
5915.647,1.546061e-05,0.0,nan,nan,nan
5915.732,1.546041e-05,0.0,nan,nan,nan
5915.815,1.546033e-05,0.0,nan,nan,nan
5915.901,1.546037e-05,0.0,nan,nan,nan
5915.988,1.546103e-05,0.0,nan,nan,nan
5916.072,1.54619e-05,0.0,nan,nan,nan
5916.156,1.54608e-05,0.0,nan,nan,nan
5916.24,1.54564e-05,0.0,nan,nan,nan
5916.325,1.546302e-05,0.0,nan,nan,nan
5916.41,1.54584e-05,0.0,nan,nan,nan
5916.496,1.54601e-05,0.0,nan,nan,nan
5916.592,1.546086e-05,0.0,nan,nan,nan
5916.676,1.546544e-05,0.0,nan,nan,nan
5916.759,1.546448e-05,0.0,nan,nan,nan
5916.843,1.546391e-05,0.0,nan,nan,nan
5916.931,1.546278e-05,0.0,nan,nan,nan
5917.026,1.546385e-05,0.0,nan,nan,nan
5917.116,1.546275e-05,0.0,nan,nan,nan
5917.218,1.546174e-05,0.0,nan,nan,nan
5917.301,1.545974e-05,0.0,nan,nan,nan
5917.407,1.546402e-05,0.0,nan,nan,nan
5917.491,1.546163e-05,0.0,nan,nan,nan
5917.574,1.54618e-05,0.0,nan,nan,nan
5917.658,1.546119e-05,0.0,nan,nan,nan
5917.742,1.546535e-05,0.0,nan,nan,nan
5917.826,1.546269e-05,0.0,nan,nan,nan
5917.91,1.545951e-05,0.0,nan,nan,nan
5917.993,1.546144e-05,0.0,nan,nan,nan
5918.077,1.545989e-05,0.0,nan,nan,nan
5918.161,1.546334e-05,0.0,nan,nan,nan
5918.245,1.546288e-05,0.0,nan,nan,nan
5918.328,1.546244e-05,0.0,nan,nan,nan
5918.412,1.546375e-05,0.0,nan,nan,nan
5918.525,1.546417e-05,0.0,nan,nan,nan
5918.608,1.546731e-05,0.0,nan,nan,nan
5918.692,1.546294e-05,0.0,nan,nan,nan
5918.777,1.546365e-05,0.0,nan,nan,nan
5918.861,1.546582e-05,0.0,nan,nan,nan
5918.949,1.546547e-05,0.0,nan,nan,nan
5919.033,1.546467e-05,0.0,nan,nan,nan
5919.117,1.546096e-05,0.0,nan,nan,nan
5919.2,1.546428e-05,0.0,nan,nan,nan
5919.284,1.546017e-05,0.0,nan,nan,nan
5919.367,1.546417e-05,0.0,nan,nan,nan
5919.452,1.546023e-05,0.0,nan,nan,nan
5919.536,1.546444e-05,0.0,nan,nan,nan
5919.619,1.546048e-05,0.0,nan,nan,nan
5919.703,1.546338e-05,0.0,nan,nan,nan
5919.786,1.546289e-05,0.0,nan,nan,nan
5919.874,1.545708e-05,0.0,nan,nan,nan
5919.957,1.546168e-05,0.0,nan,nan,nan
5920.041,1.546104e-05,0.0,nan,nan,nan
5920.125,1.546746e-05,0.0,nan,nan,nan
5920.209,1.546382e-05,0.0,nan,nan,nan
5920.301,1.546636e-05,0.0,nan,nan,nan
5920.385,1.546217e-05,0.0,nan,nan,nan
5920.49,1.546367e-05,0.0,nan,nan,nan
5920.574,1.546344e-05,0.0,nan,nan,nan
5920.658,1.546372e-05,0.0,nan,nan,nan
5920.741,1.546164e-05,0.0,nan,nan,nan
5920.825,1.546255e-05,0.0,nan,nan,nan
5920.912,1.546129e-05,0.0,nan,nan,nan
5920.998,1.546312e-05,0.0,nan,nan,nan
5921.099,1.546688e-05,0.0,nan,nan,nan
5921.183,1.546406e-05,0.0,nan,nan,nan
5921.267,1.546191e-05,0.0,nan,nan,nan
5921.35,1.546544e-05,0.0,nan,nan,nan
5921.434,1.546267e-05,0.0,nan,nan,nan
5921.518,1.546295e-05,0.0,nan,nan,nan
5921.601,1.546296e-05,0.0,nan,nan,nan
5921.686,1.546382e-05,0.0,nan,nan,nan
5921.77,1.546476e-05,0.0,nan,nan,nan
5921.853,1.546212e-05,0.0,nan,nan,nan
5921.94,1.546384e-05,0.0,nan,nan,nan
5922.024,1.546339e-05,0.0,nan,nan,nan
5922.121,1.546683e-05,0.0,nan,nan,nan
5922.205,1.546698e-05,0.0,nan,nan,nan
5922.289,1.546174e-05,0.0,nan,nan,nan
5922.373,1.546098e-05,0.0,nan,nan,nan
5922.456,1.54612e-05,0.0,nan,nan,nan
5922.553,1.545995e-05,0.0,nan,nan,nan
5922.637,1.546483e-05,0.0,nan,nan,nan
5922.722,1.546261e-05,0.0,nan,nan,nan
5922.806,1.546212e-05,0.0,nan,nan,nan
5922.889,1.546661e-05,0.0,nan,nan,nan
5922.973,1.54645e-05,0.0,nan,nan,nan
5923.062,1.546801e-05,0.0,nan,nan,nan
5923.16,1.547004e-05,0.0,nan,nan,nan
5923.247,1.546748e-05,0.0,nan,nan,nan
5923.331,1.54652e-05,0.0,nan,nan,nan
5923.415,1.546126e-05,0.0,nan,nan,nan
5923.498,1.546117e-05,0.0,nan,nan,nan
5923.582,1.546177e-05,0.0,nan,nan,nan
5923.665,1.546428e-05,0.0,nan,nan,nan
5923.749,1.546469e-05,0.0,nan,nan,nan
5923.833,1.54627e-05,0.0,nan,nan,nan
5923.917,1.546275e-05,0.0,nan,nan,nan
5924.0,1.546295e-05,0.0,nan,nan,nan
5924.084,1.546378e-05,0.0,nan,nan,nan
5924.186,1.546198e-05,0.0,nan,nan,nan
5924.27,1.545953e-05,0.0,nan,nan,nan
5924.353,1.546216e-05,0.0,nan,nan,nan
5924.437,1.546086e-05,0.0,nan,nan,nan
5924.522,1.546387e-05,0.0,nan,nan,nan
5924.605,1.546264e-05,0.0,nan,nan,nan
5924.689,1.546325e-05,0.0,nan,nan,nan
5924.772,1.546644e-05,0.0,nan,nan,nan
5924.856,1.546426e-05,0.0,nan,nan,nan
5924.94,1.546181e-05,0.0,nan,nan,nan
5925.024,1.546071e-05,0.0,nan,nan,nan
5925.107,1.546109e-05,0.0,nan,nan,nan
5925.196,1.546306e-05,0.0,nan,nan,nan
5925.28,1.546126e-05,0.0,nan,nan,nan
5925.381,1.545972e-05,0.0,nan,nan,nan
5925.465,1.546271e-05,0.0,nan,nan,nan
5925.551,1.546348e-05,0.0,nan,nan,nan
5925.634,1.546182e-05,0.0,nan,nan,nan
5925.72,1.546328e-05,0.0,nan,nan,nan
5925.804,1.546339e-05,0.0,nan,nan,nan
5925.888,1.546179e-05,0.0,nan,nan,nan
5925.971,1.546013e-05,0.0,nan,nan,nan
5926.055,1.546312e-05,0.0,nan,nan,nan
5926.138,1.545962e-05,0.0,nan,nan,nan
5926.222,1.546771e-05,0.0,nan,nan,nan
5926.306,1.546476e-05,0.0,nan,nan,nan
5926.407,1.54664e-05,0.0,nan,nan,nan
5926.491,1.546466e-05,0.0,nan,nan,nan
5926.575,1.546316e-05,0.0,nan,nan,nan
5926.658,1.546417e-05,0.0,nan,nan,nan
5926.749,1.546405e-05,0.0,nan,nan,nan
5926.849,1.546504e-05,0.0,nan,nan,nan
5926.933,1.546641e-05,0.0,nan,nan,nan
5927.034,1.546351e-05,0.0,nan,nan,nan
5927.118,1.546231e-05,0.0,nan,nan,nan
5927.201,1.546299e-05,0.0,nan,nan,nan
5927.285,1.546287e-05,0.0,nan,nan,nan
5927.37,1.546489e-05,0.0,nan,nan,nan
5927.454,1.546329e-05,0.0,nan,nan,nan
5927.537,1.546343e-05,0.0,nan,nan,nan
5927.623,1.546483e-05,0.0,nan,nan,nan
5927.707,1.546014e-05,0.0,nan,nan,nan
5927.81,1.546336e-05,0.0,nan,nan,nan
5927.894,1.546203e-05,0.0,nan,nan,nan
5927.977,1.546227e-05,0.0,nan,nan,nan
5928.061,1.546278e-05,0.0,nan,nan,nan
5928.151,1.545967e-05,0.0,nan,nan,nan
5928.237,1.546036e-05,0.0,nan,nan,nan
5928.321,1.546305e-05,0.0,nan,nan,nan
5928.404,1.545973e-05,0.0,nan,nan,nan
5928.488,1.546135e-05,0.0,nan,nan,nan
5928.572,1.546078e-05,0.0,nan,nan,nan
5928.665,1.54591e-05,0.0,nan,nan,nan
5928.748,1.545937e-05,0.0,nan,nan,nan
5928.843,1.546377e-05,0.0,nan,nan,nan
5928.927,1.546108e-05,0.0,nan,nan,nan
5929.012,1.546327e-05,0.0,nan,nan,nan
5929.096,1.546376e-05,0.0,nan,nan,nan
5929.179,1.546049e-05,0.0,nan,nan,nan
5929.271,1.546301e-05,0.0,nan,nan,nan
5929.355,1.546391e-05,0.0,nan,nan,nan
5929.453,1.546168e-05,0.0,nan,nan,nan
5929.537,1.546091e-05,0.0,nan,nan,nan
5929.621,1.545829e-05,0.0,nan,nan,nan
5929.705,1.545704e-05,0.0,nan,nan,nan
5929.788,1.546338e-05,0.0,nan,nan,nan
5929.88,1.545759e-05,0.0,nan,nan,nan
5929.965,1.545814e-05,0.0,nan,nan,nan
5930.049,1.546073e-05,0.0,nan,nan,nan
5930.133,1.54596e-05,0.0,nan,nan,nan
5930.219,1.545899e-05,0.0,nan,nan,nan
5930.308,1.545766e-05,0.0,nan,nan,nan
5930.392,1.545989e-05,0.0,nan,nan,nan
5930.493,1.545872e-05,0.0,nan,nan,nan
5930.577,1.545674e-05,0.0,nan,nan,nan
5930.66,1.546084e-05,0.0,nan,nan,nan
5930.744,1.546113e-05,0.0,nan,nan,nan
5930.828,1.545571e-05,0.0,nan,nan,nan
5930.958,1.545687e-05,0.0,nan,nan,nan
5931.042,1.545612e-05,0.0,nan,nan,nan
5931.125,1.545835e-05,0.0,nan,nan,nan
5931.213,1.545906e-05,0.0,nan,nan,nan
5931.31,1.545752e-05,0.0,nan,nan,nan
5931.394,1.54591e-05,0.0,nan,nan,nan
5931.477,1.545861e-05,0.0,nan,nan,nan
5931.561,1.545304e-05,0.0,nan,nan,nan
5931.649,1.545717e-05,0.0,nan,nan,nan
5931.748,1.545807e-05,0.0,nan,nan,nan
5931.831,1.545794e-05,0.0,nan,nan,nan
5931.936,1.545511e-05,0.0,nan,nan,nan
5932.02,1.545832e-05,0.0,nan,nan,nan
5932.103,1.545713e-05,0.0,nan,nan,nan
5932.187,1.545757e-05,0.0,nan,nan,nan
5932.271,1.545446e-05,0.0,nan,nan,nan
5932.358,1.545557e-05,0.0,nan,nan,nan
5932.442,1.546036e-05,0.0,nan,nan,nan
5932.527,1.545481e-05,0.0,nan,nan,nan
5932.611,1.545591e-05,0.0,nan,nan,nan
5932.694,1.54578e-05,0.0,nan,nan,nan
5932.778,1.545778e-05,0.0,nan,nan,nan
5932.861,1.545615e-05,0.0,nan,nan,nan
5932.947,1.545575e-05,0.0,nan,nan,nan
5933.033,1.545924e-05,0.0,nan,nan,nan
5933.118,1.545543e-05,0.0,nan,nan,nan
5933.201,1.545886e-05,0.0,nan,nan,nan
5933.285,1.545776e-05,0.0,nan,nan,nan
5933.369,1.546281e-05,0.0,nan,nan,nan
5933.453,1.546536e-05,0.0,nan,nan,nan
5933.536,1.546327e-05,0.0,nan,nan,nan
5933.62,1.546784e-05,0.0,nan,nan,nan
5933.704,1.545995e-05,0.0,nan,nan,nan
5933.793,1.546372e-05,0.0,nan,nan,nan
5933.877,1.54632e-05,0.0,nan,nan,nan
5933.96,1.545997e-05,0.0,nan,nan,nan
5934.044,1.545855e-05,0.0,nan,nan,nan
5934.129,1.54611e-05,0.0,nan,nan,nan
5934.213,1.545584e-05,0.0,nan,nan,nan
5934.297,1.546112e-05,0.0,nan,nan,nan
5934.408,1.546023e-05,0.0,nan,nan,nan
5934.492,1.546039e-05,0.0,nan,nan,nan
5934.593,1.545675e-05,0.0,nan,nan,nan
5934.677,1.54598e-05,0.0,nan,nan,nan
5934.762,1.546203e-05,0.0,nan,nan,nan
5934.846,1.54599e-05,0.0,nan,nan,nan
5934.93,1.545859e-05,0.0,nan,nan,nan
5935.019,1.545863e-05,0.0,nan,nan,nan
5935.107,1.545951e-05,0.0,nan,nan,nan
5935.211,1.546e-05,0.0,nan,nan,nan
5935.294,1.54608e-05,0.0,nan,nan,nan
5935.378,1.546061e-05,0.0,nan,nan,nan
5935.462,1.546402e-05,0.0,nan,nan,nan
5935.546,1.546009e-05,0.0,nan,nan,nan
5935.63,1.546307e-05,0.0,nan,nan,nan
5935.714,1.546156e-05,0.0,nan,nan,nan
5935.799,1.546138e-05,0.0,nan,nan,nan
5935.883,1.545581e-05,0.0,nan,nan,nan
5935.966,1.545959e-05,0.0,nan,nan,nan
5936.05,1.546095e-05,0.0,nan,nan,nan
5936.133,1.546053e-05,0.0,nan,nan,nan
5936.217,1.546497e-05,0.0,nan,nan,nan
5936.3,1.545914e-05,0.0,nan,nan,nan
5936.386,1.546333e-05,0.0,nan,nan,nan
5936.47,1.545883e-05,0.0,nan,nan,nan
5936.554,1.54599e-05,0.0,nan,nan,nan
5936.639,1.546047e-05,0.0,nan,nan,nan
5936.723,1.54604e-05,0.0,nan,nan,nan
5936.827,1.545705e-05,0.0,nan,nan,nan
5936.91,1.545978e-05,0.0,nan,nan,nan
5936.995,1.545913e-05,0.0,nan,nan,nan
5937.079,1.545565e-05,0.0,nan,nan,nan
5937.175,1.545592e-05,0.0,nan,nan,nan
5937.275,1.545733e-05,0.0,nan,nan,nan
5937.359,1.545673e-05,0.0,nan,nan,nan
5937.451,1.54525e-05,0.0,nan,nan,nan
5937.534,1.545467e-05,0.0,nan,nan,nan
5937.62,1.545464e-05,0.0,nan,nan,nan
5937.704,1.545803e-05,0.0,nan,nan,nan
5937.788,1.545729e-05,0.0,nan,nan,nan
5937.873,1.545761e-05,0.0,nan,nan,nan
5937.956,1.545291e-05,0.0,nan,nan,nan
5938.04,1.545343e-05,0.0,nan,nan,nan
5938.124,1.545571e-05,0.0,nan,nan,nan
5938.207,1.545597e-05,0.0,nan,nan,nan
5938.301,1.545796e-05,0.0,nan,nan,nan
5938.384,1.545938e-05,0.0,nan,nan,nan
5938.492,1.545926e-05,0.0,nan,nan,nan
5938.576,1.545897e-05,0.0,nan,nan,nan
5938.675,1.545888e-05,0.0,nan,nan,nan
5938.759,1.545872e-05,0.0,nan,nan,nan
5938.842,1.54599e-05,0.0,nan,nan,nan
5938.926,1.546037e-05,0.0,nan,nan,nan
5939.01,1.546022e-05,0.0,nan,nan,nan
5939.113,1.545809e-05,0.0,nan,nan,nan
5939.208,1.545723e-05,0.0,nan,nan,nan
5939.293,1.546002e-05,0.0,nan,nan,nan
5939.376,1.545712e-05,0.0,nan,nan,nan
5939.461,1.546038e-05,0.0,nan,nan,nan
5939.545,1.546073e-05,0.0,nan,nan,nan
5939.632,1.545942e-05,0.0,nan,nan,nan
5939.719,1.545975e-05,0.0,nan,nan,nan
5939.803,1.546267e-05,0.0,nan,nan,nan
5939.887,1.545471e-05,0.0,nan,nan,nan
5939.97,1.545921e-05,0.0,nan,nan,nan
5940.054,1.545905e-05,0.0,nan,nan,nan
5940.137,1.545698e-05,0.0,nan,nan,nan
5940.221,1.545491e-05,0.0,nan,nan,nan
5940.328,1.546152e-05,0.0,nan,nan,nan
5940.412,1.545617e-05,0.0,nan,nan,nan
5940.496,1.545836e-05,0.0,nan,nan,nan
5940.579,1.545825e-05,0.0,nan,nan,nan
5940.665,1.545652e-05,0.0,nan,nan,nan
5940.751,1.545753e-05,0.0,nan,nan,nan
5940.835,1.545907e-05,0.0,nan,nan,nan
5940.935,1.545722e-05,0.0,nan,nan,nan
5941.018,1.545752e-05,0.0,nan,nan,nan
5941.129,1.545619e-05,0.0,nan,nan,nan
5941.212,1.545673e-05,0.0,nan,nan,nan
5941.308,1.545591e-05,0.0,nan,nan,nan
5941.403,1.545328e-05,0.0,nan,nan,nan
5941.487,1.545613e-05,0.0,nan,nan,nan
5941.571,1.545881e-05,0.0,nan,nan,nan
5941.654,1.545584e-05,0.0,nan,nan,nan
5941.759,1.545447e-05,0.0,nan,nan,nan
5941.842,1.545796e-05,0.0,nan,nan,nan
5941.927,1.545872e-05,0.0,nan,nan,nan
5942.011,1.546293e-05,0.0,nan,nan,nan
5942.095,1.545781e-05,0.0,nan,nan,nan
5942.181,1.5463e-05,0.0,nan,nan,nan
5942.265,1.546372e-05,0.0,nan,nan,nan
5942.351,1.546019e-05,0.0,nan,nan,nan
5942.435,1.545789e-05,0.0,nan,nan,nan
5942.519,1.545912e-05,0.0,nan,nan,nan
5942.602,1.545825e-05,0.0,nan,nan,nan
5942.686,1.545829e-05,0.0,nan,nan,nan
5942.769,1.546018e-05,0.0,nan,nan,nan
5942.853,1.545899e-05,0.0,nan,nan,nan
5942.936,1.545876e-05,0.0,nan,nan,nan
5943.02,1.545793e-05,0.0,nan,nan,nan
5943.103,1.546009e-05,0.0,nan,nan,nan
5943.194,1.545991e-05,0.0,nan,nan,nan
5943.278,1.546025e-05,0.0,nan,nan,nan
5943.39,1.545785e-05,0.0,nan,nan,nan
5943.474,1.545795e-05,0.0,nan,nan,nan
5943.585,1.545977e-05,0.0,nan,nan,nan
5943.668,1.54609e-05,0.0,nan,nan,nan
5943.752,1.546302e-05,0.0,nan,nan,nan
5943.835,1.546361e-05,0.0,nan,nan,nan
5943.919,1.545881e-05,0.0,nan,nan,nan
5944.027,1.545874e-05,0.0,nan,nan,nan
5944.117,1.545662e-05,0.0,nan,nan,nan
5944.22,1.545952e-05,0.0,nan,nan,nan
5944.304,1.545955e-05,0.0,nan,nan,nan
5944.388,1.545546e-05,0.0,nan,nan,nan
5944.472,1.546097e-05,0.0,nan,nan,nan
5944.555,1.545851e-05,0.0,nan,nan,nan
5944.641,1.545595e-05,0.0,nan,nan,nan
5944.725,1.545781e-05,0.0,nan,nan,nan
5944.821,1.54578e-05,0.0,nan,nan,nan
5944.905,1.545988e-05,0.0,nan,nan,nan
5944.988,1.545762e-05,0.0,nan,nan,nan
5945.072,1.545863e-05,0.0,nan,nan,nan
5945.156,1.546013e-05,0.0,nan,nan,nan
5945.25,1.545812e-05,0.0,nan,nan,nan
5945.334,1.54598e-05,0.0,nan,nan,nan
5945.441,1.545553e-05,0.0,nan,nan,nan
5945.533,1.545832e-05,0.0,nan,nan,nan
5945.628,1.545848e-05,0.0,nan,nan,nan
5945.712,1.545956e-05,0.0,nan,nan,nan
5945.795,1.545907e-05,0.0,nan,nan,nan
5945.879,1.546043e-05,0.0,nan,nan,nan
5945.964,1.546142e-05,0.0,nan,nan,nan
5946.066,1.546243e-05,0.0,nan,nan,nan
5946.149,1.545795e-05,0.0,nan,nan,nan
5946.233,1.545794e-05,0.0,nan,nan,nan
5946.317,1.545941e-05,0.0,nan,nan,nan
5946.4,1.546223e-05,0.0,nan,nan,nan
5946.484,1.546408e-05,0.0,nan,nan,nan
5946.569,1.546254e-05,0.0,nan,nan,nan
5946.655,1.546476e-05,0.0,nan,nan,nan
5946.738,1.545881e-05,0.0,nan,nan,nan
5946.847,1.546464e-05,0.0,nan,nan,nan
5946.93,1.545836e-05,0.0,nan,nan,nan
5947.014,1.546235e-05,0.0,nan,nan,nan
5947.098,1.545917e-05,0.0,nan,nan,nan
5947.181,1.546155e-05,0.0,nan,nan,nan
5947.268,1.545852e-05,0.0,nan,nan,nan
5947.352,1.54608e-05,0.0,nan,nan,nan
5947.439,1.545988e-05,0.0,nan,nan,nan
5947.522,1.546285e-05,0.0,nan,nan,nan
5947.606,1.546322e-05,0.0,nan,nan,nan
5947.691,1.546139e-05,0.0,nan,nan,nan
5947.775,1.54577e-05,0.0,nan,nan,nan
5947.859,1.546346e-05,0.0,nan,nan,nan
5947.942,1.546041e-05,0.0,nan,nan,nan
5948.028,1.546314e-05,0.0,nan,nan,nan
5948.112,1.546229e-05,0.0,nan,nan,nan
5948.2,1.546192e-05,0.0,nan,nan,nan
5948.301,1.546481e-05,0.0,nan,nan,nan
5948.385,1.546002e-05,0.0,nan,nan,nan
5948.469,1.546106e-05,0.0,nan,nan,nan
5948.552,1.546e-05,0.0,nan,nan,nan
5948.637,1.546087e-05,0.0,nan,nan,nan
5948.725,1.546104e-05,0.0,nan,nan,nan
5948.812,1.54605e-05,0.0,nan,nan,nan
5948.924,1.546063e-05,0.0,nan,nan,nan
5949.008,1.546277e-05,0.0,nan,nan,nan
5949.104,1.546516e-05,0.0,nan,nan,nan
5949.188,1.546094e-05,0.0,nan,nan,nan
5949.271,1.546664e-05,0.0,nan,nan,nan
5949.355,1.546586e-05,0.0,nan,nan,nan
5949.439,1.546565e-05,0.0,nan,nan,nan
5949.558,1.546687e-05,0.0,nan,nan,nan
5949.645,1.546213e-05,0.0,nan,nan,nan
5949.733,1.545976e-05,0.0,nan,nan,nan
5949.817,1.546375e-05,0.0,nan,nan,nan
5949.9,1.546576e-05,0.0,nan,nan,nan
5949.984,1.546718e-05,0.0,nan,nan,nan
5950.067,1.546916e-05,0.0,nan,nan,nan
5950.151,1.546716e-05,0.0,nan,nan,nan
5950.235,1.546325e-05,0.0,nan,nan,nan
5950.342,1.546378e-05,0.0,nan,nan,nan
5950.426,1.546214e-05,0.0,nan,nan,nan
5950.51,1.546209e-05,0.0,nan,nan,nan
5950.593,1.546339e-05,0.0,nan,nan,nan
5950.679,1.546264e-05,0.0,nan,nan,nan
5950.775,1.546328e-05,0.0,nan,nan,nan
5950.859,1.546139e-05,0.0,nan,nan,nan
5950.943,1.546585e-05,0.0,nan,nan,nan
5951.026,1.546289e-05,0.0,nan,nan,nan
5951.11,1.546106e-05,0.0,nan,nan,nan
5951.193,1.546201e-05,0.0,nan,nan,nan
5951.276,1.545997e-05,0.0,nan,nan,nan
5951.383,1.546315e-05,0.0,nan,nan,nan
5951.467,1.546237e-05,0.0,nan,nan,nan
5951.573,1.545717e-05,0.0,nan,nan,nan
5951.657,1.546221e-05,0.0,nan,nan,nan
5951.741,1.545954e-05,0.0,nan,nan,nan
5951.824,1.545775e-05,0.0,nan,nan,nan
5951.908,1.546099e-05,0.0,nan,nan,nan
5952.0,1.546191e-05,0.0,nan,nan,nan
5952.083,1.546187e-05,0.0,nan,nan,nan
5952.185,1.546054e-05,0.0,nan,nan,nan
5952.268,1.546374e-05,0.0,nan,nan,nan
5952.363,1.546226e-05,0.0,nan,nan,nan
5952.447,1.546048e-05,0.0,nan,nan,nan
5952.534,1.546254e-05,0.0,nan,nan,nan
5952.618,1.546157e-05,0.0,nan,nan,nan
5952.702,1.545981e-05,0.0,nan,nan,nan
5952.805,1.545994e-05,0.0,nan,nan,nan
5952.889,1.546016e-05,0.0,nan,nan,nan
5952.972,1.546142e-05,0.0,nan,nan,nan
5953.056,1.546e-05,0.0,nan,nan,nan
5953.14,1.545913e-05,0.0,nan,nan,nan
5953.225,1.545774e-05,0.0,nan,nan,nan
5953.315,1.54588e-05,0.0,nan,nan,nan
5953.4,1.545577e-05,0.0,nan,nan,nan
5953.484,1.546039e-05,0.0,nan,nan,nan
5953.567,1.546066e-05,0.0,nan,nan,nan
5953.651,1.546122e-05,0.0,nan,nan,nan
5953.737,1.545775e-05,0.0,nan,nan,nan
5953.837,1.546045e-05,0.0,nan,nan,nan
5953.92,1.545908e-05,0.0,nan,nan,nan
5954.004,1.545798e-05,0.0,nan,nan,nan
5954.088,1.54553e-05,0.0,nan,nan,nan
5954.172,1.545734e-05,0.0,nan,nan,nan
5954.255,1.546146e-05,0.0,nan,nan,nan
5954.339,1.546005e-05,0.0,nan,nan,nan
5954.424,1.546089e-05,0.0,nan,nan,nan
5954.508,1.545867e-05,0.0,nan,nan,nan
5954.592,1.546256e-05,0.0,nan,nan,nan
5954.675,1.546091e-05,0.0,nan,nan,nan
5954.759,1.546186e-05,0.0,nan,nan,nan
5954.86,1.546266e-05,0.0,nan,nan,nan
5954.944,1.546507e-05,0.0,nan,nan,nan
5955.036,1.546377e-05,0.0,nan,nan,nan
5955.12,1.545929e-05,0.0,nan,nan,nan
5955.204,1.546025e-05,0.0,nan,nan,nan
5955.287,1.545743e-05,0.0,nan,nan,nan
5955.371,1.545736e-05,0.0,nan,nan,nan
5955.462,1.545557e-05,0.0,nan,nan,nan
5955.546,1.545992e-05,0.0,nan,nan,nan
5955.642,1.545586e-05,0.0,nan,nan,nan
5955.758,1.545951e-05,0.0,nan,nan,nan
5955.842,1.545538e-05,0.0,nan,nan,nan
5955.925,1.545828e-05,0.0,nan,nan,nan
5956.011,1.545878e-05,0.0,nan,nan,nan
5956.095,1.54582e-05,0.0,nan,nan,nan
5956.179,1.54603e-05,0.0,nan,nan,nan
5956.266,1.545598e-05,0.0,nan,nan,nan
5956.35,1.545733e-05,0.0,nan,nan,nan
5956.45,1.545546e-05,0.0,nan,nan,nan
5956.534,1.545764e-05,0.0,nan,nan,nan
5956.617,1.546016e-05,0.0,nan,nan,nan
5956.701,1.545996e-05,0.0,nan,nan,nan
5956.785,1.546272e-05,0.0,nan,nan,nan
5956.871,1.545971e-05,0.0,nan,nan,nan
5956.954,1.545749e-05,0.0,nan,nan,nan
5957.038,1.545908e-05,0.0,nan,nan,nan
5957.122,1.546005e-05,0.0,nan,nan,nan
5957.206,1.545473e-05,0.0,nan,nan,nan
5957.3,1.54579e-05,0.0,nan,nan,nan
5957.383,1.545912e-05,0.0,nan,nan,nan
5957.471,1.545835e-05,0.0,nan,nan,nan
5957.554,1.545592e-05,0.0,nan,nan,nan
5957.638,1.5459e-05,0.0,nan,nan,nan
5957.722,1.545857e-05,0.0,nan,nan,nan
5957.807,1.545807e-05,0.0,nan,nan,nan
5957.891,1.545596e-05,0.0,nan,nan,nan
5957.974,1.545419e-05,0.0,nan,nan,nan
5958.077,1.545603e-05,0.0,nan,nan,nan
5958.161,1.545765e-05,0.0,nan,nan,nan
5958.244,1.54554e-05,0.0,nan,nan,nan
5958.328,1.546046e-05,0.0,nan,nan,nan
5958.411,1.54625e-05,0.0,nan,nan,nan
5958.506,1.546199e-05,0.0,nan,nan,nan
5958.59,1.546315e-05,0.0,nan,nan,nan
5958.674,1.546084e-05,0.0,nan,nan,nan
5958.757,1.546053e-05,0.0,nan,nan,nan
5958.841,1.545848e-05,0.0,nan,nan,nan
5958.925,1.545781e-05,0.0,nan,nan,nan
5959.013,1.546248e-05,0.0,nan,nan,nan
5959.112,1.545963e-05,0.0,nan,nan,nan
5959.201,1.546233e-05,0.0,nan,nan,nan
5959.297,1.54602e-05,0.0,nan,nan,nan
5959.381,1.545962e-05,0.0,nan,nan,nan
5959.468,1.545993e-05,0.0,nan,nan,nan
5959.551,1.546143e-05,0.0,nan,nan,nan
5959.635,1.545678e-05,0.0,nan,nan,nan
5959.719,1.545781e-05,0.0,nan,nan,nan
5959.803,1.545617e-05,0.0,nan,nan,nan
5959.943,1.54595e-05,0.0,nan,nan,nan
5960.028,1.546056e-05,0.0,nan,nan,nan
5960.112,1.546542e-05,0.0,nan,nan,nan
5960.196,1.545852e-05,0.0,nan,nan,nan
5960.279,1.546352e-05,0.0,nan,nan,nan
5960.363,1.545854e-05,0.0,nan,nan,nan
5960.447,1.545813e-05,0.0,nan,nan,nan
5960.553,1.54617e-05,0.0,nan,nan,nan
5960.636,1.546149e-05,0.0,nan,nan,nan
5960.72,1.546158e-05,0.0,nan,nan,nan
5960.804,1.546206e-05,0.0,nan,nan,nan
5960.888,1.546061e-05,0.0,nan,nan,nan
5960.972,1.5461e-05,0.0,nan,nan,nan
5961.055,1.545974e-05,0.0,nan,nan,nan
5961.147,1.545922e-05,0.0,nan,nan,nan
5961.231,1.546365e-05,0.0,nan,nan,nan
5961.334,1.546291e-05,0.0,nan,nan,nan
5961.417,1.545923e-05,0.0,nan,nan,nan
5961.501,1.545675e-05,0.0,nan,nan,nan
5961.585,1.546134e-05,0.0,nan,nan,nan
5961.668,1.546203e-05,0.0,nan,nan,nan
5961.752,1.546486e-05,0.0,nan,nan,nan
5961.836,1.546447e-05,0.0,nan,nan,nan
5961.919,1.546176e-05,0.0,nan,nan,nan
5962.025,1.54606e-05,0.0,nan,nan,nan
5962.108,1.546143e-05,0.0,nan,nan,nan
5962.192,1.546263e-05,0.0,nan,nan,nan
5962.275,1.545918e-05,0.0,nan,nan,nan
5962.384,1.546151e-05,0.0,nan,nan,nan
5962.468,1.546606e-05,0.0,nan,nan,nan
5962.57,1.546209e-05,0.0,nan,nan,nan
5962.654,1.546253e-05,0.0,nan,nan,nan
5962.737,1.546198e-05,0.0,nan,nan,nan
5962.821,1.546245e-05,0.0,nan,nan,nan
5962.905,1.545953e-05,0.0,nan,nan,nan
5962.988,1.545965e-05,0.0,nan,nan,nan
5963.072,1.546056e-05,0.0,nan,nan,nan
5963.155,1.546067e-05,0.0,nan,nan,nan
5963.239,1.546223e-05,0.0,nan,nan,nan
5963.322,1.546331e-05,0.0,nan,nan,nan
5963.409,1.545969e-05,0.0,nan,nan,nan
5963.492,1.546136e-05,0.0,nan,nan,nan
5963.576,1.546243e-05,0.0,nan,nan,nan
5963.659,1.546052e-05,0.0,nan,nan,nan
5963.749,1.545949e-05,0.0,nan,nan,nan
5963.833,1.54615e-05,0.0,nan,nan,nan
5963.916,1.545996e-05,0.0,nan,nan,nan
5964.02,1.546127e-05,0.0,nan,nan,nan
5964.103,1.546063e-05,0.0,nan,nan,nan
5964.187,1.545929e-05,0.0,nan,nan,nan
5964.271,1.546327e-05,0.0,nan,nan,nan
5964.354,1.546299e-05,0.0,nan,nan,nan
5964.438,1.546257e-05,0.0,nan,nan,nan
5964.522,1.546132e-05,0.0,nan,nan,nan
5964.605,1.54588e-05,0.0,nan,nan,nan
5964.689,1.545665e-05,0.0,nan,nan,nan
5964.772,1.546167e-05,0.0,nan,nan,nan
5964.856,1.545607e-05,0.0,nan,nan,nan
5964.94,1.546375e-05,0.0,nan,nan,nan
5965.023,1.546008e-05,0.0,nan,nan,nan
5965.107,1.5463e-05,0.0,nan,nan,nan
5965.19,1.546066e-05,0.0,nan,nan,nan
5965.274,1.546385e-05,0.0,nan,nan,nan
5965.361,1.545961e-05,0.0,nan,nan,nan
5965.453,1.546248e-05,0.0,nan,nan,nan
5965.537,1.545979e-05,0.0,nan,nan,nan
5965.621,1.546054e-05,0.0,nan,nan,nan
5965.705,1.546195e-05,0.0,nan,nan,nan
5965.789,1.546022e-05,0.0,nan,nan,nan
5965.873,1.546196e-05,0.0,nan,nan,nan
5965.957,1.546501e-05,0.0,nan,nan,nan
5966.059,1.546082e-05,0.0,nan,nan,nan
5966.156,1.546045e-05,0.0,nan,nan,nan
5966.261,1.545991e-05,0.0,nan,nan,nan
5966.344,1.546163e-05,0.0,nan,nan,nan
5966.428,1.546508e-05,0.0,nan,nan,nan
5966.511,1.546385e-05,0.0,nan,nan,nan
5966.6,1.546194e-05,0.0,nan,nan,nan
5966.688,1.546253e-05,0.0,nan,nan,nan
5966.774,1.546011e-05,0.0,nan,nan,nan
5966.859,1.546355e-05,0.0,nan,nan,nan
5966.942,1.546142e-05,0.0,nan,nan,nan
5967.026,1.545975e-05,0.0,nan,nan,nan
5967.11,1.546238e-05,0.0,nan,nan,nan
5967.195,1.546102e-05,0.0,nan,nan,nan
5967.288,1.546124e-05,0.0,nan,nan,nan
5967.372,1.546204e-05,0.0,nan,nan,nan
5967.466,1.54593e-05,0.0,nan,nan,nan
5967.55,1.54623e-05,0.0,nan,nan,nan
5967.633,1.546092e-05,0.0,nan,nan,nan
5967.717,1.546652e-05,0.0,nan,nan,nan
5967.801,1.54651e-05,0.0,nan,nan,nan
5967.888,1.545901e-05,0.0,nan,nan,nan
5967.972,1.546115e-05,0.0,nan,nan,nan
5968.072,1.545763e-05,0.0,nan,nan,nan
5968.156,1.545834e-05,0.0,nan,nan,nan
5968.24,1.546249e-05,0.0,nan,nan,nan
5968.323,1.546237e-05,0.0,nan,nan,nan
5968.407,1.545883e-05,0.0,nan,nan,nan
5968.499,1.546106e-05,0.0,nan,nan,nan
5968.582,1.545687e-05,0.0,nan,nan,nan
5968.666,1.545679e-05,0.0,nan,nan,nan
5968.749,1.545878e-05,0.0,nan,nan,nan
5968.833,1.545942e-05,0.0,nan,nan,nan
5968.917,1.546305e-05,0.0,nan,nan,nan
5969.0,1.546035e-05,0.0,nan,nan,nan
5969.086,1.545614e-05,0.0,nan,nan,nan
5969.17,1.546056e-05,0.0,nan,nan,nan
5969.256,1.545741e-05,0.0,nan,nan,nan
5969.34,1.545713e-05,0.0,nan,nan,nan
5969.424,1.545798e-05,0.0,nan,nan,nan
5969.526,1.545706e-05,0.0,nan,nan,nan
5969.609,1.545933e-05,0.0,nan,nan,nan
5969.693,1.546042e-05,0.0,nan,nan,nan
5969.777,1.54601e-05,0.0,nan,nan,nan
5969.86,1.546506e-05,0.0,nan,nan,nan
5969.95,1.545979e-05,0.0,nan,nan,nan
5970.033,1.54623e-05,0.0,nan,nan,nan
5970.136,1.546047e-05,0.0,nan,nan,nan
5970.22,1.546044e-05,0.0,nan,nan,nan
5970.303,1.546288e-05,0.0,nan,nan,nan
5970.396,1.546312e-05,0.0,nan,nan,nan
5970.48,1.546118e-05,0.0,nan,nan,nan
5970.564,1.546797e-05,0.0,nan,nan,nan
5970.649,1.54656e-05,0.0,nan,nan,nan
5970.733,1.546361e-05,0.0,nan,nan,nan
5970.817,1.545995e-05,0.0,nan,nan,nan
5970.902,1.546056e-05,0.0,nan,nan,nan
5970.986,1.546121e-05,0.0,nan,nan,nan
5971.07,1.546213e-05,0.0,nan,nan,nan
5971.164,1.546016e-05,0.0,nan,nan,nan
5971.249,1.546061e-05,0.0,nan,nan,nan
5971.356,1.546165e-05,0.0,nan,nan,nan
5971.44,1.546429e-05,0.0,nan,nan,nan
5971.545,1.546254e-05,0.0,nan,nan,nan
5971.628,1.546455e-05,0.0,nan,nan,nan
5971.714,1.546113e-05,0.0,nan,nan,nan
5971.797,1.54648e-05,0.0,nan,nan,nan
5971.881,1.54614e-05,0.0,nan,nan,nan
5971.974,1.546298e-05,0.0,nan,nan,nan
5972.058,1.545896e-05,0.0,nan,nan,nan
5972.162,1.546114e-05,0.0,nan,nan,nan
5972.246,1.546051e-05,0.0,nan,nan,nan
5972.373,1.546351e-05,0.0,nan,nan,nan
5972.457,1.546647e-05,0.0,nan,nan,nan
5972.551,1.545948e-05,0.0,nan,nan,nan
5972.635,1.546319e-05,0.0,nan,nan,nan
5972.721,1.546037e-05,0.0,nan,nan,nan
5972.805,1.546565e-05,0.0,nan,nan,nan
5972.889,1.546155e-05,0.0,nan,nan,nan
5972.972,1.545983e-05,0.0,nan,nan,nan
5973.056,1.545663e-05,0.0,nan,nan,nan
5973.139,1.545769e-05,0.0,nan,nan,nan
5973.223,1.545734e-05,0.0,nan,nan,nan
5973.307,1.546122e-05,0.0,nan,nan,nan
5973.408,1.545857e-05,0.0,nan,nan,nan
5973.497,1.545965e-05,0.0,nan,nan,nan
5973.594,1.545821e-05,0.0,nan,nan,nan
5973.678,1.546263e-05,0.0,nan,nan,nan
5973.761,1.546296e-05,0.0,nan,nan,nan
5973.845,1.546034e-05,0.0,nan,nan,nan
5973.929,1.545559e-05,0.0,nan,nan,nan
5974.032,1.545934e-05,0.0,nan,nan,nan
5974.116,1.545996e-05,0.0,nan,nan,nan
5974.212,1.545835e-05,0.0,nan,nan,nan
5974.295,1.545658e-05,0.0,nan,nan,nan
5974.421,1.545562e-05,0.0,nan,nan,nan
5974.505,1.545949e-05,0.0,nan,nan,nan
5974.611,1.546032e-05,0.0,nan,nan,nan
5974.695,1.545956e-05,0.0,nan,nan,nan
5974.778,1.545894e-05,0.0,nan,nan,nan
5974.862,1.545535e-05,0.0,nan,nan,nan
5974.947,1.545913e-05,0.0,nan,nan,nan
5975.041,1.545886e-05,0.0,nan,nan,nan
5975.125,1.546072e-05,0.0,nan,nan,nan
5975.218,1.54599e-05,0.0,nan,nan,nan
5975.302,1.546056e-05,0.0,nan,nan,nan
5975.385,1.546088e-05,0.0,nan,nan,nan
5975.47,1.546038e-05,0.0,nan,nan,nan
5975.553,1.545985e-05,0.0,nan,nan,nan
5975.658,1.546329e-05,0.0,nan,nan,nan
5975.75,1.545859e-05,0.0,nan,nan,nan
5975.853,1.546214e-05,0.0,nan,nan,nan
5975.936,1.546031e-05,0.0,nan,nan,nan
5976.036,1.5464e-05,0.0,nan,nan,nan
5976.119,1.546231e-05,0.0,nan,nan,nan
5976.203,1.546073e-05,0.0,nan,nan,nan
5976.287,1.546329e-05,0.0,nan,nan,nan
5976.37,1.545768e-05,0.0,nan,nan,nan
5976.486,1.546233e-05,0.0,nan,nan,nan
5976.569,1.546045e-05,0.0,nan,nan,nan
5976.654,1.546223e-05,0.0,nan,nan,nan
5976.738,1.546289e-05,0.0,nan,nan,nan
5976.824,1.545932e-05,0.0,nan,nan,nan
5976.911,1.546012e-05,0.0,nan,nan,nan
5976.997,1.546262e-05,0.0,nan,nan,nan
5977.095,1.546555e-05,0.0,nan,nan,nan
5977.178,1.546048e-05,0.0,nan,nan,nan
5977.285,1.546226e-05,0.0,nan,nan,nan
5977.369,1.54597e-05,0.0,nan,nan,nan
5977.476,1.546135e-05,0.0,nan,nan,nan
5977.56,1.546096e-05,0.0,nan,nan,nan
5977.645,1.545917e-05,0.0,nan,nan,nan
5977.729,1.54571e-05,0.0,nan,nan,nan
5977.813,1.545889e-05,0.0,nan,nan,nan
5977.908,1.546289e-05,0.0,nan,nan,nan
5977.994,1.546151e-05,0.0,nan,nan,nan
5978.084,1.545982e-05,0.0,nan,nan,nan
5978.168,1.545957e-05,0.0,nan,nan,nan
5978.251,1.545963e-05,0.0,nan,nan,nan
5978.335,1.546056e-05,0.0,nan,nan,nan
5978.419,1.545802e-05,0.0,nan,nan,nan
5978.542,1.546074e-05,0.0,nan,nan,nan
5978.627,1.545737e-05,0.0,nan,nan,nan
5978.727,1.546e-05,0.0,nan,nan,nan
5978.811,1.545932e-05,0.0,nan,nan,nan
5978.9,1.546263e-05,0.0,nan,nan,nan
5978.984,1.546305e-05,0.0,nan,nan,nan
5979.088,1.546048e-05,0.0,nan,nan,nan
5979.172,1.546508e-05,0.0,nan,nan,nan
5979.256,1.546419e-05,0.0,nan,nan,nan
5979.339,1.546001e-05,0.0,nan,nan,nan
5979.426,1.546532e-05,0.0,nan,nan,nan
5979.513,1.54649e-05,0.0,nan,nan,nan
5979.597,1.54654e-05,0.0,nan,nan,nan
5979.68,1.546424e-05,0.0,nan,nan,nan
5979.764,1.546198e-05,0.0,nan,nan,nan
5979.851,1.546057e-05,0.0,nan,nan,nan
5979.935,1.546077e-05,0.0,nan,nan,nan
5980.019,1.546175e-05,0.0,nan,nan,nan
5980.118,1.546017e-05,0.0,nan,nan,nan
5980.202,1.546146e-05,0.0,nan,nan,nan
5980.285,1.546415e-05,0.0,nan,nan,nan
5980.369,1.546073e-05,0.0,nan,nan,nan
5980.452,1.546137e-05,0.0,nan,nan,nan
5980.546,1.545996e-05,0.0,nan,nan,nan
5980.634,1.546052e-05,0.0,nan,nan,nan
5980.735,1.546145e-05,0.0,nan,nan,nan
5980.819,1.546095e-05,0.0,nan,nan,nan
5980.903,1.546144e-05,0.0,nan,nan,nan
5980.986,1.546074e-05,0.0,nan,nan,nan
5981.07,1.546193e-05,0.0,nan,nan,nan
5981.154,1.545827e-05,0.0,nan,nan,nan
5981.237,1.545989e-05,0.0,nan,nan,nan
5981.341,1.545424e-05,0.0,nan,nan,nan
5981.424,1.546243e-05,0.0,nan,nan,nan
5981.51,1.546151e-05,0.0,nan,nan,nan
5981.594,1.546413e-05,0.0,nan,nan,nan
5981.678,1.546473e-05,0.0,nan,nan,nan
5981.766,1.546312e-05,0.0,nan,nan,nan
5981.85,1.546276e-05,0.0,nan,nan,nan
5981.96,1.545937e-05,0.0,nan,nan,nan
5982.044,1.54615e-05,0.0,nan,nan,nan
5982.128,1.545936e-05,0.0,nan,nan,nan
5982.211,1.546178e-05,0.0,nan,nan,nan
5982.295,1.545573e-05,0.0,nan,nan,nan
5982.38,1.546278e-05,0.0,nan,nan,nan
5982.464,1.545872e-05,0.0,nan,nan,nan
5982.548,1.54617e-05,0.0,nan,nan,nan
5982.632,1.546085e-05,0.0,nan,nan,nan
5982.717,1.546316e-05,0.0,nan,nan,nan
5982.819,1.545665e-05,0.0,nan,nan,nan
5982.903,1.546124e-05,0.0,nan,nan,nan
5982.988,1.54589e-05,0.0,nan,nan,nan
5983.072,1.545716e-05,0.0,nan,nan,nan
5983.159,1.545704e-05,0.0,nan,nan,nan
5983.243,1.545634e-05,0.0,nan,nan,nan
5983.33,1.546184e-05,0.0,nan,nan,nan
5983.414,1.546229e-05,0.0,nan,nan,nan
5983.5,1.545947e-05,0.0,nan,nan,nan
5983.585,1.546179e-05,0.0,nan,nan,nan
5983.669,1.545823e-05,0.0,nan,nan,nan
5983.753,1.546035e-05,0.0,nan,nan,nan
5983.837,1.545694e-05,0.0,nan,nan,nan
5983.92,1.545667e-05,0.0,nan,nan,nan
5984.004,1.546139e-05,0.0,nan,nan,nan
5984.087,1.546114e-05,0.0,nan,nan,nan
5984.191,1.545845e-05,0.0,nan,nan,nan
5984.274,1.545241e-05,0.0,nan,nan,nan
5984.36,1.546118e-05,0.0,nan,nan,nan
5984.444,1.546068e-05,0.0,nan,nan,nan
5984.527,1.5456e-05,0.0,nan,nan,nan
5984.615,1.546e-05,0.0,nan,nan,nan
5984.698,1.546014e-05,0.0,nan,nan,nan
5984.782,1.546006e-05,0.0,nan,nan,nan
5984.867,1.546271e-05,0.0,nan,nan,nan
5984.951,1.546531e-05,0.0,nan,nan,nan
5985.035,1.546132e-05,0.0,nan,nan,nan
5985.119,1.545905e-05,0.0,nan,nan,nan
5985.205,1.545893e-05,0.0,nan,nan,nan
5985.288,1.546235e-05,0.0,nan,nan,nan
5985.376,1.546304e-05,0.0,nan,nan,nan
5985.463,1.546472e-05,0.0,nan,nan,nan
5985.546,1.546019e-05,0.0,nan,nan,nan
5985.655,1.545948e-05,0.0,nan,nan,nan
5985.739,1.546425e-05,0.0,nan,nan,nan
5985.837,1.546267e-05,0.0,nan,nan,nan
5985.92,1.546268e-05,0.0,nan,nan,nan
5986.005,1.546409e-05,0.0,nan,nan,nan
5986.089,1.546164e-05,0.0,nan,nan,nan
5986.173,1.546323e-05,0.0,nan,nan,nan
5986.259,1.546443e-05,0.0,nan,nan,nan
5986.343,1.546282e-05,0.0,nan,nan,nan
5986.427,1.546384e-05,0.0,nan,nan,nan
5986.511,1.546557e-05,0.0,nan,nan,nan
5986.599,1.546434e-05,0.0,nan,nan,nan
5986.682,1.546181e-05,0.0,nan,nan,nan
5986.767,1.545943e-05,0.0,nan,nan,nan
5986.855,1.546225e-05,0.0,nan,nan,nan
5986.938,1.546183e-05,0.0,nan,nan,nan
5987.022,1.546099e-05,0.0,nan,nan,nan
5987.106,1.546534e-05,0.0,nan,nan,nan
5987.19,1.546435e-05,0.0,nan,nan,nan
5987.295,1.546453e-05,0.0,nan,nan,nan
5987.38,1.546533e-05,0.0,nan,nan,nan
5987.48,1.54641e-05,0.0,nan,nan,nan
5987.564,1.546334e-05,0.0,nan,nan,nan
5987.649,1.546213e-05,0.0,nan,nan,nan
5987.732,1.546191e-05,0.0,nan,nan,nan
5987.819,1.54615e-05,0.0,nan,nan,nan
5987.903,1.546128e-05,0.0,nan,nan,nan
5987.986,1.546075e-05,0.0,nan,nan,nan
5988.07,1.545935e-05,0.0,nan,nan,nan
5988.154,1.546361e-05,0.0,nan,nan,nan
5988.24,1.546182e-05,0.0,nan,nan,nan
5988.323,1.545943e-05,0.0,nan,nan,nan
5988.407,1.546134e-05,0.0,nan,nan,nan
5988.5,1.545968e-05,0.0,nan,nan,nan
5988.584,1.546077e-05,0.0,nan,nan,nan
5988.667,1.545856e-05,0.0,nan,nan,nan
5988.751,1.545777e-05,0.0,nan,nan,nan
5988.835,1.546158e-05,0.0,nan,nan,nan
5988.919,1.546456e-05,0.0,nan,nan,nan
5989.002,1.546007e-05,0.0,nan,nan,nan
5989.102,1.545866e-05,0.0,nan,nan,nan
5989.186,1.546026e-05,0.0,nan,nan,nan
5989.275,1.545951e-05,0.0,nan,nan,nan
5989.359,1.546036e-05,0.0,nan,nan,nan
5989.443,1.546221e-05,0.0,nan,nan,nan
5989.538,1.546459e-05,0.0,nan,nan,nan
5989.622,1.546315e-05,0.0,nan,nan,nan
5989.724,1.546103e-05,0.0,nan,nan,nan
5989.808,1.545977e-05,0.0,nan,nan,nan
5989.892,1.546413e-05,0.0,nan,nan,nan
5989.975,1.546245e-05,0.0,nan,nan,nan
5990.061,1.545915e-05,0.0,nan,nan,nan
5990.145,1.546035e-05,0.0,nan,nan,nan
5990.229,1.545968e-05,0.0,nan,nan,nan
5990.312,1.545714e-05,0.0,nan,nan,nan
5990.396,1.546364e-05,0.0,nan,nan,nan
5990.48,1.546352e-05,0.0,nan,nan,nan
5990.564,1.546252e-05,0.0,nan,nan,nan
5990.647,1.546027e-05,0.0,nan,nan,nan
5990.751,1.546093e-05,0.0,nan,nan,nan
5990.834,1.546353e-05,0.0,nan,nan,nan
5990.918,1.546196e-05,0.0,nan,nan,nan
5991.013,1.546319e-05,0.0,nan,nan,nan
5991.097,1.546377e-05,0.0,nan,nan,nan
5991.181,1.545769e-05,0.0,nan,nan,nan
5991.265,1.546073e-05,0.0,nan,nan,nan
5991.348,1.546281e-05,0.0,nan,nan,nan
5991.432,1.546619e-05,0.0,nan,nan,nan
5991.516,1.546373e-05,0.0,nan,nan,nan
5991.6,1.54648e-05,0.0,nan,nan,nan
5991.684,1.545827e-05,0.0,nan,nan,nan
5991.768,1.546176e-05,0.0,nan,nan,nan
5991.852,1.546574e-05,0.0,nan,nan,nan
5991.935,1.546647e-05,0.0,nan,nan,nan
5992.028,1.546562e-05,0.0,nan,nan,nan
5992.113,1.546233e-05,0.0,nan,nan,nan
5992.197,1.54627e-05,0.0,nan,nan,nan
5992.28,1.546286e-05,0.0,nan,nan,nan
5992.366,1.546226e-05,0.0,nan,nan,nan
5992.45,1.546368e-05,0.0,nan,nan,nan
5992.536,1.547038e-05,0.0,nan,nan,nan
5992.62,1.546529e-05,0.0,nan,nan,nan
5992.703,1.546021e-05,0.0,nan,nan,nan
5992.795,1.546018e-05,0.0,nan,nan,nan
5992.879,1.545601e-05,0.0,nan,nan,nan
5992.964,1.546433e-05,0.0,nan,nan,nan
5993.073,1.54606e-05,0.0,nan,nan,nan
5993.159,1.546067e-05,0.0,nan,nan,nan
5993.243,1.546034e-05,0.0,nan,nan,nan
5993.327,1.546241e-05,0.0,nan,nan,nan
5993.433,1.545629e-05,0.0,nan,nan,nan
5993.517,1.546176e-05,0.0,nan,nan,nan
5993.602,1.546058e-05,0.0,nan,nan,nan
5993.715,1.546434e-05,0.0,nan,nan,nan
5993.804,1.545905e-05,0.0,nan,nan,nan
5993.915,1.545738e-05,0.0,nan,nan,nan
5994.004,1.546307e-05,0.0,nan,nan,nan
5994.11,1.546039e-05,0.0,nan,nan,nan
5994.194,1.546324e-05,0.0,nan,nan,nan
5994.279,1.546389e-05,0.0,nan,nan,nan
5994.383,1.546155e-05,0.0,nan,nan,nan
5994.466,1.54622e-05,0.0,nan,nan,nan
5994.55,1.546173e-05,0.0,nan,nan,nan
5994.634,1.545922e-05,0.0,nan,nan,nan
5994.718,1.545708e-05,0.0,nan,nan,nan
5994.803,1.545911e-05,0.0,nan,nan,nan
5994.887,1.545809e-05,0.0,nan,nan,nan
5994.971,1.546051e-05,0.0,nan,nan,nan
5995.054,1.546105e-05,0.0,nan,nan,nan
5995.191,1.546138e-05,0.0,nan,nan,nan
5995.277,1.545516e-05,0.0,nan,nan,nan
5995.36,1.545973e-05,0.0,nan,nan,nan
5995.444,1.545946e-05,0.0,nan,nan,nan
5995.529,1.545916e-05,0.0,nan,nan,nan
5995.613,1.546143e-05,0.0,nan,nan,nan
5995.699,1.546197e-05,0.0,nan,nan,nan
5995.783,1.545716e-05,0.0,nan,nan,nan
5995.875,1.546059e-05,0.0,nan,nan,nan
5995.959,1.545963e-05,0.0,nan,nan,nan
5996.042,1.546011e-05,0.0,nan,nan,nan
5996.126,1.546045e-05,0.0,nan,nan,nan
5996.209,1.545618e-05,0.0,nan,nan,nan
5996.322,1.545593e-05,0.0,nan,nan,nan
5996.409,1.546056e-05,0.0,nan,nan,nan
5996.493,1.545985e-05,0.0,nan,nan,nan
5996.578,1.545918e-05,0.0,nan,nan,nan
5996.663,1.545492e-05,0.0,nan,nan,nan
5996.747,1.546066e-05,0.0,nan,nan,nan
5996.835,1.545897e-05,0.0,nan,nan,nan
5996.928,1.546591e-05,0.0,nan,nan,nan
5997.012,1.545952e-05,0.0,nan,nan,nan
5997.113,1.545999e-05,0.0,nan,nan,nan
5997.197,1.546114e-05,0.0,nan,nan,nan
5997.291,1.545551e-05,0.0,nan,nan,nan
5997.376,1.545999e-05,0.0,nan,nan,nan
5997.459,1.545911e-05,0.0,nan,nan,nan
5997.543,1.545786e-05,0.0,nan,nan,nan
5997.626,1.546001e-05,0.0,nan,nan,nan
5997.71,1.54577e-05,0.0,nan,nan,nan
5997.795,1.546064e-05,0.0,nan,nan,nan
5997.887,1.546085e-05,0.0,nan,nan,nan
5997.97,1.545585e-05,0.0,nan,nan,nan
5998.072,1.546014e-05,0.0,nan,nan,nan
5998.155,1.54573e-05,0.0,nan,nan,nan
5998.239,1.545816e-05,0.0,nan,nan,nan
5998.327,1.546077e-05,0.0,nan,nan,nan
5998.411,1.545676e-05,0.0,nan,nan,nan
5998.495,1.545721e-05,0.0,nan,nan,nan
5998.579,1.545879e-05,0.0,nan,nan,nan
5998.662,1.545856e-05,0.0,nan,nan,nan
5998.746,1.546073e-05,0.0,nan,nan,nan
5998.829,1.546217e-05,0.0,nan,nan,nan
5998.936,1.545889e-05,0.0,nan,nan,nan
5999.02,1.546272e-05,0.0,nan,nan,nan
5999.107,1.545942e-05,0.0,nan,nan,nan
5999.191,1.546121e-05,0.0,nan,nan,nan
5999.274,1.546075e-05,0.0,nan,nan,nan
5999.391,1.545957e-05,0.0,nan,nan,nan
5999.475,1.545848e-05,0.0,nan,nan,nan
5999.559,1.545902e-05,0.0,nan,nan,nan
5999.648,1.546247e-05,0.0,nan,nan,nan
5999.746,1.545915e-05,0.0,nan,nan,nan
5999.83,1.546481e-05,0.0,nan,nan,nan
5999.917,1.545759e-05,0.0,nan,nan,nan
6000.001,1.546058e-05,0.0,nan,nan,nan
6000.085,1.545652e-05,0.0,nan,nan,nan
6000.168,1.545912e-05,0.0,nan,nan,nan
6000.252,1.546408e-05,0.0,nan,nan,nan
6000.344,1.545787e-05,0.0,nan,nan,nan
6000.428,1.545991e-05,0.0,nan,nan,nan
6000.511,1.546242e-05,0.0,nan,nan,nan
6000.595,1.546569e-05,0.0,nan,nan,nan
6000.679,1.546125e-05,0.0,nan,nan,nan
6000.798,1.545707e-05,0.0,nan,nan,nan
6000.884,1.546375e-05,0.0,nan,nan,nan
6000.968,1.546378e-05,0.0,nan,nan,nan
6001.051,1.546294e-05,0.0,nan,nan,nan
6001.138,1.546408e-05,0.0,nan,nan,nan
6001.222,1.546007e-05,0.0,nan,nan,nan
6001.307,1.546106e-05,0.0,nan,nan,nan
6001.39,1.546505e-05,0.0,nan,nan,nan
6001.477,1.54624e-05,0.0,nan,nan,nan
6001.561,1.545758e-05,0.0,nan,nan,nan
6001.645,1.546047e-05,0.0,nan,nan,nan
6001.729,1.545885e-05,0.0,nan,nan,nan
6001.812,1.54617e-05,0.0,nan,nan,nan
6001.898,1.546121e-05,0.0,nan,nan,nan
6001.992,1.546111e-05,0.0,nan,nan,nan
6002.082,1.546118e-05,0.0,nan,nan,nan
6002.179,1.546367e-05,0.0,nan,nan,nan
6002.263,1.546104e-05,0.0,nan,nan,nan
6002.346,1.545875e-05,0.0,nan,nan,nan
6002.43,1.546416e-05,0.0,nan,nan,nan
6002.515,1.545998e-05,0.0,nan,nan,nan
6002.603,1.546087e-05,0.0,nan,nan,nan
6002.688,1.546119e-05,0.0,nan,nan,nan
6002.772,1.546064e-05,0.0,nan,nan,nan
6002.856,1.546176e-05,0.0,nan,nan,nan
6002.939,1.545814e-05,0.0,nan,nan,nan
6003.023,1.546254e-05,0.0,nan,nan,nan
6003.107,1.54648e-05,0.0,nan,nan,nan
6003.191,1.546492e-05,0.0,nan,nan,nan
6003.274,1.545849e-05,0.0,nan,nan,nan
6003.358,1.546073e-05,0.0,nan,nan,nan
6003.442,1.546151e-05,0.0,nan,nan,nan
6003.531,1.546404e-05,0.0,nan,nan,nan
6003.615,1.545957e-05,0.0,nan,nan,nan
6003.699,1.546211e-05,0.0,nan,nan,nan
6003.782,1.546009e-05,0.0,nan,nan,nan
6003.866,1.546318e-05,0.0,nan,nan,nan
6003.95,1.546174e-05,0.0,nan,nan,nan
6004.034,1.546498e-05,0.0,nan,nan,nan
6004.117,1.545975e-05,0.0,nan,nan,nan
6004.223,1.545565e-05,0.0,nan,nan,nan
6004.307,1.546172e-05,0.0,nan,nan,nan
6004.39,1.545625e-05,0.0,nan,nan,nan
6004.474,1.545813e-05,0.0,nan,nan,nan
6004.557,1.545642e-05,0.0,nan,nan,nan
6004.641,1.545755e-05,0.0,nan,nan,nan
6004.729,1.546408e-05,0.0,nan,nan,nan
6004.827,1.546232e-05,0.0,nan,nan,nan
6004.911,1.545899e-05,0.0,nan,nan,nan
6004.995,1.546484e-05,0.0,nan,nan,nan
6005.079,1.546312e-05,0.0,nan,nan,nan
6005.165,1.546221e-05,0.0,nan,nan,nan
6005.251,1.546275e-05,0.0,nan,nan,nan
6005.335,1.546228e-05,0.0,nan,nan,nan
6005.428,1.546219e-05,0.0,nan,nan,nan
6005.511,1.546238e-05,0.0,nan,nan,nan
6005.621,1.54604e-05,0.0,nan,nan,nan
6005.709,1.54602e-05,0.0,nan,nan,nan
6005.796,1.545776e-05,0.0,nan,nan,nan
6005.88,1.546182e-05,0.0,nan,nan,nan
6005.963,1.546059e-05,0.0,nan,nan,nan
6006.052,1.54608e-05,0.0,nan,nan,nan
6006.135,1.545827e-05,0.0,nan,nan,nan
6006.22,1.545593e-05,0.0,nan,nan,nan
6006.304,1.546122e-05,0.0,nan,nan,nan
6006.387,1.545923e-05,0.0,nan,nan,nan
6006.471,1.546201e-05,0.0,nan,nan,nan
6006.555,1.546169e-05,0.0,nan,nan,nan
6006.638,1.546294e-05,0.0,nan,nan,nan
6006.722,1.546174e-05,0.0,nan,nan,nan
6006.805,1.546361e-05,0.0,nan,nan,nan
6006.889,1.546062e-05,0.0,nan,nan,nan
6006.973,1.545864e-05,0.0,nan,nan,nan
6007.056,1.546051e-05,0.0,nan,nan,nan
6007.14,1.545917e-05,0.0,nan,nan,nan
6007.224,1.546043e-05,0.0,nan,nan,nan
6007.308,1.54579e-05,0.0,nan,nan,nan
6007.392,1.54607e-05,0.0,nan,nan,nan
6007.494,1.546341e-05,0.0,nan,nan,nan
6007.581,1.546183e-05,0.0,nan,nan,nan
6007.675,1.546369e-05,0.0,nan,nan,nan
6007.759,1.54626e-05,0.0,nan,nan,nan
6007.843,1.545812e-05,0.0,nan,nan,nan
6007.927,1.545573e-05,0.0,nan,nan,nan
6008.012,1.546006e-05,0.0,nan,nan,nan
6008.098,1.545847e-05,0.0,nan,nan,nan
6008.182,1.545499e-05,0.0,nan,nan,nan
6008.265,1.545796e-05,0.0,nan,nan,nan
6008.349,1.545913e-05,0.0,nan,nan,nan
6008.433,1.545989e-05,0.0,nan,nan,nan
6008.517,1.545655e-05,0.0,nan,nan,nan
6008.6,1.546152e-05,0.0,nan,nan,nan
6008.684,1.545881e-05,0.0,nan,nan,nan
6008.768,1.545837e-05,0.0,nan,nan,nan
6008.852,1.546013e-05,0.0,nan,nan,nan
6008.935,1.545394e-05,0.0,nan,nan,nan
6009.019,1.546063e-05,0.0,nan,nan,nan
6009.115,1.546215e-05,0.0,nan,nan,nan
6009.201,1.545631e-05,0.0,nan,nan,nan
6009.305,1.545838e-05,0.0,nan,nan,nan
6009.389,1.546034e-05,0.0,nan,nan,nan
6009.475,1.545824e-05,0.0,nan,nan,nan
6009.559,1.545877e-05,0.0,nan,nan,nan
6009.644,1.546297e-05,0.0,nan,nan,nan
6009.73,1.546012e-05,0.0,nan,nan,nan
6009.815,1.546143e-05,0.0,nan,nan,nan
6009.901,1.545952e-05,0.0,nan,nan,nan
6009.985,1.546047e-05,0.0,nan,nan,nan
6010.068,1.545953e-05,0.0,nan,nan,nan
6010.152,1.546117e-05,0.0,nan,nan,nan
6010.235,1.546274e-05,0.0,nan,nan,nan
6010.33,1.546078e-05,0.0,nan,nan,nan
6010.414,1.545943e-05,0.0,nan,nan,nan
6010.513,1.546174e-05,0.0,nan,nan,nan
6010.597,1.546227e-05,0.0,nan,nan,nan
6010.68,1.545796e-05,0.0,nan,nan,nan
6010.764,1.54586e-05,0.0,nan,nan,nan
6010.848,1.546418e-05,0.0,nan,nan,nan
6010.937,1.545644e-05,0.0,nan,nan,nan
6011.021,1.546391e-05,0.0,nan,nan,nan
6011.105,1.546369e-05,0.0,nan,nan,nan
6011.189,1.545978e-05,0.0,nan,nan,nan
6011.275,1.545838e-05,0.0,nan,nan,nan
6011.361,1.546187e-05,0.0,nan,nan,nan
6011.446,1.546351e-05,0.0,nan,nan,nan
6011.541,1.546026e-05,0.0,nan,nan,nan
6011.625,1.54637e-05,0.0,nan,nan,nan
6011.708,1.545823e-05,0.0,nan,nan,nan
6011.803,1.54605e-05,0.0,nan,nan,nan
6011.887,1.545771e-05,0.0,nan,nan,nan
6011.971,1.545854e-05,0.0,nan,nan,nan
6012.054,1.54582e-05,0.0,nan,nan,nan
6012.155,1.545568e-05,0.0,nan,nan,nan
6012.239,1.54566e-05,0.0,nan,nan,nan
6012.323,1.545445e-05,0.0,nan,nan,nan
6012.407,1.54569e-05,0.0,nan,nan,nan
6012.49,1.545414e-05,0.0,nan,nan,nan
6012.574,1.545907e-05,0.0,nan,nan,nan
6012.658,1.545509e-05,0.0,nan,nan,nan
6012.76,1.545778e-05,0.0,nan,nan,nan
6012.844,1.545655e-05,0.0,nan,nan,nan
6012.93,1.545663e-05,0.0,nan,nan,nan
6013.013,1.545905e-05,0.0,nan,nan,nan
6013.097,1.545728e-05,0.0,nan,nan,nan
6013.181,1.545788e-05,0.0,nan,nan,nan
6013.267,1.545974e-05,0.0,nan,nan,nan
6013.355,1.546205e-05,0.0,nan,nan,nan
6013.438,1.54563e-05,0.0,nan,nan,nan
6013.522,1.54578e-05,0.0,nan,nan,nan
6013.606,1.546037e-05,0.0,nan,nan,nan
6013.694,1.545719e-05,0.0,nan,nan,nan
6013.794,1.546078e-05,0.0,nan,nan,nan
6013.878,1.54564e-05,0.0,nan,nan,nan
6013.963,1.546218e-05,0.0,nan,nan,nan
6014.046,1.545641e-05,0.0,nan,nan,nan
6014.13,1.545681e-05,0.0,nan,nan,nan
6014.214,1.545704e-05,0.0,nan,nan,nan
6014.297,1.545647e-05,0.0,nan,nan,nan
6014.385,1.546046e-05,0.0,nan,nan,nan
6014.469,1.545752e-05,0.0,nan,nan,nan
6014.552,1.545503e-05,0.0,nan,nan,nan
6014.636,1.546036e-05,0.0,nan,nan,nan
6014.72,1.546225e-05,0.0,nan,nan,nan
6014.804,1.546118e-05,0.0,nan,nan,nan
6014.887,1.545945e-05,0.0,nan,nan,nan
6014.971,1.54557e-05,0.0,nan,nan,nan
6015.054,1.545754e-05,0.0,nan,nan,nan
6015.138,1.54585e-05,0.0,nan,nan,nan
6015.222,1.54571e-05,0.0,nan,nan,nan
6015.305,1.545812e-05,0.0,nan,nan,nan
6015.396,1.545943e-05,0.0,nan,nan,nan
6015.48,1.54577e-05,0.0,nan,nan,nan
6015.563,1.545599e-05,0.0,nan,nan,nan
6015.647,1.545746e-05,0.0,nan,nan,nan
6015.731,1.545939e-05,0.0,nan,nan,nan
6015.815,1.546338e-05,0.0,nan,nan,nan
6015.906,1.545872e-05,0.0,nan,nan,nan
6016.006,1.545984e-05,0.0,nan,nan,nan
6016.089,1.546417e-05,0.0,nan,nan,nan
6016.173,1.545752e-05,0.0,nan,nan,nan
6016.257,1.546031e-05,0.0,nan,nan,nan
6016.342,1.546008e-05,0.0,nan,nan,nan
6016.434,1.546152e-05,0.0,nan,nan,nan
6016.517,1.546425e-05,0.0,nan,nan,nan
6016.601,1.546407e-05,0.0,nan,nan,nan
6016.685,1.546357e-05,0.0,nan,nan,nan
6016.774,1.546431e-05,0.0,nan,nan,nan
6016.858,1.546128e-05,0.0,nan,nan,nan
6016.941,1.545914e-05,0.0,nan,nan,nan
6017.038,1.546092e-05,0.0,nan,nan,nan
6017.121,1.5458e-05,0.0,nan,nan,nan
6017.213,1.545594e-05,0.0,nan,nan,nan
6017.296,1.546018e-05,0.0,nan,nan,nan
6017.38,1.545678e-05,0.0,nan,nan,nan
6017.464,1.545611e-05,0.0,nan,nan,nan
6017.548,1.545684e-05,0.0,nan,nan,nan
6017.648,1.545473e-05,0.0,nan,nan,nan
6017.732,1.545676e-05,0.0,nan,nan,nan
6017.844,1.545902e-05,0.0,nan,nan,nan
6017.966,1.546154e-05,0.0,nan,nan,nan
6018.058,1.545993e-05,0.0,nan,nan,nan
6018.142,1.545446e-05,0.0,nan,nan,nan
6018.236,1.5454e-05,0.0,nan,nan,nan
6018.32,1.545583e-05,0.0,nan,nan,nan
6018.404,1.545406e-05,0.0,nan,nan,nan
6018.488,1.545553e-05,0.0,nan,nan,nan
6018.571,1.545669e-05,0.0,nan,nan,nan
6018.661,1.54564e-05,0.0,nan,nan,nan
6018.748,1.545223e-05,0.0,nan,nan,nan
6018.852,1.545679e-05,0.0,nan,nan,nan
6018.936,1.545394e-05,0.0,nan,nan,nan
6019.02,1.545557e-05,0.0,nan,nan,nan
6019.103,1.54567e-05,0.0,nan,nan,nan
6019.187,1.545668e-05,0.0,nan,nan,nan
6019.284,1.5452e-05,0.0,nan,nan,nan
6019.368,1.545209e-05,0.0,nan,nan,nan
6019.453,1.54544e-05,0.0,nan,nan,nan
6019.536,1.545435e-05,0.0,nan,nan,nan
6019.62,1.54581e-05,0.0,nan,nan,nan
6019.703,1.545528e-05,0.0,nan,nan,nan
6019.787,1.545218e-05,0.0,nan,nan,nan
6019.878,1.545516e-05,0.0,nan,nan,nan
6019.963,1.545376e-05,0.0,nan,nan,nan
6020.058,1.5457e-05,0.0,nan,nan,nan
6020.141,1.545428e-05,0.0,nan,nan,nan
6020.225,1.545636e-05,0.0,nan,nan,nan
6020.308,1.545495e-05,0.0,nan,nan,nan
6020.394,1.54515e-05,0.0,nan,nan,nan
6020.486,1.545368e-05,0.0,nan,nan,nan
6020.57,1.545305e-05,0.0,nan,nan,nan
6020.672,1.545577e-05,0.0,nan,nan,nan
6020.756,1.545541e-05,0.0,nan,nan,nan
6020.839,1.545097e-05,0.0,nan,nan,nan
6020.923,1.54556e-05,0.0,nan,nan,nan
6021.007,1.54535e-05,0.0,nan,nan,nan
6021.11,1.545554e-05,0.0,nan,nan,nan
6021.196,1.545508e-05,0.0,nan,nan,nan
6021.28,1.545605e-05,0.0,nan,nan,nan
6021.364,1.545389e-05,0.0,nan,nan,nan
6021.452,1.54515e-05,0.0,nan,nan,nan
6021.535,1.545098e-05,0.0,nan,nan,nan
6021.619,1.544847e-05,0.0,nan,nan,nan
6021.718,1.545492e-05,0.0,nan,nan,nan
6021.801,1.545457e-05,0.0,nan,nan,nan
6021.905,1.545135e-05,0.0,nan,nan,nan
6021.988,1.545317e-05,0.0,nan,nan,nan
6022.091,1.545229e-05,0.0,nan,nan,nan
6022.175,1.545357e-05,0.0,nan,nan,nan
6022.258,1.54501e-05,0.0,nan,nan,nan
6022.342,1.54541e-05,0.0,nan,nan,nan
6022.431,1.545386e-05,0.0,nan,nan,nan
6022.528,1.545602e-05,0.0,nan,nan,nan
6022.612,1.545224e-05,0.0,nan,nan,nan
6022.695,1.545507e-05,0.0,nan,nan,nan
6022.779,1.545567e-05,0.0,nan,nan,nan
6022.865,1.545351e-05,0.0,nan,nan,nan
6022.948,1.545519e-05,0.0,nan,nan,nan
6023.032,1.545405e-05,0.0,nan,nan,nan
6023.13,1.545925e-05,0.0,nan,nan,nan
6023.213,1.545904e-05,0.0,nan,nan,nan
6023.297,1.545276e-05,0.0,nan,nan,nan
6023.381,1.54579e-05,0.0,nan,nan,nan
6023.464,1.545585e-05,0.0,nan,nan,nan
6023.57,1.545871e-05,0.0,nan,nan,nan
6023.654,1.545491e-05,0.0,nan,nan,nan
6023.761,1.545722e-05,0.0,nan,nan,nan
6023.845,1.545153e-05,0.0,nan,nan,nan
6023.934,1.545347e-05,0.0,nan,nan,nan
6024.018,1.545344e-05,0.0,nan,nan,nan
6024.102,1.54589e-05,0.0,nan,nan,nan
6024.185,1.545547e-05,0.0,nan,nan,nan
6024.268,1.545694e-05,0.0,nan,nan,nan
6024.376,1.54542e-05,0.0,nan,nan,nan
6024.47,1.546182e-05,0.0,nan,nan,nan
6024.579,1.545675e-05,0.0,nan,nan,nan
6024.662,1.546107e-05,0.0,nan,nan,nan
6024.767,1.545665e-05,0.0,nan,nan,nan
6024.85,1.545718e-05,0.0,nan,nan,nan
6024.934,1.545841e-05,0.0,nan,nan,nan
6025.017,1.54577e-05,0.0,nan,nan,nan
6025.101,1.545923e-05,0.0,nan,nan,nan
6025.193,1.545708e-05,0.0,nan,nan,nan
6025.284,1.545633e-05,0.0,nan,nan,nan
6025.367,1.545674e-05,0.0,nan,nan,nan
6025.451,1.545789e-05,0.0,nan,nan,nan
6025.534,1.545909e-05,0.0,nan,nan,nan
6025.618,1.545682e-05,0.0,nan,nan,nan
6025.701,1.545496e-05,0.0,nan,nan,nan
6025.794,1.545717e-05,0.0,nan,nan,nan
6025.878,1.545508e-05,0.0,nan,nan,nan
6025.961,1.545518e-05,0.0,nan,nan,nan
6026.045,1.545949e-05,0.0,nan,nan,nan
6026.129,1.545822e-05,0.0,nan,nan,nan
6026.257,1.545609e-05,0.0,nan,nan,nan
6026.344,1.545701e-05,0.0,nan,nan,nan
6026.435,1.546198e-05,0.0,nan,nan,nan
6026.519,1.545686e-05,0.0,nan,nan,nan
6026.602,1.545469e-05,0.0,nan,nan,nan
6026.686,1.545534e-05,0.0,nan,nan,nan
6026.77,1.545744e-05,0.0,nan,nan,nan
6026.854,1.545635e-05,0.0,nan,nan,nan
6026.937,1.545631e-05,0.0,nan,nan,nan
6027.04,1.545924e-05,0.0,nan,nan,nan
6027.124,1.545419e-05,0.0,nan,nan,nan
6027.208,1.545431e-05,0.0,nan,nan,nan
6027.292,1.545804e-05,0.0,nan,nan,nan
6027.377,1.54553e-05,0.0,nan,nan,nan
6027.46,1.545877e-05,0.0,nan,nan,nan
6027.544,1.545477e-05,0.0,nan,nan,nan
6027.654,1.545585e-05,0.0,nan,nan,nan
6027.738,1.545448e-05,0.0,nan,nan,nan
6027.837,1.545511e-05,0.0,nan,nan,nan
6027.921,1.545148e-05,0.0,nan,nan,nan
6028.005,1.545177e-05,0.0,nan,nan,nan
6028.088,1.545771e-05,0.0,nan,nan,nan
6028.172,1.545627e-05,0.0,nan,nan,nan
6028.275,1.545826e-05,0.0,nan,nan,nan
6028.366,1.545638e-05,0.0,nan,nan,nan
6028.468,1.545719e-05,0.0,nan,nan,nan
6028.552,1.545418e-05,0.0,nan,nan,nan
6028.636,1.545216e-05,0.0,nan,nan,nan
6028.719,1.545379e-05,0.0,nan,nan,nan
6028.804,1.545595e-05,0.0,nan,nan,nan
6028.888,1.545827e-05,0.0,nan,nan,nan
6028.971,1.545551e-05,0.0,nan,nan,nan
6029.074,1.545773e-05,0.0,nan,nan,nan
6029.157,1.545491e-05,0.0,nan,nan,nan
6029.241,1.545574e-05,0.0,nan,nan,nan
6029.325,1.545302e-05,0.0,nan,nan,nan
6029.409,1.545135e-05,0.0,nan,nan,nan
6029.497,1.545239e-05,0.0,nan,nan,nan
6029.58,1.545161e-05,0.0,nan,nan,nan
6029.663,1.545203e-05,0.0,nan,nan,nan
6029.747,1.545478e-05,0.0,nan,nan,nan
6029.831,1.54526e-05,0.0,nan,nan,nan
6029.915,1.545472e-05,0.0,nan,nan,nan
6029.998,1.545152e-05,0.0,nan,nan,nan
6030.092,1.545249e-05,0.0,nan,nan,nan
6030.176,1.545257e-05,0.0,nan,nan,nan
6030.259,1.544895e-05,0.0,nan,nan,nan
6030.385,1.545214e-05,0.0,nan,nan,nan
6030.468,1.545051e-05,0.0,nan,nan,nan
6030.551,1.544876e-05,0.0,nan,nan,nan
6030.639,1.545353e-05,0.0,nan,nan,nan
6030.722,1.545473e-05,0.0,nan,nan,nan
6030.806,1.545035e-05,0.0,nan,nan,nan
6030.89,1.545011e-05,0.0,nan,nan,nan
6030.973,1.54521e-05,0.0,nan,nan,nan
6031.057,1.54533e-05,0.0,nan,nan,nan
6031.141,1.5451e-05,0.0,nan,nan,nan
6031.225,1.545652e-05,0.0,nan,nan,nan
6031.309,1.544983e-05,0.0,nan,nan,nan
6031.393,1.5454e-05,0.0,nan,nan,nan
6031.477,1.545623e-05,0.0,nan,nan,nan
6031.56,1.545513e-05,0.0,nan,nan,nan
6031.644,1.545252e-05,0.0,nan,nan,nan
6031.728,1.54536e-05,0.0,nan,nan,nan
6031.813,1.545477e-05,0.0,nan,nan,nan
6031.91,1.545588e-05,0.0,nan,nan,nan
6031.994,1.54547e-05,0.0,nan,nan,nan
6032.078,1.545075e-05,0.0,nan,nan,nan
6032.162,1.544849e-05,0.0,nan,nan,nan
6032.245,1.544963e-05,0.0,nan,nan,nan
6032.331,1.544978e-05,0.0,nan,nan,nan
6032.441,1.544827e-05,0.0,nan,nan,nan
6032.524,1.544797e-05,0.0,nan,nan,nan
6032.608,1.545517e-05,0.0,nan,nan,nan
6032.693,1.545234e-05,0.0,nan,nan,nan
6032.777,1.545207e-05,0.0,nan,nan,nan
6032.86,1.545384e-05,0.0,nan,nan,nan
6032.944,1.54504e-05,0.0,nan,nan,nan
6033.033,1.545163e-05,0.0,nan,nan,nan
6033.116,1.544879e-05,0.0,nan,nan,nan
6033.2,1.545531e-05,0.0,nan,nan,nan
6033.284,1.545219e-05,0.0,nan,nan,nan
6033.367,1.545485e-05,0.0,nan,nan,nan
6033.451,1.545803e-05,0.0,nan,nan,nan
6033.536,1.545357e-05,0.0,nan,nan,nan
6033.619,1.54523e-05,0.0,nan,nan,nan
6033.704,1.545207e-05,0.0,nan,nan,nan
6033.788,1.545329e-05,0.0,nan,nan,nan
6033.872,1.54513e-05,0.0,nan,nan,nan
6033.955,1.545666e-05,0.0,nan,nan,nan
6034.039,1.545295e-05,0.0,nan,nan,nan
6034.123,1.545049e-05,0.0,nan,nan,nan
6034.207,1.545094e-05,0.0,nan,nan,nan
6034.292,1.545243e-05,0.0,nan,nan,nan
6034.376,1.545337e-05,0.0,nan,nan,nan
6034.505,1.54535e-05,0.0,nan,nan,nan
6034.6,1.545785e-05,0.0,nan,nan,nan
6034.684,1.546019e-05,0.0,nan,nan,nan
6034.789,1.545213e-05,0.0,nan,nan,nan
6034.873,1.545435e-05,0.0,nan,nan,nan
6034.956,1.545529e-05,0.0,nan,nan,nan
6035.04,1.545492e-05,0.0,nan,nan,nan
6035.123,1.545435e-05,0.0,nan,nan,nan
6035.207,1.545911e-05,0.0,nan,nan,nan
6035.291,1.545782e-05,0.0,nan,nan,nan
6035.379,1.545827e-05,0.0,nan,nan,nan
6035.463,1.545568e-05,0.0,nan,nan,nan
6035.547,1.545342e-05,0.0,nan,nan,nan
6035.63,1.546123e-05,0.0,nan,nan,nan
6035.72,1.545599e-05,0.0,nan,nan,nan
6035.825,1.545914e-05,0.0,nan,nan,nan
6035.914,1.545489e-05,0.0,nan,nan,nan
6036.014,1.545232e-05,0.0,nan,nan,nan
6036.098,1.545492e-05,0.0,nan,nan,nan
6036.199,1.545698e-05,0.0,nan,nan,nan
6036.282,1.544961e-05,0.0,nan,nan,nan
6036.366,1.545139e-05,0.0,nan,nan,nan
6036.45,1.545679e-05,0.0,nan,nan,nan
6036.579,1.545327e-05,0.0,nan,nan,nan
6036.666,1.544999e-05,0.0,nan,nan,nan
6036.752,1.545111e-05,0.0,nan,nan,nan
6036.836,1.54537e-05,0.0,nan,nan,nan
6036.919,1.54538e-05,0.0,nan,nan,nan
6037.003,1.545062e-05,0.0,nan,nan,nan
6037.087,1.545426e-05,0.0,nan,nan,nan
6037.171,1.54552e-05,0.0,nan,nan,nan
6037.257,1.545363e-05,0.0,nan,nan,nan
6037.341,1.544993e-05,0.0,nan,nan,nan
6037.425,1.545327e-05,0.0,nan,nan,nan
6037.508,1.545785e-05,0.0,nan,nan,nan
6037.593,1.545677e-05,0.0,nan,nan,nan
6037.677,1.545698e-05,0.0,nan,nan,nan
6037.76,1.545555e-05,0.0,nan,nan,nan
6037.847,1.545592e-05,0.0,nan,nan,nan
6037.931,1.545786e-05,0.0,nan,nan,nan
6038.014,1.545734e-05,0.0,nan,nan,nan
6038.098,1.545696e-05,0.0,nan,nan,nan
6038.182,1.545645e-05,0.0,nan,nan,nan
6038.277,1.545469e-05,0.0,nan,nan,nan
6038.36,1.545911e-05,0.0,nan,nan,nan
6038.444,1.545636e-05,0.0,nan,nan,nan
6038.528,1.546087e-05,0.0,nan,nan,nan
6038.641,1.545866e-05,0.0,nan,nan,nan
6038.731,1.545334e-05,0.0,nan,nan,nan
6038.815,1.545676e-05,0.0,nan,nan,nan
6038.898,1.545812e-05,0.0,nan,nan,nan
6038.982,1.545922e-05,0.0,nan,nan,nan
6039.066,1.545418e-05,0.0,nan,nan,nan
6039.15,1.546187e-05,0.0,nan,nan,nan
6039.235,1.545993e-05,0.0,nan,nan,nan
6039.324,1.545983e-05,0.0,nan,nan,nan
6039.408,1.545766e-05,0.0,nan,nan,nan
6039.491,1.54549e-05,0.0,nan,nan,nan
6039.575,1.545771e-05,0.0,nan,nan,nan
6039.659,1.545663e-05,0.0,nan,nan,nan
6039.742,1.546216e-05,0.0,nan,nan,nan
6039.829,1.545508e-05,0.0,nan,nan,nan
6039.92,1.545406e-05,0.0,nan,nan,nan
6040.003,1.545767e-05,0.0,nan,nan,nan
6040.106,1.545716e-05,0.0,nan,nan,nan
6040.19,1.545712e-05,0.0,nan,nan,nan
6040.273,1.545422e-05,0.0,nan,nan,nan
6040.357,1.545379e-05,0.0,nan,nan,nan
6040.442,1.544978e-05,0.0,nan,nan,nan
6040.527,1.545012e-05,0.0,nan,nan,nan
6040.611,1.544929e-05,0.0,nan,nan,nan
6040.699,1.545058e-05,0.0,nan,nan,nan
6040.783,1.545244e-05,0.0,nan,nan,nan
6040.873,1.54539e-05,0.0,nan,nan,nan
6040.961,1.545449e-05,0.0,nan,nan,nan
6041.047,1.545897e-05,0.0,nan,nan,nan
6041.144,1.545564e-05,0.0,nan,nan,nan
6041.231,1.545665e-05,0.0,nan,nan,nan
6041.316,1.545725e-05,0.0,nan,nan,nan
6041.4,1.545785e-05,0.0,nan,nan,nan
6041.487,1.545948e-05,0.0,nan,nan,nan
6041.57,1.54573e-05,0.0,nan,nan,nan
6041.654,1.545446e-05,0.0,nan,nan,nan
6041.738,1.545402e-05,0.0,nan,nan,nan
6041.821,1.54559e-05,0.0,nan,nan,nan
6041.905,1.545836e-05,0.0,nan,nan,nan
6041.988,1.545851e-05,0.0,nan,nan,nan
6042.072,1.545474e-05,0.0,nan,nan,nan
6042.16,1.5457e-05,0.0,nan,nan,nan
6042.246,1.545773e-05,0.0,nan,nan,nan
6042.346,1.546068e-05,0.0,nan,nan,nan
6042.43,1.545616e-05,0.0,nan,nan,nan
6042.513,1.546293e-05,0.0,nan,nan,nan
6042.597,1.54568e-05,0.0,nan,nan,nan
6042.682,1.545842e-05,0.0,nan,nan,nan
6042.766,1.545776e-05,0.0,nan,nan,nan
6042.85,1.545561e-05,0.0,nan,nan,nan
6042.954,1.546184e-05,0.0,nan,nan,nan
6043.038,1.545784e-05,0.0,nan,nan,nan
6043.122,1.546024e-05,0.0,nan,nan,nan
6043.205,1.545517e-05,0.0,nan,nan,nan
6043.289,1.545475e-05,0.0,nan,nan,nan
6043.379,1.545493e-05,0.0,nan,nan,nan
6043.464,1.545624e-05,0.0,nan,nan,nan
6043.548,1.545976e-05,0.0,nan,nan,nan
6043.632,1.545801e-05,0.0,nan,nan,nan
6043.716,1.545881e-05,0.0,nan,nan,nan
6043.803,1.545419e-05,0.0,nan,nan,nan
6043.887,1.545798e-05,0.0,nan,nan,nan
6043.987,1.545822e-05,0.0,nan,nan,nan
6044.07,1.546145e-05,0.0,nan,nan,nan
6044.154,1.546394e-05,0.0,nan,nan,nan
6044.238,1.545942e-05,0.0,nan,nan,nan
6044.322,1.545533e-05,0.0,nan,nan,nan
6044.406,1.545917e-05,0.0,nan,nan,nan
6044.49,1.545661e-05,0.0,nan,nan,nan
6044.582,1.545776e-05,0.0,nan,nan,nan
6044.666,1.546229e-05,0.0,nan,nan,nan
6044.75,1.546342e-05,0.0,nan,nan,nan
6044.842,1.545948e-05,0.0,nan,nan,nan
6044.926,1.54621e-05,0.0,nan,nan,nan
6045.026,1.54579e-05,0.0,nan,nan,nan
6045.116,1.545556e-05,0.0,nan,nan,nan
6045.202,1.54555e-05,0.0,nan,nan,nan
6045.286,1.545802e-05,0.0,nan,nan,nan
6045.371,1.545851e-05,0.0,nan,nan,nan
6045.455,1.54531e-05,0.0,nan,nan,nan
6045.539,1.54553e-05,0.0,nan,nan,nan
6045.625,1.546097e-05,0.0,nan,nan,nan
6045.709,1.546042e-05,0.0,nan,nan,nan
6045.812,1.54545e-05,0.0,nan,nan,nan
6045.895,1.545978e-05,0.0,nan,nan,nan
6045.979,1.545788e-05,0.0,nan,nan,nan
6046.063,1.54565e-05,0.0,nan,nan,nan
6046.147,1.545585e-05,0.0,nan,nan,nan
6046.244,1.54539e-05,0.0,nan,nan,nan
6046.333,1.546014e-05,0.0,nan,nan,nan
6046.417,1.5462e-05,0.0,nan,nan,nan
6046.501,1.545693e-05,0.0,nan,nan,nan
6046.584,1.54614e-05,0.0,nan,nan,nan
6046.668,1.546081e-05,0.0,nan,nan,nan
6046.752,1.54574e-05,0.0,nan,nan,nan
6046.845,1.545802e-05,0.0,nan,nan,nan
6046.929,1.545533e-05,0.0,nan,nan,nan
6047.015,1.545416e-05,0.0,nan,nan,nan
6047.098,1.545351e-05,0.0,nan,nan,nan
6047.182,1.545339e-05,0.0,nan,nan,nan
6047.275,1.545553e-05,0.0,nan,nan,nan
6047.364,1.545784e-05,0.0,nan,nan,nan
6047.46,1.545614e-05,0.0,nan,nan,nan
6047.544,1.545458e-05,0.0,nan,nan,nan
6047.628,1.545977e-05,0.0,nan,nan,nan
6047.712,1.546083e-05,0.0,nan,nan,nan
6047.798,1.546043e-05,0.0,nan,nan,nan
6047.884,1.545455e-05,0.0,nan,nan,nan
6047.97,1.545875e-05,0.0,nan,nan,nan
6048.075,1.545784e-05,0.0,nan,nan,nan
6048.159,1.54621e-05,0.0,nan,nan,nan
6048.243,1.546212e-05,0.0,nan,nan,nan
6048.327,1.545548e-05,0.0,nan,nan,nan
6048.415,1.546106e-05,0.0,nan,nan,nan
6048.498,1.546502e-05,0.0,nan,nan,nan
6048.583,1.545977e-05,0.0,nan,nan,nan
6048.667,1.545934e-05,0.0,nan,nan,nan
6048.751,1.545571e-05,0.0,nan,nan,nan
6048.834,1.545461e-05,0.0,nan,nan,nan
6048.951,1.546006e-05,0.0,nan,nan,nan
6049.037,1.546044e-05,0.0,nan,nan,nan
6049.121,1.545614e-05,0.0,nan,nan,nan
6049.204,1.545833e-05,0.0,nan,nan,nan
6049.3,1.545575e-05,0.0,nan,nan,nan
6049.384,1.54574e-05,0.0,nan,nan,nan
6049.468,1.545599e-05,0.0,nan,nan,nan
6049.551,1.545394e-05,0.0,nan,nan,nan
6049.635,1.546053e-05,0.0,nan,nan,nan
6049.723,1.545405e-05,0.0,nan,nan,nan
6049.807,1.545461e-05,0.0,nan,nan,nan
6049.909,1.545475e-05,0.0,nan,nan,nan
6049.992,1.546018e-05,0.0,nan,nan,nan
6050.076,1.545426e-05,0.0,nan,nan,nan
6050.16,1.546061e-05,0.0,nan,nan,nan
6050.243,1.545985e-05,0.0,nan,nan,nan
6050.331,1.545684e-05,0.0,nan,nan,nan
6050.415,1.545575e-05,0.0,nan,nan,nan
6050.499,1.545561e-05,0.0,nan,nan,nan
6050.583,1.546092e-05,0.0,nan,nan,nan
6050.666,1.545869e-05,0.0,nan,nan,nan
6050.75,1.545983e-05,0.0,nan,nan,nan
6050.834,1.545864e-05,0.0,nan,nan,nan
6050.941,1.5455e-05,0.0,nan,nan,nan
6051.028,1.545109e-05,0.0,nan,nan,nan
6051.145,1.545628e-05,0.0,nan,nan,nan
6051.231,1.545699e-05,0.0,nan,nan,nan
6051.317,1.545735e-05,0.0,nan,nan,nan
6051.401,1.545446e-05,0.0,nan,nan,nan
6051.485,1.545391e-05,0.0,nan,nan,nan
6051.573,1.545663e-05,0.0,nan,nan,nan
6051.657,1.545716e-05,0.0,nan,nan,nan
6051.74,1.545426e-05,0.0,nan,nan,nan
6051.824,1.545788e-05,0.0,nan,nan,nan
6051.907,1.545783e-05,0.0,nan,nan,nan
6051.991,1.545903e-05,0.0,nan,nan,nan
6052.075,1.545402e-05,0.0,nan,nan,nan
6052.166,1.546064e-05,0.0,nan,nan,nan
6052.25,1.54571e-05,0.0,nan,nan,nan
6052.334,1.54595e-05,0.0,nan,nan,nan
6052.417,1.545655e-05,0.0,nan,nan,nan
6052.501,1.545589e-05,0.0,nan,nan,nan
6052.584,1.545389e-05,0.0,nan,nan,nan
6052.668,1.545482e-05,0.0,nan,nan,nan
6052.752,1.545749e-05,0.0,nan,nan,nan
6052.836,1.545742e-05,0.0,nan,nan,nan
6052.919,1.54552e-05,0.0,nan,nan,nan
6053.003,1.545566e-05,0.0,nan,nan,nan
6053.093,1.545976e-05,0.0,nan,nan,nan
6053.193,1.546278e-05,0.0,nan,nan,nan
6053.283,1.546042e-05,0.0,nan,nan,nan
6053.39,1.545875e-05,0.0,nan,nan,nan
6053.474,1.545518e-05,0.0,nan,nan,nan
6053.584,1.545944e-05,0.0,nan,nan,nan
6053.668,1.545967e-05,0.0,nan,nan,nan
6053.751,1.546109e-05,0.0,nan,nan,nan
6053.835,1.546093e-05,0.0,nan,nan,nan
6053.919,1.546051e-05,0.0,nan,nan,nan
6054.02,1.546197e-05,0.0,nan,nan,nan
6054.104,1.545534e-05,0.0,nan,nan,nan
6054.189,1.545976e-05,0.0,nan,nan,nan
6054.273,1.546391e-05,0.0,nan,nan,nan
6054.356,1.54604e-05,0.0,nan,nan,nan
6054.44,1.545737e-05,0.0,nan,nan,nan
6054.526,1.545885e-05,0.0,nan,nan,nan
6054.628,1.546126e-05,0.0,nan,nan,nan
6054.722,1.545891e-05,0.0,nan,nan,nan
6054.823,1.545709e-05,0.0,nan,nan,nan
6054.906,1.545884e-05,0.0,nan,nan,nan
6054.991,1.545577e-05,0.0,nan,nan,nan
6055.075,1.545723e-05,0.0,nan,nan,nan
6055.182,1.546204e-05,0.0,nan,nan,nan
6055.27,1.546155e-05,0.0,nan,nan,nan
6055.354,1.546323e-05,0.0,nan,nan,nan
6055.444,1.546122e-05,0.0,nan,nan,nan
6055.529,1.546358e-05,0.0,nan,nan,nan
6055.637,1.546383e-05,0.0,nan,nan,nan
6055.721,1.546049e-05,0.0,nan,nan,nan
6055.804,1.546301e-05,0.0,nan,nan,nan
6055.888,1.546282e-05,0.0,nan,nan,nan
6055.972,1.546373e-05,0.0,nan,nan,nan
6056.056,1.54618e-05,0.0,nan,nan,nan
6056.14,1.54591e-05,0.0,nan,nan,nan
6056.235,1.545812e-05,0.0,nan,nan,nan
6056.319,1.546051e-05,0.0,nan,nan,nan
6056.402,1.545965e-05,0.0,nan,nan,nan
6056.486,1.546448e-05,0.0,nan,nan,nan
6056.569,1.546114e-05,0.0,nan,nan,nan
6056.671,1.546199e-05,0.0,nan,nan,nan
6056.755,1.546497e-05,0.0,nan,nan,nan
6056.838,1.546316e-05,0.0,nan,nan,nan
6056.922,1.546371e-05,0.0,nan,nan,nan
6057.005,1.546244e-05,0.0,nan,nan,nan
6057.089,1.546228e-05,0.0,nan,nan,nan
6057.175,1.5461e-05,0.0,nan,nan,nan
6057.259,1.545933e-05,0.0,nan,nan,nan
6057.344,1.546275e-05,0.0,nan,nan,nan
6057.427,1.546005e-05,0.0,nan,nan,nan
6057.511,1.545705e-05,0.0,nan,nan,nan
6057.596,1.546308e-05,0.0,nan,nan,nan
6057.687,1.545668e-05,0.0,nan,nan,nan
6057.77,1.545608e-05,0.0,nan,nan,nan
6057.876,1.546172e-05,0.0,nan,nan,nan
6057.963,1.54597e-05,0.0,nan,nan,nan
6058.078,1.545947e-05,0.0,nan,nan,nan
6058.162,1.546263e-05,0.0,nan,nan,nan
6058.245,1.54625e-05,0.0,nan,nan,nan
6058.329,1.546093e-05,0.0,nan,nan,nan
6058.413,1.546183e-05,0.0,nan,nan,nan
6058.502,1.545848e-05,0.0,nan,nan,nan
6058.586,1.545363e-05,0.0,nan,nan,nan
6058.671,1.545996e-05,0.0,nan,nan,nan
6058.755,1.546256e-05,0.0,nan,nan,nan
6058.843,1.545762e-05,0.0,nan,nan,nan
6058.927,1.545832e-05,0.0,nan,nan,nan
6059.01,1.545691e-05,0.0,nan,nan,nan
6059.104,1.545928e-05,0.0,nan,nan,nan
6059.187,1.545417e-05,0.0,nan,nan,nan
6059.291,1.54571e-05,0.0,nan,nan,nan
6059.375,1.545864e-05,0.0,nan,nan,nan
6059.46,1.545842e-05,0.0,nan,nan,nan
6059.543,1.545975e-05,0.0,nan,nan,nan
6059.627,1.545628e-05,0.0,nan,nan,nan
6059.716,1.546264e-05,0.0,nan,nan,nan
6059.8,1.545975e-05,0.0,nan,nan,nan
6059.907,1.545875e-05,0.0,nan,nan,nan
6059.99,1.546048e-05,0.0,nan,nan,nan
6060.079,1.545583e-05,0.0,nan,nan,nan
6060.162,1.54606e-05,0.0,nan,nan,nan
6060.247,1.545763e-05,0.0,nan,nan,nan
6060.338,1.54551e-05,0.0,nan,nan,nan
6060.422,1.545691e-05,0.0,nan,nan,nan
6060.524,1.545905e-05,0.0,nan,nan,nan
6060.608,1.54557e-05,0.0,nan,nan,nan
6060.694,1.544884e-05,0.0,nan,nan,nan
6060.778,1.545485e-05,0.0,nan,nan,nan
6060.863,1.545673e-05,0.0,nan,nan,nan
6060.947,1.546067e-05,0.0,nan,nan,nan
6061.03,1.54587e-05,0.0,nan,nan,nan
6061.114,1.545972e-05,0.0,nan,nan,nan
6061.198,1.545696e-05,0.0,nan,nan,nan
6061.282,1.545736e-05,0.0,nan,nan,nan
6061.385,1.545768e-05,0.0,nan,nan,nan
6061.468,1.545346e-05,0.0,nan,nan,nan
6061.552,1.545915e-05,0.0,nan,nan,nan
6061.635,1.545759e-05,0.0,nan,nan,nan
6061.719,1.545652e-05,0.0,nan,nan,nan
6061.802,1.545648e-05,0.0,nan,nan,nan
6061.886,1.54578e-05,0.0,nan,nan,nan
6061.97,1.545858e-05,0.0,nan,nan,nan
6062.053,1.545642e-05,0.0,nan,nan,nan
6062.141,1.545967e-05,0.0,nan,nan,nan
6062.225,1.545729e-05,0.0,nan,nan,nan
6062.335,1.546009e-05,0.0,nan,nan,nan
6062.419,1.546093e-05,0.0,nan,nan,nan
6062.505,1.545891e-05,0.0,nan,nan,nan
6062.588,1.54609e-05,0.0,nan,nan,nan
6062.672,1.545797e-05,0.0,nan,nan,nan
6062.756,1.545932e-05,0.0,nan,nan,nan
6062.84,1.545801e-05,0.0,nan,nan,nan
6062.924,1.546049e-05,0.0,nan,nan,nan
6063.008,1.546005e-05,0.0,nan,nan,nan
6063.092,1.545977e-05,0.0,nan,nan,nan
6063.178,1.545764e-05,0.0,nan,nan,nan
6063.262,1.546085e-05,0.0,nan,nan,nan
6063.362,1.546243e-05,0.0,nan,nan,nan
6063.455,1.545933e-05,0.0,nan,nan,nan
6063.559,1.545735e-05,0.0,nan,nan,nan
6063.643,1.545575e-05,0.0,nan,nan,nan
6063.726,1.546027e-05,0.0,nan,nan,nan
6063.81,1.54621e-05,0.0,nan,nan,nan
6063.894,1.545979e-05,0.0,nan,nan,nan
6063.983,1.545907e-05,0.0,nan,nan,nan
6064.066,1.545669e-05,0.0,nan,nan,nan
6064.15,1.545811e-05,0.0,nan,nan,nan
6064.234,1.545952e-05,0.0,nan,nan,nan
6064.319,1.545999e-05,0.0,nan,nan,nan
6064.403,1.545966e-05,0.0,nan,nan,nan
6064.486,1.546486e-05,0.0,nan,nan,nan
6064.57,1.545756e-05,0.0,nan,nan,nan
6064.653,1.545988e-05,0.0,nan,nan,nan
6064.738,1.545615e-05,0.0,nan,nan,nan
6064.822,1.545926e-05,0.0,nan,nan,nan
6064.906,1.545925e-05,0.0,nan,nan,nan
6065.005,1.545935e-05,0.0,nan,nan,nan
6065.089,1.546205e-05,0.0,nan,nan,nan
6065.176,1.545947e-05,0.0,nan,nan,nan
6065.259,1.546031e-05,0.0,nan,nan,nan
6065.343,1.545814e-05,0.0,nan,nan,nan
6065.428,1.545718e-05,0.0,nan,nan,nan
6065.517,1.546121e-05,0.0,nan,nan,nan
6065.625,1.545752e-05,0.0,nan,nan,nan
6065.714,1.545954e-05,0.0,nan,nan,nan
6065.797,1.545868e-05,0.0,nan,nan,nan
6065.881,1.546476e-05,0.0,nan,nan,nan
6065.965,1.546278e-05,0.0,nan,nan,nan
6066.048,1.545634e-05,0.0,nan,nan,nan
6066.132,1.545266e-05,0.0,nan,nan,nan
6066.215,1.546094e-05,0.0,nan,nan,nan
6066.299,1.545596e-05,0.0,nan,nan,nan
6066.39,1.54591e-05,0.0,nan,nan,nan
6066.474,1.545705e-05,0.0,nan,nan,nan
6066.559,1.546109e-05,0.0,nan,nan,nan
6066.642,1.545728e-05,0.0,nan,nan,nan
6066.734,1.545614e-05,0.0,nan,nan,nan
6066.818,1.545523e-05,0.0,nan,nan,nan
6066.902,1.545864e-05,0.0,nan,nan,nan
6066.986,1.545737e-05,0.0,nan,nan,nan
6067.072,1.546061e-05,0.0,nan,nan,nan
6067.156,1.546369e-05,0.0,nan,nan,nan
6067.257,1.546195e-05,0.0,nan,nan,nan
6067.341,1.545839e-05,0.0,nan,nan,nan
6067.424,1.545975e-05,0.0,nan,nan,nan
6067.508,1.54635e-05,0.0,nan,nan,nan
6067.592,1.546356e-05,0.0,nan,nan,nan
6067.675,1.54568e-05,0.0,nan,nan,nan
6067.765,1.546024e-05,0.0,nan,nan,nan
6067.849,1.5462e-05,0.0,nan,nan,nan
6067.933,1.546313e-05,0.0,nan,nan,nan
6068.016,1.546277e-05,0.0,nan,nan,nan
6068.1,1.545985e-05,0.0,nan,nan,nan
6068.185,1.545545e-05,0.0,nan,nan,nan
6068.268,1.54598e-05,0.0,nan,nan,nan
6068.352,1.54592e-05,0.0,nan,nan,nan
6068.436,1.546385e-05,0.0,nan,nan,nan
6068.519,1.546124e-05,0.0,nan,nan,nan
6068.607,1.545971e-05,0.0,nan,nan,nan
6068.697,1.546565e-05,0.0,nan,nan,nan
6068.781,1.546153e-05,0.0,nan,nan,nan
6068.866,1.546239e-05,0.0,nan,nan,nan
6068.95,1.546122e-05,0.0,nan,nan,nan
6069.034,1.54647e-05,0.0,nan,nan,nan
6069.117,1.546244e-05,0.0,nan,nan,nan
6069.201,1.546312e-05,0.0,nan,nan,nan
6069.307,1.54652e-05,0.0,nan,nan,nan
6069.39,1.546184e-05,0.0,nan,nan,nan
6069.474,1.545563e-05,0.0,nan,nan,nan
6069.557,1.545611e-05,0.0,nan,nan,nan
6069.668,1.545811e-05,0.0,nan,nan,nan
6069.761,1.545535e-05,0.0,nan,nan,nan
6069.845,1.545814e-05,0.0,nan,nan,nan
6069.933,1.54581e-05,0.0,nan,nan,nan
6070.019,1.546153e-05,0.0,nan,nan,nan
6070.117,1.546204e-05,0.0,nan,nan,nan
6070.201,1.545713e-05,0.0,nan,nan,nan
6070.286,1.545806e-05,0.0,nan,nan,nan
6070.37,1.546048e-05,0.0,nan,nan,nan
6070.457,1.545931e-05,0.0,nan,nan,nan
6070.54,1.545798e-05,0.0,nan,nan,nan
6070.624,1.545722e-05,0.0,nan,nan,nan
6070.725,1.545957e-05,0.0,nan,nan,nan
6070.808,1.546087e-05,0.0,nan,nan,nan
6070.894,1.546135e-05,0.0,nan,nan,nan
6070.977,1.545982e-05,0.0,nan,nan,nan
6071.061,1.545718e-05,0.0,nan,nan,nan
6071.154,1.545698e-05,0.0,nan,nan,nan
6071.238,1.546211e-05,0.0,nan,nan,nan
6071.34,1.545726e-05,0.0,nan,nan,nan
6071.424,1.546042e-05,0.0,nan,nan,nan
6071.509,1.545881e-05,0.0,nan,nan,nan
6071.593,1.54607e-05,0.0,nan,nan,nan
6071.708,1.545905e-05,0.0,nan,nan,nan
6071.791,1.546183e-05,0.0,nan,nan,nan
6071.875,1.546053e-05,0.0,nan,nan,nan
6071.962,1.546097e-05,0.0,nan,nan,nan
6072.045,1.545742e-05,0.0,nan,nan,nan
6072.13,1.545607e-05,0.0,nan,nan,nan
6072.213,1.546032e-05,0.0,nan,nan,nan
6072.305,1.545738e-05,0.0,nan,nan,nan
6072.388,1.545682e-05,0.0,nan,nan,nan
6072.472,1.54542e-05,0.0,nan,nan,nan
6072.562,1.545693e-05,0.0,nan,nan,nan
6072.646,1.545931e-05,0.0,nan,nan,nan
6072.73,1.545948e-05,0.0,nan,nan,nan
6072.813,1.545865e-05,0.0,nan,nan,nan
6072.897,1.545462e-05,0.0,nan,nan,nan
6072.989,1.545668e-05,0.0,nan,nan,nan
6073.073,1.5461e-05,0.0,nan,nan,nan
6073.158,1.546222e-05,0.0,nan,nan,nan
6073.241,1.54634e-05,0.0,nan,nan,nan
6073.325,1.545859e-05,0.0,nan,nan,nan
6073.409,1.545832e-05,0.0,nan,nan,nan
6073.494,1.545782e-05,0.0,nan,nan,nan
6073.58,1.545792e-05,0.0,nan,nan,nan
6073.664,1.545952e-05,0.0,nan,nan,nan
6073.748,1.545759e-05,0.0,nan,nan,nan
6073.86,1.54579e-05,0.0,nan,nan,nan
6073.943,1.546124e-05,0.0,nan,nan,nan
6074.027,1.546266e-05,0.0,nan,nan,nan
6074.111,1.546118e-05,0.0,nan,nan,nan
6074.194,1.546202e-05,0.0,nan,nan,nan
6074.283,1.54626e-05,0.0,nan,nan,nan
6074.366,1.546211e-05,0.0,nan,nan,nan
6074.45,1.545986e-05,0.0,nan,nan,nan
6074.538,1.546058e-05,0.0,nan,nan,nan
6074.622,1.546268e-05,0.0,nan,nan,nan
6074.708,1.546117e-05,0.0,nan,nan,nan
6074.793,1.546149e-05,0.0,nan,nan,nan
6074.877,1.546068e-05,0.0,nan,nan,nan
6074.961,1.545883e-05,0.0,nan,nan,nan
6075.044,1.546072e-05,0.0,nan,nan,nan
6075.128,1.54605e-05,0.0,nan,nan,nan
6075.218,1.545847e-05,0.0,nan,nan,nan
6075.302,1.54603e-05,0.0,nan,nan,nan
6075.385,1.546074e-05,0.0,nan,nan,nan
6075.469,1.546012e-05,0.0,nan,nan,nan
6075.552,1.546291e-05,0.0,nan,nan,nan
6075.638,1.546109e-05,0.0,nan,nan,nan
6075.722,1.546309e-05,0.0,nan,nan,nan
6075.841,1.545972e-05,0.0,nan,nan,nan
6075.925,1.546124e-05,0.0,nan,nan,nan
6076.026,1.546003e-05,0.0,nan,nan,nan
6076.11,1.546115e-05,0.0,nan,nan,nan
6076.193,1.546e-05,0.0,nan,nan,nan
6076.277,1.546106e-05,0.0,nan,nan,nan
6076.36,1.546057e-05,0.0,nan,nan,nan
6076.457,1.54601e-05,0.0,nan,nan,nan
6076.541,1.54582e-05,0.0,nan,nan,nan
6076.625,1.546152e-05,0.0,nan,nan,nan
6076.709,1.545815e-05,0.0,nan,nan,nan
6076.792,1.546229e-05,0.0,nan,nan,nan
6076.876,1.54663e-05,0.0,nan,nan,nan
6076.966,1.545917e-05,0.0,nan,nan,nan
6077.056,1.545844e-05,0.0,nan,nan,nan
6077.14,1.546128e-05,0.0,nan,nan,nan
6077.223,1.546232e-05,0.0,nan,nan,nan
6077.307,1.54591e-05,0.0,nan,nan,nan
6077.391,1.546164e-05,0.0,nan,nan,nan
6077.485,1.546118e-05,0.0,nan,nan,nan
6077.569,1.545782e-05,0.0,nan,nan,nan
6077.652,1.545743e-05,0.0,nan,nan,nan
6077.736,1.545842e-05,0.0,nan,nan,nan
6077.82,1.545889e-05,0.0,nan,nan,nan
6077.925,1.546356e-05,0.0,nan,nan,nan
6078.011,1.546144e-05,0.0,nan,nan,nan
6078.095,1.545756e-05,0.0,nan,nan,nan
6078.18,1.546343e-05,0.0,nan,nan,nan
6078.264,1.545919e-05,0.0,nan,nan,nan
6078.348,1.54572e-05,0.0,nan,nan,nan
6078.432,1.545972e-05,0.0,nan,nan,nan
6078.515,1.546051e-05,0.0,nan,nan,nan
6078.599,1.545701e-05,0.0,nan,nan,nan
6078.692,1.545821e-05,0.0,nan,nan,nan
6078.776,1.545754e-05,0.0,nan,nan,nan
6078.859,1.545589e-05,0.0,nan,nan,nan
6078.943,1.545643e-05,0.0,nan,nan,nan
6079.026,1.545391e-05,0.0,nan,nan,nan
6079.11,1.545605e-05,0.0,nan,nan,nan
6079.194,1.545851e-05,0.0,nan,nan,nan
6079.299,1.545675e-05,0.0,nan,nan,nan
6079.383,1.54607e-05,0.0,nan,nan,nan
6079.467,1.545935e-05,0.0,nan,nan,nan
6079.55,1.545739e-05,0.0,nan,nan,nan
6079.634,1.545491e-05,0.0,nan,nan,nan
6079.717,1.545697e-05,0.0,nan,nan,nan
6079.801,1.545995e-05,0.0,nan,nan,nan
6079.908,1.54569e-05,0.0,nan,nan,nan
6080.039,1.545487e-05,0.0,nan,nan,nan
6080.128,1.545746e-05,0.0,nan,nan,nan
6080.213,1.545746e-05,0.0,nan,nan,nan
6080.312,1.545857e-05,0.0,nan,nan,nan
6080.395,1.545947e-05,0.0,nan,nan,nan
6080.494,1.546291e-05,0.0,nan,nan,nan
6080.578,1.545992e-05,0.0,nan,nan,nan
6080.662,1.545917e-05,0.0,nan,nan,nan
6080.746,1.545873e-05,0.0,nan,nan,nan
6080.829,1.546083e-05,0.0,nan,nan,nan
6080.93,1.546026e-05,0.0,nan,nan,nan
6081.013,1.546019e-05,0.0,nan,nan,nan
6081.099,1.545651e-05,0.0,nan,nan,nan
6081.183,1.545674e-05,0.0,nan,nan,nan
6081.273,1.545935e-05,0.0,nan,nan,nan
6081.356,1.545734e-05,0.0,nan,nan,nan
6081.44,1.546093e-05,0.0,nan,nan,nan
6081.525,1.545894e-05,0.0,nan,nan,nan
6081.609,1.545666e-05,0.0,nan,nan,nan
6081.692,1.545508e-05,0.0,nan,nan,nan
6081.776,1.545691e-05,0.0,nan,nan,nan
6081.861,1.5458e-05,0.0,nan,nan,nan
6081.96,1.545461e-05,0.0,nan,nan,nan
6082.106,1.54498e-05,0.0,nan,nan,nan
6082.193,1.545454e-05,0.0,nan,nan,nan
6082.277,1.545493e-05,0.0,nan,nan,nan
6082.361,1.545703e-05,0.0,nan,nan,nan
6082.449,1.545907e-05,0.0,nan,nan,nan
6082.534,1.545821e-05,0.0,nan,nan,nan
6082.618,1.545892e-05,0.0,nan,nan,nan
6082.701,1.545759e-05,0.0,nan,nan,nan
6082.792,1.546001e-05,0.0,nan,nan,nan
6082.877,1.546082e-05,0.0,nan,nan,nan
6082.973,1.545756e-05,0.0,nan,nan,nan
6083.056,1.545791e-05,0.0,nan,nan,nan
6083.164,1.545852e-05,0.0,nan,nan,nan
6083.248,1.545849e-05,0.0,nan,nan,nan
6083.333,1.545973e-05,0.0,nan,nan,nan
6083.416,1.5456e-05,0.0,nan,nan,nan
6083.5,1.545386e-05,0.0,nan,nan,nan
6083.588,1.545349e-05,0.0,nan,nan,nan
6083.672,1.545878e-05,0.0,nan,nan,nan
6083.777,1.545683e-05,0.0,nan,nan,nan
6083.86,1.54537e-05,0.0,nan,nan,nan
6083.944,1.545758e-05,0.0,nan,nan,nan
6084.027,1.54539e-05,0.0,nan,nan,nan
6084.142,1.545241e-05,0.0,nan,nan,nan
6084.228,1.545186e-05,0.0,nan,nan,nan
6084.315,1.545529e-05,0.0,nan,nan,nan
6084.403,1.545694e-05,0.0,nan,nan,nan
6084.486,1.545747e-05,0.0,nan,nan,nan
6084.57,1.546094e-05,0.0,nan,nan,nan
6084.653,1.546153e-05,0.0,nan,nan,nan
6084.738,1.545727e-05,0.0,nan,nan,nan
6084.822,1.545395e-05,0.0,nan,nan,nan
6084.906,1.545547e-05,0.0,nan,nan,nan
6085.005,1.545688e-05,0.0,nan,nan,nan
6085.088,1.545717e-05,0.0,nan,nan,nan
6085.174,1.545624e-05,0.0,nan,nan,nan
6085.258,1.545861e-05,0.0,nan,nan,nan
6085.341,1.545964e-05,0.0,nan,nan,nan
6085.426,1.546086e-05,0.0,nan,nan,nan
6085.513,1.545719e-05,0.0,nan,nan,nan
6085.597,1.545722e-05,0.0,nan,nan,nan
6085.68,1.545589e-05,0.0,nan,nan,nan
6085.767,1.545862e-05,0.0,nan,nan,nan
6085.85,1.545935e-05,0.0,nan,nan,nan
6085.934,1.545532e-05,0.0,nan,nan,nan
6086.018,1.545234e-05,0.0,nan,nan,nan
6086.102,1.545799e-05,0.0,nan,nan,nan
6086.216,1.545506e-05,0.0,nan,nan,nan
6086.3,1.545467e-05,0.0,nan,nan,nan
6086.385,1.545654e-05,0.0,nan,nan,nan
6086.476,1.545434e-05,0.0,nan,nan,nan
6086.563,1.54567e-05,0.0,nan,nan,nan
6086.648,1.545441e-05,0.0,nan,nan,nan
6086.732,1.545682e-05,0.0,nan,nan,nan
6086.817,1.545911e-05,0.0,nan,nan,nan
6086.9,1.545991e-05,0.0,nan,nan,nan
6086.985,1.545566e-05,0.0,nan,nan,nan
6087.069,1.54584e-05,0.0,nan,nan,nan
6087.153,1.545299e-05,0.0,nan,nan,nan
6087.26,1.545587e-05,0.0,nan,nan,nan
6087.344,1.545693e-05,0.0,nan,nan,nan
6087.427,1.545457e-05,0.0,nan,nan,nan
6087.511,1.545357e-05,0.0,nan,nan,nan
6087.596,1.54564e-05,0.0,nan,nan,nan
6087.68,1.545539e-05,0.0,nan,nan,nan
6087.763,1.545601e-05,0.0,nan,nan,nan
6087.847,1.545194e-05,0.0,nan,nan,nan
6087.931,1.545832e-05,0.0,nan,nan,nan
6088.018,1.54553e-05,0.0,nan,nan,nan
6088.101,1.545153e-05,0.0,nan,nan,nan
6088.185,1.546019e-05,0.0,nan,nan,nan
6088.274,1.546066e-05,0.0,nan,nan,nan
6088.372,1.545576e-05,0.0,nan,nan,nan
6088.456,1.545583e-05,0.0,nan,nan,nan
6088.54,1.545706e-05,0.0,nan,nan,nan
6088.624,1.545827e-05,0.0,nan,nan,nan
6088.707,1.54552e-05,0.0,nan,nan,nan
6088.794,1.54582e-05,0.0,nan,nan,nan
6088.894,1.545514e-05,0.0,nan,nan,nan
6088.982,1.545264e-05,0.0,nan,nan,nan
6089.077,1.545454e-05,0.0,nan,nan,nan
6089.161,1.545379e-05,0.0,nan,nan,nan
6089.244,1.545491e-05,0.0,nan,nan,nan
6089.328,1.545619e-05,0.0,nan,nan,nan
6089.415,1.545532e-05,0.0,nan,nan,nan
6089.527,1.545621e-05,0.0,nan,nan,nan
6089.614,1.545409e-05,0.0,nan,nan,nan
6089.712,1.545598e-05,0.0,nan,nan,nan
6089.796,1.546045e-05,0.0,nan,nan,nan
6089.879,1.545587e-05,0.0,nan,nan,nan
6089.963,1.545279e-05,0.0,nan,nan,nan
6090.047,1.545054e-05,0.0,nan,nan,nan
6090.135,1.545033e-05,0.0,nan,nan,nan
6090.218,1.545393e-05,0.0,nan,nan,nan
6090.318,1.545381e-05,0.0,nan,nan,nan
6090.402,1.545374e-05,0.0,nan,nan,nan
6090.485,1.545509e-05,0.0,nan,nan,nan
6090.569,1.545566e-05,0.0,nan,nan,nan
6090.652,1.545567e-05,0.0,nan,nan,nan
6090.741,1.54525e-05,0.0,nan,nan,nan
6090.825,1.545747e-05,0.0,nan,nan,nan
6090.908,1.545595e-05,0.0,nan,nan,nan
6090.992,1.545955e-05,0.0,nan,nan,nan
6091.076,1.545938e-05,0.0,nan,nan,nan
6091.171,1.545935e-05,0.0,nan,nan,nan
6091.255,1.545796e-05,0.0,nan,nan,nan
6091.351,1.545438e-05,0.0,nan,nan,nan
6091.435,1.545953e-05,0.0,nan,nan,nan
6091.539,1.545671e-05,0.0,nan,nan,nan
6091.623,1.545461e-05,0.0,nan,nan,nan
6091.706,1.545355e-05,0.0,nan,nan,nan
6091.79,1.545545e-05,0.0,nan,nan,nan
6091.874,1.544901e-05,0.0,nan,nan,nan
6091.962,1.545183e-05,0.0,nan,nan,nan
6092.051,1.54532e-05,0.0,nan,nan,nan
6092.134,1.545837e-05,0.0,nan,nan,nan
6092.218,1.54581e-05,0.0,nan,nan,nan
6092.301,1.545552e-05,0.0,nan,nan,nan
6092.385,1.545881e-05,0.0,nan,nan,nan
6092.47,1.54554e-05,0.0,nan,nan,nan
6092.559,1.545714e-05,0.0,nan,nan,nan
6092.642,1.545449e-05,0.0,nan,nan,nan
6092.726,1.54535e-05,0.0,nan,nan,nan
6092.809,1.545845e-05,0.0,nan,nan,nan
6092.895,1.54531e-05,0.0,nan,nan,nan
6092.978,1.545529e-05,0.0,nan,nan,nan
6093.063,1.545694e-05,0.0,nan,nan,nan
6093.17,1.545716e-05,0.0,nan,nan,nan
6093.254,1.545372e-05,0.0,nan,nan,nan
6093.337,1.54564e-05,0.0,nan,nan,nan
6093.421,1.545722e-05,0.0,nan,nan,nan
6093.505,1.545853e-05,0.0,nan,nan,nan
6093.59,1.545731e-05,0.0,nan,nan,nan
6093.674,1.546258e-05,0.0,nan,nan,nan
6093.774,1.546439e-05,0.0,nan,nan,nan
6093.858,1.54638e-05,0.0,nan,nan,nan
6093.944,1.546203e-05,0.0,nan,nan,nan
6094.027,1.545837e-05,0.0,nan,nan,nan
6094.111,1.545905e-05,0.0,nan,nan,nan
6094.204,1.545656e-05,0.0,nan,nan,nan
6094.288,1.545688e-05,0.0,nan,nan,nan
6094.386,1.545726e-05,0.0,nan,nan,nan
6094.481,1.545671e-05,0.0,nan,nan,nan
6094.567,1.545585e-05,0.0,nan,nan,nan
6094.65,1.54564e-05,0.0,nan,nan,nan
6094.736,1.545727e-05,0.0,nan,nan,nan
6094.823,1.545786e-05,0.0,nan,nan,nan
6094.907,1.545574e-05,0.0,nan,nan,nan
6095.001,1.545612e-05,0.0,nan,nan,nan
6095.085,1.545602e-05,0.0,nan,nan,nan
6095.169,1.545576e-05,0.0,nan,nan,nan
6095.252,1.545631e-05,0.0,nan,nan,nan
6095.336,1.545732e-05,0.0,nan,nan,nan
6095.428,1.545511e-05,0.0,nan,nan,nan
6095.512,1.545614e-05,0.0,nan,nan,nan
6095.595,1.545566e-05,0.0,nan,nan,nan
6095.679,1.546002e-05,0.0,nan,nan,nan
6095.763,1.546218e-05,0.0,nan,nan,nan
6095.846,1.546124e-05,0.0,nan,nan,nan
6095.93,1.545878e-05,0.0,nan,nan,nan
6096.015,1.545918e-05,0.0,nan,nan,nan
6096.098,1.545642e-05,0.0,nan,nan,nan
6096.182,1.546066e-05,0.0,nan,nan,nan
6096.265,1.545721e-05,0.0,nan,nan,nan
6096.349,1.54576e-05,0.0,nan,nan,nan
6096.45,1.545639e-05,0.0,nan,nan,nan
6096.558,1.545418e-05,0.0,nan,nan,nan
6096.641,1.545395e-05,0.0,nan,nan,nan
6096.725,1.545981e-05,0.0,nan,nan,nan
6096.809,1.545965e-05,0.0,nan,nan,nan
6096.892,1.545764e-05,0.0,nan,nan,nan
6096.977,1.545408e-05,0.0,nan,nan,nan
6097.066,1.545544e-05,0.0,nan,nan,nan
6097.15,1.545383e-05,0.0,nan,nan,nan
6097.234,1.54532e-05,0.0,nan,nan,nan
6097.317,1.545336e-05,0.0,nan,nan,nan
6097.406,1.545364e-05,0.0,nan,nan,nan
6097.489,1.545094e-05,0.0,nan,nan,nan
6097.573,1.545171e-05,0.0,nan,nan,nan
6097.672,1.545615e-05,0.0,nan,nan,nan
6097.756,1.545379e-05,0.0,nan,nan,nan
6097.839,1.545123e-05,0.0,nan,nan,nan
6097.923,1.544898e-05,0.0,nan,nan,nan
6098.006,1.545238e-05,0.0,nan,nan,nan
6098.09,1.545449e-05,0.0,nan,nan,nan
6098.174,1.545449e-05,0.0,nan,nan,nan
6098.257,1.545553e-05,0.0,nan,nan,nan
6098.341,1.545753e-05,0.0,nan,nan,nan
6098.424,1.545755e-05,0.0,nan,nan,nan
6098.508,1.545787e-05,0.0,nan,nan,nan
6098.655,1.545546e-05,0.0,nan,nan,nan
6098.742,1.545957e-05,0.0,nan,nan,nan
6098.826,1.545571e-05,0.0,nan,nan,nan
6098.91,1.545244e-05,0.0,nan,nan,nan
6098.998,1.545857e-05,0.0,nan,nan,nan
6099.093,1.545505e-05,0.0,nan,nan,nan
6099.179,1.545865e-05,0.0,nan,nan,nan
6099.275,1.545673e-05,0.0,nan,nan,nan
6099.359,1.545817e-05,0.0,nan,nan,nan
6099.442,1.545852e-05,0.0,nan,nan,nan
6099.526,1.545772e-05,0.0,nan,nan,nan
6099.609,1.545483e-05,0.0,nan,nan,nan
6099.693,1.545568e-05,0.0,nan,nan,nan
6099.777,1.545748e-05,0.0,nan,nan,nan
6099.862,1.545697e-05,0.0,nan,nan,nan
6099.946,1.545587e-05,0.0,nan,nan,nan
6100.029,1.545764e-05,0.0,nan,nan,nan
6100.123,1.545971e-05,0.0,nan,nan,nan
6100.206,1.54614e-05,0.0,nan,nan,nan
6100.315,1.545729e-05,0.0,nan,nan,nan
6100.398,1.545771e-05,0.0,nan,nan,nan
6100.482,1.546459e-05,0.0,nan,nan,nan
6100.566,1.546127e-05,0.0,nan,nan,nan
6100.65,1.545833e-05,0.0,nan,nan,nan
6100.734,1.545983e-05,0.0,nan,nan,nan
6100.818,1.545786e-05,0.0,nan,nan,nan
6100.92,1.545888e-05,0.0,nan,nan,nan
6101.004,1.546124e-05,0.0,nan,nan,nan
6101.087,1.546167e-05,0.0,nan,nan,nan
6101.171,1.545972e-05,0.0,nan,nan,nan
6101.256,1.546226e-05,0.0,nan,nan,nan
6101.34,1.54526e-05,0.0,nan,nan,nan
6101.423,1.545763e-05,0.0,nan,nan,nan
6101.516,1.54609e-05,0.0,nan,nan,nan
6101.6,1.545748e-05,0.0,nan,nan,nan
6101.684,1.546007e-05,0.0,nan,nan,nan
6101.768,1.546204e-05,0.0,nan,nan,nan
6101.852,1.545781e-05,0.0,nan,nan,nan
6101.953,1.545882e-05,0.0,nan,nan,nan
6102.037,1.546456e-05,0.0,nan,nan,nan
6102.12,1.546182e-05,0.0,nan,nan,nan
6102.204,1.545475e-05,0.0,nan,nan,nan
6102.287,1.546584e-05,0.0,nan,nan,nan
6102.371,1.546228e-05,0.0,nan,nan,nan
6102.455,1.546409e-05,0.0,nan,nan,nan
6102.551,1.545931e-05,0.0,nan,nan,nan
6102.634,1.54566e-05,0.0,nan,nan,nan
6102.741,1.545735e-05,0.0,nan,nan,nan
6102.825,1.545806e-05,0.0,nan,nan,nan
6102.909,1.546027e-05,0.0,nan,nan,nan
6102.992,1.546078e-05,0.0,nan,nan,nan
6103.076,1.546407e-05,0.0,nan,nan,nan
6103.16,1.54612e-05,0.0,nan,nan,nan
6103.247,1.545969e-05,0.0,nan,nan,nan
6103.348,1.545964e-05,0.0,nan,nan,nan
6103.431,1.545668e-05,0.0,nan,nan,nan
6103.516,1.546046e-05,0.0,nan,nan,nan
6103.6,1.545928e-05,0.0,nan,nan,nan
6103.683,1.546037e-05,0.0,nan,nan,nan
6103.773,1.545654e-05,0.0,nan,nan,nan
6103.857,1.545759e-05,0.0,nan,nan,nan
6103.941,1.546001e-05,0.0,nan,nan,nan
6104.025,1.545629e-05,0.0,nan,nan,nan
6104.112,1.545565e-05,0.0,nan,nan,nan
6104.196,1.545899e-05,0.0,nan,nan,nan
6104.28,1.546039e-05,0.0,nan,nan,nan
6104.369,1.545826e-05,0.0,nan,nan,nan
6104.453,1.545883e-05,0.0,nan,nan,nan
6104.536,1.545897e-05,0.0,nan,nan,nan
6104.62,1.545716e-05,0.0,nan,nan,nan
6104.703,1.546154e-05,0.0,nan,nan,nan
6104.841,1.545622e-05,0.0,nan,nan,nan
6104.934,1.545826e-05,0.0,nan,nan,nan
6105.017,1.545653e-05,0.0,nan,nan,nan
6105.101,1.54596e-05,0.0,nan,nan,nan
6105.188,1.546104e-05,0.0,nan,nan,nan
6105.272,1.5458e-05,0.0,nan,nan,nan
6105.355,1.54581e-05,0.0,nan,nan,nan
6105.439,1.545521e-05,0.0,nan,nan,nan
6105.525,1.545766e-05,0.0,nan,nan,nan
6105.608,1.545258e-05,0.0,nan,nan,nan
6105.697,1.545585e-05,0.0,nan,nan,nan
6105.803,1.545777e-05,0.0,nan,nan,nan
6105.887,1.545656e-05,0.0,nan,nan,nan
6105.972,1.545221e-05,0.0,nan,nan,nan
6106.056,1.545844e-05,0.0,nan,nan,nan
6106.139,1.545743e-05,0.0,nan,nan,nan
6106.225,1.545706e-05,0.0,nan,nan,nan
6106.309,1.545423e-05,0.0,nan,nan,nan
6106.393,1.545445e-05,0.0,nan,nan,nan
6106.477,1.545657e-05,0.0,nan,nan,nan
6106.56,1.545565e-05,0.0,nan,nan,nan
6106.644,1.54539e-05,0.0,nan,nan,nan
6106.728,1.545615e-05,0.0,nan,nan,nan
6106.814,1.54554e-05,0.0,nan,nan,nan
6106.924,1.545768e-05,0.0,nan,nan,nan
6107.008,1.545933e-05,0.0,nan,nan,nan
6107.092,1.545382e-05,0.0,nan,nan,nan
6107.175,1.545449e-05,0.0,nan,nan,nan
6107.259,1.546139e-05,0.0,nan,nan,nan
6107.347,1.545895e-05,0.0,nan,nan,nan
6107.452,1.545853e-05,0.0,nan,nan,nan
6107.536,1.545995e-05,0.0,nan,nan,nan
6107.619,1.546075e-05,0.0,nan,nan,nan
6107.703,1.546203e-05,0.0,nan,nan,nan
6107.788,1.545475e-05,0.0,nan,nan,nan
6107.872,1.545841e-05,0.0,nan,nan,nan
6107.956,1.545885e-05,0.0,nan,nan,nan
6108.051,1.546042e-05,0.0,nan,nan,nan
6108.135,1.54577e-05,0.0,nan,nan,nan
6108.221,1.545826e-05,0.0,nan,nan,nan
6108.305,1.546061e-05,0.0,nan,nan,nan
6108.389,1.546385e-05,0.0,nan,nan,nan
6108.473,1.545969e-05,0.0,nan,nan,nan
6108.556,1.5462e-05,0.0,nan,nan,nan
6108.66,1.545489e-05,0.0,nan,nan,nan
6108.744,1.545631e-05,0.0,nan,nan,nan
6108.827,1.545954e-05,0.0,nan,nan,nan
6108.911,1.545681e-05,0.0,nan,nan,nan
6109.009,1.545676e-05,0.0,nan,nan,nan
6109.103,1.545594e-05,0.0,nan,nan,nan
6109.186,1.545507e-05,0.0,nan,nan,nan
6109.272,1.545674e-05,0.0,nan,nan,nan
6109.356,1.545502e-05,0.0,nan,nan,nan
6109.441,1.544968e-05,0.0,nan,nan,nan
6109.525,1.545662e-05,0.0,nan,nan,nan
6109.608,1.545916e-05,0.0,nan,nan,nan
6109.697,1.545905e-05,0.0,nan,nan,nan
6109.783,1.545794e-05,0.0,nan,nan,nan
6109.893,1.545979e-05,0.0,nan,nan,nan
6109.98,1.546088e-05,0.0,nan,nan,nan
6110.064,1.5458e-05,0.0,nan,nan,nan
6110.148,1.545805e-05,0.0,nan,nan,nan
6110.231,1.546102e-05,0.0,nan,nan,nan
6110.315,1.545865e-05,0.0,nan,nan,nan
6110.399,1.54604e-05,0.0,nan,nan,nan
6110.5,1.545856e-05,0.0,nan,nan,nan
6110.584,1.54618e-05,0.0,nan,nan,nan
6110.684,1.545827e-05,0.0,nan,nan,nan
6110.768,1.545585e-05,0.0,nan,nan,nan
6110.852,1.5456e-05,0.0,nan,nan,nan
6110.936,1.545594e-05,0.0,nan,nan,nan
6111.019,1.545341e-05,0.0,nan,nan,nan
6111.103,1.545356e-05,0.0,nan,nan,nan
6111.187,1.54543e-05,0.0,nan,nan,nan
6111.271,1.545372e-05,0.0,nan,nan,nan
6111.354,1.545695e-05,0.0,nan,nan,nan
6111.438,1.54504e-05,0.0,nan,nan,nan
6111.533,1.545348e-05,0.0,nan,nan,nan
6111.616,1.545085e-05,0.0,nan,nan,nan
6111.7,1.545499e-05,0.0,nan,nan,nan
6111.784,1.545421e-05,0.0,nan,nan,nan
6111.868,1.545655e-05,0.0,nan,nan,nan
6111.951,1.545249e-05,0.0,nan,nan,nan
6112.035,1.545567e-05,0.0,nan,nan,nan
6112.127,1.545986e-05,0.0,nan,nan,nan
6112.217,1.545428e-05,0.0,nan,nan,nan
6112.319,1.545674e-05,0.0,nan,nan,nan
6112.402,1.545571e-05,0.0,nan,nan,nan
6112.488,1.545303e-05,0.0,nan,nan,nan
6112.571,1.545678e-05,0.0,nan,nan,nan
6112.655,1.54589e-05,0.0,nan,nan,nan
6112.758,1.545602e-05,0.0,nan,nan,nan
6112.845,1.545403e-05,0.0,nan,nan,nan
6112.945,1.545783e-05,0.0,nan,nan,nan
6113.029,1.545255e-05,0.0,nan,nan,nan
6113.857,1.545759e-05,0.0,nan,nan,nan
6113.94,1.545901e-05,0.0,nan,nan,nan
6114.024,1.54546e-05,0.0,nan,nan,nan
6114.108,1.54541e-05,0.0,nan,nan,nan
6114.191,1.545568e-05,0.0,nan,nan,nan
6114.275,1.545849e-05,0.0,nan,nan,nan
6114.376,1.545696e-05,0.0,nan,nan,nan
6114.46,1.545624e-05,0.0,nan,nan,nan
6114.565,1.545019e-05,0.0,nan,nan,nan
6114.649,1.545439e-05,0.0,nan,nan,nan
6114.733,1.545495e-05,0.0,nan,nan,nan
6114.816,1.545666e-05,0.0,nan,nan,nan
6114.901,1.545671e-05,0.0,nan,nan,nan
6114.984,1.545526e-05,0.0,nan,nan,nan
6115.068,1.545378e-05,0.0,nan,nan,nan
6115.153,1.545293e-05,0.0,nan,nan,nan
6115.237,1.545553e-05,0.0,nan,nan,nan
6115.321,1.54582e-05,0.0,nan,nan,nan
6115.409,1.545682e-05,0.0,nan,nan,nan
6115.493,1.545388e-05,0.0,nan,nan,nan
6115.577,1.545619e-05,0.0,nan,nan,nan
6115.661,1.545571e-05,0.0,nan,nan,nan
6115.748,1.545256e-05,0.0,nan,nan,nan
6115.831,1.545286e-05,0.0,nan,nan,nan
6115.915,1.545755e-05,0.0,nan,nan,nan
6116.011,1.545443e-05,0.0,nan,nan,nan
6116.095,1.545135e-05,0.0,nan,nan,nan
6116.178,1.545525e-05,0.0,nan,nan,nan
6116.262,1.54584e-05,0.0,nan,nan,nan
6116.35,1.545552e-05,0.0,nan,nan,nan
6116.434,1.545491e-05,0.0,nan,nan,nan
6116.518,1.545792e-05,0.0,nan,nan,nan
6116.602,1.545564e-05,0.0,nan,nan,nan
6116.685,1.545664e-05,0.0,nan,nan,nan
6116.77,1.545386e-05,0.0,nan,nan,nan
6116.854,1.546034e-05,0.0,nan,nan,nan
6116.938,1.545729e-05,0.0,nan,nan,nan
6117.04,1.545381e-05,0.0,nan,nan,nan
6117.124,1.545426e-05,0.0,nan,nan,nan
6117.207,1.54595e-05,0.0,nan,nan,nan
6117.291,1.545499e-05,0.0,nan,nan,nan
6117.375,1.545724e-05,0.0,nan,nan,nan
6117.467,1.545745e-05,0.0,nan,nan,nan
6117.55,1.545091e-05,0.0,nan,nan,nan
6117.653,1.545466e-05,0.0,nan,nan,nan
6117.736,1.545657e-05,0.0,nan,nan,nan
6117.821,1.545334e-05,0.0,nan,nan,nan
6117.905,1.545429e-05,0.0,nan,nan,nan
6117.996,1.545644e-05,0.0,nan,nan,nan
6118.095,1.545183e-05,0.0,nan,nan,nan
6118.178,1.545312e-05,0.0,nan,nan,nan
6118.281,1.545455e-05,0.0,nan,nan,nan
6118.367,1.545131e-05,0.0,nan,nan,nan
6118.476,1.545313e-05,0.0,nan,nan,nan
6118.567,1.545557e-05,0.0,nan,nan,nan
6118.651,1.546175e-05,0.0,nan,nan,nan
6118.735,1.545768e-05,0.0,nan,nan,nan
6118.821,1.545954e-05,0.0,nan,nan,nan
6118.905,1.545799e-05,0.0,nan,nan,nan
6118.988,1.545491e-05,0.0,nan,nan,nan
6119.072,1.545379e-05,0.0,nan,nan,nan
6119.156,1.545699e-05,0.0,nan,nan,nan
6119.243,1.545323e-05,0.0,nan,nan,nan
6119.327,1.545224e-05,0.0,nan,nan,nan
6119.41,1.545503e-05,0.0,nan,nan,nan
6119.498,1.545227e-05,0.0,nan,nan,nan
6119.584,1.545552e-05,0.0,nan,nan,nan
6119.668,1.545584e-05,0.0,nan,nan,nan
6119.751,1.545289e-05,0.0,nan,nan,nan
6119.835,1.545697e-05,0.0,nan,nan,nan
6119.918,1.545735e-05,0.0,nan,nan,nan
6120.002,1.545439e-05,0.0,nan,nan,nan
6120.085,1.544978e-05,0.0,nan,nan,nan
6120.173,1.545008e-05,0.0,nan,nan,nan
6120.256,1.545385e-05,0.0,nan,nan,nan
6120.34,1.545036e-05,0.0,nan,nan,nan
6120.423,1.545361e-05,0.0,nan,nan,nan
6120.512,1.545321e-05,0.0,nan,nan,nan
6120.595,1.545113e-05,0.0,nan,nan,nan
6120.679,1.545618e-05,0.0,nan,nan,nan
6120.763,1.545459e-05,0.0,nan,nan,nan
6120.846,1.545399e-05,0.0,nan,nan,nan
6120.933,1.545187e-05,0.0,nan,nan,nan
6121.016,1.544994e-05,0.0,nan,nan,nan
6121.11,1.545155e-05,0.0,nan,nan,nan
6121.194,1.545304e-05,0.0,nan,nan,nan
6121.277,1.545205e-05,0.0,nan,nan,nan
6121.361,1.545331e-05,0.0,nan,nan,nan
6121.444,1.545445e-05,0.0,nan,nan,nan
6121.54,1.545407e-05,0.0,nan,nan,nan
6121.624,1.5458e-05,0.0,nan,nan,nan
6121.708,1.545722e-05,0.0,nan,nan,nan
6121.792,1.545355e-05,0.0,nan,nan,nan
6121.876,1.545386e-05,0.0,nan,nan,nan
6121.96,1.545456e-05,0.0,nan,nan,nan
6122.05,1.545635e-05,0.0,nan,nan,nan
6122.148,1.545686e-05,0.0,nan,nan,nan
6122.232,1.545708e-05,0.0,nan,nan,nan
6122.316,1.545739e-05,0.0,nan,nan,nan
6122.399,1.545328e-05,0.0,nan,nan,nan
6122.483,1.54511e-05,0.0,nan,nan,nan
6122.569,1.545537e-05,0.0,nan,nan,nan
6122.653,1.545374e-05,0.0,nan,nan,nan
6122.736,1.545131e-05,0.0,nan,nan,nan
6122.82,1.545619e-05,0.0,nan,nan,nan
6122.904,1.545593e-05,0.0,nan,nan,nan
6122.988,1.545759e-05,0.0,nan,nan,nan
6123.071,1.545628e-05,0.0,nan,nan,nan
6123.159,1.545645e-05,0.0,nan,nan,nan
6123.243,1.545543e-05,0.0,nan,nan,nan
6123.326,1.545434e-05,0.0,nan,nan,nan
6123.41,1.545706e-05,0.0,nan,nan,nan
6123.494,1.545555e-05,0.0,nan,nan,nan
6123.591,1.545606e-05,0.0,nan,nan,nan
6123.676,1.545302e-05,0.0,nan,nan,nan
6123.779,1.545509e-05,0.0,nan,nan,nan
6123.863,1.545554e-05,0.0,nan,nan,nan
6123.946,1.545876e-05,0.0,nan,nan,nan
6124.03,1.545395e-05,0.0,nan,nan,nan
6124.114,1.545587e-05,0.0,nan,nan,nan
6124.209,1.54598e-05,0.0,nan,nan,nan
6124.296,1.545772e-05,0.0,nan,nan,nan
6124.39,1.545851e-05,0.0,nan,nan,nan
6124.474,1.546005e-05,0.0,nan,nan,nan
6124.573,1.546192e-05,0.0,nan,nan,nan
6124.657,1.545826e-05,0.0,nan,nan,nan
6124.74,1.545959e-05,0.0,nan,nan,nan
6124.824,1.545682e-05,0.0,nan,nan,nan
6124.908,1.545879e-05,0.0,nan,nan,nan
6125.019,1.545552e-05,0.0,nan,nan,nan
6125.103,1.545512e-05,0.0,nan,nan,nan
6125.186,1.545773e-05,0.0,nan,nan,nan
6125.27,1.545834e-05,0.0,nan,nan,nan
6125.353,1.545719e-05,0.0,nan,nan,nan
6125.437,1.545839e-05,0.0,nan,nan,nan
6125.52,1.545963e-05,0.0,nan,nan,nan
6125.605,1.545219e-05,0.0,nan,nan,nan
6125.689,1.545947e-05,0.0,nan,nan,nan
6125.774,1.545534e-05,0.0,nan,nan,nan
6125.858,1.545542e-05,0.0,nan,nan,nan
6125.943,1.545572e-05,0.0,nan,nan,nan
6126.044,1.545932e-05,0.0,nan,nan,nan
6126.132,1.545865e-05,0.0,nan,nan,nan
6126.242,1.545765e-05,0.0,nan,nan,nan
6126.325,1.545735e-05,0.0,nan,nan,nan
6126.433,1.545622e-05,0.0,nan,nan,nan
6126.517,1.54565e-05,0.0,nan,nan,nan
6126.6,1.545448e-05,0.0,nan,nan,nan
6126.684,1.545659e-05,0.0,nan,nan,nan
6126.767,1.545434e-05,0.0,nan,nan,nan
6126.851,1.545371e-05,0.0,nan,nan,nan
6126.935,1.545723e-05,0.0,nan,nan,nan
6127.018,1.545743e-05,0.0,nan,nan,nan
6127.102,1.545658e-05,0.0,nan,nan,nan
6127.192,1.545635e-05,0.0,nan,nan,nan
6127.282,1.545442e-05,0.0,nan,nan,nan
6127.365,1.545531e-05,0.0,nan,nan,nan
6127.464,1.545557e-05,0.0,nan,nan,nan
6127.548,1.545434e-05,0.0,nan,nan,nan
6127.631,1.545598e-05,0.0,nan,nan,nan
6127.715,1.545238e-05,0.0,nan,nan,nan
6127.799,1.545719e-05,0.0,nan,nan,nan
6127.883,1.545433e-05,0.0,nan,nan,nan
6127.967,1.545324e-05,0.0,nan,nan,nan
6128.053,1.545658e-05,0.0,nan,nan,nan
6128.136,1.545556e-05,0.0,nan,nan,nan
6128.221,1.545682e-05,0.0,nan,nan,nan
6128.304,1.545344e-05,0.0,nan,nan,nan
6128.388,1.545555e-05,0.0,nan,nan,nan
6128.472,1.545557e-05,0.0,nan,nan,nan
6128.556,1.545672e-05,0.0,nan,nan,nan
6128.639,1.545517e-05,0.0,nan,nan,nan
6128.723,1.545758e-05,0.0,nan,nan,nan
6128.806,1.546423e-05,0.0,nan,nan,nan
6128.89,1.545635e-05,0.0,nan,nan,nan
6128.974,1.545768e-05,0.0,nan,nan,nan
6129.057,1.545845e-05,0.0,nan,nan,nan
6129.141,1.54606e-05,0.0,nan,nan,nan
6129.225,1.545671e-05,0.0,nan,nan,nan
6129.308,1.545635e-05,0.0,nan,nan,nan
6129.392,1.54571e-05,0.0,nan,nan,nan
6129.486,1.546233e-05,0.0,nan,nan,nan
6129.57,1.545914e-05,0.0,nan,nan,nan
6129.676,1.546054e-05,0.0,nan,nan,nan
6129.76,1.546161e-05,0.0,nan,nan,nan
6129.844,1.545961e-05,0.0,nan,nan,nan
6129.928,1.546079e-05,0.0,nan,nan,nan
6130.011,1.545723e-05,0.0,nan,nan,nan
6130.098,1.546089e-05,0.0,nan,nan,nan
6130.182,1.545877e-05,0.0,nan,nan,nan
6130.265,1.546092e-05,0.0,nan,nan,nan
6130.349,1.545953e-05,0.0,nan,nan,nan
6130.439,1.546198e-05,0.0,nan,nan,nan
6130.525,1.545991e-05,0.0,nan,nan,nan
6130.608,1.546007e-05,0.0,nan,nan,nan
6130.708,1.545976e-05,0.0,nan,nan,nan
6130.792,1.546128e-05,0.0,nan,nan,nan
6130.903,1.546218e-05,0.0,nan,nan,nan
6130.986,1.546164e-05,0.0,nan,nan,nan
6131.073,1.545992e-05,0.0,nan,nan,nan
6131.156,1.545927e-05,0.0,nan,nan,nan
6131.242,1.545863e-05,0.0,nan,nan,nan
6131.325,1.545868e-05,0.0,nan,nan,nan
6131.409,1.545581e-05,0.0,nan,nan,nan
6131.513,1.546126e-05,0.0,nan,nan,nan
6131.597,1.545854e-05,0.0,nan,nan,nan
6131.681,1.545942e-05,0.0,nan,nan,nan
6131.765,1.546092e-05,0.0,nan,nan,nan
6131.849,1.54601e-05,0.0,nan,nan,nan
6131.932,1.546123e-05,0.0,nan,nan,nan
6132.018,1.545657e-05,0.0,nan,nan,nan
6132.111,1.546467e-05,0.0,nan,nan,nan
6132.195,1.546303e-05,0.0,nan,nan,nan
6132.278,1.546001e-05,0.0,nan,nan,nan
6132.362,1.546185e-05,0.0,nan,nan,nan
6132.504,1.545874e-05,0.0,nan,nan,nan
6132.592,1.546203e-05,0.0,nan,nan,nan
6132.676,1.546093e-05,0.0,nan,nan,nan
6132.759,1.545722e-05,0.0,nan,nan,nan
6132.846,1.545817e-05,0.0,nan,nan,nan
6132.933,1.545763e-05,0.0,nan,nan,nan
6133.016,1.546239e-05,0.0,nan,nan,nan
6133.101,1.54577e-05,0.0,nan,nan,nan
6133.184,1.545876e-05,0.0,nan,nan,nan
6133.27,1.545883e-05,0.0,nan,nan,nan
6133.354,1.545955e-05,0.0,nan,nan,nan
6133.437,1.545503e-05,0.0,nan,nan,nan
6133.526,1.546269e-05,0.0,nan,nan,nan
6133.61,1.545771e-05,0.0,nan,nan,nan
6133.693,1.545468e-05,0.0,nan,nan,nan
6133.777,1.545812e-05,0.0,nan,nan,nan
6133.862,1.545927e-05,0.0,nan,nan,nan
6133.959,1.545582e-05,0.0,nan,nan,nan
6134.047,1.545488e-05,0.0,nan,nan,nan
6134.131,1.545962e-05,0.0,nan,nan,nan
6134.214,1.546018e-05,0.0,nan,nan,nan
6134.298,1.545789e-05,0.0,nan,nan,nan
6134.381,1.545943e-05,0.0,nan,nan,nan
6134.465,1.546379e-05,0.0,nan,nan,nan
6134.56,1.546137e-05,0.0,nan,nan,nan
6134.643,1.545628e-05,0.0,nan,nan,nan
6134.729,1.545453e-05,0.0,nan,nan,nan
6134.813,1.545666e-05,0.0,nan,nan,nan
6134.897,1.545648e-05,0.0,nan,nan,nan
6134.982,1.546019e-05,0.0,nan,nan,nan
6135.066,1.545716e-05,0.0,nan,nan,nan
6135.15,1.545696e-05,0.0,nan,nan,nan
6135.234,1.545823e-05,0.0,nan,nan,nan
6135.318,1.545776e-05,0.0,nan,nan,nan
6135.402,1.545555e-05,0.0,nan,nan,nan
6135.485,1.545424e-05,0.0,nan,nan,nan
6135.576,1.545935e-05,0.0,nan,nan,nan
6135.66,1.545745e-05,0.0,nan,nan,nan
6135.743,1.545983e-05,0.0,nan,nan,nan
6135.827,1.546098e-05,0.0,nan,nan,nan
6135.91,1.545946e-05,0.0,nan,nan,nan
6135.994,1.546125e-05,0.0,nan,nan,nan
6136.081,1.54623e-05,0.0,nan,nan,nan
6136.186,1.545597e-05,0.0,nan,nan,nan
6136.27,1.545617e-05,0.0,nan,nan,nan
6136.357,1.545632e-05,0.0,nan,nan,nan
6136.441,1.54565e-05,0.0,nan,nan,nan
6136.525,1.545706e-05,0.0,nan,nan,nan
6136.655,1.545776e-05,0.0,nan,nan,nan
6136.74,1.54549e-05,0.0,nan,nan,nan
6136.825,1.54548e-05,0.0,nan,nan,nan
6136.909,1.545616e-05,0.0,nan,nan,nan
6137.011,1.546048e-05,0.0,nan,nan,nan
6137.095,1.546012e-05,0.0,nan,nan,nan
6137.181,1.545254e-05,0.0,nan,nan,nan
6137.265,1.545415e-05,0.0,nan,nan,nan
6137.349,1.545898e-05,0.0,nan,nan,nan
6137.433,1.545898e-05,0.0,nan,nan,nan
6137.516,1.545693e-05,0.0,nan,nan,nan
6137.601,1.545644e-05,0.0,nan,nan,nan
6137.685,1.545695e-05,0.0,nan,nan,nan
6137.769,1.545939e-05,0.0,nan,nan,nan
6137.852,1.546145e-05,0.0,nan,nan,nan
6137.936,1.545845e-05,0.0,nan,nan,nan
6138.035,1.545737e-05,0.0,nan,nan,nan
6138.118,1.546029e-05,0.0,nan,nan,nan
6138.209,1.545733e-05,0.0,nan,nan,nan
6138.293,1.546397e-05,0.0,nan,nan,nan
6138.377,1.546068e-05,0.0,nan,nan,nan
6138.463,1.545887e-05,0.0,nan,nan,nan
6138.551,1.545919e-05,0.0,nan,nan,nan
6138.635,1.546039e-05,0.0,nan,nan,nan
6138.719,1.546069e-05,0.0,nan,nan,nan
6138.823,1.545617e-05,0.0,nan,nan,nan
6138.907,1.545806e-05,0.0,nan,nan,nan
6138.991,1.545478e-05,0.0,nan,nan,nan
6139.074,1.545281e-05,0.0,nan,nan,nan
6139.158,1.545485e-05,0.0,nan,nan,nan
6139.248,1.545573e-05,0.0,nan,nan,nan
6139.331,1.545559e-05,0.0,nan,nan,nan
6139.417,1.545434e-05,0.0,nan,nan,nan
6139.501,1.545555e-05,0.0,nan,nan,nan
6139.584,1.545439e-05,0.0,nan,nan,nan
6139.677,1.545546e-05,0.0,nan,nan,nan
6139.764,1.545632e-05,0.0,nan,nan,nan
6139.86,1.545644e-05,0.0,nan,nan,nan
6139.943,1.545727e-05,0.0,nan,nan,nan
6140.03,1.545604e-05,0.0,nan,nan,nan
6140.114,1.545506e-05,0.0,nan,nan,nan
6140.197,1.545409e-05,0.0,nan,nan,nan
6140.287,1.545954e-05,0.0,nan,nan,nan
6140.371,1.54587e-05,0.0,nan,nan,nan
6140.474,1.545425e-05,0.0,nan,nan,nan
6140.557,1.54566e-05,0.0,nan,nan,nan
6140.642,1.545726e-05,0.0,nan,nan,nan
6140.758,1.545827e-05,0.0,nan,nan,nan
6140.841,1.545353e-05,0.0,nan,nan,nan
6140.925,1.545324e-05,0.0,nan,nan,nan
6141.008,1.54516e-05,0.0,nan,nan,nan
6141.095,1.545647e-05,0.0,nan,nan,nan
6141.179,1.545901e-05,0.0,nan,nan,nan
6141.263,1.546039e-05,0.0,nan,nan,nan
6141.346,1.545633e-05,0.0,nan,nan,nan
6141.43,1.545748e-05,0.0,nan,nan,nan
6141.527,1.545685e-05,0.0,nan,nan,nan
6141.615,1.545685e-05,0.0,nan,nan,nan
6141.7,1.545785e-05,0.0,nan,nan,nan
6141.784,1.545932e-05,0.0,nan,nan,nan
6141.868,1.545951e-05,0.0,nan,nan,nan
6141.951,1.545769e-05,0.0,nan,nan,nan
6142.035,1.545639e-05,0.0,nan,nan,nan
6142.13,1.545722e-05,0.0,nan,nan,nan
6142.213,1.546087e-05,0.0,nan,nan,nan
6142.297,1.546355e-05,0.0,nan,nan,nan
6142.381,1.546084e-05,0.0,nan,nan,nan
6142.466,1.545803e-05,0.0,nan,nan,nan
6142.57,1.546016e-05,0.0,nan,nan,nan
6142.654,1.546414e-05,0.0,nan,nan,nan
6142.751,1.546103e-05,0.0,nan,nan,nan
6142.86,1.546014e-05,0.0,nan,nan,nan
6142.968,1.54583e-05,0.0,nan,nan,nan
6143.052,1.545626e-05,0.0,nan,nan,nan
6143.15,1.546124e-05,0.0,nan,nan,nan
6143.234,1.545869e-05,0.0,nan,nan,nan
6143.343,1.545854e-05,0.0,nan,nan,nan
6143.426,1.546003e-05,0.0,nan,nan,nan
6143.51,1.545682e-05,0.0,nan,nan,nan
6143.593,1.545856e-05,0.0,nan,nan,nan
6143.68,1.545697e-05,0.0,nan,nan,nan
6143.764,1.545755e-05,0.0,nan,nan,nan
6143.848,1.545656e-05,0.0,nan,nan,nan
6143.933,1.545317e-05,0.0,nan,nan,nan
6144.02,1.545436e-05,0.0,nan,nan,nan
6144.104,1.545337e-05,0.0,nan,nan,nan
6144.204,1.545723e-05,0.0,nan,nan,nan
6144.288,1.545461e-05,0.0,nan,nan,nan
6144.375,1.545487e-05,0.0,nan,nan,nan
6144.458,1.54577e-05,0.0,nan,nan,nan
6144.57,1.546212e-05,0.0,nan,nan,nan
6144.654,1.545604e-05,0.0,nan,nan,nan
6144.737,1.545776e-05,0.0,nan,nan,nan
6144.822,1.545548e-05,0.0,nan,nan,nan
6144.909,1.545847e-05,0.0,nan,nan,nan
6144.992,1.54524e-05,0.0,nan,nan,nan
6145.076,1.545734e-05,0.0,nan,nan,nan
6145.16,1.545829e-05,0.0,nan,nan,nan
6145.243,1.545332e-05,0.0,nan,nan,nan
6145.327,1.545683e-05,0.0,nan,nan,nan
6145.411,1.545494e-05,0.0,nan,nan,nan
6145.494,1.545705e-05,0.0,nan,nan,nan
6145.589,1.546165e-05,0.0,nan,nan,nan
6145.673,1.545322e-05,0.0,nan,nan,nan
6145.757,1.545597e-05,0.0,nan,nan,nan
6145.84,1.545567e-05,0.0,nan,nan,nan
6145.927,1.546109e-05,0.0,nan,nan,nan
6146.016,1.54591e-05,0.0,nan,nan,nan
6146.1,1.545893e-05,0.0,nan,nan,nan
6146.209,1.545809e-05,0.0,nan,nan,nan
6146.293,1.546233e-05,0.0,nan,nan,nan
6146.376,1.545804e-05,0.0,nan,nan,nan
6146.46,1.546097e-05,0.0,nan,nan,nan
6146.546,1.546179e-05,0.0,nan,nan,nan
6146.63,1.54651e-05,0.0,nan,nan,nan
6146.717,1.545605e-05,0.0,nan,nan,nan
6146.8,1.545797e-05,0.0,nan,nan,nan
6146.884,1.545814e-05,0.0,nan,nan,nan
6146.968,1.545999e-05,0.0,nan,nan,nan
6147.053,1.545945e-05,0.0,nan,nan,nan
6147.136,1.545915e-05,0.0,nan,nan,nan
6147.22,1.54623e-05,0.0,nan,nan,nan
6147.303,1.545841e-05,0.0,nan,nan,nan
6147.393,1.545752e-05,0.0,nan,nan,nan
6147.477,1.545895e-05,0.0,nan,nan,nan
6147.561,1.546021e-05,0.0,nan,nan,nan
6147.649,1.546478e-05,0.0,nan,nan,nan
6147.733,1.546169e-05,0.0,nan,nan,nan
6147.816,1.546012e-05,0.0,nan,nan,nan
6147.9,1.546152e-05,0.0,nan,nan,nan
6147.984,1.54575e-05,0.0,nan,nan,nan
6148.071,1.545688e-05,0.0,nan,nan,nan
6148.155,1.546183e-05,0.0,nan,nan,nan
6148.238,1.5461e-05,0.0,nan,nan,nan
6148.322,1.545896e-05,0.0,nan,nan,nan
6148.405,1.545859e-05,0.0,nan,nan,nan
6148.489,1.545663e-05,0.0,nan,nan,nan
6148.572,1.545931e-05,0.0,nan,nan,nan
6148.656,1.545594e-05,0.0,nan,nan,nan
6148.74,1.545684e-05,0.0,nan,nan,nan
6148.823,1.545874e-05,0.0,nan,nan,nan
6148.931,1.546036e-05,0.0,nan,nan,nan
6149.014,1.546041e-05,0.0,nan,nan,nan
6149.155,1.546044e-05,0.0,nan,nan,nan
6149.239,1.546054e-05,0.0,nan,nan,nan
6149.334,1.546258e-05,0.0,nan,nan,nan
6149.417,1.546459e-05,0.0,nan,nan,nan
6149.503,1.54611e-05,0.0,nan,nan,nan
6149.586,1.546443e-05,0.0,nan,nan,nan
6149.672,1.546454e-05,0.0,nan,nan,nan
6149.756,1.546081e-05,0.0,nan,nan,nan
6149.839,1.546432e-05,0.0,nan,nan,nan
6149.947,1.545915e-05,0.0,nan,nan,nan
6150.03,1.545788e-05,0.0,nan,nan,nan
6150.132,1.545805e-05,0.0,nan,nan,nan
6150.216,1.545797e-05,0.0,nan,nan,nan
6150.302,1.545676e-05,0.0,nan,nan,nan
6150.386,1.545854e-05,0.0,nan,nan,nan
6150.472,1.546127e-05,0.0,nan,nan,nan
6150.556,1.545991e-05,0.0,nan,nan,nan
6150.64,1.546367e-05,0.0,nan,nan,nan
6150.742,1.546135e-05,0.0,nan,nan,nan
6150.832,1.545893e-05,0.0,nan,nan,nan
6150.916,1.545662e-05,0.0,nan,nan,nan
6151.0,1.546251e-05,0.0,nan,nan,nan
6151.084,1.545937e-05,0.0,nan,nan,nan
6151.199,1.546151e-05,0.0,nan,nan,nan
6151.285,1.545946e-05,0.0,nan,nan,nan
6151.369,1.546049e-05,0.0,nan,nan,nan
6151.476,1.545677e-05,0.0,nan,nan,nan
6151.56,1.545836e-05,0.0,nan,nan,nan
6151.646,1.545975e-05,0.0,nan,nan,nan
6151.729,1.545719e-05,0.0,nan,nan,nan
6151.813,1.545933e-05,0.0,nan,nan,nan
6151.9,1.546285e-05,0.0,nan,nan,nan
6151.983,1.546066e-05,0.0,nan,nan,nan
6152.067,1.546208e-05,0.0,nan,nan,nan
6152.163,1.545973e-05,0.0,nan,nan,nan
6152.247,1.545817e-05,0.0,nan,nan,nan
6152.33,1.546025e-05,0.0,nan,nan,nan
6152.414,1.545968e-05,0.0,nan,nan,nan
6152.498,1.546081e-05,0.0,nan,nan,nan
6152.582,1.546029e-05,0.0,nan,nan,nan
6152.666,1.546487e-05,0.0,nan,nan,nan
6152.75,1.546132e-05,0.0,nan,nan,nan
6152.833,1.546286e-05,0.0,nan,nan,nan
6152.918,1.54623e-05,0.0,nan,nan,nan
6153.001,1.546655e-05,0.0,nan,nan,nan
6153.085,1.546374e-05,0.0,nan,nan,nan
6153.191,1.546381e-05,0.0,nan,nan,nan
6153.274,1.546536e-05,0.0,nan,nan,nan
6153.359,1.546443e-05,0.0,nan,nan,nan
6153.444,1.546364e-05,0.0,nan,nan,nan
6153.527,1.546444e-05,0.0,nan,nan,nan
6153.611,1.546291e-05,0.0,nan,nan,nan
6153.696,1.546022e-05,0.0,nan,nan,nan
6153.804,1.545952e-05,0.0,nan,nan,nan
6153.887,1.546372e-05,0.0,nan,nan,nan
6153.971,1.546237e-05,0.0,nan,nan,nan
6154.055,1.546415e-05,0.0,nan,nan,nan
6154.138,1.546007e-05,0.0,nan,nan,nan
6154.222,1.546447e-05,0.0,nan,nan,nan
6154.306,1.546062e-05,0.0,nan,nan,nan
6154.398,1.545755e-05,0.0,nan,nan,nan
6154.481,1.546125e-05,0.0,nan,nan,nan
6154.568,1.546224e-05,0.0,nan,nan,nan
6154.652,1.54614e-05,0.0,nan,nan,nan
6154.738,1.546281e-05,0.0,nan,nan,nan
6154.822,1.546256e-05,0.0,nan,nan,nan
6154.906,1.545927e-05,0.0,nan,nan,nan
6154.989,1.546119e-05,0.0,nan,nan,nan
6155.073,1.545878e-05,0.0,nan,nan,nan
6155.157,1.546487e-05,0.0,nan,nan,nan
6155.24,1.545699e-05,0.0,nan,nan,nan
6155.324,1.545777e-05,0.0,nan,nan,nan
6155.413,1.54568e-05,0.0,nan,nan,nan
6155.498,1.545491e-05,0.0,nan,nan,nan
6155.582,1.545664e-05,0.0,nan,nan,nan
6155.666,1.545655e-05,0.0,nan,nan,nan
6155.749,1.545595e-05,0.0,nan,nan,nan
6155.836,1.546016e-05,0.0,nan,nan,nan
6155.92,1.545428e-05,0.0,nan,nan,nan
6156.012,1.545776e-05,0.0,nan,nan,nan
6156.096,1.546028e-05,0.0,nan,nan,nan
6156.182,1.545937e-05,0.0,nan,nan,nan
6156.266,1.545828e-05,0.0,nan,nan,nan
6156.349,1.545767e-05,0.0,nan,nan,nan
6156.44,1.546078e-05,0.0,nan,nan,nan
6156.523,1.545975e-05,0.0,nan,nan,nan
6156.607,1.546028e-05,0.0,nan,nan,nan
6156.691,1.545694e-05,0.0,nan,nan,nan
6156.775,1.54627e-05,0.0,nan,nan,nan
6156.858,1.546156e-05,0.0,nan,nan,nan
6156.945,1.545809e-05,0.0,nan,nan,nan
6157.046,1.54615e-05,0.0,nan,nan,nan
6157.13,1.545569e-05,0.0,nan,nan,nan
6157.216,1.545941e-05,0.0,nan,nan,nan
6157.3,1.545433e-05,0.0,nan,nan,nan
6157.383,1.545615e-05,0.0,nan,nan,nan
6157.473,1.545752e-05,0.0,nan,nan,nan
6157.556,1.545467e-05,0.0,nan,nan,nan
6157.664,1.545707e-05,0.0,nan,nan,nan
6157.748,1.54561e-05,0.0,nan,nan,nan
6157.831,1.545436e-05,0.0,nan,nan,nan
6157.915,1.545496e-05,0.0,nan,nan,nan
6158.001,1.545738e-05,0.0,nan,nan,nan
6158.085,1.545694e-05,0.0,nan,nan,nan
6158.168,1.545655e-05,0.0,nan,nan,nan
6158.252,1.545803e-05,0.0,nan,nan,nan
6158.335,1.545518e-05,0.0,nan,nan,nan
6158.42,1.545695e-05,0.0,nan,nan,nan
6158.505,1.54514e-05,0.0,nan,nan,nan
6158.588,1.545836e-05,0.0,nan,nan,nan
6158.688,1.545781e-05,0.0,nan,nan,nan
6158.772,1.545946e-05,0.0,nan,nan,nan
6158.856,1.546301e-05,0.0,nan,nan,nan
6158.939,1.546002e-05,0.0,nan,nan,nan
6159.023,1.546051e-05,0.0,nan,nan,nan
6159.107,1.545664e-05,0.0,nan,nan,nan
6159.193,1.545607e-05,0.0,nan,nan,nan
6159.293,1.545705e-05,0.0,nan,nan,nan
6159.377,1.545645e-05,0.0,nan,nan,nan
6159.461,1.545436e-05,0.0,nan,nan,nan
6159.549,1.54557e-05,0.0,nan,nan,nan
6159.633,1.545428e-05,0.0,nan,nan,nan
6159.716,1.545015e-05,0.0,nan,nan,nan
6159.8,1.54559e-05,0.0,nan,nan,nan
6159.892,1.545824e-05,0.0,nan,nan,nan
6159.975,1.546226e-05,0.0,nan,nan,nan
6160.059,1.54581e-05,0.0,nan,nan,nan
6160.142,1.546053e-05,0.0,nan,nan,nan
6160.226,1.54625e-05,0.0,nan,nan,nan
6160.315,1.54594e-05,0.0,nan,nan,nan
6160.398,1.546148e-05,0.0,nan,nan,nan
6160.483,1.546155e-05,0.0,nan,nan,nan
6160.567,1.546141e-05,0.0,nan,nan,nan
6160.65,1.54595e-05,0.0,nan,nan,nan
6160.734,1.545946e-05,0.0,nan,nan,nan
6160.818,1.546081e-05,0.0,nan,nan,nan
6160.92,1.545953e-05,0.0,nan,nan,nan
6161.003,1.546304e-05,0.0,nan,nan,nan
6161.108,1.545745e-05,0.0,nan,nan,nan
6161.191,1.545798e-05,0.0,nan,nan,nan
6161.275,1.546061e-05,0.0,nan,nan,nan
6161.359,1.546087e-05,0.0,nan,nan,nan
6161.442,1.546264e-05,0.0,nan,nan,nan
6161.526,1.54646e-05,0.0,nan,nan,nan
6161.614,1.546069e-05,0.0,nan,nan,nan
6161.702,1.546101e-05,0.0,nan,nan,nan
6161.785,1.546309e-05,0.0,nan,nan,nan
6161.869,1.546194e-05,0.0,nan,nan,nan
6161.963,1.546534e-05,0.0,nan,nan,nan
6162.049,1.546312e-05,0.0,nan,nan,nan
6162.161,1.545788e-05,0.0,nan,nan,nan
6162.245,1.546182e-05,0.0,nan,nan,nan
6162.329,1.546426e-05,0.0,nan,nan,nan
6162.412,1.545738e-05,0.0,nan,nan,nan
6162.497,1.545938e-05,0.0,nan,nan,nan
6162.581,1.546148e-05,0.0,nan,nan,nan
6162.664,1.545794e-05,0.0,nan,nan,nan
6162.749,1.546233e-05,0.0,nan,nan,nan
6162.833,1.545476e-05,0.0,nan,nan,nan
6162.919,1.546178e-05,0.0,nan,nan,nan
6163.003,1.546091e-05,0.0,nan,nan,nan
6163.087,1.546049e-05,0.0,nan,nan,nan
6163.175,1.546067e-05,0.0,nan,nan,nan
6163.261,1.545993e-05,0.0,nan,nan,nan
6163.364,1.545902e-05,0.0,nan,nan,nan
6163.448,1.546325e-05,0.0,nan,nan,nan
6163.532,1.546374e-05,0.0,nan,nan,nan
6163.616,1.545895e-05,0.0,nan,nan,nan
6163.7,1.545734e-05,0.0,nan,nan,nan
6163.793,1.546223e-05,0.0,nan,nan,nan
6163.879,1.545886e-05,0.0,nan,nan,nan
6163.963,1.54598e-05,0.0,nan,nan,nan
6164.047,1.546054e-05,0.0,nan,nan,nan
6164.136,1.546323e-05,0.0,nan,nan,nan
6164.22,1.546042e-05,0.0,nan,nan,nan
6164.303,1.5458e-05,0.0,nan,nan,nan
6164.391,1.545634e-05,0.0,nan,nan,nan
6164.475,1.545952e-05,0.0,nan,nan,nan
6164.558,1.546309e-05,0.0,nan,nan,nan
6164.642,1.546134e-05,0.0,nan,nan,nan
6164.727,1.546141e-05,0.0,nan,nan,nan
6164.814,1.546207e-05,0.0,nan,nan,nan
6164.898,1.546168e-05,0.0,nan,nan,nan
6165.005,1.546135e-05,0.0,nan,nan,nan
6165.088,1.546292e-05,0.0,nan,nan,nan
6165.173,1.545757e-05,0.0,nan,nan,nan
6165.257,1.546275e-05,0.0,nan,nan,nan
6165.341,1.54657e-05,0.0,nan,nan,nan
6165.43,1.546445e-05,0.0,nan,nan,nan
6165.513,1.546012e-05,0.0,nan,nan,nan
6165.6,1.546044e-05,0.0,nan,nan,nan
6165.683,1.546221e-05,0.0,nan,nan,nan
6165.769,1.546434e-05,0.0,nan,nan,nan
6165.853,1.546106e-05,0.0,nan,nan,nan
6165.936,1.545657e-05,0.0,nan,nan,nan
6166.035,1.546107e-05,0.0,nan,nan,nan
6166.119,1.546236e-05,0.0,nan,nan,nan
6166.227,1.545837e-05,0.0,nan,nan,nan
6166.311,1.545903e-05,0.0,nan,nan,nan
6166.394,1.545821e-05,0.0,nan,nan,nan
6166.478,1.546018e-05,0.0,nan,nan,nan
6166.561,1.545827e-05,0.0,nan,nan,nan
6166.651,1.54614e-05,0.0,nan,nan,nan
6166.735,1.546084e-05,0.0,nan,nan,nan
6166.818,1.54578e-05,0.0,nan,nan,nan
6166.902,1.546132e-05,0.0,nan,nan,nan
6166.986,1.546257e-05,0.0,nan,nan,nan
6167.07,1.545864e-05,0.0,nan,nan,nan
6167.153,1.546033e-05,0.0,nan,nan,nan
6167.254,1.545958e-05,0.0,nan,nan,nan
6167.338,1.546365e-05,0.0,nan,nan,nan
6167.444,1.54585e-05,0.0,nan,nan,nan
6167.528,1.54615e-05,0.0,nan,nan,nan
6167.612,1.546056e-05,0.0,nan,nan,nan
6167.696,1.546322e-05,0.0,nan,nan,nan
6167.812,1.546047e-05,0.0,nan,nan,nan
6167.899,1.545947e-05,0.0,nan,nan,nan
6167.986,1.546033e-05,0.0,nan,nan,nan
6168.07,1.546099e-05,0.0,nan,nan,nan
6168.154,1.546472e-05,0.0,nan,nan,nan
6168.24,1.546226e-05,0.0,nan,nan,nan
6168.324,1.546379e-05,0.0,nan,nan,nan
6168.408,1.546127e-05,0.0,nan,nan,nan
6168.491,1.545872e-05,0.0,nan,nan,nan
6168.575,1.545594e-05,0.0,nan,nan,nan
6168.661,1.546384e-05,0.0,nan,nan,nan
6168.745,1.546186e-05,0.0,nan,nan,nan
6168.829,1.546101e-05,0.0,nan,nan,nan
6168.912,1.546363e-05,0.0,nan,nan,nan
6168.998,1.545738e-05,0.0,nan,nan,nan
6169.082,1.546132e-05,0.0,nan,nan,nan
6169.166,1.546387e-05,0.0,nan,nan,nan
6169.25,1.546325e-05,0.0,nan,nan,nan
6169.333,1.546116e-05,0.0,nan,nan,nan
6169.417,1.546412e-05,0.0,nan,nan,nan
6169.501,1.546346e-05,0.0,nan,nan,nan
6169.584,1.546152e-05,0.0,nan,nan,nan
6169.686,1.546562e-05,0.0,nan,nan,nan
6169.77,1.546427e-05,0.0,nan,nan,nan
6169.891,1.546596e-05,0.0,nan,nan,nan
6169.98,1.54617e-05,0.0,nan,nan,nan
6170.075,1.546517e-05,0.0,nan,nan,nan
6170.158,1.546242e-05,0.0,nan,nan,nan
6170.242,1.546035e-05,0.0,nan,nan,nan
6170.325,1.546312e-05,0.0,nan,nan,nan
6170.416,1.546541e-05,0.0,nan,nan,nan
6170.5,1.54654e-05,0.0,nan,nan,nan
6170.584,1.546568e-05,0.0,nan,nan,nan
6170.669,1.546672e-05,0.0,nan,nan,nan
6170.753,1.546556e-05,0.0,nan,nan,nan
6170.836,1.546449e-05,0.0,nan,nan,nan
6170.926,1.546263e-05,0.0,nan,nan,nan
6171.016,1.546111e-05,0.0,nan,nan,nan
6171.099,1.546374e-05,0.0,nan,nan,nan
6171.183,1.546399e-05,0.0,nan,nan,nan
6171.267,1.546555e-05,0.0,nan,nan,nan
6171.351,1.546591e-05,0.0,nan,nan,nan
6171.434,1.546154e-05,0.0,nan,nan,nan
6171.517,1.546245e-05,0.0,nan,nan,nan
6171.601,1.545968e-05,0.0,nan,nan,nan
6171.684,1.546054e-05,0.0,nan,nan,nan
6171.768,1.545861e-05,0.0,nan,nan,nan
6171.852,1.546232e-05,0.0,nan,nan,nan
6171.957,1.546183e-05,0.0,nan,nan,nan
6172.041,1.546031e-05,0.0,nan,nan,nan
6172.125,1.546245e-05,0.0,nan,nan,nan
6172.209,1.546357e-05,0.0,nan,nan,nan
6172.296,1.546283e-05,0.0,nan,nan,nan
6172.38,1.546414e-05,0.0,nan,nan,nan
6172.463,1.546406e-05,0.0,nan,nan,nan
6172.567,1.546232e-05,0.0,nan,nan,nan
6172.651,1.546659e-05,0.0,nan,nan,nan
6172.742,1.546427e-05,0.0,nan,nan,nan
6172.826,1.546665e-05,0.0,nan,nan,nan
6172.909,1.546063e-05,0.0,nan,nan,nan
6172.993,1.545785e-05,0.0,nan,nan,nan
6173.076,1.545852e-05,0.0,nan,nan,nan
6173.166,1.545854e-05,0.0,nan,nan,nan
6173.249,1.54619e-05,0.0,nan,nan,nan
6173.333,1.545986e-05,0.0,nan,nan,nan
6173.416,1.546268e-05,0.0,nan,nan,nan
6173.502,1.546165e-05,0.0,nan,nan,nan
6173.592,1.54647e-05,0.0,nan,nan,nan
6173.682,1.545931e-05,0.0,nan,nan,nan
6173.766,1.545875e-05,0.0,nan,nan,nan
6173.849,1.545901e-05,0.0,nan,nan,nan
6173.942,1.54584e-05,0.0,nan,nan,nan
6174.034,1.546019e-05,0.0,nan,nan,nan
6174.119,1.546097e-05,0.0,nan,nan,nan
6174.208,1.546112e-05,0.0,nan,nan,nan
6174.293,1.545926e-05,0.0,nan,nan,nan
6174.393,1.545592e-05,0.0,nan,nan,nan
6174.483,1.545873e-05,0.0,nan,nan,nan
6174.584,1.545885e-05,0.0,nan,nan,nan
6174.668,1.545791e-05,0.0,nan,nan,nan
6174.753,1.545841e-05,0.0,nan,nan,nan
6174.836,1.545934e-05,0.0,nan,nan,nan
6174.92,1.54578e-05,0.0,nan,nan,nan
6175.016,1.545955e-05,0.0,nan,nan,nan
6175.099,1.54618e-05,0.0,nan,nan,nan
6175.183,1.546332e-05,0.0,nan,nan,nan
6175.266,1.546212e-05,0.0,nan,nan,nan
6175.35,1.546146e-05,0.0,nan,nan,nan
6175.433,1.546287e-05,0.0,nan,nan,nan
6175.517,1.546198e-05,0.0,nan,nan,nan
6175.601,1.54605e-05,0.0,nan,nan,nan
6175.684,1.546174e-05,0.0,nan,nan,nan
6175.769,1.546285e-05,0.0,nan,nan,nan
6175.853,1.545907e-05,0.0,nan,nan,nan
6175.936,1.546184e-05,0.0,nan,nan,nan
6176.02,1.545714e-05,0.0,nan,nan,nan
6176.119,1.546081e-05,0.0,nan,nan,nan
6176.216,1.5464e-05,0.0,nan,nan,nan
6176.3,1.546366e-05,0.0,nan,nan,nan
6176.384,1.54598e-05,0.0,nan,nan,nan
6176.467,1.54616e-05,0.0,nan,nan,nan
6176.551,1.546335e-05,0.0,nan,nan,nan
6176.649,1.545962e-05,0.0,nan,nan,nan
6176.733,1.545993e-05,0.0,nan,nan,nan
6176.817,1.546018e-05,0.0,nan,nan,nan
6176.901,1.546487e-05,0.0,nan,nan,nan
6176.985,1.546068e-05,0.0,nan,nan,nan
6177.068,1.546268e-05,0.0,nan,nan,nan
6177.152,1.545962e-05,0.0,nan,nan,nan
6177.255,1.545966e-05,0.0,nan,nan,nan
6177.339,1.546002e-05,0.0,nan,nan,nan
6177.426,1.545927e-05,0.0,nan,nan,nan
6177.51,1.545566e-05,0.0,nan,nan,nan
6177.593,1.546099e-05,0.0,nan,nan,nan
6177.677,1.545839e-05,0.0,nan,nan,nan
6177.763,1.545796e-05,0.0,nan,nan,nan
6177.862,1.545985e-05,0.0,nan,nan,nan
6177.945,1.546115e-05,0.0,nan,nan,nan
6178.029,1.546134e-05,0.0,nan,nan,nan
6178.113,1.545774e-05,0.0,nan,nan,nan
6178.197,1.546302e-05,0.0,nan,nan,nan
6178.302,1.546288e-05,0.0,nan,nan,nan
6178.385,1.546313e-05,0.0,nan,nan,nan
6178.489,1.546319e-05,0.0,nan,nan,nan
6178.573,1.546163e-05,0.0,nan,nan,nan
6178.657,1.546197e-05,0.0,nan,nan,nan
6178.741,1.545792e-05,0.0,nan,nan,nan
6178.824,1.546173e-05,0.0,nan,nan,nan
6178.908,1.545941e-05,0.0,nan,nan,nan
6178.995,1.54582e-05,0.0,nan,nan,nan
6179.09,1.546001e-05,0.0,nan,nan,nan
6179.173,1.54583e-05,0.0,nan,nan,nan
6179.277,1.545969e-05,0.0,nan,nan,nan
6179.361,1.545866e-05,0.0,nan,nan,nan
6179.444,1.545873e-05,0.0,nan,nan,nan
6179.53,1.545957e-05,0.0,nan,nan,nan
6179.613,1.545923e-05,0.0,nan,nan,nan
6179.706,1.546159e-05,0.0,nan,nan,nan
6179.79,1.546407e-05,0.0,nan,nan,nan
6179.893,1.546315e-05,0.0,nan,nan,nan
6179.977,1.54603e-05,0.0,nan,nan,nan
6180.06,1.545605e-05,0.0,nan,nan,nan
6180.144,1.545986e-05,0.0,nan,nan,nan
6180.259,1.545946e-05,0.0,nan,nan,nan
6180.358,1.546371e-05,0.0,nan,nan,nan
6180.442,1.545829e-05,0.0,nan,nan,nan
6180.525,1.545992e-05,0.0,nan,nan,nan
6180.613,1.545963e-05,0.0,nan,nan,nan
6180.715,1.545969e-05,0.0,nan,nan,nan
6180.799,1.546012e-05,0.0,nan,nan,nan
6180.885,1.546009e-05,0.0,nan,nan,nan
6180.969,1.546351e-05,0.0,nan,nan,nan
6181.052,1.545828e-05,0.0,nan,nan,nan
6181.136,1.545772e-05,0.0,nan,nan,nan
6181.22,1.545569e-05,0.0,nan,nan,nan
6181.322,1.545653e-05,0.0,nan,nan,nan
6181.405,1.5454e-05,0.0,nan,nan,nan
6181.49,1.545916e-05,0.0,nan,nan,nan
6181.574,1.546036e-05,0.0,nan,nan,nan
6181.658,1.546119e-05,0.0,nan,nan,nan
6181.755,1.546133e-05,0.0,nan,nan,nan
6181.838,1.54568e-05,0.0,nan,nan,nan
6181.944,1.546154e-05,0.0,nan,nan,nan
6182.03,1.546036e-05,0.0,nan,nan,nan
6182.114,1.545856e-05,0.0,nan,nan,nan
6182.197,1.545851e-05,0.0,nan,nan,nan
6182.324,1.5462e-05,0.0,nan,nan,nan
6182.41,1.546024e-05,0.0,nan,nan,nan
6182.494,1.54573e-05,0.0,nan,nan,nan
6182.578,1.546003e-05,0.0,nan,nan,nan
6182.666,1.545838e-05,0.0,nan,nan,nan
6182.75,1.546e-05,0.0,nan,nan,nan
6182.833,1.546018e-05,0.0,nan,nan,nan
6182.916,1.545395e-05,0.0,nan,nan,nan
6183.0,1.545728e-05,0.0,nan,nan,nan
6183.083,1.546059e-05,0.0,nan,nan,nan
6183.179,1.545859e-05,0.0,nan,nan,nan
6183.262,1.545412e-05,0.0,nan,nan,nan
6183.346,1.545553e-05,0.0,nan,nan,nan
6183.43,1.545407e-05,0.0,nan,nan,nan
6183.514,1.545296e-05,0.0,nan,nan,nan
6183.598,1.545385e-05,0.0,nan,nan,nan
6183.681,1.545623e-05,0.0,nan,nan,nan
6183.765,1.545125e-05,0.0,nan,nan,nan
6183.849,1.545599e-05,0.0,nan,nan,nan
6183.934,1.545938e-05,0.0,nan,nan,nan
6184.038,1.545483e-05,0.0,nan,nan,nan
6184.123,1.545723e-05,0.0,nan,nan,nan
6184.211,1.545424e-05,0.0,nan,nan,nan
6184.295,1.545736e-05,0.0,nan,nan,nan
6184.391,1.54572e-05,0.0,nan,nan,nan
6184.475,1.545519e-05,0.0,nan,nan,nan
6184.559,1.545816e-05,0.0,nan,nan,nan
6184.642,1.546058e-05,0.0,nan,nan,nan
6184.728,1.545617e-05,0.0,nan,nan,nan
6184.818,1.545317e-05,0.0,nan,nan,nan
6184.902,1.54555e-05,0.0,nan,nan,nan
6185.002,1.545379e-05,0.0,nan,nan,nan
6185.086,1.545249e-05,0.0,nan,nan,nan
6185.17,1.545482e-05,0.0,nan,nan,nan
6185.253,1.545644e-05,0.0,nan,nan,nan
6185.337,1.545699e-05,0.0,nan,nan,nan
6185.421,1.545714e-05,0.0,nan,nan,nan
6185.504,1.545352e-05,0.0,nan,nan,nan
6185.614,1.545619e-05,0.0,nan,nan,nan
6185.698,1.54559e-05,0.0,nan,nan,nan
6185.781,1.545948e-05,0.0,nan,nan,nan
6185.865,1.546216e-05,0.0,nan,nan,nan
6185.949,1.545752e-05,0.0,nan,nan,nan
6186.035,1.545481e-05,0.0,nan,nan,nan
6186.119,1.545654e-05,0.0,nan,nan,nan
6186.204,1.545654e-05,0.0,nan,nan,nan
6186.288,1.545761e-05,0.0,nan,nan,nan
6186.372,1.545865e-05,0.0,nan,nan,nan
6186.458,1.545449e-05,0.0,nan,nan,nan
6186.543,1.545351e-05,0.0,nan,nan,nan
6186.642,1.545556e-05,0.0,nan,nan,nan
6186.726,1.545684e-05,0.0,nan,nan,nan
6186.81,1.545469e-05,0.0,nan,nan,nan
6186.893,1.545165e-05,0.0,nan,nan,nan
6186.978,1.545244e-05,0.0,nan,nan,nan
6187.067,1.54543e-05,0.0,nan,nan,nan
6187.151,1.545652e-05,0.0,nan,nan,nan
6187.261,1.545575e-05,0.0,nan,nan,nan
6187.345,1.5456e-05,0.0,nan,nan,nan
6187.429,1.545899e-05,0.0,nan,nan,nan
6187.512,1.545719e-05,0.0,nan,nan,nan
6187.596,1.545491e-05,0.0,nan,nan,nan
6187.683,1.545419e-05,0.0,nan,nan,nan
6187.767,1.545506e-05,0.0,nan,nan,nan
6187.853,1.545194e-05,0.0,nan,nan,nan
6187.937,1.545444e-05,0.0,nan,nan,nan
6188.02,1.545545e-05,0.0,nan,nan,nan
6188.104,1.545604e-05,0.0,nan,nan,nan
6188.188,1.545084e-05,0.0,nan,nan,nan
6188.288,1.545244e-05,0.0,nan,nan,nan
6188.371,1.545925e-05,0.0,nan,nan,nan
6188.455,1.545899e-05,0.0,nan,nan,nan
6188.558,1.545439e-05,0.0,nan,nan,nan
6188.641,1.545576e-05,0.0,nan,nan,nan
6188.725,1.545459e-05,0.0,nan,nan,nan
6188.809,1.545862e-05,0.0,nan,nan,nan
6188.894,1.54571e-05,0.0,nan,nan,nan
6188.979,1.545266e-05,0.0,nan,nan,nan
6189.083,1.546176e-05,0.0,nan,nan,nan
6189.166,1.545986e-05,0.0,nan,nan,nan
6189.252,1.545459e-05,0.0,nan,nan,nan
6189.335,1.545622e-05,0.0,nan,nan,nan
6189.419,1.545759e-05,0.0,nan,nan,nan
6189.503,1.545284e-05,0.0,nan,nan,nan
6189.587,1.545383e-05,0.0,nan,nan,nan
6189.673,1.545688e-05,0.0,nan,nan,nan
6189.757,1.545811e-05,0.0,nan,nan,nan
6189.841,1.545587e-05,0.0,nan,nan,nan
6189.926,1.545461e-05,0.0,nan,nan,nan
6190.014,1.545709e-05,0.0,nan,nan,nan
6190.098,1.54568e-05,0.0,nan,nan,nan
6190.181,1.54571e-05,0.0,nan,nan,nan
6190.267,1.545535e-05,0.0,nan,nan,nan
6190.35,1.545379e-05,0.0,nan,nan,nan
6190.434,1.545254e-05,0.0,nan,nan,nan
6190.535,1.545345e-05,0.0,nan,nan,nan
6190.621,1.54577e-05,0.0,nan,nan,nan
6190.708,1.545642e-05,0.0,nan,nan,nan
6190.792,1.545527e-05,0.0,nan,nan,nan
6190.878,1.545529e-05,0.0,nan,nan,nan
6190.962,1.545827e-05,0.0,nan,nan,nan
6191.048,1.545793e-05,0.0,nan,nan,nan
6191.132,1.545524e-05,0.0,nan,nan,nan
6191.215,1.545595e-05,0.0,nan,nan,nan
6191.299,1.545543e-05,0.0,nan,nan,nan
6191.383,1.545594e-05,0.0,nan,nan,nan
6191.466,1.545903e-05,0.0,nan,nan,nan
6191.552,1.545955e-05,0.0,nan,nan,nan
6191.636,1.54538e-05,0.0,nan,nan,nan
6191.719,1.545404e-05,0.0,nan,nan,nan
6191.803,1.545316e-05,0.0,nan,nan,nan
6191.887,1.545389e-05,0.0,nan,nan,nan
6191.973,1.545512e-05,0.0,nan,nan,nan
6192.057,1.545445e-05,0.0,nan,nan,nan
6192.141,1.545016e-05,0.0,nan,nan,nan
6192.225,1.545451e-05,0.0,nan,nan,nan
6192.308,1.545282e-05,0.0,nan,nan,nan
6192.392,1.545212e-05,0.0,nan,nan,nan
6192.481,1.545402e-05,0.0,nan,nan,nan
6192.583,1.54472e-05,0.0,nan,nan,nan
6192.69,1.545428e-05,0.0,nan,nan,nan
6192.799,1.54528e-05,0.0,nan,nan,nan
6192.883,1.545381e-05,0.0,nan,nan,nan
6192.97,1.54517e-05,0.0,nan,nan,nan
6193.054,1.545478e-05,0.0,nan,nan,nan
6193.14,1.545195e-05,0.0,nan,nan,nan
6193.223,1.545581e-05,0.0,nan,nan,nan
6193.308,1.545619e-05,0.0,nan,nan,nan
6193.393,1.545511e-05,0.0,nan,nan,nan
6193.477,1.545585e-05,0.0,nan,nan,nan
6193.561,1.545442e-05,0.0,nan,nan,nan
6193.646,1.545379e-05,0.0,nan,nan,nan
6193.729,1.545501e-05,0.0,nan,nan,nan
6193.813,1.545118e-05,0.0,nan,nan,nan
6193.898,1.545043e-05,0.0,nan,nan,nan
6193.998,1.545317e-05,0.0,nan,nan,nan
6194.082,1.545381e-05,0.0,nan,nan,nan
6194.176,1.545216e-05,0.0,nan,nan,nan
6194.26,1.545966e-05,0.0,nan,nan,nan
6194.344,1.545633e-05,0.0,nan,nan,nan
6194.428,1.545867e-05,0.0,nan,nan,nan
6194.511,1.545214e-05,0.0,nan,nan,nan
6194.595,1.545438e-05,0.0,nan,nan,nan
6194.679,1.545514e-05,0.0,nan,nan,nan
6194.772,1.545243e-05,0.0,nan,nan,nan
6194.859,1.545711e-05,0.0,nan,nan,nan
6194.942,1.545207e-05,0.0,nan,nan,nan
6195.026,1.545485e-05,0.0,nan,nan,nan
6195.112,1.545423e-05,0.0,nan,nan,nan
6195.197,1.545815e-05,0.0,nan,nan,nan
6195.281,1.545369e-05,0.0,nan,nan,nan
6195.366,1.545672e-05,0.0,nan,nan,nan
6195.45,1.545645e-05,0.0,nan,nan,nan
6195.533,1.545508e-05,0.0,nan,nan,nan
6195.632,1.545456e-05,0.0,nan,nan,nan
6195.715,1.545582e-05,0.0,nan,nan,nan
6195.799,1.54547e-05,0.0,nan,nan,nan
6195.882,1.545465e-05,0.0,nan,nan,nan
6195.966,1.545551e-05,0.0,nan,nan,nan
6196.049,1.545577e-05,0.0,nan,nan,nan
6196.133,1.545742e-05,0.0,nan,nan,nan
6196.218,1.545203e-05,0.0,nan,nan,nan
6196.302,1.545604e-05,0.0,nan,nan,nan
6196.386,1.545587e-05,0.0,nan,nan,nan
6196.469,1.545391e-05,0.0,nan,nan,nan
6196.553,1.545669e-05,0.0,nan,nan,nan
6196.638,1.545277e-05,0.0,nan,nan,nan
6196.722,1.545363e-05,0.0,nan,nan,nan
6196.824,1.545085e-05,0.0,nan,nan,nan
6196.908,1.545383e-05,0.0,nan,nan,nan
6196.992,1.545252e-05,0.0,nan,nan,nan
6197.075,1.545361e-05,0.0,nan,nan,nan
6197.162,1.545639e-05,0.0,nan,nan,nan
6197.245,1.545566e-05,0.0,nan,nan,nan
6197.329,1.545176e-05,0.0,nan,nan,nan
6197.416,1.545009e-05,0.0,nan,nan,nan
6197.499,1.545099e-05,0.0,nan,nan,nan
6197.584,1.545056e-05,0.0,nan,nan,nan
6197.667,1.545215e-05,0.0,nan,nan,nan
6197.751,1.545067e-05,0.0,nan,nan,nan
6197.835,1.545158e-05,0.0,nan,nan,nan
6197.918,1.54529e-05,0.0,nan,nan,nan
6198.002,1.545616e-05,0.0,nan,nan,nan
6198.085,1.545474e-05,0.0,nan,nan,nan
6198.169,1.545415e-05,0.0,nan,nan,nan
6198.253,1.545213e-05,0.0,nan,nan,nan
6198.336,1.545184e-05,0.0,nan,nan,nan
6198.42,1.545328e-05,0.0,nan,nan,nan
6198.504,1.545362e-05,0.0,nan,nan,nan
6198.587,1.545125e-05,0.0,nan,nan,nan
6198.671,1.545161e-05,0.0,nan,nan,nan
6198.755,1.54498e-05,0.0,nan,nan,nan
6198.84,1.545263e-05,0.0,nan,nan,nan
6198.924,1.54511e-05,0.0,nan,nan,nan
6199.008,1.544982e-05,0.0,nan,nan,nan
6199.109,1.54487e-05,0.0,nan,nan,nan
6199.196,1.54504e-05,0.0,nan,nan,nan
6199.279,1.545207e-05,0.0,nan,nan,nan
6199.363,1.545069e-05,0.0,nan,nan,nan
6199.447,1.545932e-05,0.0,nan,nan,nan
6199.531,1.544989e-05,0.0,nan,nan,nan
6199.617,1.545415e-05,0.0,nan,nan,nan
6199.701,1.545076e-05,0.0,nan,nan,nan
6199.785,1.545163e-05,0.0,nan,nan,nan
6199.87,1.545409e-05,0.0,nan,nan,nan
6199.954,1.545086e-05,0.0,nan,nan,nan
6200.037,1.545237e-05,0.0,nan,nan,nan
6200.121,1.545253e-05,0.0,nan,nan,nan
6200.205,1.545489e-05,0.0,nan,nan,nan
6200.288,1.545272e-05,0.0,nan,nan,nan
6200.372,1.545371e-05,0.0,nan,nan,nan
6200.456,1.545532e-05,0.0,nan,nan,nan
6200.557,1.54517e-05,0.0,nan,nan,nan
6200.644,1.545396e-05,0.0,nan,nan,nan
6200.75,1.54518e-05,0.0,nan,nan,nan
6200.834,1.545915e-05,0.0,nan,nan,nan
6200.975,1.545431e-05,0.0,nan,nan,nan
6201.058,1.545386e-05,0.0,nan,nan,nan
6201.142,1.545358e-05,0.0,nan,nan,nan
6201.229,1.545225e-05,0.0,nan,nan,nan
6201.326,1.545199e-05,0.0,nan,nan,nan
6201.41,1.545329e-05,0.0,nan,nan,nan
6201.495,1.545348e-05,0.0,nan,nan,nan
6201.579,1.545399e-05,0.0,nan,nan,nan
6201.663,1.54548e-05,0.0,nan,nan,nan
6201.755,1.545656e-05,0.0,nan,nan,nan
6201.839,1.545384e-05,0.0,nan,nan,nan
6201.923,1.545629e-05,0.0,nan,nan,nan
6202.007,1.545736e-05,0.0,nan,nan,nan
6202.09,1.545344e-05,0.0,nan,nan,nan
6202.174,1.545652e-05,0.0,nan,nan,nan
6202.261,1.545368e-05,0.0,nan,nan,nan
6202.36,1.545547e-05,0.0,nan,nan,nan
6202.446,1.545468e-05,0.0,nan,nan,nan
6202.53,1.545229e-05,0.0,nan,nan,nan
6202.614,1.545011e-05,0.0,nan,nan,nan
6202.698,1.545386e-05,0.0,nan,nan,nan
6202.782,1.545447e-05,0.0,nan,nan,nan
6202.866,1.545328e-05,0.0,nan,nan,nan
6202.95,1.545602e-05,0.0,nan,nan,nan
6203.043,1.545304e-05,0.0,nan,nan,nan
6203.129,1.545424e-05,0.0,nan,nan,nan
6203.212,1.545336e-05,0.0,nan,nan,nan
6203.296,1.545373e-05,0.0,nan,nan,nan
6203.38,1.545517e-05,0.0,nan,nan,nan
6203.465,1.545219e-05,0.0,nan,nan,nan
6203.561,1.545293e-05,0.0,nan,nan,nan
6203.645,1.545589e-05,0.0,nan,nan,nan
6203.729,1.545314e-05,0.0,nan,nan,nan
6203.813,1.545419e-05,0.0,nan,nan,nan
6203.899,1.544976e-05,0.0,nan,nan,nan
6203.983,1.544873e-05,0.0,nan,nan,nan
6204.066,1.54529e-05,0.0,nan,nan,nan
6204.15,1.545671e-05,0.0,nan,nan,nan
6204.234,1.545601e-05,0.0,nan,nan,nan
6204.317,1.545349e-05,0.0,nan,nan,nan
6204.403,1.545671e-05,0.0,nan,nan,nan
6204.486,1.545314e-05,0.0,nan,nan,nan
6204.57,1.544865e-05,0.0,nan,nan,nan
6204.653,1.545308e-05,0.0,nan,nan,nan
6204.737,1.545388e-05,0.0,nan,nan,nan
6204.823,1.545155e-05,0.0,nan,nan,nan
6204.906,1.545381e-05,0.0,nan,nan,nan
6204.99,1.545339e-05,0.0,nan,nan,nan
6205.091,1.544793e-05,0.0,nan,nan,nan
6205.174,1.545347e-05,0.0,nan,nan,nan
6205.258,1.545426e-05,0.0,nan,nan,nan
6205.342,1.545306e-05,0.0,nan,nan,nan
6205.427,1.545363e-05,0.0,nan,nan,nan
6205.515,1.545024e-05,0.0,nan,nan,nan
6205.612,1.545104e-05,0.0,nan,nan,nan
6205.696,1.545505e-05,0.0,nan,nan,nan
6205.779,1.545221e-05,0.0,nan,nan,nan
6205.863,1.545351e-05,0.0,nan,nan,nan
6205.952,1.545521e-05,0.0,nan,nan,nan
6206.046,1.545559e-05,0.0,nan,nan,nan
6206.13,1.545251e-05,0.0,nan,nan,nan
6206.213,1.545031e-05,0.0,nan,nan,nan
6206.297,1.545276e-05,0.0,nan,nan,nan
6206.381,1.54539e-05,0.0,nan,nan,nan
6206.465,1.545626e-05,0.0,nan,nan,nan
6206.548,1.545185e-05,0.0,nan,nan,nan
6206.634,1.545421e-05,0.0,nan,nan,nan
6206.718,1.545626e-05,0.0,nan,nan,nan
6206.802,1.545472e-05,0.0,nan,nan,nan
6206.885,1.545369e-05,0.0,nan,nan,nan
6206.969,1.545277e-05,0.0,nan,nan,nan
6207.054,1.545246e-05,0.0,nan,nan,nan
6207.158,1.545534e-05,0.0,nan,nan,nan
6207.242,1.545785e-05,0.0,nan,nan,nan
6207.326,1.545484e-05,0.0,nan,nan,nan
6207.409,1.545141e-05,0.0,nan,nan,nan
6207.493,1.545651e-05,0.0,nan,nan,nan
6207.577,1.545312e-05,0.0,nan,nan,nan
6207.675,1.545319e-05,0.0,nan,nan,nan
6207.764,1.545519e-05,0.0,nan,nan,nan
6207.848,1.545303e-05,0.0,nan,nan,nan
6207.932,1.545376e-05,0.0,nan,nan,nan
6208.015,1.54542e-05,0.0,nan,nan,nan
6208.099,1.545373e-05,0.0,nan,nan,nan
6208.183,1.545288e-05,0.0,nan,nan,nan
6208.268,1.545549e-05,0.0,nan,nan,nan
6208.351,1.545373e-05,0.0,nan,nan,nan
6208.435,1.545534e-05,0.0,nan,nan,nan
6208.519,1.545409e-05,0.0,nan,nan,nan
6208.602,1.545646e-05,0.0,nan,nan,nan
6208.706,1.545268e-05,0.0,nan,nan,nan
6208.79,1.545473e-05,0.0,nan,nan,nan
6208.893,1.545348e-05,0.0,nan,nan,nan
6208.977,1.54558e-05,0.0,nan,nan,nan
6209.06,1.545679e-05,0.0,nan,nan,nan
6209.144,1.545677e-05,0.0,nan,nan,nan
6209.241,1.545889e-05,0.0,nan,nan,nan
6209.324,1.545409e-05,0.0,nan,nan,nan
6209.408,1.545658e-05,0.0,nan,nan,nan
6209.491,1.546047e-05,0.0,nan,nan,nan
6209.575,1.545913e-05,0.0,nan,nan,nan
6209.658,1.546239e-05,0.0,nan,nan,nan
6209.742,1.545928e-05,0.0,nan,nan,nan
6209.829,1.545954e-05,0.0,nan,nan,nan
6209.928,1.545883e-05,0.0,nan,nan,nan
6210.016,1.545907e-05,0.0,nan,nan,nan
6210.12,1.545503e-05,0.0,nan,nan,nan
6210.204,1.54571e-05,0.0,nan,nan,nan
6210.29,1.545749e-05,0.0,nan,nan,nan
6210.374,1.545205e-05,0.0,nan,nan,nan
6210.459,1.545731e-05,0.0,nan,nan,nan
6210.543,1.545427e-05,0.0,nan,nan,nan
6210.63,1.545582e-05,0.0,nan,nan,nan
6210.738,1.54548e-05,0.0,nan,nan,nan
6210.822,1.545541e-05,0.0,nan,nan,nan
6210.926,1.545582e-05,0.0,nan,nan,nan
6211.01,1.545722e-05,0.0,nan,nan,nan
6211.094,1.545814e-05,0.0,nan,nan,nan
6211.177,1.545107e-05,0.0,nan,nan,nan
6211.262,1.545507e-05,0.0,nan,nan,nan
6211.363,1.545616e-05,0.0,nan,nan,nan
6211.471,1.545711e-05,0.0,nan,nan,nan
6211.554,1.545147e-05,0.0,nan,nan,nan
6211.638,1.545391e-05,0.0,nan,nan,nan
6211.73,1.545471e-05,0.0,nan,nan,nan
6211.815,1.545364e-05,0.0,nan,nan,nan
6211.9,1.545301e-05,0.0,nan,nan,nan
6211.984,1.545341e-05,0.0,nan,nan,nan
6212.068,1.545453e-05,0.0,nan,nan,nan
6212.171,1.545009e-05,0.0,nan,nan,nan
6212.254,1.545306e-05,0.0,nan,nan,nan
6212.352,1.545285e-05,0.0,nan,nan,nan
6212.435,1.545611e-05,0.0,nan,nan,nan
6212.519,1.545327e-05,0.0,nan,nan,nan
6212.602,1.545561e-05,0.0,nan,nan,nan
6212.686,1.545481e-05,0.0,nan,nan,nan
6212.773,1.54533e-05,0.0,nan,nan,nan
6212.857,1.545367e-05,0.0,nan,nan,nan
6212.954,1.545127e-05,0.0,nan,nan,nan
6213.038,1.545334e-05,0.0,nan,nan,nan
6213.124,1.545183e-05,0.0,nan,nan,nan
6213.208,1.545531e-05,0.0,nan,nan,nan
6213.293,1.545435e-05,0.0,nan,nan,nan
6213.422,1.545291e-05,0.0,nan,nan,nan
6213.505,1.545192e-05,0.0,nan,nan,nan
6213.593,1.54552e-05,0.0,nan,nan,nan
6213.68,1.544988e-05,0.0,nan,nan,nan
6213.783,1.545502e-05,0.0,nan,nan,nan
6213.867,1.545134e-05,0.0,nan,nan,nan
6213.973,1.545339e-05,0.0,nan,nan,nan
6214.057,1.545318e-05,0.0,nan,nan,nan
6214.141,1.545242e-05,0.0,nan,nan,nan
6214.224,1.545556e-05,0.0,nan,nan,nan
6214.309,1.544999e-05,0.0,nan,nan,nan
6214.396,1.545467e-05,0.0,nan,nan,nan
6214.48,1.545539e-05,0.0,nan,nan,nan
6214.58,1.545476e-05,0.0,nan,nan,nan
6214.664,1.545338e-05,0.0,nan,nan,nan
6214.747,1.54543e-05,0.0,nan,nan,nan
6214.831,1.545336e-05,0.0,nan,nan,nan
6214.915,1.545044e-05,0.0,nan,nan,nan
6215.005,1.545283e-05,0.0,nan,nan,nan
6215.089,1.545665e-05,0.0,nan,nan,nan
6215.189,1.545253e-05,0.0,nan,nan,nan
6215.273,1.545235e-05,0.0,nan,nan,nan
6215.356,1.545405e-05,0.0,nan,nan,nan
6215.457,1.545205e-05,0.0,nan,nan,nan
6215.541,1.545398e-05,0.0,nan,nan,nan
6215.624,1.545197e-05,0.0,nan,nan,nan
6215.712,1.545372e-05,0.0,nan,nan,nan
6215.818,1.545251e-05,0.0,nan,nan,nan
6215.902,1.54522e-05,0.0,nan,nan,nan
6215.986,1.545265e-05,0.0,nan,nan,nan
6216.07,1.545173e-05,0.0,nan,nan,nan
6216.154,1.545302e-05,0.0,nan,nan,nan
6216.237,1.545243e-05,0.0,nan,nan,nan
6216.321,1.545326e-05,0.0,nan,nan,nan
6216.411,1.545438e-05,0.0,nan,nan,nan
6216.495,1.545195e-05,0.0,nan,nan,nan
6216.578,1.54518e-05,0.0,nan,nan,nan
6216.662,1.545407e-05,0.0,nan,nan,nan
6216.745,1.545282e-05,0.0,nan,nan,nan
6216.843,1.545385e-05,0.0,nan,nan,nan
6216.927,1.545329e-05,0.0,nan,nan,nan
6217.01,1.545638e-05,0.0,nan,nan,nan
6217.094,1.545728e-05,0.0,nan,nan,nan
6217.178,1.545342e-05,0.0,nan,nan,nan
6217.267,1.545301e-05,0.0,nan,nan,nan
6217.351,1.545202e-05,0.0,nan,nan,nan
6217.451,1.545199e-05,0.0,nan,nan,nan
6217.55,1.545407e-05,0.0,nan,nan,nan
6217.651,1.545363e-05,0.0,nan,nan,nan
6217.734,1.545408e-05,0.0,nan,nan,nan
6217.819,1.545805e-05,0.0,nan,nan,nan
6217.903,1.545336e-05,0.0,nan,nan,nan
6217.986,1.545436e-05,0.0,nan,nan,nan
6218.07,1.545342e-05,0.0,nan,nan,nan
6218.153,1.545451e-05,0.0,nan,nan,nan
6218.24,1.545939e-05,0.0,nan,nan,nan
6218.323,1.545692e-05,0.0,nan,nan,nan
6218.408,1.545812e-05,0.0,nan,nan,nan
6218.492,1.54556e-05,0.0,nan,nan,nan
6218.579,1.545577e-05,0.0,nan,nan,nan
6218.663,1.545379e-05,0.0,nan,nan,nan
6218.747,1.545385e-05,0.0,nan,nan,nan
6218.831,1.545474e-05,0.0,nan,nan,nan
6218.915,1.545628e-05,0.0,nan,nan,nan
6218.998,1.545623e-05,0.0,nan,nan,nan
6219.087,1.545211e-05,0.0,nan,nan,nan
6219.17,1.54567e-05,0.0,nan,nan,nan
6219.254,1.545754e-05,0.0,nan,nan,nan
6219.338,1.54579e-05,0.0,nan,nan,nan
6219.421,1.545352e-05,0.0,nan,nan,nan
6219.526,1.54509e-05,0.0,nan,nan,nan
6219.613,1.545826e-05,0.0,nan,nan,nan
6219.713,1.545662e-05,0.0,nan,nan,nan
6219.797,1.54575e-05,0.0,nan,nan,nan
6219.881,1.54561e-05,0.0,nan,nan,nan
6219.964,1.545684e-05,0.0,nan,nan,nan
6220.048,1.545763e-05,0.0,nan,nan,nan
6220.132,1.545559e-05,0.0,nan,nan,nan
6220.216,1.545559e-05,0.0,nan,nan,nan
6220.311,1.545735e-05,0.0,nan,nan,nan
6220.395,1.545648e-05,0.0,nan,nan,nan
6220.48,1.545883e-05,0.0,nan,nan,nan
6220.564,1.545698e-05,0.0,nan,nan,nan
6220.65,1.545786e-05,0.0,nan,nan,nan
6220.753,1.545583e-05,0.0,nan,nan,nan
6220.837,1.545922e-05,0.0,nan,nan,nan
6220.936,1.545856e-05,0.0,nan,nan,nan
6221.019,1.545979e-05,0.0,nan,nan,nan
6221.104,1.545624e-05,0.0,nan,nan,nan
6221.188,1.545467e-05,0.0,nan,nan,nan
6221.272,1.545848e-05,0.0,nan,nan,nan
6221.355,1.545856e-05,0.0,nan,nan,nan
6221.439,1.545773e-05,0.0,nan,nan,nan
6221.544,1.54598e-05,0.0,nan,nan,nan
6221.657,1.545745e-05,0.0,nan,nan,nan
6221.741,1.545765e-05,0.0,nan,nan,nan
6221.824,1.545822e-05,0.0,nan,nan,nan
6221.908,1.545762e-05,0.0,nan,nan,nan
6221.991,1.54555e-05,0.0,nan,nan,nan
6222.075,1.545421e-05,0.0,nan,nan,nan
6222.16,1.545948e-05,0.0,nan,nan,nan
6222.245,1.545662e-05,0.0,nan,nan,nan
6222.329,1.546177e-05,0.0,nan,nan,nan
6222.412,1.546123e-05,0.0,nan,nan,nan
6222.499,1.545791e-05,0.0,nan,nan,nan
6222.582,1.545809e-05,0.0,nan,nan,nan
6222.666,1.54543e-05,0.0,nan,nan,nan
6222.75,1.546125e-05,0.0,nan,nan,nan
6222.833,1.546044e-05,0.0,nan,nan,nan
6222.919,1.545844e-05,0.0,nan,nan,nan
6223.002,1.546273e-05,0.0,nan,nan,nan
6223.086,1.5463e-05,0.0,nan,nan,nan
6223.169,1.546042e-05,0.0,nan,nan,nan
6223.253,1.545665e-05,0.0,nan,nan,nan
6223.336,1.545412e-05,0.0,nan,nan,nan
6223.421,1.546058e-05,0.0,nan,nan,nan
6223.504,1.545757e-05,0.0,nan,nan,nan
6223.589,1.545604e-05,0.0,nan,nan,nan
6223.673,1.545875e-05,0.0,nan,nan,nan
6223.757,1.545535e-05,0.0,nan,nan,nan
6223.841,1.545605e-05,0.0,nan,nan,nan
6223.925,1.545627e-05,0.0,nan,nan,nan
6224.009,1.545606e-05,0.0,nan,nan,nan
6224.099,1.545668e-05,0.0,nan,nan,nan
6224.183,1.545984e-05,0.0,nan,nan,nan
6224.266,1.545447e-05,0.0,nan,nan,nan
6224.352,1.545895e-05,0.0,nan,nan,nan
6224.436,1.545988e-05,0.0,nan,nan,nan
6224.519,1.546296e-05,0.0,nan,nan,nan
6224.606,1.545957e-05,0.0,nan,nan,nan
6224.69,1.545949e-05,0.0,nan,nan,nan
6224.775,1.545705e-05,0.0,nan,nan,nan
6224.859,1.545897e-05,0.0,nan,nan,nan
6224.943,1.545909e-05,0.0,nan,nan,nan
6225.034,1.545872e-05,0.0,nan,nan,nan
6225.117,1.545722e-05,0.0,nan,nan,nan
6225.203,1.545468e-05,0.0,nan,nan,nan
6225.287,1.545313e-05,0.0,nan,nan,nan
6225.371,1.546026e-05,0.0,nan,nan,nan
6225.455,1.545693e-05,0.0,nan,nan,nan
6225.54,1.545751e-05,0.0,nan,nan,nan
6225.624,1.546009e-05,0.0,nan,nan,nan
6225.707,1.545339e-05,0.0,nan,nan,nan
6225.807,1.545528e-05,0.0,nan,nan,nan
6225.891,1.54557e-05,0.0,nan,nan,nan
6225.975,1.545508e-05,0.0,nan,nan,nan
6226.058,1.545958e-05,0.0,nan,nan,nan
6226.149,1.545731e-05,0.0,nan,nan,nan
6226.256,1.54595e-05,0.0,nan,nan,nan
6226.34,1.54652e-05,0.0,nan,nan,nan
6226.441,1.545588e-05,0.0,nan,nan,nan
6226.525,1.545738e-05,0.0,nan,nan,nan
6226.608,1.54596e-05,0.0,nan,nan,nan
6226.692,1.545779e-05,0.0,nan,nan,nan
6226.775,1.545605e-05,0.0,nan,nan,nan
6226.86,1.545363e-05,0.0,nan,nan,nan
6226.949,1.545594e-05,0.0,nan,nan,nan
6227.032,1.545475e-05,0.0,nan,nan,nan
6227.115,1.545874e-05,0.0,nan,nan,nan
6227.199,1.545768e-05,0.0,nan,nan,nan
6227.282,1.545652e-05,0.0,nan,nan,nan
6227.366,1.545658e-05,0.0,nan,nan,nan
6227.45,1.545129e-05,0.0,nan,nan,nan
6227.533,1.545609e-05,0.0,nan,nan,nan
6227.617,1.545567e-05,0.0,nan,nan,nan
6227.7,1.545564e-05,0.0,nan,nan,nan
6227.784,1.54577e-05,0.0,nan,nan,nan
6227.875,1.545899e-05,0.0,nan,nan,nan
6227.963,1.545943e-05,0.0,nan,nan,nan
6228.058,1.545861e-05,0.0,nan,nan,nan
6228.142,1.545892e-05,0.0,nan,nan,nan
6228.225,1.545931e-05,0.0,nan,nan,nan
6228.308,1.545675e-05,0.0,nan,nan,nan
6228.393,1.545799e-05,0.0,nan,nan,nan
6228.477,1.546054e-05,0.0,nan,nan,nan
6228.56,1.545651e-05,0.0,nan,nan,nan
6228.644,1.546112e-05,0.0,nan,nan,nan
6228.728,1.546052e-05,0.0,nan,nan,nan
6228.812,1.545836e-05,0.0,nan,nan,nan
6228.896,1.546169e-05,0.0,nan,nan,nan
6228.982,1.546017e-05,0.0,nan,nan,nan
6229.067,1.545797e-05,0.0,nan,nan,nan
6229.151,1.545988e-05,0.0,nan,nan,nan
6229.234,1.545679e-05,0.0,nan,nan,nan
6229.318,1.546169e-05,0.0,nan,nan,nan
6229.401,1.5461e-05,0.0,nan,nan,nan
6229.5,1.545741e-05,0.0,nan,nan,nan
6229.584,1.546157e-05,0.0,nan,nan,nan
6229.667,1.54592e-05,0.0,nan,nan,nan
6229.751,1.545846e-05,0.0,nan,nan,nan
6229.834,1.545617e-05,0.0,nan,nan,nan
6229.949,1.545943e-05,0.0,nan,nan,nan
6230.032,1.546086e-05,0.0,nan,nan,nan
6230.13,1.546444e-05,0.0,nan,nan,nan
6230.214,1.545975e-05,0.0,nan,nan,nan
6230.311,1.545854e-05,0.0,nan,nan,nan
6230.395,1.545717e-05,0.0,nan,nan,nan
6230.478,1.545684e-05,0.0,nan,nan,nan
6230.562,1.545981e-05,0.0,nan,nan,nan
6230.646,1.546371e-05,0.0,nan,nan,nan
6230.751,1.545891e-05,0.0,nan,nan,nan
6230.834,1.545801e-05,0.0,nan,nan,nan
6230.943,1.545635e-05,0.0,nan,nan,nan
6231.032,1.545776e-05,0.0,nan,nan,nan
6231.146,1.545681e-05,0.0,nan,nan,nan
6231.229,1.545909e-05,0.0,nan,nan,nan
6231.333,1.545698e-05,0.0,nan,nan,nan
6231.416,1.545549e-05,0.0,nan,nan,nan
6231.5,1.546023e-05,0.0,nan,nan,nan
6231.584,1.545653e-05,0.0,nan,nan,nan
6231.667,1.545849e-05,0.0,nan,nan,nan
6231.751,1.545721e-05,0.0,nan,nan,nan
6231.835,1.545839e-05,0.0,nan,nan,nan
6231.948,1.545475e-05,0.0,nan,nan,nan
6232.032,1.545714e-05,0.0,nan,nan,nan
6232.117,1.545937e-05,0.0,nan,nan,nan
6232.201,1.545922e-05,0.0,nan,nan,nan
6232.291,1.54593e-05,0.0,nan,nan,nan
6232.386,1.545427e-05,0.0,nan,nan,nan
6232.47,1.545756e-05,0.0,nan,nan,nan
6232.567,1.54561e-05,0.0,nan,nan,nan
6232.651,1.545712e-05,0.0,nan,nan,nan
6232.742,1.545638e-05,0.0,nan,nan,nan
6232.826,1.545469e-05,0.0,nan,nan,nan
6232.91,1.545818e-05,0.0,nan,nan,nan
6232.994,1.545662e-05,0.0,nan,nan,nan
6233.078,1.545943e-05,0.0,nan,nan,nan
6233.173,1.546031e-05,0.0,nan,nan,nan
6233.257,1.545754e-05,0.0,nan,nan,nan
6233.359,1.545785e-05,0.0,nan,nan,nan
6233.442,1.546026e-05,0.0,nan,nan,nan
6233.527,1.546018e-05,0.0,nan,nan,nan
6233.611,1.546349e-05,0.0,nan,nan,nan
6233.696,1.545986e-05,0.0,nan,nan,nan
6233.789,1.546057e-05,0.0,nan,nan,nan
6233.873,1.545908e-05,0.0,nan,nan,nan
6233.956,1.54619e-05,0.0,nan,nan,nan
6234.082,1.545656e-05,0.0,nan,nan,nan
6234.179,1.545761e-05,0.0,nan,nan,nan
6234.263,1.545866e-05,0.0,nan,nan,nan
6234.346,1.546134e-05,0.0,nan,nan,nan
6234.43,1.545653e-05,0.0,nan,nan,nan
6234.517,1.546003e-05,0.0,nan,nan,nan
6234.6,1.54607e-05,0.0,nan,nan,nan
6234.684,1.546055e-05,0.0,nan,nan,nan
6234.767,1.546034e-05,0.0,nan,nan,nan
6234.851,1.546103e-05,0.0,nan,nan,nan
6234.934,1.545863e-05,0.0,nan,nan,nan
6235.018,1.545789e-05,0.0,nan,nan,nan
6235.101,1.545563e-05,0.0,nan,nan,nan
6235.211,1.545612e-05,0.0,nan,nan,nan
6235.3,1.546037e-05,0.0,nan,nan,nan
6235.392,1.545736e-05,0.0,nan,nan,nan
6235.475,1.545841e-05,0.0,nan,nan,nan
6235.559,1.545738e-05,0.0,nan,nan,nan
6235.643,1.545979e-05,0.0,nan,nan,nan
6235.732,1.545542e-05,0.0,nan,nan,nan
6235.815,1.545891e-05,0.0,nan,nan,nan
6235.899,1.546077e-05,0.0,nan,nan,nan
6235.983,1.545712e-05,0.0,nan,nan,nan
6236.066,1.545901e-05,0.0,nan,nan,nan
6236.15,1.545719e-05,0.0,nan,nan,nan
6236.239,1.546162e-05,0.0,nan,nan,nan
6236.326,1.545825e-05,0.0,nan,nan,nan
6236.409,1.545776e-05,0.0,nan,nan,nan
6236.493,1.545764e-05,0.0,nan,nan,nan
6236.576,1.545918e-05,0.0,nan,nan,nan
6236.66,1.546229e-05,0.0,nan,nan,nan
6236.744,1.545571e-05,0.0,nan,nan,nan
6236.828,1.545798e-05,0.0,nan,nan,nan
6236.911,1.545362e-05,0.0,nan,nan,nan
6237.018,1.545393e-05,0.0,nan,nan,nan
6237.102,1.545544e-05,0.0,nan,nan,nan
6237.187,1.545757e-05,0.0,nan,nan,nan
6237.271,1.546565e-05,0.0,nan,nan,nan
6237.356,1.545878e-05,0.0,nan,nan,nan
6237.45,1.546533e-05,0.0,nan,nan,nan
6237.533,1.546208e-05,0.0,nan,nan,nan
6237.64,1.545726e-05,0.0,nan,nan,nan
6237.724,1.54604e-05,0.0,nan,nan,nan
6237.827,1.545913e-05,0.0,nan,nan,nan
6237.911,1.545687e-05,0.0,nan,nan,nan
6237.994,1.545929e-05,0.0,nan,nan,nan
6238.078,1.546003e-05,0.0,nan,nan,nan
6238.2,1.546134e-05,0.0,nan,nan,nan
6238.29,1.545913e-05,0.0,nan,nan,nan
6238.373,1.54577e-05,0.0,nan,nan,nan
6238.474,1.546157e-05,0.0,nan,nan,nan
6238.558,1.546058e-05,0.0,nan,nan,nan
6238.644,1.545969e-05,0.0,nan,nan,nan
6238.727,1.546534e-05,0.0,nan,nan,nan
6238.812,1.545829e-05,0.0,nan,nan,nan
6238.907,1.545799e-05,0.0,nan,nan,nan
6238.995,1.545853e-05,0.0,nan,nan,nan
6239.097,1.545835e-05,0.0,nan,nan,nan
6239.181,1.545989e-05,0.0,nan,nan,nan
6239.276,1.546164e-05,0.0,nan,nan,nan
6239.36,1.546162e-05,0.0,nan,nan,nan
6239.443,1.545701e-05,0.0,nan,nan,nan
6239.527,1.545748e-05,0.0,nan,nan,nan
6239.612,1.545879e-05,0.0,nan,nan,nan
6239.697,1.545956e-05,0.0,nan,nan,nan
6239.781,1.54602e-05,0.0,nan,nan,nan
6239.864,1.545854e-05,0.0,nan,nan,nan
6239.948,1.545478e-05,0.0,nan,nan,nan
6240.032,1.545945e-05,0.0,nan,nan,nan
6240.117,1.546022e-05,0.0,nan,nan,nan
6240.201,1.5461e-05,0.0,nan,nan,nan
6240.285,1.546231e-05,0.0,nan,nan,nan
6240.368,1.546047e-05,0.0,nan,nan,nan
6240.452,1.545946e-05,0.0,nan,nan,nan
6240.536,1.545831e-05,0.0,nan,nan,nan
6240.62,1.545701e-05,0.0,nan,nan,nan
6240.715,1.545766e-05,0.0,nan,nan,nan
6240.799,1.54584e-05,0.0,nan,nan,nan
6240.901,1.545957e-05,0.0,nan,nan,nan
6240.984,1.546376e-05,0.0,nan,nan,nan
6241.068,1.546128e-05,0.0,nan,nan,nan
6241.152,1.545946e-05,0.0,nan,nan,nan
6241.235,1.546497e-05,0.0,nan,nan,nan
6241.32,1.5459e-05,0.0,nan,nan,nan
6241.404,1.5461e-05,0.0,nan,nan,nan
6241.488,1.545922e-05,0.0,nan,nan,nan
6241.571,1.546282e-05,0.0,nan,nan,nan
6241.655,1.546468e-05,0.0,nan,nan,nan
6241.739,1.546188e-05,0.0,nan,nan,nan
6241.822,1.546369e-05,0.0,nan,nan,nan
6241.906,1.546325e-05,0.0,nan,nan,nan
6241.99,1.545921e-05,0.0,nan,nan,nan
6242.074,1.546072e-05,0.0,nan,nan,nan
6242.157,1.545582e-05,0.0,nan,nan,nan
6242.244,1.546047e-05,0.0,nan,nan,nan
6242.33,1.545794e-05,0.0,nan,nan,nan
6242.416,1.545792e-05,0.0,nan,nan,nan
6242.499,1.545487e-05,0.0,nan,nan,nan
6242.583,1.545829e-05,0.0,nan,nan,nan
6242.666,1.545726e-05,0.0,nan,nan,nan
6242.75,1.545848e-05,0.0,nan,nan,nan
6242.833,1.545805e-05,0.0,nan,nan,nan
6242.923,1.545335e-05,0.0,nan,nan,nan
6243.01,1.545644e-05,0.0,nan,nan,nan
6243.093,1.545667e-05,0.0,nan,nan,nan
6243.177,1.54554e-05,0.0,nan,nan,nan
6243.261,1.545596e-05,0.0,nan,nan,nan
6243.344,1.545998e-05,0.0,nan,nan,nan
6243.428,1.545903e-05,0.0,nan,nan,nan
6243.515,1.545608e-05,0.0,nan,nan,nan
6243.607,1.545672e-05,0.0,nan,nan,nan
6243.691,1.545633e-05,0.0,nan,nan,nan
6243.774,1.545687e-05,0.0,nan,nan,nan
6243.858,1.545398e-05,0.0,nan,nan,nan
6243.943,1.545447e-05,0.0,nan,nan,nan
6244.028,1.545668e-05,0.0,nan,nan,nan
6244.116,1.545789e-05,0.0,nan,nan,nan
6244.199,1.546062e-05,0.0,nan,nan,nan
6244.283,1.545648e-05,0.0,nan,nan,nan
6244.392,1.545383e-05,0.0,nan,nan,nan
6244.489,1.545218e-05,0.0,nan,nan,nan
6244.572,1.545607e-05,0.0,nan,nan,nan
6244.656,1.545641e-05,0.0,nan,nan,nan
6244.739,1.54557e-05,0.0,nan,nan,nan
6244.84,1.545408e-05,0.0,nan,nan,nan
6244.928,1.545851e-05,0.0,nan,nan,nan
6245.04,1.54534e-05,0.0,nan,nan,nan
6245.124,1.546019e-05,0.0,nan,nan,nan
6245.226,1.545673e-05,0.0,nan,nan,nan
6245.309,1.54579e-05,0.0,nan,nan,nan
6245.393,1.545928e-05,0.0,nan,nan,nan
6245.476,1.545762e-05,0.0,nan,nan,nan
6245.562,1.545603e-05,0.0,nan,nan,nan
6245.649,1.545745e-05,0.0,nan,nan,nan
6245.733,1.545615e-05,0.0,nan,nan,nan
6245.816,1.545976e-05,0.0,nan,nan,nan
6245.9,1.545619e-05,0.0,nan,nan,nan
6245.986,1.546078e-05,0.0,nan,nan,nan
6246.07,1.546163e-05,0.0,nan,nan,nan
6246.153,1.546158e-05,0.0,nan,nan,nan
6246.239,1.545702e-05,0.0,nan,nan,nan
6246.338,1.545711e-05,0.0,nan,nan,nan
6246.49,1.545757e-05,0.0,nan,nan,nan
6246.592,1.545916e-05,0.0,nan,nan,nan
6246.676,1.546177e-05,0.0,nan,nan,nan
6246.762,1.546813e-05,0.0,nan,nan,nan
6246.874,1.546048e-05,0.0,nan,nan,nan
6246.96,1.545968e-05,0.0,nan,nan,nan
6247.06,1.546306e-05,0.0,nan,nan,nan
6247.143,1.546344e-05,0.0,nan,nan,nan
6247.229,1.545726e-05,0.0,nan,nan,nan
6247.313,1.546209e-05,0.0,nan,nan,nan
6247.397,1.546191e-05,0.0,nan,nan,nan
6247.49,1.545967e-05,0.0,nan,nan,nan
6247.577,1.546246e-05,0.0,nan,nan,nan
6247.676,1.546262e-05,0.0,nan,nan,nan
6247.764,1.545931e-05,0.0,nan,nan,nan
6247.849,1.545567e-05,0.0,nan,nan,nan
6247.933,1.545716e-05,0.0,nan,nan,nan
6248.019,1.545606e-05,0.0,nan,nan,nan
6248.102,1.546155e-05,0.0,nan,nan,nan
6248.186,1.5457e-05,0.0,nan,nan,nan
6248.291,1.545685e-05,0.0,nan,nan,nan
6248.374,1.546186e-05,0.0,nan,nan,nan
6248.459,1.545992e-05,0.0,nan,nan,nan
6248.575,1.545365e-05,0.0,nan,nan,nan
6248.659,1.545813e-05,0.0,nan,nan,nan
6248.742,1.545423e-05,0.0,nan,nan,nan
6248.827,1.545661e-05,0.0,nan,nan,nan
6248.923,1.545835e-05,0.0,nan,nan,nan
6249.006,1.545898e-05,0.0,nan,nan,nan
6249.09,1.546312e-05,0.0,nan,nan,nan
6249.174,1.545854e-05,0.0,nan,nan,nan
6249.258,1.54627e-05,0.0,nan,nan,nan
6249.341,1.546047e-05,0.0,nan,nan,nan
6249.426,1.545673e-05,0.0,nan,nan,nan
6249.526,1.545941e-05,0.0,nan,nan,nan
6249.612,1.545765e-05,0.0,nan,nan,nan
6249.699,1.545901e-05,0.0,nan,nan,nan
6249.782,1.545794e-05,0.0,nan,nan,nan
6249.866,1.545633e-05,0.0,nan,nan,nan
6249.981,1.545377e-05,0.0,nan,nan,nan
6250.065,1.545383e-05,0.0,nan,nan,nan
6250.177,1.545718e-05,0.0,nan,nan,nan
6250.261,1.545882e-05,0.0,nan,nan,nan
6250.354,1.545727e-05,0.0,nan,nan,nan
6250.437,1.54581e-05,0.0,nan,nan,nan
6250.544,1.545936e-05,0.0,nan,nan,nan
6250.657,1.546104e-05,0.0,nan,nan,nan
6250.761,1.545861e-05,0.0,nan,nan,nan
6250.845,1.545561e-05,0.0,nan,nan,nan
6250.939,1.545637e-05,0.0,nan,nan,nan
6251.023,1.545657e-05,0.0,nan,nan,nan
6251.106,1.545531e-05,0.0,nan,nan,nan
6251.19,1.54596e-05,0.0,nan,nan,nan
6251.274,1.545738e-05,0.0,nan,nan,nan
6251.36,1.545862e-05,0.0,nan,nan,nan
6251.444,1.546041e-05,0.0,nan,nan,nan
6251.545,1.545532e-05,0.0,nan,nan,nan
6251.629,1.546058e-05,0.0,nan,nan,nan
6251.712,1.545632e-05,0.0,nan,nan,nan
6251.796,1.545982e-05,0.0,nan,nan,nan
6251.88,1.545716e-05,0.0,nan,nan,nan
6251.964,1.545357e-05,0.0,nan,nan,nan
6252.049,1.545885e-05,0.0,nan,nan,nan
6252.152,1.545979e-05,0.0,nan,nan,nan
6252.235,1.546125e-05,0.0,nan,nan,nan
6252.319,1.546081e-05,0.0,nan,nan,nan
6252.402,1.546375e-05,0.0,nan,nan,nan
6252.486,1.546468e-05,0.0,nan,nan,nan
6252.569,1.546015e-05,0.0,nan,nan,nan
6252.653,1.545947e-05,0.0,nan,nan,nan
6252.736,1.545535e-05,0.0,nan,nan,nan
6252.826,1.545898e-05,0.0,nan,nan,nan
6252.91,1.545827e-05,0.0,nan,nan,nan
6252.994,1.545837e-05,0.0,nan,nan,nan
6253.078,1.545908e-05,0.0,nan,nan,nan
6253.168,1.545674e-05,0.0,nan,nan,nan
6253.252,1.54595e-05,0.0,nan,nan,nan
6253.335,1.545871e-05,0.0,nan,nan,nan
6253.419,1.545853e-05,0.0,nan,nan,nan
6253.502,1.546052e-05,0.0,nan,nan,nan
6253.586,1.54602e-05,0.0,nan,nan,nan
6253.669,1.545812e-05,0.0,nan,nan,nan
6253.755,1.545782e-05,0.0,nan,nan,nan
6253.839,1.545933e-05,0.0,nan,nan,nan
6253.922,1.545604e-05,0.0,nan,nan,nan
6254.006,1.545678e-05,0.0,nan,nan,nan
6254.092,1.545786e-05,0.0,nan,nan,nan
6254.195,1.546001e-05,0.0,nan,nan,nan
6254.279,1.545816e-05,0.0,nan,nan,nan
6254.362,1.546119e-05,0.0,nan,nan,nan
6254.446,1.546155e-05,0.0,nan,nan,nan
6254.53,1.545732e-05,0.0,nan,nan,nan
6254.614,1.545731e-05,0.0,nan,nan,nan
6254.697,1.545212e-05,0.0,nan,nan,nan
6254.794,1.545244e-05,0.0,nan,nan,nan
6254.882,1.545619e-05,0.0,nan,nan,nan
6254.966,1.545876e-05,0.0,nan,nan,nan
6255.049,1.545746e-05,0.0,nan,nan,nan
6255.133,1.545664e-05,0.0,nan,nan,nan
6255.231,1.545231e-05,0.0,nan,nan,nan
6255.315,1.545472e-05,0.0,nan,nan,nan
6255.421,1.545922e-05,0.0,nan,nan,nan
6255.504,1.545633e-05,0.0,nan,nan,nan
6255.609,1.54598e-05,0.0,nan,nan,nan
6255.693,1.54543e-05,0.0,nan,nan,nan
6255.776,1.545496e-05,0.0,nan,nan,nan
6255.86,1.54595e-05,0.0,nan,nan,nan
6255.944,1.545443e-05,0.0,nan,nan,nan
6256.04,1.545709e-05,0.0,nan,nan,nan
6256.128,1.545919e-05,0.0,nan,nan,nan
6256.231,1.545579e-05,0.0,nan,nan,nan
6256.315,1.54515e-05,0.0,nan,nan,nan
6256.398,1.546055e-05,0.0,nan,nan,nan
6256.482,1.545599e-05,0.0,nan,nan,nan
6256.566,1.545589e-05,0.0,nan,nan,nan
6256.65,1.545731e-05,0.0,nan,nan,nan
6256.733,1.545976e-05,0.0,nan,nan,nan
6256.84,1.546187e-05,0.0,nan,nan,nan
6256.924,1.54562e-05,0.0,nan,nan,nan
6257.01,1.545705e-05,0.0,nan,nan,nan
6257.093,1.54565e-05,0.0,nan,nan,nan
6257.179,1.545871e-05,0.0,nan,nan,nan
6257.271,1.545962e-05,0.0,nan,nan,nan
6257.354,1.546246e-05,0.0,nan,nan,nan
6257.438,1.545688e-05,0.0,nan,nan,nan
6257.521,1.546072e-05,0.0,nan,nan,nan
6257.605,1.545438e-05,0.0,nan,nan,nan
6257.688,1.54602e-05,0.0,nan,nan,nan
6257.772,1.545762e-05,0.0,nan,nan,nan
6257.867,1.545473e-05,0.0,nan,nan,nan
6257.951,1.545562e-05,0.0,nan,nan,nan
6258.038,1.545647e-05,0.0,nan,nan,nan
6258.122,1.545983e-05,0.0,nan,nan,nan
6258.205,1.545778e-05,0.0,nan,nan,nan
6258.291,1.546386e-05,0.0,nan,nan,nan
6258.382,1.545657e-05,0.0,nan,nan,nan
6258.484,1.545669e-05,0.0,nan,nan,nan
6258.568,1.546011e-05,0.0,nan,nan,nan
6258.652,1.545861e-05,0.0,nan,nan,nan
6258.736,1.546009e-05,0.0,nan,nan,nan
6258.822,1.546213e-05,0.0,nan,nan,nan
6258.924,1.545977e-05,0.0,nan,nan,nan
6259.011,1.546024e-05,0.0,nan,nan,nan
6259.094,1.54587e-05,0.0,nan,nan,nan
6259.182,1.54572e-05,0.0,nan,nan,nan
6259.266,1.545888e-05,0.0,nan,nan,nan
6259.349,1.545781e-05,0.0,nan,nan,nan
6259.433,1.546027e-05,0.0,nan,nan,nan
6259.516,1.546291e-05,0.0,nan,nan,nan
6259.6,1.546307e-05,0.0,nan,nan,nan
6259.705,1.545708e-05,0.0,nan,nan,nan
6259.789,1.545925e-05,0.0,nan,nan,nan
6259.896,1.546251e-05,0.0,nan,nan,nan
6259.979,1.545952e-05,0.0,nan,nan,nan
6260.063,1.546262e-05,0.0,nan,nan,nan
6260.146,1.546056e-05,0.0,nan,nan,nan
6260.229,1.546306e-05,0.0,nan,nan,nan
6260.316,1.545907e-05,0.0,nan,nan,nan
6260.4,1.545763e-05,0.0,nan,nan,nan
6260.494,1.546335e-05,0.0,nan,nan,nan
6260.578,1.54609e-05,0.0,nan,nan,nan
6260.662,1.545802e-05,0.0,nan,nan,nan
6260.746,1.54584e-05,0.0,nan,nan,nan
6260.829,1.546192e-05,0.0,nan,nan,nan
6260.921,1.546281e-05,0.0,nan,nan,nan
6261.007,1.545806e-05,0.0,nan,nan,nan
6261.108,1.545838e-05,0.0,nan,nan,nan
6261.192,1.545705e-05,0.0,nan,nan,nan
6261.275,1.545886e-05,0.0,nan,nan,nan
6261.359,1.546166e-05,0.0,nan,nan,nan
6261.444,1.546138e-05,0.0,nan,nan,nan
6261.548,1.545802e-05,0.0,nan,nan,nan
6261.631,1.545808e-05,0.0,nan,nan,nan
6261.73,1.545865e-05,0.0,nan,nan,nan
6261.814,1.54587e-05,0.0,nan,nan,nan
6261.898,1.545952e-05,0.0,nan,nan,nan
6261.982,1.545757e-05,0.0,nan,nan,nan
6262.065,1.545865e-05,0.0,nan,nan,nan
6262.157,1.545652e-05,0.0,nan,nan,nan
6262.24,1.545853e-05,0.0,nan,nan,nan
6262.342,1.545696e-05,0.0,nan,nan,nan
6262.425,1.545795e-05,0.0,nan,nan,nan
6262.509,1.545265e-05,0.0,nan,nan,nan
6262.593,1.545459e-05,0.0,nan,nan,nan
6262.676,1.545704e-05,0.0,nan,nan,nan
6262.763,1.545602e-05,0.0,nan,nan,nan
6262.847,1.545994e-05,0.0,nan,nan,nan
6262.954,1.545832e-05,0.0,nan,nan,nan
6263.057,1.545632e-05,0.0,nan,nan,nan
6263.142,1.545601e-05,0.0,nan,nan,nan
6263.226,1.545852e-05,0.0,nan,nan,nan
6263.309,1.546399e-05,0.0,nan,nan,nan
6263.393,1.546126e-05,0.0,nan,nan,nan
6263.479,1.545511e-05,0.0,nan,nan,nan
6263.585,1.545939e-05,0.0,nan,nan,nan
6263.676,1.545682e-05,0.0,nan,nan,nan
6263.784,1.545658e-05,0.0,nan,nan,nan
6263.868,1.545884e-05,0.0,nan,nan,nan
6263.955,1.545927e-05,0.0,nan,nan,nan
6264.039,1.546173e-05,0.0,nan,nan,nan
6264.124,1.545922e-05,0.0,nan,nan,nan
6264.212,1.545907e-05,0.0,nan,nan,nan
6264.296,1.546242e-05,0.0,nan,nan,nan
6264.401,1.546406e-05,0.0,nan,nan,nan
6264.484,1.546483e-05,0.0,nan,nan,nan
6264.568,1.545774e-05,0.0,nan,nan,nan
6264.652,1.546227e-05,0.0,nan,nan,nan
6264.735,1.545889e-05,0.0,nan,nan,nan
6264.819,1.545868e-05,0.0,nan,nan,nan
6264.903,1.545595e-05,0.0,nan,nan,nan
6265.011,1.545663e-05,0.0,nan,nan,nan
6265.144,1.54547e-05,0.0,nan,nan,nan
6265.227,1.546244e-05,0.0,nan,nan,nan
6265.311,1.545922e-05,0.0,nan,nan,nan
6265.415,1.546147e-05,0.0,nan,nan,nan
6265.498,1.545797e-05,0.0,nan,nan,nan
6265.582,1.54619e-05,0.0,nan,nan,nan
6265.665,1.545542e-05,0.0,nan,nan,nan
6265.752,1.545353e-05,0.0,nan,nan,nan
6265.836,1.545392e-05,0.0,nan,nan,nan
6265.92,1.545847e-05,0.0,nan,nan,nan
6266.004,1.545735e-05,0.0,nan,nan,nan
6266.087,1.545848e-05,0.0,nan,nan,nan
6266.176,1.545975e-05,0.0,nan,nan,nan
6266.261,1.545907e-05,0.0,nan,nan,nan
6266.345,1.545889e-05,0.0,nan,nan,nan
6266.438,1.545644e-05,0.0,nan,nan,nan
6266.522,1.545944e-05,0.0,nan,nan,nan
6266.627,1.546087e-05,0.0,nan,nan,nan
6266.711,1.546042e-05,0.0,nan,nan,nan
6266.795,1.545667e-05,0.0,nan,nan,nan
6266.879,1.545504e-05,0.0,nan,nan,nan
6266.962,1.546037e-05,0.0,nan,nan,nan
6267.058,1.545862e-05,0.0,nan,nan,nan
6267.141,1.546128e-05,0.0,nan,nan,nan
6267.231,1.546267e-05,0.0,nan,nan,nan
6267.332,1.545873e-05,0.0,nan,nan,nan
6267.415,1.546181e-05,0.0,nan,nan,nan
6267.499,1.545772e-05,0.0,nan,nan,nan
6267.582,1.546094e-05,0.0,nan,nan,nan
6267.674,1.546053e-05,0.0,nan,nan,nan
6267.768,1.546014e-05,0.0,nan,nan,nan
6267.864,1.545866e-05,0.0,nan,nan,nan
6267.947,1.546083e-05,0.0,nan,nan,nan
6268.031,1.545544e-05,0.0,nan,nan,nan
6268.115,1.545705e-05,0.0,nan,nan,nan
6268.199,1.545371e-05,0.0,nan,nan,nan
6268.29,1.545614e-05,0.0,nan,nan,nan
6268.381,1.545903e-05,0.0,nan,nan,nan
6268.486,1.545669e-05,0.0,nan,nan,nan
6268.569,1.546244e-05,0.0,nan,nan,nan
6268.653,1.545828e-05,0.0,nan,nan,nan
6268.737,1.545354e-05,0.0,nan,nan,nan
6268.82,1.545851e-05,0.0,nan,nan,nan
6268.904,1.545552e-05,0.0,nan,nan,nan
6268.987,1.545979e-05,0.0,nan,nan,nan
6269.09,1.546046e-05,0.0,nan,nan,nan
6269.174,1.545739e-05,0.0,nan,nan,nan
6269.274,1.545709e-05,0.0,nan,nan,nan
6269.362,1.54586e-05,0.0,nan,nan,nan
6269.448,1.546062e-05,0.0,nan,nan,nan
6269.532,1.545733e-05,0.0,nan,nan,nan
6269.616,1.546121e-05,0.0,nan,nan,nan
6269.709,1.546122e-05,0.0,nan,nan,nan
6269.797,1.545813e-05,0.0,nan,nan,nan
6269.882,1.546104e-05,0.0,nan,nan,nan
6269.966,1.546281e-05,0.0,nan,nan,nan
6270.05,1.54591e-05,0.0,nan,nan,nan
6270.133,1.545878e-05,0.0,nan,nan,nan
6270.217,1.545751e-05,0.0,nan,nan,nan
6270.316,1.546471e-05,0.0,nan,nan,nan
6270.4,1.546464e-05,0.0,nan,nan,nan
6270.496,1.545673e-05,0.0,nan,nan,nan
6270.581,1.546173e-05,0.0,nan,nan,nan
6270.665,1.546202e-05,0.0,nan,nan,nan
6270.749,1.546248e-05,0.0,nan,nan,nan
6270.832,1.545831e-05,0.0,nan,nan,nan
6270.921,1.546001e-05,0.0,nan,nan,nan
6271.005,1.546027e-05,0.0,nan,nan,nan
6271.089,1.545908e-05,0.0,nan,nan,nan
6271.173,1.546267e-05,0.0,nan,nan,nan
6271.257,1.545722e-05,0.0,nan,nan,nan
6271.348,1.546075e-05,0.0,nan,nan,nan
6271.432,1.545982e-05,0.0,nan,nan,nan
6271.524,1.546588e-05,0.0,nan,nan,nan
6271.607,1.546025e-05,0.0,nan,nan,nan
6271.691,1.546091e-05,0.0,nan,nan,nan
6271.774,1.545906e-05,0.0,nan,nan,nan
6271.859,1.545932e-05,0.0,nan,nan,nan
6271.944,1.545754e-05,0.0,nan,nan,nan
6272.032,1.545979e-05,0.0,nan,nan,nan
6272.116,1.54598e-05,0.0,nan,nan,nan
6272.199,1.545916e-05,0.0,nan,nan,nan
6272.285,1.545573e-05,0.0,nan,nan,nan
6272.37,1.545585e-05,0.0,nan,nan,nan
6272.453,1.545514e-05,0.0,nan,nan,nan
6272.537,1.545708e-05,0.0,nan,nan,nan
6272.621,1.545946e-05,0.0,nan,nan,nan
6272.704,1.545813e-05,0.0,nan,nan,nan
6272.789,1.545837e-05,0.0,nan,nan,nan
6272.877,1.545655e-05,0.0,nan,nan,nan
6272.962,1.546007e-05,0.0,nan,nan,nan
6273.046,1.545607e-05,0.0,nan,nan,nan
6273.133,1.545932e-05,0.0,nan,nan,nan
6273.216,1.545981e-05,0.0,nan,nan,nan
6273.3,1.546202e-05,0.0,nan,nan,nan
6273.444,1.546464e-05,0.0,nan,nan,nan
6273.528,1.546473e-05,0.0,nan,nan,nan
6273.612,1.545775e-05,0.0,nan,nan,nan
6273.698,1.546056e-05,0.0,nan,nan,nan
6273.794,1.546266e-05,0.0,nan,nan,nan
6273.882,1.545752e-05,0.0,nan,nan,nan
6273.965,1.546482e-05,0.0,nan,nan,nan
6274.049,1.546081e-05,0.0,nan,nan,nan
6274.132,1.54615e-05,0.0,nan,nan,nan
6274.216,1.546043e-05,0.0,nan,nan,nan
6274.299,1.545928e-05,0.0,nan,nan,nan
6274.389,1.545606e-05,0.0,nan,nan,nan
6274.472,1.5457e-05,0.0,nan,nan,nan
6274.556,1.545648e-05,0.0,nan,nan,nan
6274.639,1.546038e-05,0.0,nan,nan,nan
6274.723,1.546276e-05,0.0,nan,nan,nan
6274.808,1.546062e-05,0.0,nan,nan,nan
6274.892,1.545913e-05,0.0,nan,nan,nan
6274.975,1.546051e-05,0.0,nan,nan,nan
6275.059,1.546238e-05,0.0,nan,nan,nan
6275.145,1.546004e-05,0.0,nan,nan,nan
6275.23,1.546375e-05,0.0,nan,nan,nan
6275.313,1.546291e-05,0.0,nan,nan,nan
6275.416,1.546543e-05,0.0,nan,nan,nan
6275.521,1.546142e-05,0.0,nan,nan,nan
6275.629,1.546514e-05,0.0,nan,nan,nan
6275.713,1.546406e-05,0.0,nan,nan,nan
6275.797,1.546625e-05,0.0,nan,nan,nan
6275.881,1.546427e-05,0.0,nan,nan,nan
6275.966,1.546254e-05,0.0,nan,nan,nan
6276.054,1.546041e-05,0.0,nan,nan,nan
6276.138,1.5461e-05,0.0,nan,nan,nan
6276.221,1.546192e-05,0.0,nan,nan,nan
6276.305,1.546429e-05,0.0,nan,nan,nan
6276.389,1.546203e-05,0.0,nan,nan,nan
6276.473,1.546463e-05,0.0,nan,nan,nan
6276.556,1.546535e-05,0.0,nan,nan,nan
6276.658,1.546001e-05,0.0,nan,nan,nan
6276.749,1.5462e-05,0.0,nan,nan,nan
6276.833,1.546116e-05,0.0,nan,nan,nan
6276.917,1.545898e-05,0.0,nan,nan,nan
6277.004,1.54611e-05,0.0,nan,nan,nan
6277.088,1.546065e-05,0.0,nan,nan,nan
6277.175,1.545803e-05,0.0,nan,nan,nan
6277.271,1.546008e-05,0.0,nan,nan,nan
6277.355,1.546358e-05,0.0,nan,nan,nan
6277.458,1.546026e-05,0.0,nan,nan,nan
6277.574,1.545968e-05,0.0,nan,nan,nan
6277.657,1.54616e-05,0.0,nan,nan,nan
6277.741,1.54592e-05,0.0,nan,nan,nan
6277.824,1.546121e-05,0.0,nan,nan,nan
6277.908,1.545561e-05,0.0,nan,nan,nan
6277.994,1.545952e-05,0.0,nan,nan,nan
6278.077,1.546056e-05,0.0,nan,nan,nan
6278.161,1.546184e-05,0.0,nan,nan,nan
6278.245,1.545913e-05,0.0,nan,nan,nan
6278.329,1.546039e-05,0.0,nan,nan,nan
6278.415,1.545796e-05,0.0,nan,nan,nan
6278.499,1.545758e-05,0.0,nan,nan,nan
6278.582,1.545747e-05,0.0,nan,nan,nan
6278.666,1.545785e-05,0.0,nan,nan,nan
6278.749,1.545442e-05,0.0,nan,nan,nan
6278.835,1.545702e-05,0.0,nan,nan,nan
6278.919,1.545627e-05,0.0,nan,nan,nan
6279.002,1.545574e-05,0.0,nan,nan,nan
6279.09,1.545769e-05,0.0,nan,nan,nan
6279.174,1.545907e-05,0.0,nan,nan,nan
6279.275,1.545827e-05,0.0,nan,nan,nan
6279.358,1.546012e-05,0.0,nan,nan,nan
6279.443,1.545083e-05,0.0,nan,nan,nan
6279.527,1.545892e-05,0.0,nan,nan,nan
6279.657,1.546158e-05,0.0,nan,nan,nan
6279.76,1.545485e-05,0.0,nan,nan,nan
6279.843,1.545689e-05,0.0,nan,nan,nan
6279.927,1.545737e-05,0.0,nan,nan,nan
6280.011,1.545758e-05,0.0,nan,nan,nan
6280.105,1.546056e-05,0.0,nan,nan,nan
6280.189,1.546035e-05,0.0,nan,nan,nan
6280.29,1.545857e-05,0.0,nan,nan,nan
6280.373,1.545718e-05,0.0,nan,nan,nan
6280.457,1.546068e-05,0.0,nan,nan,nan
6280.541,1.54605e-05,0.0,nan,nan,nan
6280.629,1.546226e-05,0.0,nan,nan,nan
6280.72,1.545694e-05,0.0,nan,nan,nan
6280.803,1.546273e-05,0.0,nan,nan,nan
6280.887,1.546282e-05,0.0,nan,nan,nan
6280.971,1.546356e-05,0.0,nan,nan,nan
6281.054,1.546069e-05,0.0,nan,nan,nan
6281.138,1.545816e-05,0.0,nan,nan,nan
6281.221,1.546286e-05,0.0,nan,nan,nan
6281.316,1.545939e-05,0.0,nan,nan,nan
6281.399,1.54616e-05,0.0,nan,nan,nan
6281.486,1.546311e-05,0.0,nan,nan,nan
6281.57,1.546034e-05,0.0,nan,nan,nan
6281.654,1.546096e-05,0.0,nan,nan,nan
6281.737,1.545799e-05,0.0,nan,nan,nan
6281.821,1.545816e-05,0.0,nan,nan,nan
6281.905,1.545912e-05,0.0,nan,nan,nan
6281.988,1.546198e-05,0.0,nan,nan,nan
6282.072,1.545979e-05,0.0,nan,nan,nan
6282.156,1.546383e-05,0.0,nan,nan,nan
6282.239,1.545594e-05,0.0,nan,nan,nan
6282.34,1.545591e-05,0.0,nan,nan,nan
6282.424,1.545841e-05,0.0,nan,nan,nan
6282.526,1.545777e-05,0.0,nan,nan,nan
6282.61,1.545813e-05,0.0,nan,nan,nan
6282.693,1.545807e-05,0.0,nan,nan,nan
6282.777,1.545892e-05,0.0,nan,nan,nan
6282.86,1.545672e-05,0.0,nan,nan,nan
6282.952,1.545871e-05,0.0,nan,nan,nan
6283.036,1.545525e-05,0.0,nan,nan,nan
6283.119,1.545865e-05,0.0,nan,nan,nan
6283.203,1.545895e-05,0.0,nan,nan,nan
6283.287,1.545939e-05,0.0,nan,nan,nan
6283.37,1.545707e-05,0.0,nan,nan,nan
6283.454,1.546006e-05,0.0,nan,nan,nan
6283.539,1.545839e-05,0.0,nan,nan,nan
6283.623,1.54597e-05,0.0,nan,nan,nan
6283.706,1.545585e-05,0.0,nan,nan,nan
6283.798,1.545751e-05,0.0,nan,nan,nan
6283.882,1.545517e-05,0.0,nan,nan,nan
6283.975,1.545799e-05,0.0,nan,nan,nan
6284.066,1.545867e-05,0.0,nan,nan,nan
6284.169,1.546006e-05,0.0,nan,nan,nan
6284.253,1.546298e-05,0.0,nan,nan,nan
6284.336,1.546118e-05,0.0,nan,nan,nan
6284.42,1.545861e-05,0.0,nan,nan,nan
6284.503,1.545813e-05,0.0,nan,nan,nan
6284.587,1.546321e-05,0.0,nan,nan,nan
6284.671,1.545514e-05,0.0,nan,nan,nan
6284.754,1.545789e-05,0.0,nan,nan,nan
6284.838,1.545433e-05,0.0,nan,nan,nan
6284.922,1.546171e-05,0.0,nan,nan,nan
6285.005,1.546114e-05,0.0,nan,nan,nan
6285.089,1.545864e-05,0.0,nan,nan,nan
6285.184,1.54657e-05,0.0,nan,nan,nan
6285.268,1.545985e-05,0.0,nan,nan,nan
6285.373,1.546144e-05,0.0,nan,nan,nan
6285.457,1.546018e-05,0.0,nan,nan,nan
6285.543,1.546133e-05,0.0,nan,nan,nan
6285.626,1.545822e-05,0.0,nan,nan,nan
6285.71,1.545861e-05,0.0,nan,nan,nan
6285.855,1.545944e-05,0.0,nan,nan,nan
6285.939,1.545561e-05,0.0,nan,nan,nan
6286.023,1.546131e-05,0.0,nan,nan,nan
6286.107,1.545689e-05,0.0,nan,nan,nan
6286.19,1.546037e-05,0.0,nan,nan,nan
6286.274,1.54605e-05,0.0,nan,nan,nan
6286.359,1.54603e-05,0.0,nan,nan,nan
6286.442,1.546071e-05,0.0,nan,nan,nan
6286.53,1.545933e-05,0.0,nan,nan,nan
6286.614,1.545801e-05,0.0,nan,nan,nan
6286.699,1.545712e-05,0.0,nan,nan,nan
6286.782,1.545982e-05,0.0,nan,nan,nan
6286.866,1.546023e-05,0.0,nan,nan,nan
6286.95,1.545927e-05,0.0,nan,nan,nan
6287.034,1.545531e-05,0.0,nan,nan,nan
6287.117,1.545978e-05,0.0,nan,nan,nan
6287.201,1.545647e-05,0.0,nan,nan,nan
6287.285,1.545916e-05,0.0,nan,nan,nan
6287.368,1.545658e-05,0.0,nan,nan,nan
6287.452,1.545719e-05,0.0,nan,nan,nan
6287.536,1.545861e-05,0.0,nan,nan,nan
6287.632,1.545789e-05,0.0,nan,nan,nan
6287.716,1.545763e-05,0.0,nan,nan,nan
6287.799,1.545788e-05,0.0,nan,nan,nan
6287.923,1.545746e-05,0.0,nan,nan,nan
6288.006,1.545748e-05,0.0,nan,nan,nan
6288.09,1.546162e-05,0.0,nan,nan,nan
6288.175,1.54585e-05,0.0,nan,nan,nan
6288.261,1.546176e-05,0.0,nan,nan,nan
6288.347,1.546043e-05,0.0,nan,nan,nan
6288.433,1.545213e-05,0.0,nan,nan,nan
6288.516,1.545573e-05,0.0,nan,nan,nan
6288.601,1.545719e-05,0.0,nan,nan,nan
6288.685,1.545702e-05,0.0,nan,nan,nan
6288.768,1.545565e-05,0.0,nan,nan,nan
6288.864,1.545957e-05,0.0,nan,nan,nan
6288.949,1.546083e-05,0.0,nan,nan,nan
6289.033,1.545583e-05,0.0,nan,nan,nan
6289.117,1.545742e-05,0.0,nan,nan,nan
6289.21,1.545648e-05,0.0,nan,nan,nan
6289.294,1.545995e-05,0.0,nan,nan,nan
6289.378,1.545439e-05,0.0,nan,nan,nan
6289.467,1.545811e-05,0.0,nan,nan,nan
6289.55,1.545826e-05,0.0,nan,nan,nan
6289.634,1.546044e-05,0.0,nan,nan,nan
6289.718,1.545968e-05,0.0,nan,nan,nan
6289.802,1.545753e-05,0.0,nan,nan,nan
6289.886,1.545827e-05,0.0,nan,nan,nan
6289.98,1.545934e-05,0.0,nan,nan,nan
6290.066,1.545927e-05,0.0,nan,nan,nan
6290.15,1.545511e-05,0.0,nan,nan,nan
6290.234,1.545664e-05,0.0,nan,nan,nan
6290.317,1.546037e-05,0.0,nan,nan,nan
6290.401,1.546154e-05,0.0,nan,nan,nan
6290.485,1.546125e-05,0.0,nan,nan,nan
6290.568,1.546299e-05,0.0,nan,nan,nan
6290.652,1.545764e-05,0.0,nan,nan,nan
6290.735,1.545881e-05,0.0,nan,nan,nan
6290.819,1.546015e-05,0.0,nan,nan,nan
6290.902,1.546009e-05,0.0,nan,nan,nan
6290.986,1.546311e-05,0.0,nan,nan,nan
6291.071,1.54583e-05,0.0,nan,nan,nan
6291.155,1.545729e-05,0.0,nan,nan,nan
6291.238,1.545766e-05,0.0,nan,nan,nan
6291.322,1.54617e-05,0.0,nan,nan,nan
6291.406,1.546346e-05,0.0,nan,nan,nan
6291.51,1.54613e-05,0.0,nan,nan,nan
6291.593,1.545772e-05,0.0,nan,nan,nan
6291.677,1.545779e-05,0.0,nan,nan,nan
6291.76,1.545588e-05,0.0,nan,nan,nan
6291.844,1.545671e-05,0.0,nan,nan,nan
6291.928,1.546053e-05,0.0,nan,nan,nan
6292.036,1.546219e-05,0.0,nan,nan,nan
6292.12,1.546029e-05,0.0,nan,nan,nan
6292.204,1.546266e-05,0.0,nan,nan,nan
6292.287,1.546159e-05,0.0,nan,nan,nan
6292.371,1.546225e-05,0.0,nan,nan,nan
6292.454,1.545729e-05,0.0,nan,nan,nan
6292.553,1.546242e-05,0.0,nan,nan,nan
6292.637,1.545906e-05,0.0,nan,nan,nan
6292.743,1.545781e-05,0.0,nan,nan,nan
6292.827,1.545779e-05,0.0,nan,nan,nan
6292.91,1.545813e-05,0.0,nan,nan,nan
6292.994,1.545933e-05,0.0,nan,nan,nan
6293.078,1.545979e-05,0.0,nan,nan,nan
6293.162,1.546418e-05,0.0,nan,nan,nan
6293.249,1.545701e-05,0.0,nan,nan,nan
6293.353,1.545487e-05,0.0,nan,nan,nan
6293.437,1.545957e-05,0.0,nan,nan,nan
6293.522,1.545923e-05,0.0,nan,nan,nan
6293.606,1.545969e-05,0.0,nan,nan,nan
6293.692,1.546028e-05,0.0,nan,nan,nan
6293.775,1.546158e-05,0.0,nan,nan,nan
6293.865,1.545853e-05,0.0,nan,nan,nan
6293.949,1.545898e-05,0.0,nan,nan,nan
6294.033,1.545944e-05,0.0,nan,nan,nan
6294.157,1.545999e-05,0.0,nan,nan,nan
6294.241,1.545901e-05,0.0,nan,nan,nan
6294.324,1.546291e-05,0.0,nan,nan,nan
6294.408,1.546078e-05,0.0,nan,nan,nan
6294.491,1.546021e-05,0.0,nan,nan,nan
6294.575,1.546344e-05,0.0,nan,nan,nan
6294.665,1.546147e-05,0.0,nan,nan,nan
6294.768,1.545981e-05,0.0,nan,nan,nan
6294.851,1.545814e-05,0.0,nan,nan,nan
6294.935,1.545678e-05,0.0,nan,nan,nan
6295.018,1.54612e-05,0.0,nan,nan,nan
6295.102,1.546067e-05,0.0,nan,nan,nan
6295.198,1.546326e-05,0.0,nan,nan,nan
6295.282,1.546548e-05,0.0,nan,nan,nan
6295.368,1.545959e-05,0.0,nan,nan,nan
6295.452,1.545984e-05,0.0,nan,nan,nan
6295.535,1.546251e-05,0.0,nan,nan,nan
6295.62,1.545953e-05,0.0,nan,nan,nan
6295.704,1.546061e-05,0.0,nan,nan,nan
6295.809,1.546412e-05,0.0,nan,nan,nan
6295.893,1.546115e-05,0.0,nan,nan,nan
6295.979,1.546578e-05,0.0,nan,nan,nan
6296.062,1.5461e-05,0.0,nan,nan,nan
6296.151,1.546548e-05,0.0,nan,nan,nan
6296.235,1.546694e-05,0.0,nan,nan,nan
6296.318,1.546583e-05,0.0,nan,nan,nan
6296.402,1.546239e-05,0.0,nan,nan,nan
6296.486,1.546132e-05,0.0,nan,nan,nan
6296.569,1.546528e-05,0.0,nan,nan,nan
6296.657,1.546106e-05,0.0,nan,nan,nan
6296.741,1.546218e-05,0.0,nan,nan,nan
6296.831,1.546128e-05,0.0,nan,nan,nan
6296.914,1.546441e-05,0.0,nan,nan,nan
6297.014,1.546129e-05,0.0,nan,nan,nan
6297.098,1.546188e-05,0.0,nan,nan,nan
6297.182,1.545955e-05,0.0,nan,nan,nan
6297.266,1.546561e-05,0.0,nan,nan,nan
6297.349,1.546204e-05,0.0,nan,nan,nan
6297.437,1.546589e-05,0.0,nan,nan,nan
6297.521,1.545973e-05,0.0,nan,nan,nan
6297.605,1.545849e-05,0.0,nan,nan,nan
6297.688,1.546565e-05,0.0,nan,nan,nan
6297.772,1.546541e-05,0.0,nan,nan,nan
6297.856,1.546528e-05,0.0,nan,nan,nan
6297.939,1.546509e-05,0.0,nan,nan,nan
6298.023,1.546186e-05,0.0,nan,nan,nan
6298.107,1.546247e-05,0.0,nan,nan,nan
6298.19,1.546888e-05,0.0,nan,nan,nan
6298.306,1.546536e-05,0.0,nan,nan,nan
6298.389,1.546005e-05,0.0,nan,nan,nan
6298.472,1.546587e-05,0.0,nan,nan,nan
6298.557,1.546744e-05,0.0,nan,nan,nan
6298.658,1.546336e-05,0.0,nan,nan,nan
6298.748,1.546301e-05,0.0,nan,nan,nan
6298.832,1.546469e-05,0.0,nan,nan,nan
6298.916,1.546606e-05,0.0,nan,nan,nan
6298.999,1.546625e-05,0.0,nan,nan,nan
6299.083,1.546418e-05,0.0,nan,nan,nan
6299.167,1.546121e-05,0.0,nan,nan,nan
6299.25,1.546277e-05,0.0,nan,nan,nan
6299.334,1.546688e-05,0.0,nan,nan,nan
6299.418,1.546542e-05,0.0,nan,nan,nan
6299.501,1.546792e-05,0.0,nan,nan,nan
6299.585,1.54625e-05,0.0,nan,nan,nan
6299.672,1.546319e-05,0.0,nan,nan,nan
6299.756,1.546389e-05,0.0,nan,nan,nan
6299.849,1.546278e-05,0.0,nan,nan,nan
6299.932,1.546322e-05,0.0,nan,nan,nan
6300.016,1.546885e-05,0.0,nan,nan,nan
6300.099,1.54614e-05,0.0,nan,nan,nan
6300.183,1.546141e-05,0.0,nan,nan,nan
6300.287,1.546383e-05,0.0,nan,nan,nan
6300.374,1.546494e-05,0.0,nan,nan,nan
6300.474,1.546116e-05,0.0,nan,nan,nan
6300.558,1.546375e-05,0.0,nan,nan,nan
6300.648,1.546302e-05,0.0,nan,nan,nan
6300.732,1.545863e-05,0.0,nan,nan,nan
6300.816,1.545906e-05,0.0,nan,nan,nan
6300.9,1.546267e-05,0.0,nan,nan,nan
6300.983,1.546254e-05,0.0,nan,nan,nan
6301.084,1.546345e-05,0.0,nan,nan,nan
6301.168,1.545865e-05,0.0,nan,nan,nan
6301.251,1.546167e-05,0.0,nan,nan,nan
6301.335,1.546143e-05,0.0,nan,nan,nan
6301.418,1.545972e-05,0.0,nan,nan,nan
6301.502,1.546604e-05,0.0,nan,nan,nan
6301.586,1.546279e-05,0.0,nan,nan,nan
6301.669,1.546327e-05,0.0,nan,nan,nan
6301.753,1.546607e-05,0.0,nan,nan,nan
6301.836,1.546119e-05,0.0,nan,nan,nan
6301.929,1.546363e-05,0.0,nan,nan,nan
6302.017,1.546123e-05,0.0,nan,nan,nan
6302.116,1.545973e-05,0.0,nan,nan,nan
6302.2,1.546239e-05,0.0,nan,nan,nan
6302.284,1.546238e-05,0.0,nan,nan,nan
6302.367,1.546362e-05,0.0,nan,nan,nan
6302.451,1.546395e-05,0.0,nan,nan,nan
6302.551,1.546017e-05,0.0,nan,nan,nan
6302.635,1.54614e-05,0.0,nan,nan,nan
6302.742,1.546076e-05,0.0,nan,nan,nan
6302.827,1.546046e-05,0.0,nan,nan,nan
6302.91,1.546034e-05,0.0,nan,nan,nan
6302.994,1.545906e-05,0.0,nan,nan,nan
6303.077,1.546374e-05,0.0,nan,nan,nan
6303.161,1.546056e-05,0.0,nan,nan,nan
6303.245,1.546151e-05,0.0,nan,nan,nan
6303.342,1.545963e-05,0.0,nan,nan,nan
6303.429,1.546422e-05,0.0,nan,nan,nan
6303.512,1.546468e-05,0.0,nan,nan,nan
6303.596,1.546065e-05,0.0,nan,nan,nan
6303.68,1.545975e-05,0.0,nan,nan,nan
6303.792,1.546424e-05,0.0,nan,nan,nan
6303.876,1.546301e-05,0.0,nan,nan,nan
6303.96,1.546476e-05,0.0,nan,nan,nan
6304.063,1.546136e-05,0.0,nan,nan,nan
6304.147,1.546387e-05,0.0,nan,nan,nan
6304.238,1.546564e-05,0.0,nan,nan,nan
6304.324,1.546193e-05,0.0,nan,nan,nan
6304.408,1.546245e-05,0.0,nan,nan,nan
6304.521,1.546259e-05,0.0,nan,nan,nan
6304.607,1.546359e-05,0.0,nan,nan,nan
6304.693,1.546266e-05,0.0,nan,nan,nan
6304.786,1.545994e-05,0.0,nan,nan,nan
6304.869,1.546436e-05,0.0,nan,nan,nan
6304.953,1.54625e-05,0.0,nan,nan,nan
6305.037,1.546005e-05,0.0,nan,nan,nan
6305.123,1.546202e-05,0.0,nan,nan,nan
6305.207,1.546405e-05,0.0,nan,nan,nan
6305.292,1.546589e-05,0.0,nan,nan,nan
6305.38,1.546156e-05,0.0,nan,nan,nan
6305.464,1.546058e-05,0.0,nan,nan,nan
6305.547,1.546213e-05,0.0,nan,nan,nan
6305.631,1.546142e-05,0.0,nan,nan,nan
6305.716,1.546119e-05,0.0,nan,nan,nan
6305.799,1.54647e-05,0.0,nan,nan,nan
6305.883,1.546217e-05,0.0,nan,nan,nan
6305.966,1.545794e-05,0.0,nan,nan,nan
6306.05,1.546223e-05,0.0,nan,nan,nan
6306.133,1.546236e-05,0.0,nan,nan,nan
6306.221,1.545853e-05,0.0,nan,nan,nan
6306.304,1.546557e-05,0.0,nan,nan,nan
6306.407,1.545985e-05,0.0,nan,nan,nan
6306.492,1.546176e-05,0.0,nan,nan,nan
6306.595,1.54677e-05,0.0,nan,nan,nan
6306.684,1.54617e-05,0.0,nan,nan,nan
6306.769,1.54637e-05,0.0,nan,nan,nan
6306.852,1.546496e-05,0.0,nan,nan,nan
6306.937,1.546084e-05,0.0,nan,nan,nan
6307.028,1.546162e-05,0.0,nan,nan,nan
6307.112,1.546253e-05,0.0,nan,nan,nan
6307.215,1.54667e-05,0.0,nan,nan,nan
6307.298,1.546526e-05,0.0,nan,nan,nan
6307.383,1.546672e-05,0.0,nan,nan,nan
6307.467,1.546456e-05,0.0,nan,nan,nan
6307.551,1.546612e-05,0.0,nan,nan,nan
6307.637,1.546152e-05,0.0,nan,nan,nan
6307.721,1.545824e-05,0.0,nan,nan,nan
6307.824,1.546688e-05,0.0,nan,nan,nan
6307.908,1.546465e-05,0.0,nan,nan,nan
6307.991,1.54621e-05,0.0,nan,nan,nan
6308.075,1.545809e-05,0.0,nan,nan,nan
6308.158,1.546298e-05,0.0,nan,nan,nan
6308.254,1.545811e-05,0.0,nan,nan,nan
6308.337,1.546132e-05,0.0,nan,nan,nan
6308.432,1.546307e-05,0.0,nan,nan,nan
6308.515,1.54606e-05,0.0,nan,nan,nan
6308.598,1.546417e-05,0.0,nan,nan,nan
6308.697,1.546008e-05,0.0,nan,nan,nan
6308.781,1.546291e-05,0.0,nan,nan,nan
6308.864,1.546217e-05,0.0,nan,nan,nan
6308.948,1.546125e-05,0.0,nan,nan,nan
6309.032,1.545868e-05,0.0,nan,nan,nan
6309.115,1.546396e-05,0.0,nan,nan,nan
6309.201,1.54612e-05,0.0,nan,nan,nan
6309.285,1.546297e-05,0.0,nan,nan,nan
6309.368,1.545854e-05,0.0,nan,nan,nan
6309.454,1.546252e-05,0.0,nan,nan,nan
6309.537,1.546569e-05,0.0,nan,nan,nan
6309.621,1.546157e-05,0.0,nan,nan,nan
6309.704,1.546396e-05,0.0,nan,nan,nan
6309.788,1.54595e-05,0.0,nan,nan,nan
6309.878,1.546148e-05,0.0,nan,nan,nan
6309.962,1.545574e-05,0.0,nan,nan,nan
6310.049,1.545822e-05,0.0,nan,nan,nan
6310.133,1.545501e-05,0.0,nan,nan,nan
6310.216,1.545906e-05,0.0,nan,nan,nan
6310.305,1.545874e-05,0.0,nan,nan,nan
6310.388,1.546206e-05,0.0,nan,nan,nan
6310.472,1.546204e-05,0.0,nan,nan,nan
6310.556,1.546137e-05,0.0,nan,nan,nan
6310.639,1.546356e-05,0.0,nan,nan,nan
6310.757,1.545859e-05,0.0,nan,nan,nan
6310.841,1.546479e-05,0.0,nan,nan,nan
6310.924,1.545885e-05,0.0,nan,nan,nan
6311.007,1.546064e-05,0.0,nan,nan,nan
6311.091,1.546051e-05,0.0,nan,nan,nan
6311.174,1.546513e-05,0.0,nan,nan,nan
6311.258,1.546111e-05,0.0,nan,nan,nan
6311.365,1.54605e-05,0.0,nan,nan,nan
6311.449,1.546142e-05,0.0,nan,nan,nan
6311.532,1.546071e-05,0.0,nan,nan,nan
6311.616,1.545905e-05,0.0,nan,nan,nan
6311.7,1.545935e-05,0.0,nan,nan,nan
6311.788,1.545828e-05,0.0,nan,nan,nan
6311.872,1.546021e-05,0.0,nan,nan,nan
6311.956,1.546164e-05,0.0,nan,nan,nan
6312.039,1.545675e-05,0.0,nan,nan,nan
6312.143,1.545985e-05,0.0,nan,nan,nan
6312.226,1.546201e-05,0.0,nan,nan,nan
6312.316,1.545653e-05,0.0,nan,nan,nan
6312.4,1.54616e-05,0.0,nan,nan,nan
6312.484,1.545457e-05,0.0,nan,nan,nan
6312.567,1.546167e-05,0.0,nan,nan,nan
6312.651,1.545875e-05,0.0,nan,nan,nan
6312.737,1.546235e-05,0.0,nan,nan,nan
6312.821,1.546146e-05,0.0,nan,nan,nan
6312.905,1.546342e-05,0.0,nan,nan,nan
6312.992,1.545915e-05,0.0,nan,nan,nan
6313.076,1.545926e-05,0.0,nan,nan,nan
6313.159,1.545797e-05,0.0,nan,nan,nan
6313.244,1.546024e-05,0.0,nan,nan,nan
6313.338,1.54602e-05,0.0,nan,nan,nan
6313.421,1.546118e-05,0.0,nan,nan,nan
6313.505,1.546423e-05,0.0,nan,nan,nan
6313.589,1.546107e-05,0.0,nan,nan,nan
6313.673,1.546037e-05,0.0,nan,nan,nan
6313.76,1.545521e-05,0.0,nan,nan,nan
6313.844,1.54584e-05,0.0,nan,nan,nan
6313.927,1.545661e-05,0.0,nan,nan,nan
6314.011,1.545682e-05,0.0,nan,nan,nan
6314.095,1.545483e-05,0.0,nan,nan,nan
6314.179,1.545984e-05,0.0,nan,nan,nan
6314.265,1.545976e-05,0.0,nan,nan,nan
6314.368,1.545809e-05,0.0,nan,nan,nan
6314.452,1.545603e-05,0.0,nan,nan,nan
6314.536,1.545701e-05,0.0,nan,nan,nan
6314.619,1.545557e-05,0.0,nan,nan,nan
6314.703,1.545643e-05,0.0,nan,nan,nan
6314.786,1.545545e-05,0.0,nan,nan,nan
6314.87,1.545545e-05,0.0,nan,nan,nan
6314.959,1.545593e-05,0.0,nan,nan,nan
6315.042,1.545693e-05,0.0,nan,nan,nan
6315.126,1.545837e-05,0.0,nan,nan,nan
6315.21,1.545837e-05,0.0,nan,nan,nan
6315.293,1.545605e-05,0.0,nan,nan,nan
6315.382,1.545564e-05,0.0,nan,nan,nan
6315.466,1.545901e-05,0.0,nan,nan,nan
6315.55,1.545981e-05,0.0,nan,nan,nan
6315.634,1.545872e-05,0.0,nan,nan,nan
6315.717,1.545729e-05,0.0,nan,nan,nan
6315.811,1.546138e-05,0.0,nan,nan,nan
6315.894,1.545394e-05,0.0,nan,nan,nan
6316.003,1.546066e-05,0.0,nan,nan,nan
6316.087,1.545808e-05,0.0,nan,nan,nan
6316.173,1.545687e-05,0.0,nan,nan,nan
6316.256,1.546087e-05,0.0,nan,nan,nan
6316.34,1.545842e-05,0.0,nan,nan,nan
6316.424,1.545939e-05,0.0,nan,nan,nan
6316.508,1.546142e-05,0.0,nan,nan,nan
6316.6,1.545839e-05,0.0,nan,nan,nan
6316.683,1.545788e-05,0.0,nan,nan,nan
6316.767,1.545575e-05,0.0,nan,nan,nan
6316.85,1.545913e-05,0.0,nan,nan,nan
6316.934,1.545416e-05,0.0,nan,nan,nan
6317.022,1.54584e-05,0.0,nan,nan,nan
6317.115,1.545419e-05,0.0,nan,nan,nan
6317.198,1.545362e-05,0.0,nan,nan,nan
6317.282,1.545741e-05,0.0,nan,nan,nan
6317.366,1.546001e-05,0.0,nan,nan,nan
6317.449,1.546225e-05,0.0,nan,nan,nan
6317.532,1.545945e-05,0.0,nan,nan,nan
6317.616,1.546088e-05,0.0,nan,nan,nan
6317.7,1.545914e-05,0.0,nan,nan,nan
6317.783,1.545485e-05,0.0,nan,nan,nan
6317.867,1.546127e-05,0.0,nan,nan,nan
6317.951,1.546172e-05,0.0,nan,nan,nan
6318.034,1.545868e-05,0.0,nan,nan,nan
6318.118,1.545899e-05,0.0,nan,nan,nan
6318.205,1.546247e-05,0.0,nan,nan,nan
6318.289,1.546106e-05,0.0,nan,nan,nan
6318.372,1.54616e-05,0.0,nan,nan,nan
6318.456,1.546019e-05,0.0,nan,nan,nan
6318.539,1.546249e-05,0.0,nan,nan,nan
6318.623,1.546019e-05,0.0,nan,nan,nan
6318.707,1.546182e-05,0.0,nan,nan,nan
6318.791,1.546234e-05,0.0,nan,nan,nan
6318.876,1.546033e-05,0.0,nan,nan,nan
6318.965,1.546477e-05,0.0,nan,nan,nan
6319.074,1.545996e-05,0.0,nan,nan,nan
6319.158,1.546011e-05,0.0,nan,nan,nan
6319.247,1.546078e-05,0.0,nan,nan,nan
6319.331,1.546168e-05,0.0,nan,nan,nan
6319.415,1.546041e-05,0.0,nan,nan,nan
6319.498,1.545909e-05,0.0,nan,nan,nan
6319.582,1.54614e-05,0.0,nan,nan,nan
6319.665,1.546402e-05,0.0,nan,nan,nan
6319.749,1.546185e-05,0.0,nan,nan,nan
6319.833,1.546039e-05,0.0,nan,nan,nan
6319.916,1.545943e-05,0.0,nan,nan,nan
6320.0,1.546155e-05,0.0,nan,nan,nan
6320.092,1.545812e-05,0.0,nan,nan,nan
6320.176,1.545555e-05,0.0,nan,nan,nan
6320.26,1.546116e-05,0.0,nan,nan,nan
6320.344,1.54579e-05,0.0,nan,nan,nan
6320.429,1.546087e-05,0.0,nan,nan,nan
6320.527,1.545753e-05,0.0,nan,nan,nan
6320.615,1.54585e-05,0.0,nan,nan,nan
6320.701,1.546099e-05,0.0,nan,nan,nan
6320.785,1.546076e-05,0.0,nan,nan,nan
6320.87,1.546423e-05,0.0,nan,nan,nan
6320.954,1.546175e-05,0.0,nan,nan,nan
6321.037,1.5458e-05,0.0,nan,nan,nan
6321.143,1.546093e-05,0.0,nan,nan,nan
6321.227,1.54603e-05,0.0,nan,nan,nan
6321.319,1.545964e-05,0.0,nan,nan,nan
6321.402,1.545872e-05,0.0,nan,nan,nan
6321.486,1.546152e-05,0.0,nan,nan,nan
6321.569,1.546022e-05,0.0,nan,nan,nan
6321.653,1.546402e-05,0.0,nan,nan,nan
6321.741,1.546543e-05,0.0,nan,nan,nan
6321.829,1.546277e-05,0.0,nan,nan,nan
6321.916,1.546301e-05,0.0,nan,nan,nan
6322.0,1.546029e-05,0.0,nan,nan,nan
6322.084,1.546128e-05,0.0,nan,nan,nan
6322.168,1.546097e-05,0.0,nan,nan,nan
6322.251,1.546209e-05,0.0,nan,nan,nan
6322.347,1.546345e-05,0.0,nan,nan,nan
6322.431,1.546313e-05,0.0,nan,nan,nan
6322.53,1.54614e-05,0.0,nan,nan,nan
6322.614,1.546448e-05,0.0,nan,nan,nan
6322.697,1.546202e-05,0.0,nan,nan,nan
6322.781,1.546279e-05,0.0,nan,nan,nan
6322.865,1.546389e-05,0.0,nan,nan,nan
6322.973,1.545685e-05,0.0,nan,nan,nan
6323.061,1.546355e-05,0.0,nan,nan,nan
6323.146,1.546202e-05,0.0,nan,nan,nan
6323.239,1.545832e-05,0.0,nan,nan,nan
6323.343,1.546039e-05,0.0,nan,nan,nan
6323.427,1.546269e-05,0.0,nan,nan,nan
6323.51,1.546563e-05,0.0,nan,nan,nan
6323.594,1.546214e-05,0.0,nan,nan,nan
6323.681,1.546345e-05,0.0,nan,nan,nan
6323.766,1.545923e-05,0.0,nan,nan,nan
6323.85,1.545999e-05,0.0,nan,nan,nan
6323.933,1.546191e-05,0.0,nan,nan,nan
6324.017,1.546096e-05,0.0,nan,nan,nan
6324.1,1.546096e-05,0.0,nan,nan,nan
6324.193,1.546249e-05,0.0,nan,nan,nan
6324.28,1.545975e-05,0.0,nan,nan,nan
6324.364,1.545995e-05,0.0,nan,nan,nan
6324.448,1.546011e-05,0.0,nan,nan,nan
6324.532,1.546131e-05,0.0,nan,nan,nan
6324.615,1.546205e-05,0.0,nan,nan,nan
6324.699,1.54631e-05,0.0,nan,nan,nan
6324.79,1.545935e-05,0.0,nan,nan,nan
6324.874,1.546248e-05,0.0,nan,nan,nan
6324.96,1.546118e-05,0.0,nan,nan,nan
6325.044,1.546068e-05,0.0,nan,nan,nan
6325.134,1.546124e-05,0.0,nan,nan,nan
6325.218,1.546462e-05,0.0,nan,nan,nan
6325.302,1.545836e-05,0.0,nan,nan,nan
6325.386,1.545808e-05,0.0,nan,nan,nan
6325.469,1.545919e-05,0.0,nan,nan,nan
6325.553,1.546041e-05,0.0,nan,nan,nan
6325.637,1.54602e-05,0.0,nan,nan,nan
6325.721,1.546308e-05,0.0,nan,nan,nan
6325.806,1.545942e-05,0.0,nan,nan,nan
6325.89,1.545968e-05,0.0,nan,nan,nan
6325.979,1.546204e-05,0.0,nan,nan,nan
6326.063,1.546221e-05,0.0,nan,nan,nan
6326.149,1.546267e-05,0.0,nan,nan,nan
6326.233,1.545814e-05,0.0,nan,nan,nan
6326.316,1.545934e-05,0.0,nan,nan,nan
6326.411,1.545795e-05,0.0,nan,nan,nan
6326.495,1.546006e-05,0.0,nan,nan,nan
6326.58,1.545983e-05,0.0,nan,nan,nan
6326.664,1.546144e-05,0.0,nan,nan,nan
6326.748,1.546297e-05,0.0,nan,nan,nan
6326.832,1.546232e-05,0.0,nan,nan,nan
6326.916,1.546309e-05,0.0,nan,nan,nan
6326.999,1.546389e-05,0.0,nan,nan,nan
6327.083,1.545907e-05,0.0,nan,nan,nan
6327.173,1.545752e-05,0.0,nan,nan,nan
6327.261,1.545961e-05,0.0,nan,nan,nan
6327.344,1.545987e-05,0.0,nan,nan,nan
6327.453,1.546401e-05,0.0,nan,nan,nan
6327.537,1.545859e-05,0.0,nan,nan,nan
6327.636,1.545892e-05,0.0,nan,nan,nan
6327.719,1.546035e-05,0.0,nan,nan,nan
6327.803,1.545748e-05,0.0,nan,nan,nan
6327.887,1.5454e-05,0.0,nan,nan,nan
6327.97,1.545576e-05,0.0,nan,nan,nan
6328.054,1.545923e-05,0.0,nan,nan,nan
6328.138,1.545696e-05,0.0,nan,nan,nan
6328.221,1.546086e-05,0.0,nan,nan,nan
6328.305,1.545827e-05,0.0,nan,nan,nan
6328.39,1.545975e-05,0.0,nan,nan,nan
6328.474,1.546085e-05,0.0,nan,nan,nan
6328.562,1.545776e-05,0.0,nan,nan,nan
6328.66,1.545693e-05,0.0,nan,nan,nan
6328.743,1.546063e-05,0.0,nan,nan,nan
6328.827,1.546011e-05,0.0,nan,nan,nan
6328.911,1.545804e-05,0.0,nan,nan,nan
6328.999,1.54593e-05,0.0,nan,nan,nan
6329.091,1.546035e-05,0.0,nan,nan,nan
6329.181,1.546149e-05,0.0,nan,nan,nan
6329.265,1.546129e-05,0.0,nan,nan,nan
6329.349,1.546124e-05,0.0,nan,nan,nan
6329.434,1.545683e-05,0.0,nan,nan,nan
6329.528,1.546023e-05,0.0,nan,nan,nan
6329.611,1.545675e-05,0.0,nan,nan,nan
6329.7,1.54573e-05,0.0,nan,nan,nan
6329.784,1.545473e-05,0.0,nan,nan,nan
6329.868,1.545915e-05,0.0,nan,nan,nan
6329.951,1.545539e-05,0.0,nan,nan,nan
6330.036,1.546128e-05,0.0,nan,nan,nan
6330.147,1.545806e-05,0.0,nan,nan,nan
6330.231,1.54559e-05,0.0,nan,nan,nan
6330.315,1.545242e-05,0.0,nan,nan,nan
6330.398,1.54507e-05,0.0,nan,nan,nan
6330.482,1.545304e-05,0.0,nan,nan,nan
6330.566,1.545658e-05,0.0,nan,nan,nan
6330.652,1.545253e-05,0.0,nan,nan,nan
6330.735,1.545332e-05,0.0,nan,nan,nan
6330.819,1.545539e-05,0.0,nan,nan,nan
6330.906,1.545844e-05,0.0,nan,nan,nan
6330.99,1.546031e-05,0.0,nan,nan,nan
6331.074,1.546067e-05,0.0,nan,nan,nan
6331.158,1.545524e-05,0.0,nan,nan,nan
6331.241,1.545659e-05,0.0,nan,nan,nan
6331.326,1.5456e-05,0.0,nan,nan,nan
6331.409,1.546123e-05,0.0,nan,nan,nan
6331.494,1.545928e-05,0.0,nan,nan,nan
6331.597,1.545824e-05,0.0,nan,nan,nan
6331.681,1.546329e-05,0.0,nan,nan,nan
6331.765,1.546244e-05,0.0,nan,nan,nan
6331.849,1.54613e-05,0.0,nan,nan,nan
6331.941,1.546086e-05,0.0,nan,nan,nan
6332.028,1.545869e-05,0.0,nan,nan,nan
6332.125,1.545551e-05,0.0,nan,nan,nan
6332.209,1.545951e-05,0.0,nan,nan,nan
6332.293,1.545748e-05,0.0,nan,nan,nan
6332.376,1.545741e-05,0.0,nan,nan,nan
6332.46,1.545328e-05,0.0,nan,nan,nan
6332.566,1.545975e-05,0.0,nan,nan,nan
6332.65,1.545747e-05,0.0,nan,nan,nan
6332.734,1.545993e-05,0.0,nan,nan,nan
6332.817,1.546023e-05,0.0,nan,nan,nan
6332.901,1.545991e-05,0.0,nan,nan,nan
6332.985,1.545754e-05,0.0,nan,nan,nan
6333.068,1.54574e-05,0.0,nan,nan,nan
6333.152,1.546078e-05,0.0,nan,nan,nan
6333.236,1.546125e-05,0.0,nan,nan,nan
6333.321,1.545953e-05,0.0,nan,nan,nan
6333.405,1.545679e-05,0.0,nan,nan,nan
6333.489,1.546171e-05,0.0,nan,nan,nan
6333.576,1.546301e-05,0.0,nan,nan,nan
6333.659,1.546077e-05,0.0,nan,nan,nan
6333.745,1.546081e-05,0.0,nan,nan,nan
6333.829,1.546183e-05,0.0,nan,nan,nan
6333.912,1.545915e-05,0.0,nan,nan,nan
6333.996,1.546246e-05,0.0,nan,nan,nan
6334.082,1.546273e-05,0.0,nan,nan,nan
6334.191,1.546159e-05,0.0,nan,nan,nan
6334.279,1.546404e-05,0.0,nan,nan,nan
6334.362,1.546082e-05,0.0,nan,nan,nan
6334.446,1.545943e-05,0.0,nan,nan,nan
6334.531,1.545927e-05,0.0,nan,nan,nan
6334.615,1.546251e-05,0.0,nan,nan,nan
6334.699,1.546165e-05,0.0,nan,nan,nan
6334.783,1.545792e-05,0.0,nan,nan,nan
6334.866,1.545736e-05,0.0,nan,nan,nan
6334.951,1.546061e-05,0.0,nan,nan,nan
6335.035,1.546076e-05,0.0,nan,nan,nan
6335.118,1.545951e-05,0.0,nan,nan,nan
6335.219,1.545633e-05,0.0,nan,nan,nan
6335.303,1.545555e-05,0.0,nan,nan,nan
6335.399,1.545701e-05,0.0,nan,nan,nan
6335.483,1.54545e-05,0.0,nan,nan,nan
6335.602,1.545732e-05,0.0,nan,nan,nan
6335.694,1.545951e-05,0.0,nan,nan,nan
6335.778,1.545546e-05,0.0,nan,nan,nan
6335.862,1.545622e-05,0.0,nan,nan,nan
6335.945,1.545731e-05,0.0,nan,nan,nan
6336.045,1.545821e-05,0.0,nan,nan,nan
6336.128,1.545342e-05,0.0,nan,nan,nan
6336.234,1.545327e-05,0.0,nan,nan,nan
6336.318,1.545649e-05,0.0,nan,nan,nan
6336.402,1.545429e-05,0.0,nan,nan,nan
6336.485,1.545406e-05,0.0,nan,nan,nan
6336.569,1.5458e-05,0.0,nan,nan,nan
6336.652,1.545499e-05,0.0,nan,nan,nan
6336.736,1.545847e-05,0.0,nan,nan,nan
6336.836,1.545496e-05,0.0,nan,nan,nan
6336.92,1.546063e-05,0.0,nan,nan,nan
6337.024,1.546102e-05,0.0,nan,nan,nan
6337.108,1.545896e-05,0.0,nan,nan,nan
6337.191,1.546133e-05,0.0,nan,nan,nan
6337.275,1.545768e-05,0.0,nan,nan,nan
6337.361,1.545578e-05,0.0,nan,nan,nan
6337.464,1.545593e-05,0.0,nan,nan,nan
6337.548,1.545589e-05,0.0,nan,nan,nan
6337.674,1.545839e-05,0.0,nan,nan,nan
6337.757,1.546137e-05,0.0,nan,nan,nan
6337.864,1.545766e-05,0.0,nan,nan,nan
6337.947,1.545919e-05,0.0,nan,nan,nan
6338.054,1.545587e-05,0.0,nan,nan,nan
6338.138,1.545882e-05,0.0,nan,nan,nan
6338.221,1.545718e-05,0.0,nan,nan,nan
6338.304,1.545828e-05,0.0,nan,nan,nan
6338.388,1.545508e-05,0.0,nan,nan,nan
6338.475,1.545875e-05,0.0,nan,nan,nan
6338.565,1.54586e-05,0.0,nan,nan,nan
6338.669,1.54609e-05,0.0,nan,nan,nan
6338.752,1.546437e-05,0.0,nan,nan,nan
6338.855,1.546067e-05,0.0,nan,nan,nan
6338.939,1.545951e-05,0.0,nan,nan,nan
6339.023,1.545746e-05,0.0,nan,nan,nan
6339.106,1.54598e-05,0.0,nan,nan,nan
6339.195,1.546034e-05,0.0,nan,nan,nan
6339.298,1.546126e-05,0.0,nan,nan,nan
6339.382,1.546138e-05,0.0,nan,nan,nan
6339.467,1.545989e-05,0.0,nan,nan,nan
6339.551,1.545653e-05,0.0,nan,nan,nan
6339.634,1.54586e-05,0.0,nan,nan,nan
6339.732,1.54589e-05,0.0,nan,nan,nan
6339.816,1.54603e-05,0.0,nan,nan,nan
6339.9,1.54584e-05,0.0,nan,nan,nan
6339.983,1.545824e-05,0.0,nan,nan,nan
6340.088,1.545805e-05,0.0,nan,nan,nan
6340.172,1.546071e-05,0.0,nan,nan,nan
6340.257,1.545908e-05,0.0,nan,nan,nan
6340.341,1.545937e-05,0.0,nan,nan,nan
6340.426,1.545979e-05,0.0,nan,nan,nan
6340.535,1.545734e-05,0.0,nan,nan,nan
6340.619,1.546049e-05,0.0,nan,nan,nan
6340.722,1.545624e-05,0.0,nan,nan,nan
6340.806,1.545769e-05,0.0,nan,nan,nan
6340.91,1.545342e-05,0.0,nan,nan,nan
6340.993,1.545614e-05,0.0,nan,nan,nan
6341.077,1.545751e-05,0.0,nan,nan,nan
6341.16,1.54565e-05,0.0,nan,nan,nan
6341.245,1.545855e-05,0.0,nan,nan,nan
6341.329,1.545504e-05,0.0,nan,nan,nan
6341.412,1.545953e-05,0.0,nan,nan,nan
6341.496,1.54564e-05,0.0,nan,nan,nan
6341.58,1.545828e-05,0.0,nan,nan,nan
6341.663,1.545613e-05,0.0,nan,nan,nan
6341.747,1.545804e-05,0.0,nan,nan,nan
6341.831,1.545943e-05,0.0,nan,nan,nan
6341.915,1.545771e-05,0.0,nan,nan,nan
6341.998,1.545834e-05,0.0,nan,nan,nan
6342.082,1.545522e-05,0.0,nan,nan,nan
6342.166,1.545619e-05,0.0,nan,nan,nan
6342.249,1.545766e-05,0.0,nan,nan,nan
6342.348,1.54584e-05,0.0,nan,nan,nan
6342.431,1.546073e-05,0.0,nan,nan,nan
6342.516,1.545696e-05,0.0,nan,nan,nan
6342.6,1.545479e-05,0.0,nan,nan,nan
6342.684,1.545725e-05,0.0,nan,nan,nan
6342.767,1.545917e-05,0.0,nan,nan,nan
6342.851,1.545621e-05,0.0,nan,nan,nan
6342.951,1.545693e-05,0.0,nan,nan,nan
6343.035,1.545903e-05,0.0,nan,nan,nan
6343.118,1.545807e-05,0.0,nan,nan,nan
6343.202,1.545288e-05,0.0,nan,nan,nan
6343.286,1.545688e-05,0.0,nan,nan,nan
6343.369,1.545884e-05,0.0,nan,nan,nan
6343.453,1.545942e-05,0.0,nan,nan,nan
6343.537,1.545566e-05,0.0,nan,nan,nan
6343.62,1.545523e-05,0.0,nan,nan,nan
6343.703,1.546063e-05,0.0,nan,nan,nan
6343.787,1.545871e-05,0.0,nan,nan,nan
6343.871,1.545475e-05,0.0,nan,nan,nan
6343.955,1.545442e-05,0.0,nan,nan,nan
6344.039,1.545385e-05,0.0,nan,nan,nan
6344.123,1.54583e-05,0.0,nan,nan,nan
6344.206,1.545571e-05,0.0,nan,nan,nan
6344.29,1.545874e-05,0.0,nan,nan,nan
6344.378,1.5456e-05,0.0,nan,nan,nan
6344.462,1.545566e-05,0.0,nan,nan,nan
6344.56,1.545252e-05,0.0,nan,nan,nan
6344.643,1.54568e-05,0.0,nan,nan,nan
6344.727,1.545681e-05,0.0,nan,nan,nan
6344.81,1.545156e-05,0.0,nan,nan,nan
6344.894,1.545826e-05,0.0,nan,nan,nan
6344.998,1.545956e-05,0.0,nan,nan,nan
6345.082,1.545517e-05,0.0,nan,nan,nan
6345.165,1.545942e-05,0.0,nan,nan,nan
6345.249,1.545675e-05,0.0,nan,nan,nan
6345.332,1.545843e-05,0.0,nan,nan,nan
6345.416,1.545851e-05,0.0,nan,nan,nan
6345.499,1.545557e-05,0.0,nan,nan,nan
6345.598,1.546001e-05,0.0,nan,nan,nan
6345.681,1.546262e-05,0.0,nan,nan,nan
6345.765,1.545623e-05,0.0,nan,nan,nan
6345.849,1.545679e-05,0.0,nan,nan,nan
6345.944,1.545749e-05,0.0,nan,nan,nan
6346.044,1.545865e-05,0.0,nan,nan,nan
6346.128,1.545912e-05,0.0,nan,nan,nan
6346.211,1.545672e-05,0.0,nan,nan,nan
6346.295,1.545734e-05,0.0,nan,nan,nan
6346.407,1.545501e-05,0.0,nan,nan,nan
6346.494,1.545865e-05,0.0,nan,nan,nan
6346.6,1.546275e-05,0.0,nan,nan,nan
6346.684,1.545951e-05,0.0,nan,nan,nan
6346.775,1.54577e-05,0.0,nan,nan,nan
6346.859,1.54583e-05,0.0,nan,nan,nan
6346.943,1.545451e-05,0.0,nan,nan,nan
6347.029,1.545988e-05,0.0,nan,nan,nan
6347.115,1.545919e-05,0.0,nan,nan,nan
6347.199,1.545952e-05,0.0,nan,nan,nan
6347.283,1.545966e-05,0.0,nan,nan,nan
6347.366,1.546069e-05,0.0,nan,nan,nan
6347.45,1.545867e-05,0.0,nan,nan,nan
6347.533,1.545935e-05,0.0,nan,nan,nan
6347.619,1.545722e-05,0.0,nan,nan,nan
6347.703,1.545742e-05,0.0,nan,nan,nan
6347.787,1.545792e-05,0.0,nan,nan,nan
6347.871,1.545718e-05,0.0,nan,nan,nan
6347.959,1.545898e-05,0.0,nan,nan,nan
6348.042,1.546201e-05,0.0,nan,nan,nan
6348.128,1.545536e-05,0.0,nan,nan,nan
6348.231,1.546062e-05,0.0,nan,nan,nan
6348.315,1.545994e-05,0.0,nan,nan,nan
6348.399,1.546258e-05,0.0,nan,nan,nan
6348.483,1.545837e-05,0.0,nan,nan,nan
6348.569,1.546094e-05,0.0,nan,nan,nan
6348.653,1.546341e-05,0.0,nan,nan,nan
6348.736,1.546031e-05,0.0,nan,nan,nan
6348.834,1.545921e-05,0.0,nan,nan,nan
6348.917,1.545571e-05,0.0,nan,nan,nan
6349.001,1.546055e-05,0.0,nan,nan,nan
6349.085,1.546085e-05,0.0,nan,nan,nan
6349.168,1.545986e-05,0.0,nan,nan,nan
6349.264,1.546211e-05,0.0,nan,nan,nan
6349.348,1.546386e-05,0.0,nan,nan,nan
6349.463,1.545914e-05,0.0,nan,nan,nan
6349.547,1.545732e-05,0.0,nan,nan,nan
6349.631,1.545943e-05,0.0,nan,nan,nan
6349.715,1.546184e-05,0.0,nan,nan,nan
6349.799,1.546249e-05,0.0,nan,nan,nan
6349.886,1.546183e-05,0.0,nan,nan,nan
6349.97,1.546257e-05,0.0,nan,nan,nan
6350.069,1.546221e-05,0.0,nan,nan,nan
6350.153,1.5464e-05,0.0,nan,nan,nan
6350.238,1.546007e-05,0.0,nan,nan,nan
6350.322,1.546153e-05,0.0,nan,nan,nan
6350.406,1.546083e-05,0.0,nan,nan,nan
6350.489,1.545965e-05,0.0,nan,nan,nan
6350.573,1.545586e-05,0.0,nan,nan,nan
6350.657,1.545585e-05,0.0,nan,nan,nan
6350.74,1.545577e-05,0.0,nan,nan,nan
6350.824,1.545495e-05,0.0,nan,nan,nan
6350.908,1.545657e-05,0.0,nan,nan,nan
6350.998,1.546228e-05,0.0,nan,nan,nan
6351.101,1.546213e-05,0.0,nan,nan,nan
6351.185,1.546042e-05,0.0,nan,nan,nan
6351.268,1.545754e-05,0.0,nan,nan,nan
6351.352,1.54615e-05,0.0,nan,nan,nan
6351.436,1.54567e-05,0.0,nan,nan,nan
6351.531,1.545456e-05,0.0,nan,nan,nan
6351.615,1.546202e-05,0.0,nan,nan,nan
6351.698,1.545552e-05,0.0,nan,nan,nan
6351.782,1.546193e-05,0.0,nan,nan,nan
6351.867,1.545857e-05,0.0,nan,nan,nan
6351.951,1.545546e-05,0.0,nan,nan,nan
6352.034,1.545937e-05,0.0,nan,nan,nan
6352.125,1.545803e-05,0.0,nan,nan,nan
6352.213,1.545937e-05,0.0,nan,nan,nan
6352.297,1.545742e-05,0.0,nan,nan,nan
6352.38,1.545577e-05,0.0,nan,nan,nan
6352.464,1.54533e-05,0.0,nan,nan,nan
6352.548,1.545476e-05,0.0,nan,nan,nan
6352.633,1.54592e-05,0.0,nan,nan,nan
6352.717,1.545754e-05,0.0,nan,nan,nan
6352.801,1.54574e-05,0.0,nan,nan,nan
6352.886,1.545432e-05,0.0,nan,nan,nan
6352.97,1.545597e-05,0.0,nan,nan,nan
6353.053,1.545495e-05,0.0,nan,nan,nan
6353.148,1.545518e-05,0.0,nan,nan,nan
6353.232,1.545317e-05,0.0,nan,nan,nan
6353.316,1.545521e-05,0.0,nan,nan,nan
6353.399,1.545718e-05,0.0,nan,nan,nan
6353.486,1.545781e-05,0.0,nan,nan,nan
6353.572,1.545763e-05,0.0,nan,nan,nan
6353.656,1.545329e-05,0.0,nan,nan,nan
6353.739,1.54579e-05,0.0,nan,nan,nan
6353.823,1.545845e-05,0.0,nan,nan,nan
6353.906,1.545704e-05,0.0,nan,nan,nan
6353.99,1.545622e-05,0.0,nan,nan,nan
6354.075,1.545558e-05,0.0,nan,nan,nan
6354.187,1.545558e-05,0.0,nan,nan,nan
6354.277,1.545372e-05,0.0,nan,nan,nan
6354.39,1.545912e-05,0.0,nan,nan,nan
6354.473,1.54568e-05,0.0,nan,nan,nan
6354.557,1.545796e-05,0.0,nan,nan,nan
6354.641,1.545861e-05,0.0,nan,nan,nan
6354.725,1.545502e-05,0.0,nan,nan,nan
6354.808,1.545755e-05,0.0,nan,nan,nan
6354.897,1.545684e-05,0.0,nan,nan,nan
6354.99,1.545678e-05,0.0,nan,nan,nan
6355.074,1.545997e-05,0.0,nan,nan,nan
6355.157,1.545579e-05,0.0,nan,nan,nan
6355.241,1.546186e-05,0.0,nan,nan,nan
6355.324,1.545594e-05,0.0,nan,nan,nan
6355.408,1.545715e-05,0.0,nan,nan,nan
6355.493,1.545473e-05,0.0,nan,nan,nan
6355.591,1.545893e-05,0.0,nan,nan,nan
6355.675,1.546001e-05,0.0,nan,nan,nan
6355.777,1.546108e-05,0.0,nan,nan,nan
6355.861,1.545806e-05,0.0,nan,nan,nan
6355.944,1.545769e-05,0.0,nan,nan,nan
6356.028,1.545788e-05,0.0,nan,nan,nan
6356.111,1.545948e-05,0.0,nan,nan,nan
6356.207,1.545856e-05,0.0,nan,nan,nan
6356.299,1.545635e-05,0.0,nan,nan,nan
6356.392,1.545845e-05,0.0,nan,nan,nan
6356.476,1.545751e-05,0.0,nan,nan,nan
6356.56,1.546032e-05,0.0,nan,nan,nan
6356.643,1.545742e-05,0.0,nan,nan,nan
6356.727,1.545868e-05,0.0,nan,nan,nan
6356.814,1.545722e-05,0.0,nan,nan,nan
6356.898,1.545526e-05,0.0,nan,nan,nan
6357.005,1.545448e-05,0.0,nan,nan,nan
6357.089,1.545844e-05,0.0,nan,nan,nan
6357.173,1.546078e-05,0.0,nan,nan,nan
6357.256,1.545825e-05,0.0,nan,nan,nan
6357.34,1.545892e-05,0.0,nan,nan,nan
6357.429,1.545865e-05,0.0,nan,nan,nan
6357.514,1.545637e-05,0.0,nan,nan,nan
6357.623,1.545181e-05,0.0,nan,nan,nan
6357.707,1.545329e-05,0.0,nan,nan,nan
6357.806,1.545833e-05,0.0,nan,nan,nan
6357.89,1.545437e-05,0.0,nan,nan,nan
6357.974,1.545745e-05,0.0,nan,nan,nan
6358.057,1.5458e-05,0.0,nan,nan,nan
6358.148,1.545861e-05,0.0,nan,nan,nan
6358.258,1.545766e-05,0.0,nan,nan,nan
6358.342,1.545977e-05,0.0,nan,nan,nan
6358.433,1.545459e-05,0.0,nan,nan,nan
6358.517,1.5456e-05,0.0,nan,nan,nan
6358.601,1.545815e-05,0.0,nan,nan,nan
6358.684,1.545628e-05,0.0,nan,nan,nan
6358.768,1.545976e-05,0.0,nan,nan,nan
6358.855,1.545835e-05,0.0,nan,nan,nan
6358.939,1.545621e-05,0.0,nan,nan,nan
6359.022,1.545719e-05,0.0,nan,nan,nan
6359.106,1.545526e-05,0.0,nan,nan,nan
6359.191,1.545367e-05,0.0,nan,nan,nan
6359.278,1.54563e-05,0.0,nan,nan,nan
6359.362,1.545788e-05,0.0,nan,nan,nan
6359.47,1.545666e-05,0.0,nan,nan,nan
6359.553,1.54524e-05,0.0,nan,nan,nan
6359.656,1.545631e-05,0.0,nan,nan,nan
6359.74,1.54536e-05,0.0,nan,nan,nan
6359.839,1.545536e-05,0.0,nan,nan,nan
6359.923,1.545451e-05,0.0,nan,nan,nan
6360.006,1.545528e-05,0.0,nan,nan,nan
6360.09,1.545887e-05,0.0,nan,nan,nan
6360.179,1.545678e-05,0.0,nan,nan,nan
6360.277,1.54613e-05,0.0,nan,nan,nan
6360.374,1.546294e-05,0.0,nan,nan,nan
6360.479,1.545836e-05,0.0,nan,nan,nan
6360.564,1.546212e-05,0.0,nan,nan,nan
6360.648,1.545582e-05,0.0,nan,nan,nan
6360.732,1.545916e-05,0.0,nan,nan,nan
6360.815,1.54542e-05,0.0,nan,nan,nan
6360.898,1.545599e-05,0.0,nan,nan,nan
6360.982,1.545923e-05,0.0,nan,nan,nan
6361.08,1.546062e-05,0.0,nan,nan,nan
6361.164,1.545958e-05,0.0,nan,nan,nan
6361.266,1.545836e-05,0.0,nan,nan,nan
6361.35,1.545994e-05,0.0,nan,nan,nan
6361.433,1.545882e-05,0.0,nan,nan,nan
6361.517,1.545736e-05,0.0,nan,nan,nan
6361.601,1.545845e-05,0.0,nan,nan,nan
6361.695,1.545901e-05,0.0,nan,nan,nan
6361.782,1.546523e-05,0.0,nan,nan,nan
6361.869,1.546471e-05,0.0,nan,nan,nan
6361.952,1.546123e-05,0.0,nan,nan,nan
6362.04,1.546039e-05,0.0,nan,nan,nan
6362.123,1.545941e-05,0.0,nan,nan,nan
6362.21,1.545842e-05,0.0,nan,nan,nan
6362.31,1.545915e-05,0.0,nan,nan,nan
6362.44,1.546113e-05,0.0,nan,nan,nan
6362.537,1.545931e-05,0.0,nan,nan,nan
6362.621,1.545317e-05,0.0,nan,nan,nan
6362.724,1.545826e-05,0.0,nan,nan,nan
6362.813,1.54604e-05,0.0,nan,nan,nan
6362.918,1.54621e-05,0.0,nan,nan,nan
6363.002,1.546306e-05,0.0,nan,nan,nan
6363.085,1.545987e-05,0.0,nan,nan,nan
6363.169,1.546058e-05,0.0,nan,nan,nan
6363.253,1.545836e-05,0.0,nan,nan,nan
6363.336,1.545735e-05,0.0,nan,nan,nan
6363.42,1.545546e-05,0.0,nan,nan,nan
6363.52,1.545615e-05,0.0,nan,nan,nan
6363.604,1.545398e-05,0.0,nan,nan,nan
6363.688,1.545668e-05,0.0,nan,nan,nan
6363.772,1.545616e-05,0.0,nan,nan,nan
6363.855,1.545919e-05,0.0,nan,nan,nan
6363.942,1.545769e-05,0.0,nan,nan,nan
6364.029,1.545492e-05,0.0,nan,nan,nan
6364.113,1.54586e-05,0.0,nan,nan,nan
6364.197,1.545931e-05,0.0,nan,nan,nan
6364.28,1.54571e-05,0.0,nan,nan,nan
6364.364,1.546071e-05,0.0,nan,nan,nan
6364.449,1.545887e-05,0.0,nan,nan,nan
6364.533,1.54583e-05,0.0,nan,nan,nan
6364.617,1.545965e-05,0.0,nan,nan,nan
6364.702,1.545531e-05,0.0,nan,nan,nan
6364.795,1.545567e-05,0.0,nan,nan,nan
6364.879,1.545979e-05,0.0,nan,nan,nan
6364.973,1.545698e-05,0.0,nan,nan,nan
6365.057,1.545382e-05,0.0,nan,nan,nan
6365.157,1.545959e-05,0.0,nan,nan,nan
6365.241,1.545881e-05,0.0,nan,nan,nan
6365.325,1.545476e-05,0.0,nan,nan,nan
6365.41,1.545842e-05,0.0,nan,nan,nan
6365.494,1.545557e-05,0.0,nan,nan,nan
6365.578,1.545414e-05,0.0,nan,nan,nan
6365.662,1.545531e-05,0.0,nan,nan,nan
6365.745,1.545579e-05,0.0,nan,nan,nan
6365.829,1.545791e-05,0.0,nan,nan,nan
6365.913,1.545563e-05,0.0,nan,nan,nan
6365.998,1.545894e-05,0.0,nan,nan,nan
6366.082,1.545678e-05,0.0,nan,nan,nan
6366.166,1.545908e-05,0.0,nan,nan,nan
6366.25,1.546466e-05,0.0,nan,nan,nan
6366.333,1.546121e-05,0.0,nan,nan,nan
6366.417,1.545481e-05,0.0,nan,nan,nan
6366.501,1.546106e-05,0.0,nan,nan,nan
6366.584,1.546191e-05,0.0,nan,nan,nan
6366.677,1.545431e-05,0.0,nan,nan,nan
6366.76,1.546392e-05,0.0,nan,nan,nan
6366.844,1.545688e-05,0.0,nan,nan,nan
6366.94,1.545944e-05,0.0,nan,nan,nan
6367.023,1.545857e-05,0.0,nan,nan,nan
6367.108,1.545895e-05,0.0,nan,nan,nan
6367.208,1.545567e-05,0.0,nan,nan,nan
6367.295,1.545484e-05,0.0,nan,nan,nan
6367.406,1.545917e-05,0.0,nan,nan,nan
6367.49,1.545637e-05,0.0,nan,nan,nan
6367.592,1.545447e-05,0.0,nan,nan,nan
6367.676,1.546541e-05,0.0,nan,nan,nan
6367.759,1.546713e-05,0.0,nan,nan,nan
6367.843,1.546099e-05,0.0,nan,nan,nan
6367.927,1.546394e-05,0.0,nan,nan,nan
6368.027,1.546424e-05,0.0,nan,nan,nan
6368.116,1.546186e-05,0.0,nan,nan,nan
6368.201,1.546049e-05,0.0,nan,nan,nan
6368.284,1.546047e-05,0.0,nan,nan,nan
6368.368,1.546001e-05,0.0,nan,nan,nan
6368.452,1.545875e-05,0.0,nan,nan,nan
6368.536,1.546267e-05,0.0,nan,nan,nan
6368.633,1.545875e-05,0.0,nan,nan,nan
6368.717,1.545712e-05,0.0,nan,nan,nan
6368.8,1.545732e-05,0.0,nan,nan,nan
6368.883,1.545569e-05,0.0,nan,nan,nan
6368.967,1.545846e-05,0.0,nan,nan,nan
6369.051,1.545829e-05,0.0,nan,nan,nan
6369.135,1.545699e-05,0.0,nan,nan,nan
6369.219,1.545773e-05,0.0,nan,nan,nan
6369.303,1.545559e-05,0.0,nan,nan,nan
6369.387,1.545997e-05,0.0,nan,nan,nan
6369.471,1.545975e-05,0.0,nan,nan,nan
6369.554,1.545852e-05,0.0,nan,nan,nan
6369.655,1.545905e-05,0.0,nan,nan,nan
6369.739,1.546203e-05,0.0,nan,nan,nan
6369.84,1.545722e-05,0.0,nan,nan,nan
6369.924,1.545728e-05,0.0,nan,nan,nan
6370.008,1.546401e-05,0.0,nan,nan,nan
6370.092,1.546055e-05,0.0,nan,nan,nan
6370.176,1.546158e-05,0.0,nan,nan,nan
6370.283,1.545857e-05,0.0,nan,nan,nan
6370.367,1.545747e-05,0.0,nan,nan,nan
6370.467,1.545768e-05,0.0,nan,nan,nan
6370.55,1.546444e-05,0.0,nan,nan,nan
6370.636,1.546348e-05,0.0,nan,nan,nan
6370.737,1.545826e-05,0.0,nan,nan,nan
6370.822,1.546302e-05,0.0,nan,nan,nan
6370.906,1.5456e-05,0.0,nan,nan,nan
6370.989,1.545843e-05,0.0,nan,nan,nan
6371.074,1.546043e-05,0.0,nan,nan,nan
6371.157,1.545706e-05,0.0,nan,nan,nan
6371.242,1.545973e-05,0.0,nan,nan,nan
6371.325,1.546122e-05,0.0,nan,nan,nan
6371.409,1.546326e-05,0.0,nan,nan,nan
6371.494,1.546054e-05,0.0,nan,nan,nan
6371.581,1.545953e-05,0.0,nan,nan,nan
6371.664,1.545702e-05,0.0,nan,nan,nan
6371.748,1.545711e-05,0.0,nan,nan,nan
6371.838,1.545764e-05,0.0,nan,nan,nan
6371.922,1.546043e-05,0.0,nan,nan,nan
6372.008,1.546071e-05,0.0,nan,nan,nan
6372.093,1.546462e-05,0.0,nan,nan,nan
6372.177,1.545992e-05,0.0,nan,nan,nan
6372.26,1.546063e-05,0.0,nan,nan,nan
6372.344,1.546067e-05,0.0,nan,nan,nan
6372.428,1.545892e-05,0.0,nan,nan,nan
6372.516,1.546207e-05,0.0,nan,nan,nan
6372.6,1.546248e-05,0.0,nan,nan,nan
6372.74,1.546136e-05,0.0,nan,nan,nan
6372.823,1.546027e-05,0.0,nan,nan,nan
6372.918,1.545925e-05,0.0,nan,nan,nan
6373.002,1.545923e-05,0.0,nan,nan,nan
6373.085,1.545575e-05,0.0,nan,nan,nan
6373.169,1.545975e-05,0.0,nan,nan,nan
6373.253,1.545732e-05,0.0,nan,nan,nan
6373.336,1.545875e-05,0.0,nan,nan,nan
6373.42,1.545511e-05,0.0,nan,nan,nan
6373.526,1.545847e-05,0.0,nan,nan,nan
6373.609,1.545627e-05,0.0,nan,nan,nan
6373.694,1.545878e-05,0.0,nan,nan,nan
6373.778,1.546064e-05,0.0,nan,nan,nan
6373.862,1.545678e-05,0.0,nan,nan,nan
6373.948,1.545791e-05,0.0,nan,nan,nan
6374.031,1.54577e-05,0.0,nan,nan,nan
6374.133,1.54608e-05,0.0,nan,nan,nan
6374.217,1.545795e-05,0.0,nan,nan,nan
6374.3,1.545807e-05,0.0,nan,nan,nan
6374.384,1.545418e-05,0.0,nan,nan,nan
6374.468,1.546151e-05,0.0,nan,nan,nan
6374.556,1.546013e-05,0.0,nan,nan,nan
6374.64,1.546157e-05,0.0,nan,nan,nan
6374.724,1.545813e-05,0.0,nan,nan,nan
6374.848,1.545966e-05,0.0,nan,nan,nan
6374.952,1.545956e-05,0.0,nan,nan,nan
6375.036,1.545825e-05,0.0,nan,nan,nan
6375.121,1.546072e-05,0.0,nan,nan,nan
6375.205,1.545681e-05,0.0,nan,nan,nan
6375.289,1.54608e-05,0.0,nan,nan,nan
6375.374,1.545878e-05,0.0,nan,nan,nan
6375.466,1.545348e-05,0.0,nan,nan,nan
6375.566,1.545939e-05,0.0,nan,nan,nan
6375.65,1.545593e-05,0.0,nan,nan,nan
6375.733,1.545567e-05,0.0,nan,nan,nan
6375.817,1.545584e-05,0.0,nan,nan,nan
6375.9,1.546249e-05,0.0,nan,nan,nan
6375.994,1.546229e-05,0.0,nan,nan,nan
6376.083,1.545955e-05,0.0,nan,nan,nan
6376.176,1.546105e-05,0.0,nan,nan,nan
6376.26,1.545643e-05,0.0,nan,nan,nan
6376.345,1.545653e-05,0.0,nan,nan,nan
6376.429,1.54543e-05,0.0,nan,nan,nan
6376.513,1.54575e-05,0.0,nan,nan,nan
6376.601,1.545329e-05,0.0,nan,nan,nan
6376.685,1.545392e-05,0.0,nan,nan,nan
6376.784,1.545828e-05,0.0,nan,nan,nan
6376.907,1.545802e-05,0.0,nan,nan,nan
6376.99,1.545558e-05,0.0,nan,nan,nan
6377.074,1.545637e-05,0.0,nan,nan,nan
6377.183,1.545761e-05,0.0,nan,nan,nan
6377.267,1.545673e-05,0.0,nan,nan,nan
6377.351,1.545843e-05,0.0,nan,nan,nan
6377.434,1.546123e-05,0.0,nan,nan,nan
6377.518,1.546094e-05,0.0,nan,nan,nan
6377.612,1.545668e-05,0.0,nan,nan,nan
6377.698,1.545996e-05,0.0,nan,nan,nan
6377.794,1.546179e-05,0.0,nan,nan,nan
6377.877,1.546022e-05,0.0,nan,nan,nan
6377.961,1.546004e-05,0.0,nan,nan,nan
6378.045,1.546117e-05,0.0,nan,nan,nan
6378.128,1.546303e-05,0.0,nan,nan,nan
6378.218,1.546059e-05,0.0,nan,nan,nan
6378.301,1.546301e-05,0.0,nan,nan,nan
6378.385,1.54577e-05,0.0,nan,nan,nan
6378.469,1.545883e-05,0.0,nan,nan,nan
6378.557,1.545755e-05,0.0,nan,nan,nan
6378.641,1.546127e-05,0.0,nan,nan,nan
6378.724,1.546007e-05,0.0,nan,nan,nan
6378.808,1.545992e-05,0.0,nan,nan,nan
6378.892,1.545972e-05,0.0,nan,nan,nan
6378.99,1.546074e-05,0.0,nan,nan,nan
6379.085,1.545704e-05,0.0,nan,nan,nan
6379.172,1.545533e-05,0.0,nan,nan,nan
6379.256,1.545465e-05,0.0,nan,nan,nan
6379.339,1.546151e-05,0.0,nan,nan,nan
6379.423,1.545903e-05,0.0,nan,nan,nan
6379.507,1.545373e-05,0.0,nan,nan,nan
6379.595,1.545816e-05,0.0,nan,nan,nan
6379.679,1.545866e-05,0.0,nan,nan,nan
6379.763,1.54619e-05,0.0,nan,nan,nan
6379.847,1.545698e-05,0.0,nan,nan,nan
6379.931,1.545853e-05,0.0,nan,nan,nan
6380.032,1.545447e-05,0.0,nan,nan,nan
6380.116,1.545742e-05,0.0,nan,nan,nan
6380.2,1.545853e-05,0.0,nan,nan,nan
6380.283,1.546105e-05,0.0,nan,nan,nan
6380.367,1.5457e-05,0.0,nan,nan,nan
6380.456,1.545511e-05,0.0,nan,nan,nan
6380.54,1.545881e-05,0.0,nan,nan,nan
6380.624,1.546093e-05,0.0,nan,nan,nan
6380.708,1.546248e-05,0.0,nan,nan,nan
6380.791,1.546103e-05,0.0,nan,nan,nan
6380.875,1.546341e-05,0.0,nan,nan,nan
6380.961,1.546006e-05,0.0,nan,nan,nan
6381.054,1.546019e-05,0.0,nan,nan,nan
6381.138,1.545927e-05,0.0,nan,nan,nan
6381.222,1.545703e-05,0.0,nan,nan,nan
6381.306,1.545858e-05,0.0,nan,nan,nan
6381.389,1.545844e-05,0.0,nan,nan,nan
6381.478,1.545866e-05,0.0,nan,nan,nan
6381.562,1.545667e-05,0.0,nan,nan,nan
6381.662,1.545958e-05,0.0,nan,nan,nan
6381.745,1.54641e-05,0.0,nan,nan,nan
6381.829,1.546395e-05,0.0,nan,nan,nan
6381.912,1.54624e-05,0.0,nan,nan,nan
6381.996,1.545842e-05,0.0,nan,nan,nan
6382.08,1.545787e-05,0.0,nan,nan,nan
6382.164,1.545842e-05,0.0,nan,nan,nan
6382.254,1.546083e-05,0.0,nan,nan,nan
6382.345,1.54602e-05,0.0,nan,nan,nan
6382.429,1.545762e-05,0.0,nan,nan,nan
6382.512,1.545967e-05,0.0,nan,nan,nan
6382.596,1.545604e-05,0.0,nan,nan,nan
6382.68,1.54588e-05,0.0,nan,nan,nan
6382.79,1.545808e-05,0.0,nan,nan,nan
6382.883,1.546026e-05,0.0,nan,nan,nan
6382.993,1.545756e-05,0.0,nan,nan,nan
6383.133,1.545683e-05,0.0,nan,nan,nan
6383.238,1.545455e-05,0.0,nan,nan,nan
6383.322,1.54638e-05,0.0,nan,nan,nan
6383.405,1.545864e-05,0.0,nan,nan,nan
6383.493,1.546179e-05,0.0,nan,nan,nan
6383.577,1.546207e-05,0.0,nan,nan,nan
6383.665,1.546247e-05,0.0,nan,nan,nan
6383.749,1.545794e-05,0.0,nan,nan,nan
6383.835,1.54611e-05,0.0,nan,nan,nan
6383.919,1.546381e-05,0.0,nan,nan,nan
6384.002,1.546455e-05,0.0,nan,nan,nan
6384.108,1.54599e-05,0.0,nan,nan,nan
6384.195,1.545735e-05,0.0,nan,nan,nan
6384.279,1.545677e-05,0.0,nan,nan,nan
6384.363,1.545955e-05,0.0,nan,nan,nan
6384.451,1.545418e-05,0.0,nan,nan,nan
6384.538,1.545558e-05,0.0,nan,nan,nan
6384.622,1.545827e-05,0.0,nan,nan,nan
6384.724,1.545744e-05,0.0,nan,nan,nan
6384.816,1.545919e-05,0.0,nan,nan,nan
6384.918,1.545605e-05,0.0,nan,nan,nan
6385.002,1.545826e-05,0.0,nan,nan,nan
6385.085,1.545717e-05,0.0,nan,nan,nan
6385.205,1.54595e-05,0.0,nan,nan,nan
6385.291,1.545869e-05,0.0,nan,nan,nan
6385.374,1.545711e-05,0.0,nan,nan,nan
6385.459,1.54579e-05,0.0,nan,nan,nan
6385.549,1.54564e-05,0.0,nan,nan,nan
6385.633,1.545346e-05,0.0,nan,nan,nan
6385.716,1.545037e-05,0.0,nan,nan,nan
6385.8,1.545398e-05,0.0,nan,nan,nan
6385.883,1.545519e-05,0.0,nan,nan,nan
6385.967,1.546024e-05,0.0,nan,nan,nan
6386.05,1.545984e-05,0.0,nan,nan,nan
6386.145,1.545741e-05,0.0,nan,nan,nan
6386.232,1.545873e-05,0.0,nan,nan,nan
6386.316,1.546229e-05,0.0,nan,nan,nan
6386.4,1.545716e-05,0.0,nan,nan,nan
6386.484,1.546098e-05,0.0,nan,nan,nan
6386.568,1.546035e-05,0.0,nan,nan,nan
6386.652,1.545855e-05,0.0,nan,nan,nan
6386.735,1.545993e-05,0.0,nan,nan,nan
6386.819,1.54634e-05,0.0,nan,nan,nan
6386.906,1.545986e-05,0.0,nan,nan,nan
6386.99,1.546106e-05,0.0,nan,nan,nan
6387.077,1.545716e-05,0.0,nan,nan,nan
6387.17,1.54629e-05,0.0,nan,nan,nan
6387.279,1.545786e-05,0.0,nan,nan,nan
6387.362,1.5451e-05,0.0,nan,nan,nan
6387.449,1.545386e-05,0.0,nan,nan,nan
6387.537,1.545888e-05,0.0,nan,nan,nan
6387.623,1.545656e-05,0.0,nan,nan,nan
6387.707,1.545702e-05,0.0,nan,nan,nan
6387.811,1.545845e-05,0.0,nan,nan,nan
6387.895,1.545539e-05,0.0,nan,nan,nan
6387.982,1.54576e-05,0.0,nan,nan,nan
6388.066,1.546038e-05,0.0,nan,nan,nan
6388.172,1.545721e-05,0.0,nan,nan,nan
6388.256,1.546205e-05,0.0,nan,nan,nan
6388.339,1.545595e-05,0.0,nan,nan,nan
6388.423,1.545999e-05,0.0,nan,nan,nan
6388.506,1.546246e-05,0.0,nan,nan,nan
6388.592,1.546117e-05,0.0,nan,nan,nan
6388.677,1.545567e-05,0.0,nan,nan,nan
6388.761,1.545722e-05,0.0,nan,nan,nan
6388.844,1.545812e-05,0.0,nan,nan,nan
6388.932,1.545517e-05,0.0,nan,nan,nan
6389.016,1.545438e-05,0.0,nan,nan,nan
6389.099,1.545943e-05,0.0,nan,nan,nan
6389.188,1.545547e-05,0.0,nan,nan,nan
6389.272,1.545812e-05,0.0,nan,nan,nan
6389.373,1.545783e-05,0.0,nan,nan,nan
6389.461,1.546011e-05,0.0,nan,nan,nan
6389.544,1.545598e-05,0.0,nan,nan,nan
6389.628,1.545202e-05,0.0,nan,nan,nan
6389.715,1.545212e-05,0.0,nan,nan,nan
6389.809,1.545881e-05,0.0,nan,nan,nan
6389.893,1.545598e-05,0.0,nan,nan,nan
6389.981,1.545761e-05,0.0,nan,nan,nan
6390.067,1.545896e-05,0.0,nan,nan,nan
6390.151,1.545866e-05,0.0,nan,nan,nan
6390.235,1.545832e-05,0.0,nan,nan,nan
6390.318,1.546125e-05,0.0,nan,nan,nan
6390.403,1.545827e-05,0.0,nan,nan,nan
6390.492,1.546244e-05,0.0,nan,nan,nan
6390.576,1.545742e-05,0.0,nan,nan,nan
6390.691,1.546049e-05,0.0,nan,nan,nan
6390.775,1.545814e-05,0.0,nan,nan,nan
6390.889,1.545718e-05,0.0,nan,nan,nan
6390.973,1.546128e-05,0.0,nan,nan,nan
6391.057,1.545941e-05,0.0,nan,nan,nan
6391.14,1.546272e-05,0.0,nan,nan,nan
6391.224,1.546399e-05,0.0,nan,nan,nan
6391.31,1.546331e-05,0.0,nan,nan,nan
6391.432,1.546046e-05,0.0,nan,nan,nan
6391.531,1.545934e-05,0.0,nan,nan,nan
6391.622,1.546382e-05,0.0,nan,nan,nan
6391.706,1.546278e-05,0.0,nan,nan,nan
6391.789,1.545999e-05,0.0,nan,nan,nan
6391.873,1.545966e-05,0.0,nan,nan,nan
6391.961,1.545971e-05,0.0,nan,nan,nan
6392.051,1.546089e-05,0.0,nan,nan,nan
6392.135,1.546164e-05,0.0,nan,nan,nan
6392.219,1.546208e-05,0.0,nan,nan,nan
6392.303,1.54612e-05,0.0,nan,nan,nan
6392.386,1.545895e-05,0.0,nan,nan,nan
6392.473,1.545998e-05,0.0,nan,nan,nan
6392.557,1.546358e-05,0.0,nan,nan,nan
6392.656,1.546321e-05,0.0,nan,nan,nan
6392.74,1.546329e-05,0.0,nan,nan,nan
6392.84,1.54577e-05,0.0,nan,nan,nan
6392.924,1.546154e-05,0.0,nan,nan,nan
6393.009,1.54617e-05,0.0,nan,nan,nan
6393.095,1.545948e-05,0.0,nan,nan,nan
6393.181,1.546119e-05,0.0,nan,nan,nan
6393.264,1.546538e-05,0.0,nan,nan,nan
6393.348,1.546387e-05,0.0,nan,nan,nan
6393.432,1.546013e-05,0.0,nan,nan,nan
6393.515,1.54601e-05,0.0,nan,nan,nan
6393.621,1.546281e-05,0.0,nan,nan,nan
6393.717,1.546151e-05,0.0,nan,nan,nan
6393.8,1.545584e-05,0.0,nan,nan,nan
6393.884,1.546226e-05,0.0,nan,nan,nan
6393.967,1.546359e-05,0.0,nan,nan,nan
6394.052,1.546318e-05,0.0,nan,nan,nan
6394.136,1.545971e-05,0.0,nan,nan,nan
6394.219,1.545837e-05,0.0,nan,nan,nan
6394.318,1.546147e-05,0.0,nan,nan,nan
6394.401,1.546132e-05,0.0,nan,nan,nan
6394.485,1.546188e-05,0.0,nan,nan,nan
6394.568,1.546007e-05,0.0,nan,nan,nan
6394.652,1.546112e-05,0.0,nan,nan,nan
6394.735,1.54612e-05,0.0,nan,nan,nan
6394.819,1.54583e-05,0.0,nan,nan,nan
6394.914,1.545885e-05,0.0,nan,nan,nan
6394.998,1.545982e-05,0.0,nan,nan,nan
6395.084,1.546107e-05,0.0,nan,nan,nan
6395.167,1.546308e-05,0.0,nan,nan,nan
6395.251,1.545938e-05,0.0,nan,nan,nan
6395.334,1.545341e-05,0.0,nan,nan,nan
6395.418,1.545847e-05,0.0,nan,nan,nan
6395.501,1.545953e-05,0.0,nan,nan,nan
6395.585,1.545664e-05,0.0,nan,nan,nan
6395.674,1.545841e-05,0.0,nan,nan,nan
6395.758,1.545356e-05,0.0,nan,nan,nan
6395.841,1.546008e-05,0.0,nan,nan,nan
6395.93,1.545587e-05,0.0,nan,nan,nan
6396.013,1.54597e-05,0.0,nan,nan,nan
6396.125,1.545369e-05,0.0,nan,nan,nan
6396.208,1.545291e-05,0.0,nan,nan,nan
6396.292,1.545531e-05,0.0,nan,nan,nan
6396.376,1.545673e-05,0.0,nan,nan,nan
6396.459,1.545707e-05,0.0,nan,nan,nan
6396.545,1.545473e-05,0.0,nan,nan,nan
6396.629,1.545857e-05,0.0,nan,nan,nan
6396.715,1.545794e-05,0.0,nan,nan,nan
6396.798,1.545554e-05,0.0,nan,nan,nan
6396.882,1.545742e-05,0.0,nan,nan,nan
6396.967,1.545576e-05,0.0,nan,nan,nan
6397.051,1.545441e-05,0.0,nan,nan,nan
6397.135,1.545771e-05,0.0,nan,nan,nan
6397.219,1.546022e-05,0.0,nan,nan,nan
6397.302,1.545446e-05,0.0,nan,nan,nan
6397.387,1.545418e-05,0.0,nan,nan,nan
6397.471,1.545824e-05,0.0,nan,nan,nan
6397.555,1.545938e-05,0.0,nan,nan,nan
6397.638,1.545471e-05,0.0,nan,nan,nan
6397.756,1.545676e-05,0.0,nan,nan,nan
6397.845,1.54552e-05,0.0,nan,nan,nan
6397.929,1.546e-05,0.0,nan,nan,nan
6398.031,1.545672e-05,0.0,nan,nan,nan
6398.115,1.546067e-05,0.0,nan,nan,nan
6398.22,1.545796e-05,0.0,nan,nan,nan
6398.303,1.545625e-05,0.0,nan,nan,nan
6398.393,1.546122e-05,0.0,nan,nan,nan
6398.483,1.545539e-05,0.0,nan,nan,nan
6398.567,1.545875e-05,0.0,nan,nan,nan
6398.664,1.545723e-05,0.0,nan,nan,nan
6398.749,1.546139e-05,0.0,nan,nan,nan
6398.833,1.545946e-05,0.0,nan,nan,nan
6398.916,1.545625e-05,0.0,nan,nan,nan
6399.01,1.545922e-05,0.0,nan,nan,nan
6399.094,1.545905e-05,0.0,nan,nan,nan
6399.194,1.546159e-05,0.0,nan,nan,nan
6399.278,1.545688e-05,0.0,nan,nan,nan
6399.361,1.545502e-05,0.0,nan,nan,nan
6399.445,1.545472e-05,0.0,nan,nan,nan
6399.531,1.545738e-05,0.0,nan,nan,nan
6399.615,1.545686e-05,0.0,nan,nan,nan
6399.699,1.546088e-05,0.0,nan,nan,nan
6399.789,1.545866e-05,0.0,nan,nan,nan
6399.873,1.546103e-05,0.0,nan,nan,nan
6399.956,1.546257e-05,0.0,nan,nan,nan
6400.043,1.545487e-05,0.0,nan,nan,nan
6400.131,1.545418e-05,0.0,nan,nan,nan
6400.231,1.545734e-05,0.0,nan,nan,nan
6400.315,1.545695e-05,0.0,nan,nan,nan
6400.401,1.545524e-05,0.0,nan,nan,nan
6400.484,1.545663e-05,0.0,nan,nan,nan
6400.569,1.545755e-05,0.0,nan,nan,nan
6400.652,1.545961e-05,0.0,nan,nan,nan
6400.736,1.545605e-05,0.0,nan,nan,nan
6400.826,1.545474e-05,0.0,nan,nan,nan
6400.909,1.545751e-05,0.0,nan,nan,nan
6401.02,1.546189e-05,0.0,nan,nan,nan
6401.104,1.546042e-05,0.0,nan,nan,nan
6401.189,1.546353e-05,0.0,nan,nan,nan
6401.272,1.545918e-05,0.0,nan,nan,nan
6401.356,1.54582e-05,0.0,nan,nan,nan
6401.447,1.545841e-05,0.0,nan,nan,nan
6401.531,1.545621e-05,0.0,nan,nan,nan
6401.615,1.545236e-05,0.0,nan,nan,nan
6401.699,1.545479e-05,0.0,nan,nan,nan
6401.782,1.545537e-05,0.0,nan,nan,nan
6401.9,1.545698e-05,0.0,nan,nan,nan
6401.984,1.545372e-05,0.0,nan,nan,nan
6402.068,1.54521e-05,0.0,nan,nan,nan
6402.152,1.545513e-05,0.0,nan,nan,nan
6402.251,1.545585e-05,0.0,nan,nan,nan
6402.334,1.545791e-05,0.0,nan,nan,nan
6402.442,1.546012e-05,0.0,nan,nan,nan
6402.526,1.5454e-05,0.0,nan,nan,nan
6402.609,1.545497e-05,0.0,nan,nan,nan
6402.692,1.545371e-05,0.0,nan,nan,nan
6402.777,1.545167e-05,0.0,nan,nan,nan
6402.866,1.545849e-05,0.0,nan,nan,nan
6402.95,1.54591e-05,0.0,nan,nan,nan
6403.054,1.545412e-05,0.0,nan,nan,nan
6403.137,1.545731e-05,0.0,nan,nan,nan
6403.222,1.545664e-05,0.0,nan,nan,nan
6403.306,1.545997e-05,0.0,nan,nan,nan
6403.389,1.545833e-05,0.0,nan,nan,nan
6403.483,1.545737e-05,0.0,nan,nan,nan
6403.567,1.546172e-05,0.0,nan,nan,nan
6403.651,1.545787e-05,0.0,nan,nan,nan
6403.735,1.545691e-05,0.0,nan,nan,nan
6403.819,1.545764e-05,0.0,nan,nan,nan
6403.902,1.545595e-05,0.0,nan,nan,nan
6403.986,1.545814e-05,0.0,nan,nan,nan
6404.069,1.545852e-05,0.0,nan,nan,nan
6404.153,1.545811e-05,0.0,nan,nan,nan
6404.237,1.545858e-05,0.0,nan,nan,nan
6404.321,1.545734e-05,0.0,nan,nan,nan
6404.405,1.545695e-05,0.0,nan,nan,nan
6404.501,1.545554e-05,0.0,nan,nan,nan
6404.584,1.545238e-05,0.0,nan,nan,nan
6404.683,1.545466e-05,0.0,nan,nan,nan
6404.766,1.54593e-05,0.0,nan,nan,nan
6404.85,1.545738e-05,0.0,nan,nan,nan
6404.934,1.545791e-05,0.0,nan,nan,nan
6405.017,1.54574e-05,0.0,nan,nan,nan
6405.103,1.545597e-05,0.0,nan,nan,nan
6405.186,1.545837e-05,0.0,nan,nan,nan
6405.29,1.545325e-05,0.0,nan,nan,nan
6405.374,1.545846e-05,0.0,nan,nan,nan
6405.459,1.545387e-05,0.0,nan,nan,nan
6405.543,1.545447e-05,0.0,nan,nan,nan
6405.627,1.545305e-05,0.0,nan,nan,nan
6405.711,1.545623e-05,0.0,nan,nan,nan
6405.795,1.545327e-05,0.0,nan,nan,nan
6405.901,1.544756e-05,0.0,nan,nan,nan
6406.023,1.545474e-05,0.0,nan,nan,nan
6406.106,1.545693e-05,0.0,nan,nan,nan
6406.19,1.545517e-05,0.0,nan,nan,nan
6406.276,1.545684e-05,0.0,nan,nan,nan
6406.36,1.545363e-05,0.0,nan,nan,nan
6406.45,1.545737e-05,0.0,nan,nan,nan
6406.533,1.545606e-05,0.0,nan,nan,nan
6406.617,1.545135e-05,0.0,nan,nan,nan
6406.726,1.545498e-05,0.0,nan,nan,nan
6406.812,1.545303e-05,0.0,nan,nan,nan
6406.895,1.545514e-05,0.0,nan,nan,nan
6406.979,1.545601e-05,0.0,nan,nan,nan
6407.063,1.545485e-05,0.0,nan,nan,nan
6407.147,1.545495e-05,0.0,nan,nan,nan
6407.23,1.545635e-05,0.0,nan,nan,nan
6407.32,1.545263e-05,0.0,nan,nan,nan
6407.403,1.545657e-05,0.0,nan,nan,nan
6407.508,1.54584e-05,0.0,nan,nan,nan
6407.591,1.545682e-05,0.0,nan,nan,nan
6407.675,1.545557e-05,0.0,nan,nan,nan
6407.758,1.545508e-05,0.0,nan,nan,nan
6407.845,1.545814e-05,0.0,nan,nan,nan
6407.944,1.545391e-05,0.0,nan,nan,nan
6408.029,1.5455e-05,0.0,nan,nan,nan
6408.113,1.54536e-05,0.0,nan,nan,nan
6408.197,1.545883e-05,0.0,nan,nan,nan
6408.286,1.545312e-05,0.0,nan,nan,nan
6408.37,1.54556e-05,0.0,nan,nan,nan
6408.453,1.545895e-05,0.0,nan,nan,nan
6408.54,1.545544e-05,0.0,nan,nan,nan
6408.624,1.545666e-05,0.0,nan,nan,nan
6408.714,1.544996e-05,0.0,nan,nan,nan
6408.804,1.545625e-05,0.0,nan,nan,nan
6408.888,1.545279e-05,0.0,nan,nan,nan
6408.99,1.54569e-05,0.0,nan,nan,nan
6409.077,1.54565e-05,0.0,nan,nan,nan
6409.189,1.546078e-05,0.0,nan,nan,nan
6409.273,1.545714e-05,0.0,nan,nan,nan
6409.376,1.545172e-05,0.0,nan,nan,nan
6409.462,1.545255e-05,0.0,nan,nan,nan
6409.547,1.545563e-05,0.0,nan,nan,nan
6409.63,1.54553e-05,0.0,nan,nan,nan
6409.714,1.545748e-05,0.0,nan,nan,nan
6409.798,1.545695e-05,0.0,nan,nan,nan
6409.882,1.545002e-05,0.0,nan,nan,nan
6409.966,1.545681e-05,0.0,nan,nan,nan
6410.05,1.545338e-05,0.0,nan,nan,nan
6410.159,1.545648e-05,0.0,nan,nan,nan
6410.248,1.545443e-05,0.0,nan,nan,nan
6410.333,1.545664e-05,0.0,nan,nan,nan
6410.417,1.545615e-05,0.0,nan,nan,nan
6410.501,1.545763e-05,0.0,nan,nan,nan
6410.607,1.545221e-05,0.0,nan,nan,nan
6410.691,1.54553e-05,0.0,nan,nan,nan
6410.801,1.545603e-05,0.0,nan,nan,nan
6410.884,1.545716e-05,0.0,nan,nan,nan
6410.982,1.545439e-05,0.0,nan,nan,nan
6411.065,1.545241e-05,0.0,nan,nan,nan
6411.152,1.545261e-05,0.0,nan,nan,nan
6411.235,1.545438e-05,0.0,nan,nan,nan
6411.321,1.545738e-05,0.0,nan,nan,nan
6411.408,1.545953e-05,0.0,nan,nan,nan
6411.496,1.54571e-05,0.0,nan,nan,nan
6411.58,1.545589e-05,0.0,nan,nan,nan
6411.664,1.545856e-05,0.0,nan,nan,nan
6411.748,1.546173e-05,0.0,nan,nan,nan
6411.831,1.545803e-05,0.0,nan,nan,nan
6411.916,1.545869e-05,0.0,nan,nan,nan
6412.018,1.545407e-05,0.0,nan,nan,nan
6412.102,1.545647e-05,0.0,nan,nan,nan
6412.223,1.54576e-05,0.0,nan,nan,nan
6412.306,1.545392e-05,0.0,nan,nan,nan
6412.39,1.545972e-05,0.0,nan,nan,nan
6412.474,1.545523e-05,0.0,nan,nan,nan
6412.558,1.545776e-05,0.0,nan,nan,nan
6412.642,1.545513e-05,0.0,nan,nan,nan
6412.727,1.545363e-05,0.0,nan,nan,nan
6412.83,1.545718e-05,0.0,nan,nan,nan
6412.914,1.545483e-05,0.0,nan,nan,nan
6413.019,1.54574e-05,0.0,nan,nan,nan
6413.102,1.545314e-05,0.0,nan,nan,nan
6413.187,1.545212e-05,0.0,nan,nan,nan
6413.27,1.545718e-05,0.0,nan,nan,nan
6413.354,1.545344e-05,0.0,nan,nan,nan
6413.442,1.545558e-05,0.0,nan,nan,nan
6413.527,1.545364e-05,0.0,nan,nan,nan
6413.626,1.545427e-05,0.0,nan,nan,nan
6413.71,1.545716e-05,0.0,nan,nan,nan
6413.793,1.545843e-05,0.0,nan,nan,nan
6413.877,1.545629e-05,0.0,nan,nan,nan
6413.962,1.545636e-05,0.0,nan,nan,nan
6414.049,1.545658e-05,0.0,nan,nan,nan
6414.132,1.545386e-05,0.0,nan,nan,nan
6414.255,1.545366e-05,0.0,nan,nan,nan
6414.339,1.544981e-05,0.0,nan,nan,nan
6414.422,1.545572e-05,0.0,nan,nan,nan
6414.506,1.545245e-05,0.0,nan,nan,nan
6414.59,1.545387e-05,0.0,nan,nan,nan
6414.673,1.545361e-05,0.0,nan,nan,nan
6414.759,1.544867e-05,0.0,nan,nan,nan
6414.858,1.545242e-05,0.0,nan,nan,nan
6414.942,1.545123e-05,0.0,nan,nan,nan
6415.027,1.545237e-05,0.0,nan,nan,nan
6415.11,1.545077e-05,0.0,nan,nan,nan
6415.195,1.544922e-05,0.0,nan,nan,nan
6415.279,1.545211e-05,0.0,nan,nan,nan
6415.365,1.545386e-05,0.0,nan,nan,nan
6415.469,1.545598e-05,0.0,nan,nan,nan
6415.553,1.545235e-05,0.0,nan,nan,nan
6415.662,1.545469e-05,0.0,nan,nan,nan
6415.745,1.545233e-05,0.0,nan,nan,nan
6415.829,1.545553e-05,0.0,nan,nan,nan
6415.913,1.545231e-05,0.0,nan,nan,nan
6416.0,1.545505e-05,0.0,nan,nan,nan
6416.083,1.545197e-05,0.0,nan,nan,nan
6416.167,1.545595e-05,0.0,nan,nan,nan
6416.251,1.545537e-05,0.0,nan,nan,nan
6416.366,1.545391e-05,0.0,nan,nan,nan
6416.474,1.545208e-05,0.0,nan,nan,nan
6416.558,1.545554e-05,0.0,nan,nan,nan
6416.641,1.545773e-05,0.0,nan,nan,nan
6416.725,1.54538e-05,0.0,nan,nan,nan
6416.814,1.545545e-05,0.0,nan,nan,nan
6416.898,1.545392e-05,0.0,nan,nan,nan
6416.981,1.545494e-05,0.0,nan,nan,nan
6417.065,1.545407e-05,0.0,nan,nan,nan
6417.148,1.54525e-05,0.0,nan,nan,nan
6417.233,1.545919e-05,0.0,nan,nan,nan
6417.316,1.545411e-05,0.0,nan,nan,nan
6417.4,1.545354e-05,0.0,nan,nan,nan
6417.485,1.545361e-05,0.0,nan,nan,nan
6417.568,1.545227e-05,0.0,nan,nan,nan
6417.653,1.545216e-05,0.0,nan,nan,nan
6417.737,1.545074e-05,0.0,nan,nan,nan
6417.821,1.544512e-05,0.0,nan,nan,nan
6417.904,1.544842e-05,0.0,nan,nan,nan
6417.988,1.544757e-05,0.0,nan,nan,nan
6418.072,1.544887e-05,0.0,nan,nan,nan
6418.156,1.544966e-05,0.0,nan,nan,nan
6418.239,1.545037e-05,0.0,nan,nan,nan
6418.323,1.54466e-05,0.0,nan,nan,nan
6418.423,1.545108e-05,0.0,nan,nan,nan
6418.509,1.545452e-05,0.0,nan,nan,nan
6418.593,1.545009e-05,0.0,nan,nan,nan
6418.676,1.54522e-05,0.0,nan,nan,nan
6418.76,1.545309e-05,0.0,nan,nan,nan
6418.844,1.545478e-05,0.0,nan,nan,nan
6418.932,1.545424e-05,0.0,nan,nan,nan
6419.016,1.545412e-05,0.0,nan,nan,nan
6419.1,1.545407e-05,0.0,nan,nan,nan
6419.183,1.545598e-05,0.0,nan,nan,nan
6419.268,1.545456e-05,0.0,nan,nan,nan
6419.352,1.545473e-05,0.0,nan,nan,nan
6419.435,1.545862e-05,0.0,nan,nan,nan
6419.519,1.545604e-05,0.0,nan,nan,nan
6419.603,1.545349e-05,0.0,nan,nan,nan
6419.691,1.54568e-05,0.0,nan,nan,nan
6419.774,1.545528e-05,0.0,nan,nan,nan
6419.859,1.545704e-05,0.0,nan,nan,nan
6419.945,1.545707e-05,0.0,nan,nan,nan
6420.029,1.545485e-05,0.0,nan,nan,nan
6420.115,1.545209e-05,0.0,nan,nan,nan
6420.198,1.545375e-05,0.0,nan,nan,nan
6420.281,1.54518e-05,0.0,nan,nan,nan
6420.368,1.545397e-05,0.0,nan,nan,nan
6420.452,1.545479e-05,0.0,nan,nan,nan
6420.538,1.545878e-05,0.0,nan,nan,nan
6420.621,1.545601e-05,0.0,nan,nan,nan
6420.707,1.54551e-05,0.0,nan,nan,nan
6420.79,1.545535e-05,0.0,nan,nan,nan
6420.876,1.545943e-05,0.0,nan,nan,nan
6420.976,1.545681e-05,0.0,nan,nan,nan
6421.062,1.54627e-05,0.0,nan,nan,nan
6421.145,1.545723e-05,0.0,nan,nan,nan
6421.229,1.54549e-05,0.0,nan,nan,nan
6421.318,1.545055e-05,0.0,nan,nan,nan
6421.401,1.545529e-05,0.0,nan,nan,nan
6421.485,1.545471e-05,0.0,nan,nan,nan
6421.583,1.545758e-05,0.0,nan,nan,nan
6421.666,1.545646e-05,0.0,nan,nan,nan
6421.751,1.546191e-05,0.0,nan,nan,nan
6421.834,1.545945e-05,0.0,nan,nan,nan
6421.918,1.545533e-05,0.0,nan,nan,nan
6422.002,1.545652e-05,0.0,nan,nan,nan
6422.085,1.545414e-05,0.0,nan,nan,nan
6422.19,1.545548e-05,0.0,nan,nan,nan
6422.274,1.545227e-05,0.0,nan,nan,nan
6422.372,1.545571e-05,0.0,nan,nan,nan
6422.456,1.545639e-05,0.0,nan,nan,nan
6422.548,1.54581e-05,0.0,nan,nan,nan
6422.646,1.54556e-05,0.0,nan,nan,nan
6422.73,1.545774e-05,0.0,nan,nan,nan
6422.816,1.545642e-05,0.0,nan,nan,nan
6422.9,1.545296e-05,0.0,nan,nan,nan
6422.984,1.545671e-05,0.0,nan,nan,nan
6423.068,1.545495e-05,0.0,nan,nan,nan
6423.151,1.545705e-05,0.0,nan,nan,nan
6423.235,1.545559e-05,0.0,nan,nan,nan
6423.318,1.5459e-05,0.0,nan,nan,nan
6423.402,1.545747e-05,0.0,nan,nan,nan
6423.486,1.545838e-05,0.0,nan,nan,nan
6423.591,1.545537e-05,0.0,nan,nan,nan
6423.674,1.545931e-05,0.0,nan,nan,nan
6423.758,1.545716e-05,0.0,nan,nan,nan
6423.841,1.546063e-05,0.0,nan,nan,nan
6423.925,1.546342e-05,0.0,nan,nan,nan
6424.033,1.54556e-05,0.0,nan,nan,nan
6424.117,1.546008e-05,0.0,nan,nan,nan
6424.201,1.546262e-05,0.0,nan,nan,nan
6424.284,1.545828e-05,0.0,nan,nan,nan
6424.368,1.546091e-05,0.0,nan,nan,nan
6424.452,1.545942e-05,0.0,nan,nan,nan
6424.536,1.545957e-05,0.0,nan,nan,nan
6424.625,1.546054e-05,0.0,nan,nan,nan
6424.708,1.545846e-05,0.0,nan,nan,nan
6424.792,1.545893e-05,0.0,nan,nan,nan
6424.875,1.546031e-05,0.0,nan,nan,nan
6424.959,1.546258e-05,0.0,nan,nan,nan
6425.042,1.546293e-05,0.0,nan,nan,nan
6425.128,1.546245e-05,0.0,nan,nan,nan
6425.211,1.545815e-05,0.0,nan,nan,nan
6425.295,1.546079e-05,0.0,nan,nan,nan
6425.379,1.54622e-05,0.0,nan,nan,nan
6425.463,1.546337e-05,0.0,nan,nan,nan
6425.547,1.546187e-05,0.0,nan,nan,nan
6425.649,1.546109e-05,0.0,nan,nan,nan
6425.733,1.546119e-05,0.0,nan,nan,nan
6425.816,1.546295e-05,0.0,nan,nan,nan
6425.9,1.54634e-05,0.0,nan,nan,nan
6425.983,1.545705e-05,0.0,nan,nan,nan
6426.067,1.546156e-05,0.0,nan,nan,nan
6426.151,1.546012e-05,0.0,nan,nan,nan
6426.26,1.545899e-05,0.0,nan,nan,nan
6426.343,1.546062e-05,0.0,nan,nan,nan
6426.427,1.545919e-05,0.0,nan,nan,nan
6426.517,1.546134e-05,0.0,nan,nan,nan
6426.602,1.545915e-05,0.0,nan,nan,nan
6426.722,1.545716e-05,0.0,nan,nan,nan
6426.806,1.545903e-05,0.0,nan,nan,nan
6426.893,1.545994e-05,0.0,nan,nan,nan
6426.977,1.546187e-05,0.0,nan,nan,nan
6427.06,1.546296e-05,0.0,nan,nan,nan
6427.144,1.546359e-05,0.0,nan,nan,nan
6427.227,1.546223e-05,0.0,nan,nan,nan
6427.322,1.546319e-05,0.0,nan,nan,nan
6427.405,1.546075e-05,0.0,nan,nan,nan
6427.489,1.54575e-05,0.0,nan,nan,nan
6427.573,1.546029e-05,0.0,nan,nan,nan
6427.657,1.545745e-05,0.0,nan,nan,nan
6427.74,1.54588e-05,0.0,nan,nan,nan
6427.824,1.545647e-05,0.0,nan,nan,nan
6427.907,1.545659e-05,0.0,nan,nan,nan
6427.991,1.545825e-05,0.0,nan,nan,nan
6428.09,1.545473e-05,0.0,nan,nan,nan
6428.173,1.546057e-05,0.0,nan,nan,nan
6428.257,1.545647e-05,0.0,nan,nan,nan
6428.341,1.545779e-05,0.0,nan,nan,nan
6428.428,1.545954e-05,0.0,nan,nan,nan
6428.531,1.545707e-05,0.0,nan,nan,nan
6428.614,1.545823e-05,0.0,nan,nan,nan
6428.698,1.546146e-05,0.0,nan,nan,nan
6428.82,1.545573e-05,0.0,nan,nan,nan
6428.905,1.545947e-05,0.0,nan,nan,nan
6428.993,1.545814e-05,0.0,nan,nan,nan
6429.1,1.545969e-05,0.0,nan,nan,nan
6429.184,1.545755e-05,0.0,nan,nan,nan
6429.268,1.545525e-05,0.0,nan,nan,nan
6429.351,1.546267e-05,0.0,nan,nan,nan
6429.435,1.545673e-05,0.0,nan,nan,nan
6429.527,1.545836e-05,0.0,nan,nan,nan
6429.611,1.545833e-05,0.0,nan,nan,nan
6429.695,1.545337e-05,0.0,nan,nan,nan
6429.779,1.545348e-05,0.0,nan,nan,nan
6429.863,1.545713e-05,0.0,nan,nan,nan
6429.957,1.545875e-05,0.0,nan,nan,nan
6430.041,1.54577e-05,0.0,nan,nan,nan
6430.124,1.545816e-05,0.0,nan,nan,nan
6430.207,1.545744e-05,0.0,nan,nan,nan
6430.291,1.546389e-05,0.0,nan,nan,nan
6430.375,1.546113e-05,0.0,nan,nan,nan
6430.459,1.545802e-05,0.0,nan,nan,nan
6430.557,1.546324e-05,0.0,nan,nan,nan
6430.64,1.546338e-05,0.0,nan,nan,nan
6430.75,1.546157e-05,0.0,nan,nan,nan
6430.834,1.546152e-05,0.0,nan,nan,nan
6430.954,1.546103e-05,0.0,nan,nan,nan
6431.04,1.546518e-05,0.0,nan,nan,nan
6431.123,1.546028e-05,0.0,nan,nan,nan
6431.207,1.546453e-05,0.0,nan,nan,nan
6431.291,1.546346e-05,0.0,nan,nan,nan
6431.374,1.546332e-05,0.0,nan,nan,nan
6431.461,1.545894e-05,0.0,nan,nan,nan
6431.56,1.546005e-05,0.0,nan,nan,nan
6431.644,1.546076e-05,0.0,nan,nan,nan
6431.727,1.546231e-05,0.0,nan,nan,nan
6431.811,1.545908e-05,0.0,nan,nan,nan
6431.895,1.54652e-05,0.0,nan,nan,nan
6431.979,1.546067e-05,0.0,nan,nan,nan
6432.066,1.546059e-05,0.0,nan,nan,nan
6432.16,1.546474e-05,0.0,nan,nan,nan
6432.244,1.546092e-05,0.0,nan,nan,nan
6432.327,1.545956e-05,0.0,nan,nan,nan
6432.411,1.546141e-05,0.0,nan,nan,nan
6432.495,1.546574e-05,0.0,nan,nan,nan
6432.579,1.546457e-05,0.0,nan,nan,nan
6432.663,1.546765e-05,0.0,nan,nan,nan
6432.765,1.546453e-05,0.0,nan,nan,nan
6432.848,1.546503e-05,0.0,nan,nan,nan
6432.934,1.546489e-05,0.0,nan,nan,nan
6433.036,1.54606e-05,0.0,nan,nan,nan
6433.12,1.546339e-05,0.0,nan,nan,nan
6433.207,1.546331e-05,0.0,nan,nan,nan
6433.295,1.546302e-05,0.0,nan,nan,nan
6433.383,1.546358e-05,0.0,nan,nan,nan
6433.467,1.546198e-05,0.0,nan,nan,nan
6433.55,1.546133e-05,0.0,nan,nan,nan
6433.634,1.54662e-05,0.0,nan,nan,nan
6433.717,1.546165e-05,0.0,nan,nan,nan
6433.807,1.546274e-05,0.0,nan,nan,nan
6433.89,1.545971e-05,0.0,nan,nan,nan
6433.974,1.545815e-05,0.0,nan,nan,nan
6434.057,1.546178e-05,0.0,nan,nan,nan
6434.141,1.54619e-05,0.0,nan,nan,nan
6434.232,1.545871e-05,0.0,nan,nan,nan
6434.316,1.546031e-05,0.0,nan,nan,nan
6434.4,1.546208e-05,0.0,nan,nan,nan
6434.483,1.545828e-05,0.0,nan,nan,nan
6434.567,1.546148e-05,0.0,nan,nan,nan
6434.651,1.545947e-05,0.0,nan,nan,nan
6434.734,1.546122e-05,0.0,nan,nan,nan
6434.826,1.546307e-05,0.0,nan,nan,nan
6434.91,1.546219e-05,0.0,nan,nan,nan
6434.996,1.546393e-05,0.0,nan,nan,nan
6435.1,1.546374e-05,0.0,nan,nan,nan
6435.184,1.546024e-05,0.0,nan,nan,nan
6435.268,1.54601e-05,0.0,nan,nan,nan
6435.352,1.546119e-05,0.0,nan,nan,nan
6435.442,1.546154e-05,0.0,nan,nan,nan
6435.526,1.545917e-05,0.0,nan,nan,nan
6435.612,1.54607e-05,0.0,nan,nan,nan
6435.696,1.546082e-05,0.0,nan,nan,nan
6435.779,1.546028e-05,0.0,nan,nan,nan
6435.863,1.546249e-05,0.0,nan,nan,nan
6435.948,1.545848e-05,0.0,nan,nan,nan
6436.031,1.545862e-05,0.0,nan,nan,nan
6436.114,1.545745e-05,0.0,nan,nan,nan
6436.2,1.545788e-05,0.0,nan,nan,nan
6436.284,1.545898e-05,0.0,nan,nan,nan
6436.367,1.546256e-05,0.0,nan,nan,nan
6436.475,1.546385e-05,0.0,nan,nan,nan
6436.559,1.546122e-05,0.0,nan,nan,nan
6436.668,1.546036e-05,0.0,nan,nan,nan
6436.752,1.545781e-05,0.0,nan,nan,nan
6436.859,1.545945e-05,0.0,nan,nan,nan
6436.943,1.545863e-05,0.0,nan,nan,nan
6437.027,1.54624e-05,0.0,nan,nan,nan
6437.141,1.546705e-05,0.0,nan,nan,nan
6437.225,1.546537e-05,0.0,nan,nan,nan
6437.309,1.546171e-05,0.0,nan,nan,nan
6437.392,1.546009e-05,0.0,nan,nan,nan
6437.491,1.546019e-05,0.0,nan,nan,nan
6437.575,1.546302e-05,0.0,nan,nan,nan
6437.659,1.546615e-05,0.0,nan,nan,nan
6437.742,1.546598e-05,0.0,nan,nan,nan
6437.826,1.546301e-05,0.0,nan,nan,nan
6437.909,1.546267e-05,0.0,nan,nan,nan
6437.993,1.545975e-05,0.0,nan,nan,nan
6438.077,1.546366e-05,0.0,nan,nan,nan
6438.16,1.546372e-05,0.0,nan,nan,nan
6438.244,1.546078e-05,0.0,nan,nan,nan
6438.327,1.545907e-05,0.0,nan,nan,nan
6438.416,1.545928e-05,0.0,nan,nan,nan
6438.511,1.545794e-05,0.0,nan,nan,nan
6438.595,1.545609e-05,0.0,nan,nan,nan
6438.679,1.546307e-05,0.0,nan,nan,nan
6438.763,1.546346e-05,0.0,nan,nan,nan
6438.848,1.546389e-05,0.0,nan,nan,nan
6438.934,1.546171e-05,0.0,nan,nan,nan
6439.018,1.546096e-05,0.0,nan,nan,nan
6439.123,1.545908e-05,0.0,nan,nan,nan
6439.215,1.546077e-05,0.0,nan,nan,nan
6439.298,1.546433e-05,0.0,nan,nan,nan
6439.382,1.546199e-05,0.0,nan,nan,nan
6439.465,1.546033e-05,0.0,nan,nan,nan
6439.549,1.546179e-05,0.0,nan,nan,nan
6439.634,1.546472e-05,0.0,nan,nan,nan
6439.731,1.546396e-05,0.0,nan,nan,nan
6439.815,1.546041e-05,0.0,nan,nan,nan
6439.898,1.546239e-05,0.0,nan,nan,nan
6439.982,1.546285e-05,0.0,nan,nan,nan
6440.066,1.546044e-05,0.0,nan,nan,nan
6440.149,1.545921e-05,0.0,nan,nan,nan
6440.233,1.545988e-05,0.0,nan,nan,nan
6440.316,1.546367e-05,0.0,nan,nan,nan
6440.4,1.546224e-05,0.0,nan,nan,nan
6440.483,1.546042e-05,0.0,nan,nan,nan
6440.569,1.545691e-05,0.0,nan,nan,nan
6440.653,1.545933e-05,0.0,nan,nan,nan
6440.737,1.545729e-05,0.0,nan,nan,nan
6440.821,1.545947e-05,0.0,nan,nan,nan
6440.909,1.545485e-05,0.0,nan,nan,nan
6440.992,1.545985e-05,0.0,nan,nan,nan
6441.076,1.545617e-05,0.0,nan,nan,nan
6441.179,1.546158e-05,0.0,nan,nan,nan
6441.296,1.545616e-05,0.0,nan,nan,nan
6441.399,1.54609e-05,0.0,nan,nan,nan
6441.483,1.545948e-05,0.0,nan,nan,nan
6441.567,1.546151e-05,0.0,nan,nan,nan
6441.65,1.545813e-05,0.0,nan,nan,nan
6441.734,1.545762e-05,0.0,nan,nan,nan
6441.818,1.545989e-05,0.0,nan,nan,nan
6441.901,1.545648e-05,0.0,nan,nan,nan
6441.998,1.545585e-05,0.0,nan,nan,nan
6442.082,1.545782e-05,0.0,nan,nan,nan
6442.166,1.545602e-05,0.0,nan,nan,nan
6442.249,1.545402e-05,0.0,nan,nan,nan
6442.333,1.545421e-05,0.0,nan,nan,nan
6442.417,1.545609e-05,0.0,nan,nan,nan
6442.501,1.545643e-05,0.0,nan,nan,nan
6442.608,1.545437e-05,0.0,nan,nan,nan
6442.695,1.545724e-05,0.0,nan,nan,nan
6442.779,1.545939e-05,0.0,nan,nan,nan
6442.863,1.545916e-05,0.0,nan,nan,nan
6442.946,1.545618e-05,0.0,nan,nan,nan
6443.03,1.546346e-05,0.0,nan,nan,nan
6443.114,1.545771e-05,0.0,nan,nan,nan
6443.198,1.54594e-05,0.0,nan,nan,nan
6443.282,1.546368e-05,0.0,nan,nan,nan
6443.37,1.546378e-05,0.0,nan,nan,nan
6443.467,1.545836e-05,0.0,nan,nan,nan
6443.551,1.546016e-05,0.0,nan,nan,nan
6443.634,1.546018e-05,0.0,nan,nan,nan
6443.718,1.546283e-05,0.0,nan,nan,nan
6443.821,1.546055e-05,0.0,nan,nan,nan
6443.904,1.546395e-05,0.0,nan,nan,nan
6444.01,1.546484e-05,0.0,nan,nan,nan
6444.094,1.545968e-05,0.0,nan,nan,nan
6444.177,1.546498e-05,0.0,nan,nan,nan
6444.261,1.546118e-05,0.0,nan,nan,nan
6444.345,1.546261e-05,0.0,nan,nan,nan
6444.429,1.545917e-05,0.0,nan,nan,nan
6444.512,1.546123e-05,0.0,nan,nan,nan
6444.618,1.545837e-05,0.0,nan,nan,nan
6444.702,1.545692e-05,0.0,nan,nan,nan
6444.785,1.54598e-05,0.0,nan,nan,nan
6444.869,1.546293e-05,0.0,nan,nan,nan
6444.953,1.545875e-05,0.0,nan,nan,nan
6445.037,1.545765e-05,0.0,nan,nan,nan
6445.121,1.546023e-05,0.0,nan,nan,nan
6445.206,1.545781e-05,0.0,nan,nan,nan
6445.289,1.545579e-05,0.0,nan,nan,nan
6445.373,1.54579e-05,0.0,nan,nan,nan
6445.457,1.545813e-05,0.0,nan,nan,nan
6445.544,1.546142e-05,0.0,nan,nan,nan
6445.627,1.54585e-05,0.0,nan,nan,nan
6445.711,1.545835e-05,0.0,nan,nan,nan
6445.796,1.545654e-05,0.0,nan,nan,nan
6445.88,1.54614e-05,0.0,nan,nan,nan
6445.964,1.54595e-05,0.0,nan,nan,nan
6446.068,1.546021e-05,0.0,nan,nan,nan
6446.152,1.545644e-05,0.0,nan,nan,nan
6446.236,1.545733e-05,0.0,nan,nan,nan
6446.32,1.546226e-05,0.0,nan,nan,nan
6446.403,1.545902e-05,0.0,nan,nan,nan
6446.487,1.546284e-05,0.0,nan,nan,nan
6446.571,1.545794e-05,0.0,nan,nan,nan
6446.677,1.545762e-05,0.0,nan,nan,nan
6446.765,1.545877e-05,0.0,nan,nan,nan
6446.856,1.545527e-05,0.0,nan,nan,nan
6446.941,1.545326e-05,0.0,nan,nan,nan
6447.024,1.545436e-05,0.0,nan,nan,nan
6447.108,1.545888e-05,0.0,nan,nan,nan
6447.192,1.545707e-05,0.0,nan,nan,nan
6447.293,1.545287e-05,0.0,nan,nan,nan
6447.382,1.545751e-05,0.0,nan,nan,nan
6447.493,1.545786e-05,0.0,nan,nan,nan
6447.58,1.545576e-05,0.0,nan,nan,nan
6447.681,1.545728e-05,0.0,nan,nan,nan
6447.765,1.545802e-05,0.0,nan,nan,nan
6447.848,1.545879e-05,0.0,nan,nan,nan
6447.932,1.54609e-05,0.0,nan,nan,nan
6448.017,1.545827e-05,0.0,nan,nan,nan
6448.101,1.54599e-05,0.0,nan,nan,nan
6448.185,1.545409e-05,0.0,nan,nan,nan
6448.268,1.545536e-05,0.0,nan,nan,nan
6448.352,1.545678e-05,0.0,nan,nan,nan
6448.441,1.54534e-05,0.0,nan,nan,nan
6448.526,1.545884e-05,0.0,nan,nan,nan
6448.612,1.545936e-05,0.0,nan,nan,nan
6448.713,1.54578e-05,0.0,nan,nan,nan
6448.8,1.54589e-05,0.0,nan,nan,nan
6448.883,1.546176e-05,0.0,nan,nan,nan
6448.967,1.546253e-05,0.0,nan,nan,nan
6449.05,1.545828e-05,0.0,nan,nan,nan
6449.134,1.546055e-05,0.0,nan,nan,nan
6449.217,1.546336e-05,0.0,nan,nan,nan
6449.305,1.546446e-05,0.0,nan,nan,nan
6449.389,1.546128e-05,0.0,nan,nan,nan
6449.474,1.546111e-05,0.0,nan,nan,nan
6449.564,1.545696e-05,0.0,nan,nan,nan
6449.648,1.545959e-05,0.0,nan,nan,nan
6449.731,1.545973e-05,0.0,nan,nan,nan
6449.815,1.545965e-05,0.0,nan,nan,nan
6449.9,1.546433e-05,0.0,nan,nan,nan
6449.984,1.545721e-05,0.0,nan,nan,nan
6450.072,1.545799e-05,0.0,nan,nan,nan
6450.156,1.5454e-05,0.0,nan,nan,nan
6450.24,1.54586e-05,0.0,nan,nan,nan
6450.325,1.545484e-05,0.0,nan,nan,nan
6450.408,1.545907e-05,0.0,nan,nan,nan
6450.493,1.545406e-05,0.0,nan,nan,nan
6450.577,1.545433e-05,0.0,nan,nan,nan
6450.661,1.545609e-05,0.0,nan,nan,nan
6450.757,1.545358e-05,0.0,nan,nan,nan
6450.844,1.545753e-05,0.0,nan,nan,nan
6450.928,1.546292e-05,0.0,nan,nan,nan
6451.012,1.545799e-05,0.0,nan,nan,nan
6451.095,1.545977e-05,0.0,nan,nan,nan
6451.179,1.545952e-05,0.0,nan,nan,nan
6451.265,1.546201e-05,0.0,nan,nan,nan
6451.348,1.545989e-05,0.0,nan,nan,nan
6451.432,1.546194e-05,0.0,nan,nan,nan
6451.516,1.545903e-05,0.0,nan,nan,nan
6451.623,1.546054e-05,0.0,nan,nan,nan
6451.707,1.545881e-05,0.0,nan,nan,nan
6451.79,1.545686e-05,0.0,nan,nan,nan
6451.874,1.545947e-05,0.0,nan,nan,nan
6451.964,1.545652e-05,0.0,nan,nan,nan
6452.05,1.546294e-05,0.0,nan,nan,nan
6452.148,1.545844e-05,0.0,nan,nan,nan
6452.232,1.545823e-05,0.0,nan,nan,nan
6452.317,1.545826e-05,0.0,nan,nan,nan
6452.401,1.546129e-05,0.0,nan,nan,nan
6452.485,1.545746e-05,0.0,nan,nan,nan
6452.568,1.545949e-05,0.0,nan,nan,nan
6452.652,1.54578e-05,0.0,nan,nan,nan
6452.758,1.545558e-05,0.0,nan,nan,nan
6452.842,1.545499e-05,0.0,nan,nan,nan
6452.925,1.545999e-05,0.0,nan,nan,nan
6453.009,1.54597e-05,0.0,nan,nan,nan
6453.092,1.545947e-05,0.0,nan,nan,nan
6453.179,1.545962e-05,0.0,nan,nan,nan
6453.265,1.545885e-05,0.0,nan,nan,nan
6453.362,1.546156e-05,0.0,nan,nan,nan
6453.445,1.5456e-05,0.0,nan,nan,nan
6453.529,1.545505e-05,0.0,nan,nan,nan
6453.613,1.545549e-05,0.0,nan,nan,nan
6453.708,1.545461e-05,0.0,nan,nan,nan
6453.802,1.545901e-05,0.0,nan,nan,nan
6453.886,1.545559e-05,0.0,nan,nan,nan
6453.97,1.545695e-05,0.0,nan,nan,nan
6454.054,1.545778e-05,0.0,nan,nan,nan
6454.142,1.545864e-05,0.0,nan,nan,nan
6454.226,1.546016e-05,0.0,nan,nan,nan
6454.311,1.54582e-05,0.0,nan,nan,nan
6454.41,1.54564e-05,0.0,nan,nan,nan
6454.499,1.545558e-05,0.0,nan,nan,nan
6454.601,1.545855e-05,0.0,nan,nan,nan
6454.685,1.545731e-05,0.0,nan,nan,nan
6454.768,1.545747e-05,0.0,nan,nan,nan
6454.852,1.545609e-05,0.0,nan,nan,nan
6454.936,1.546042e-05,0.0,nan,nan,nan
6455.019,1.546121e-05,0.0,nan,nan,nan
6455.103,1.545737e-05,0.0,nan,nan,nan
6455.186,1.545848e-05,0.0,nan,nan,nan
6455.27,1.546068e-05,0.0,nan,nan,nan
6455.354,1.545448e-05,0.0,nan,nan,nan
6455.442,1.545912e-05,0.0,nan,nan,nan
6455.525,1.545911e-05,0.0,nan,nan,nan
6455.628,1.5462e-05,0.0,nan,nan,nan
6455.757,1.546184e-05,0.0,nan,nan,nan
6455.853,1.546429e-05,0.0,nan,nan,nan
6455.937,1.546113e-05,0.0,nan,nan,nan
6456.021,1.546093e-05,0.0,nan,nan,nan
6456.105,1.545695e-05,0.0,nan,nan,nan
6456.188,1.545808e-05,0.0,nan,nan,nan
6456.272,1.546161e-05,0.0,nan,nan,nan
6456.355,1.546422e-05,0.0,nan,nan,nan
6456.455,1.54605e-05,0.0,nan,nan,nan
6456.539,1.546225e-05,0.0,nan,nan,nan
6456.622,1.546329e-05,0.0,nan,nan,nan
6456.706,1.545824e-05,0.0,nan,nan,nan
6456.789,1.545987e-05,0.0,nan,nan,nan
6456.873,1.546229e-05,0.0,nan,nan,nan
6456.957,1.545863e-05,0.0,nan,nan,nan
6457.052,1.546388e-05,0.0,nan,nan,nan
6457.135,1.546232e-05,0.0,nan,nan,nan
6457.221,1.546121e-05,0.0,nan,nan,nan
6457.305,1.546607e-05,0.0,nan,nan,nan
6457.388,1.546168e-05,0.0,nan,nan,nan
6457.478,1.546057e-05,0.0,nan,nan,nan
6457.565,1.546212e-05,0.0,nan,nan,nan
6457.668,1.546143e-05,0.0,nan,nan,nan
6457.752,1.54606e-05,0.0,nan,nan,nan
6457.837,1.545851e-05,0.0,nan,nan,nan
6457.926,1.545799e-05,0.0,nan,nan,nan
6458.01,1.546317e-05,0.0,nan,nan,nan
6458.094,1.546134e-05,0.0,nan,nan,nan
6458.182,1.545619e-05,0.0,nan,nan,nan
6458.265,1.545926e-05,0.0,nan,nan,nan
6458.349,1.546325e-05,0.0,nan,nan,nan
6458.432,1.546151e-05,0.0,nan,nan,nan
6458.516,1.545963e-05,0.0,nan,nan,nan
6458.599,1.545985e-05,0.0,nan,nan,nan
6458.686,1.545956e-05,0.0,nan,nan,nan
6458.77,1.545832e-05,0.0,nan,nan,nan
6458.853,1.545699e-05,0.0,nan,nan,nan
6458.937,1.545804e-05,0.0,nan,nan,nan
6459.024,1.545968e-05,0.0,nan,nan,nan
6459.109,1.545681e-05,0.0,nan,nan,nan
6459.193,1.545338e-05,0.0,nan,nan,nan
6459.303,1.545828e-05,0.0,nan,nan,nan
6459.387,1.545699e-05,0.0,nan,nan,nan
6459.491,1.54587e-05,0.0,nan,nan,nan
6459.575,1.545406e-05,0.0,nan,nan,nan
6459.658,1.546164e-05,0.0,nan,nan,nan
6459.742,1.546034e-05,0.0,nan,nan,nan
6459.825,1.546132e-05,0.0,nan,nan,nan
6459.909,1.545957e-05,0.0,nan,nan,nan
6459.993,1.545925e-05,0.0,nan,nan,nan
6460.099,1.546069e-05,0.0,nan,nan,nan
6460.182,1.545698e-05,0.0,nan,nan,nan
6460.266,1.545862e-05,0.0,nan,nan,nan
6460.35,1.545725e-05,0.0,nan,nan,nan
6460.433,1.545806e-05,0.0,nan,nan,nan
6460.525,1.545748e-05,0.0,nan,nan,nan
6460.612,1.546064e-05,0.0,nan,nan,nan
6460.695,1.545873e-05,0.0,nan,nan,nan
6460.779,1.54596e-05,0.0,nan,nan,nan
6460.863,1.545697e-05,0.0,nan,nan,nan
6460.947,1.545803e-05,0.0,nan,nan,nan
6461.032,1.54584e-05,0.0,nan,nan,nan
6461.115,1.545744e-05,0.0,nan,nan,nan
6461.199,1.545702e-05,0.0,nan,nan,nan
6461.283,1.545622e-05,0.0,nan,nan,nan
6461.367,1.545702e-05,0.0,nan,nan,nan
6461.45,1.546021e-05,0.0,nan,nan,nan
6461.542,1.546178e-05,0.0,nan,nan,nan
6461.625,1.545571e-05,0.0,nan,nan,nan
6461.708,1.545901e-05,0.0,nan,nan,nan
6461.792,1.545753e-05,0.0,nan,nan,nan
6461.876,1.546432e-05,0.0,nan,nan,nan
6461.968,1.546553e-05,0.0,nan,nan,nan
6462.052,1.546305e-05,0.0,nan,nan,nan
6462.156,1.546481e-05,0.0,nan,nan,nan
6462.24,1.54616e-05,0.0,nan,nan,nan
6462.323,1.546027e-05,0.0,nan,nan,nan
6462.407,1.546146e-05,0.0,nan,nan,nan
6462.491,1.546005e-05,0.0,nan,nan,nan
6462.574,1.546057e-05,0.0,nan,nan,nan
6462.658,1.546011e-05,0.0,nan,nan,nan
6462.759,1.546092e-05,0.0,nan,nan,nan
6462.843,1.54572e-05,0.0,nan,nan,nan
6462.928,1.545889e-05,0.0,nan,nan,nan
6463.012,1.546187e-05,0.0,nan,nan,nan
6463.095,1.545814e-05,0.0,nan,nan,nan
6463.185,1.546049e-05,0.0,nan,nan,nan
6463.269,1.54577e-05,0.0,nan,nan,nan
6463.353,1.546058e-05,0.0,nan,nan,nan
6463.437,1.546142e-05,0.0,nan,nan,nan
6463.52,1.546102e-05,0.0,nan,nan,nan
6463.608,1.545574e-05,0.0,nan,nan,nan
6463.698,1.545959e-05,0.0,nan,nan,nan
6463.807,1.546335e-05,0.0,nan,nan,nan
6463.89,1.546333e-05,0.0,nan,nan,nan
6464.01,1.54613e-05,0.0,nan,nan,nan
6464.094,1.546268e-05,0.0,nan,nan,nan
6464.177,1.545953e-05,0.0,nan,nan,nan
6464.261,1.546148e-05,0.0,nan,nan,nan
6464.346,1.546043e-05,0.0,nan,nan,nan
6464.43,1.546024e-05,0.0,nan,nan,nan
6464.518,1.545977e-05,0.0,nan,nan,nan
6464.604,1.545574e-05,0.0,nan,nan,nan
6464.688,1.545625e-05,0.0,nan,nan,nan
6464.773,1.54582e-05,0.0,nan,nan,nan
6464.856,1.545667e-05,0.0,nan,nan,nan
6464.944,1.546102e-05,0.0,nan,nan,nan
6465.04,1.546335e-05,0.0,nan,nan,nan
6465.123,1.545867e-05,0.0,nan,nan,nan
6465.225,1.546029e-05,0.0,nan,nan,nan
6465.309,1.545721e-05,0.0,nan,nan,nan
6465.393,1.546058e-05,0.0,nan,nan,nan
6465.476,1.545519e-05,0.0,nan,nan,nan
6465.56,1.545982e-05,0.0,nan,nan,nan
6465.645,1.54582e-05,0.0,nan,nan,nan
6465.732,1.546277e-05,0.0,nan,nan,nan
6465.816,1.546212e-05,0.0,nan,nan,nan
6465.9,1.545983e-05,0.0,nan,nan,nan
6465.983,1.546187e-05,0.0,nan,nan,nan
6466.09,1.545723e-05,0.0,nan,nan,nan
6466.175,1.545912e-05,0.0,nan,nan,nan
6466.272,1.545633e-05,0.0,nan,nan,nan
6466.355,1.545477e-05,0.0,nan,nan,nan
6466.467,1.545658e-05,0.0,nan,nan,nan
6466.55,1.546068e-05,0.0,nan,nan,nan
6466.634,1.546108e-05,0.0,nan,nan,nan
6466.718,1.545806e-05,0.0,nan,nan,nan
6466.801,1.545721e-05,0.0,nan,nan,nan
6466.885,1.54587e-05,0.0,nan,nan,nan
6466.968,1.545576e-05,0.0,nan,nan,nan
6467.052,1.545782e-05,0.0,nan,nan,nan
6467.136,1.545616e-05,0.0,nan,nan,nan
6467.223,1.546084e-05,0.0,nan,nan,nan
6467.308,1.546147e-05,0.0,nan,nan,nan
6467.394,1.5457e-05,0.0,nan,nan,nan
6467.481,1.546061e-05,0.0,nan,nan,nan
6467.565,1.546119e-05,0.0,nan,nan,nan
6467.666,1.545878e-05,0.0,nan,nan,nan
6467.75,1.545925e-05,0.0,nan,nan,nan
6467.833,1.546009e-05,0.0,nan,nan,nan
6467.917,1.546048e-05,0.0,nan,nan,nan
6468.002,1.545674e-05,0.0,nan,nan,nan
6468.087,1.54589e-05,0.0,nan,nan,nan
6468.18,1.545503e-05,0.0,nan,nan,nan
6468.264,1.545947e-05,0.0,nan,nan,nan
6468.348,1.546269e-05,0.0,nan,nan,nan
6468.433,1.545828e-05,0.0,nan,nan,nan
6468.517,1.546006e-05,0.0,nan,nan,nan
6468.6,1.545816e-05,0.0,nan,nan,nan
6468.708,1.546341e-05,0.0,nan,nan,nan
6468.796,1.546145e-05,0.0,nan,nan,nan
6468.889,1.546405e-05,0.0,nan,nan,nan
6468.973,1.546192e-05,0.0,nan,nan,nan
6469.056,1.546178e-05,0.0,nan,nan,nan
6469.14,1.546685e-05,0.0,nan,nan,nan
6469.224,1.546168e-05,0.0,nan,nan,nan
6469.323,1.546144e-05,0.0,nan,nan,nan
6469.406,1.546073e-05,0.0,nan,nan,nan
6469.49,1.545897e-05,0.0,nan,nan,nan
6469.573,1.546157e-05,0.0,nan,nan,nan
6469.657,1.546027e-05,0.0,nan,nan,nan
6469.74,1.546458e-05,0.0,nan,nan,nan
6469.826,1.546586e-05,0.0,nan,nan,nan
6469.929,1.545755e-05,0.0,nan,nan,nan
6470.015,1.54597e-05,0.0,nan,nan,nan
6470.115,1.546174e-05,0.0,nan,nan,nan
6470.222,1.546254e-05,0.0,nan,nan,nan
6470.305,1.546025e-05,0.0,nan,nan,nan
6470.397,1.545926e-05,0.0,nan,nan,nan
6470.486,1.546048e-05,0.0,nan,nan,nan
6470.569,1.546216e-05,0.0,nan,nan,nan
6470.653,1.545967e-05,0.0,nan,nan,nan
6470.736,1.54628e-05,0.0,nan,nan,nan
6470.82,1.545988e-05,0.0,nan,nan,nan
6470.904,1.546278e-05,0.0,nan,nan,nan
6470.987,1.546066e-05,0.0,nan,nan,nan
6471.071,1.545647e-05,0.0,nan,nan,nan
6471.163,1.546021e-05,0.0,nan,nan,nan
6471.249,1.545428e-05,0.0,nan,nan,nan
6471.333,1.54544e-05,0.0,nan,nan,nan
6471.416,1.545961e-05,0.0,nan,nan,nan
6471.5,1.545692e-05,0.0,nan,nan,nan
6471.583,1.5461e-05,0.0,nan,nan,nan
6471.667,1.545934e-05,0.0,nan,nan,nan
6471.75,1.545658e-05,0.0,nan,nan,nan
6471.834,1.545833e-05,0.0,nan,nan,nan
6471.92,1.545789e-05,0.0,nan,nan,nan
6472.004,1.546054e-05,0.0,nan,nan,nan
6472.087,1.546101e-05,0.0,nan,nan,nan
6472.178,1.545909e-05,0.0,nan,nan,nan
6472.265,1.54599e-05,0.0,nan,nan,nan
6472.349,1.546367e-05,0.0,nan,nan,nan
6472.437,1.545578e-05,0.0,nan,nan,nan
6472.523,1.545625e-05,0.0,nan,nan,nan
6472.607,1.546201e-05,0.0,nan,nan,nan
6472.69,1.545945e-05,0.0,nan,nan,nan
6472.795,1.545734e-05,0.0,nan,nan,nan
6472.878,1.545894e-05,0.0,nan,nan,nan
6472.986,1.545782e-05,0.0,nan,nan,nan
6473.07,1.546157e-05,0.0,nan,nan,nan
6473.154,1.545812e-05,0.0,nan,nan,nan
6473.238,1.545624e-05,0.0,nan,nan,nan
6473.321,1.546213e-05,0.0,nan,nan,nan
6473.405,1.546096e-05,0.0,nan,nan,nan
6473.488,1.546142e-05,0.0,nan,nan,nan
6473.575,1.54561e-05,0.0,nan,nan,nan
6473.659,1.545839e-05,0.0,nan,nan,nan
6473.743,1.546124e-05,0.0,nan,nan,nan
6473.826,1.546141e-05,0.0,nan,nan,nan
6473.914,1.54621e-05,0.0,nan,nan,nan
6473.998,1.546072e-05,0.0,nan,nan,nan
6474.082,1.545926e-05,0.0,nan,nan,nan
6474.165,1.546097e-05,0.0,nan,nan,nan
6474.249,1.546344e-05,0.0,nan,nan,nan
6474.333,1.545973e-05,0.0,nan,nan,nan
6474.417,1.545769e-05,0.0,nan,nan,nan
6474.5,1.545931e-05,0.0,nan,nan,nan
6474.584,1.546334e-05,0.0,nan,nan,nan
6474.668,1.546326e-05,0.0,nan,nan,nan
6474.751,1.546377e-05,0.0,nan,nan,nan
6474.835,1.54621e-05,0.0,nan,nan,nan
6474.919,1.545873e-05,0.0,nan,nan,nan
6475.022,1.546036e-05,0.0,nan,nan,nan
6475.106,1.545964e-05,0.0,nan,nan,nan
6475.19,1.54581e-05,0.0,nan,nan,nan
6475.273,1.54559e-05,0.0,nan,nan,nan
6475.358,1.545919e-05,0.0,nan,nan,nan
6475.442,1.546257e-05,0.0,nan,nan,nan
6475.526,1.5454e-05,0.0,nan,nan,nan
6475.61,1.546231e-05,0.0,nan,nan,nan
6475.693,1.545988e-05,0.0,nan,nan,nan
6475.777,1.546064e-05,0.0,nan,nan,nan
6475.861,1.546214e-05,0.0,nan,nan,nan
6475.945,1.546241e-05,0.0,nan,nan,nan
6476.029,1.545907e-05,0.0,nan,nan,nan
6476.113,1.546106e-05,0.0,nan,nan,nan
6476.198,1.54609e-05,0.0,nan,nan,nan
6476.282,1.54625e-05,0.0,nan,nan,nan
6476.365,1.546226e-05,0.0,nan,nan,nan
6476.469,1.546134e-05,0.0,nan,nan,nan
6476.553,1.546217e-05,0.0,nan,nan,nan
6476.638,1.545715e-05,0.0,nan,nan,nan
6476.722,1.546428e-05,0.0,nan,nan,nan
6476.805,1.546422e-05,0.0,nan,nan,nan
6476.889,1.546621e-05,0.0,nan,nan,nan
6476.972,1.546926e-05,0.0,nan,nan,nan
6477.074,1.546783e-05,0.0,nan,nan,nan
6477.158,1.546782e-05,0.0,nan,nan,nan
6477.242,1.546593e-05,0.0,nan,nan,nan
6477.326,1.546383e-05,0.0,nan,nan,nan
6477.409,1.546229e-05,0.0,nan,nan,nan
6477.496,1.546527e-05,0.0,nan,nan,nan
6477.583,1.546601e-05,0.0,nan,nan,nan
6477.671,1.546607e-05,0.0,nan,nan,nan
6477.755,1.546488e-05,0.0,nan,nan,nan
6477.838,1.546834e-05,0.0,nan,nan,nan
6477.922,1.546636e-05,0.0,nan,nan,nan
6478.006,1.546564e-05,0.0,nan,nan,nan
6478.091,1.546137e-05,0.0,nan,nan,nan
6478.174,1.545906e-05,0.0,nan,nan,nan
6478.258,1.546344e-05,0.0,nan,nan,nan
6478.342,1.546205e-05,0.0,nan,nan,nan
6478.426,1.546614e-05,0.0,nan,nan,nan
6478.54,1.546727e-05,0.0,nan,nan,nan
6478.623,1.547053e-05,0.0,nan,nan,nan
6478.711,1.546486e-05,0.0,nan,nan,nan
6478.795,1.546401e-05,0.0,nan,nan,nan
6478.879,1.546861e-05,0.0,nan,nan,nan
6478.962,1.546502e-05,0.0,nan,nan,nan
6479.051,1.546339e-05,0.0,nan,nan,nan
6479.135,1.546352e-05,0.0,nan,nan,nan
6479.218,1.546022e-05,0.0,nan,nan,nan
6479.32,1.546475e-05,0.0,nan,nan,nan
6479.404,1.546083e-05,0.0,nan,nan,nan
6479.488,1.546045e-05,0.0,nan,nan,nan
6479.571,1.546238e-05,0.0,nan,nan,nan
6479.656,1.546298e-05,0.0,nan,nan,nan
6479.74,1.546338e-05,0.0,nan,nan,nan
6479.823,1.545813e-05,0.0,nan,nan,nan
6479.925,1.545961e-05,0.0,nan,nan,nan
6480.014,1.54608e-05,0.0,nan,nan,nan
6480.114,1.545724e-05,0.0,nan,nan,nan
6480.197,1.545859e-05,0.0,nan,nan,nan
6480.281,1.545989e-05,0.0,nan,nan,nan
6480.365,1.546048e-05,0.0,nan,nan,nan
6480.452,1.546162e-05,0.0,nan,nan,nan
6480.549,1.546426e-05,0.0,nan,nan,nan
6480.632,1.546308e-05,0.0,nan,nan,nan
6480.737,1.546045e-05,0.0,nan,nan,nan
6480.821,1.545765e-05,0.0,nan,nan,nan
6480.906,1.545895e-05,0.0,nan,nan,nan
6480.99,1.545935e-05,0.0,nan,nan,nan
6481.073,1.545786e-05,0.0,nan,nan,nan
6481.157,1.545829e-05,0.0,nan,nan,nan
6481.24,1.546012e-05,0.0,nan,nan,nan
6481.338,1.546016e-05,0.0,nan,nan,nan
6481.421,1.545909e-05,0.0,nan,nan,nan
6481.532,1.546289e-05,0.0,nan,nan,nan
6481.616,1.54633e-05,0.0,nan,nan,nan
6481.7,1.546338e-05,0.0,nan,nan,nan
6481.783,1.546779e-05,0.0,nan,nan,nan
6481.867,1.546122e-05,0.0,nan,nan,nan
6481.964,1.545928e-05,0.0,nan,nan,nan
6482.048,1.545989e-05,0.0,nan,nan,nan
6482.131,1.545929e-05,0.0,nan,nan,nan
6482.215,1.545718e-05,0.0,nan,nan,nan
6482.302,1.545301e-05,0.0,nan,nan,nan
6482.386,1.545744e-05,0.0,nan,nan,nan
6482.47,1.545709e-05,0.0,nan,nan,nan
6482.56,1.545566e-05,0.0,nan,nan,nan
6482.673,1.545668e-05,0.0,nan,nan,nan
6482.756,1.545971e-05,0.0,nan,nan,nan
6482.84,1.546086e-05,0.0,nan,nan,nan
6482.925,1.546218e-05,0.0,nan,nan,nan
6483.009,1.545494e-05,0.0,nan,nan,nan
6483.092,1.546008e-05,0.0,nan,nan,nan
6483.184,1.546083e-05,0.0,nan,nan,nan
6483.268,1.545928e-05,0.0,nan,nan,nan
6483.372,1.546013e-05,0.0,nan,nan,nan
6483.455,1.54616e-05,0.0,nan,nan,nan
6483.539,1.546037e-05,0.0,nan,nan,nan
6483.623,1.545778e-05,0.0,nan,nan,nan
6483.706,1.545922e-05,0.0,nan,nan,nan
6483.79,1.545628e-05,0.0,nan,nan,nan
6483.874,1.54568e-05,0.0,nan,nan,nan
6483.957,1.545837e-05,0.0,nan,nan,nan
6484.041,1.546316e-05,0.0,nan,nan,nan
6484.132,1.546133e-05,0.0,nan,nan,nan
6484.218,1.545751e-05,0.0,nan,nan,nan
6484.301,1.545999e-05,0.0,nan,nan,nan
6484.403,1.54638e-05,0.0,nan,nan,nan
6484.487,1.546461e-05,0.0,nan,nan,nan
6484.571,1.546081e-05,0.0,nan,nan,nan
6484.655,1.546504e-05,0.0,nan,nan,nan
6484.741,1.545906e-05,0.0,nan,nan,nan
6484.825,1.546106e-05,0.0,nan,nan,nan
6484.909,1.546273e-05,0.0,nan,nan,nan
6485.007,1.546505e-05,0.0,nan,nan,nan
6485.09,1.546437e-05,0.0,nan,nan,nan
6485.174,1.546531e-05,0.0,nan,nan,nan
6485.257,1.546344e-05,0.0,nan,nan,nan
6485.342,1.546554e-05,0.0,nan,nan,nan
6485.428,1.546349e-05,0.0,nan,nan,nan
6485.512,1.546474e-05,0.0,nan,nan,nan
6485.595,1.545909e-05,0.0,nan,nan,nan
6485.679,1.546164e-05,0.0,nan,nan,nan
6485.765,1.545907e-05,0.0,nan,nan,nan
6485.848,1.546037e-05,0.0,nan,nan,nan
6485.932,1.545788e-05,0.0,nan,nan,nan
6486.017,1.546445e-05,0.0,nan,nan,nan
6486.1,1.546317e-05,0.0,nan,nan,nan
6486.189,1.546249e-05,0.0,nan,nan,nan
6486.272,1.546335e-05,0.0,nan,nan,nan
6486.356,1.546332e-05,0.0,nan,nan,nan
6486.44,1.546451e-05,0.0,nan,nan,nan
6486.524,1.54649e-05,0.0,nan,nan,nan
6486.607,1.546147e-05,0.0,nan,nan,nan
6486.691,1.545715e-05,0.0,nan,nan,nan
6486.774,1.546377e-05,0.0,nan,nan,nan
6486.892,1.546069e-05,0.0,nan,nan,nan
6486.977,1.546559e-05,0.0,nan,nan,nan
6487.065,1.546419e-05,0.0,nan,nan,nan
6487.149,1.546057e-05,0.0,nan,nan,nan
6487.261,1.546262e-05,0.0,nan,nan,nan
6487.344,1.546437e-05,0.0,nan,nan,nan
6487.429,1.546674e-05,0.0,nan,nan,nan
6487.513,1.546229e-05,0.0,nan,nan,nan
6487.597,1.546554e-05,0.0,nan,nan,nan
6487.681,1.546327e-05,0.0,nan,nan,nan
6487.766,1.546553e-05,0.0,nan,nan,nan
6487.864,1.546309e-05,0.0,nan,nan,nan
6487.948,1.54599e-05,0.0,nan,nan,nan
6488.031,1.546121e-05,0.0,nan,nan,nan
6488.115,1.546082e-05,0.0,nan,nan,nan
6488.199,1.546511e-05,0.0,nan,nan,nan
6488.293,1.54641e-05,0.0,nan,nan,nan
6488.382,1.54622e-05,0.0,nan,nan,nan
6488.466,1.546615e-05,0.0,nan,nan,nan
6488.549,1.546549e-05,0.0,nan,nan,nan
6488.633,1.546427e-05,0.0,nan,nan,nan
6488.716,1.546169e-05,0.0,nan,nan,nan
6488.8,1.546339e-05,0.0,nan,nan,nan
6488.923,1.545943e-05,0.0,nan,nan,nan
6489.009,1.546215e-05,0.0,nan,nan,nan
6489.092,1.546101e-05,0.0,nan,nan,nan
6489.183,1.545396e-05,0.0,nan,nan,nan
6489.297,1.546049e-05,0.0,nan,nan,nan
6489.381,1.545541e-05,0.0,nan,nan,nan
6489.464,1.546045e-05,0.0,nan,nan,nan
6489.548,1.546148e-05,0.0,nan,nan,nan
6489.634,1.546282e-05,0.0,nan,nan,nan
6489.718,1.546464e-05,0.0,nan,nan,nan
6489.801,1.546257e-05,0.0,nan,nan,nan
6489.899,1.546185e-05,0.0,nan,nan,nan
6489.983,1.546126e-05,0.0,nan,nan,nan
6490.067,1.546188e-05,0.0,nan,nan,nan
6490.151,1.545825e-05,0.0,nan,nan,nan
6490.235,1.545859e-05,0.0,nan,nan,nan
6490.319,1.546107e-05,0.0,nan,nan,nan
6490.402,1.545979e-05,0.0,nan,nan,nan
6490.486,1.545704e-05,0.0,nan,nan,nan
6490.57,1.545815e-05,0.0,nan,nan,nan
6490.653,1.546156e-05,0.0,nan,nan,nan
6490.741,1.546096e-05,0.0,nan,nan,nan
6490.827,1.546244e-05,0.0,nan,nan,nan
6490.924,1.545944e-05,0.0,nan,nan,nan
6491.014,1.545926e-05,0.0,nan,nan,nan
6491.099,1.545871e-05,0.0,nan,nan,nan
6491.182,1.545813e-05,0.0,nan,nan,nan
6491.269,1.545519e-05,0.0,nan,nan,nan
6491.353,1.5458e-05,0.0,nan,nan,nan
6491.436,1.545685e-05,0.0,nan,nan,nan
6491.52,1.546099e-05,0.0,nan,nan,nan
6491.604,1.545834e-05,0.0,nan,nan,nan
6491.687,1.545846e-05,0.0,nan,nan,nan
6491.771,1.545853e-05,0.0,nan,nan,nan
6491.854,1.546044e-05,0.0,nan,nan,nan
6491.942,1.545934e-05,0.0,nan,nan,nan
6492.033,1.545792e-05,0.0,nan,nan,nan
6492.131,1.546187e-05,0.0,nan,nan,nan
6492.215,1.545959e-05,0.0,nan,nan,nan
6492.298,1.545989e-05,0.0,nan,nan,nan
6492.382,1.545787e-05,0.0,nan,nan,nan
6492.466,1.545877e-05,0.0,nan,nan,nan
6492.561,1.545543e-05,0.0,nan,nan,nan
6492.644,1.545927e-05,0.0,nan,nan,nan
6492.728,1.546192e-05,0.0,nan,nan,nan
6492.812,1.546155e-05,0.0,nan,nan,nan
6492.898,1.545728e-05,0.0,nan,nan,nan
6492.981,1.545823e-05,0.0,nan,nan,nan
6493.077,1.546262e-05,0.0,nan,nan,nan
6493.16,1.546089e-05,0.0,nan,nan,nan
6493.244,1.545717e-05,0.0,nan,nan,nan
6493.327,1.545897e-05,0.0,nan,nan,nan
6493.411,1.546096e-05,0.0,nan,nan,nan
6493.498,1.545956e-05,0.0,nan,nan,nan
6493.582,1.545783e-05,0.0,nan,nan,nan
6493.666,1.545909e-05,0.0,nan,nan,nan
6493.75,1.546002e-05,0.0,nan,nan,nan
6493.834,1.545835e-05,0.0,nan,nan,nan
6493.918,1.546149e-05,0.0,nan,nan,nan
6494.005,1.545804e-05,0.0,nan,nan,nan
6494.089,1.545465e-05,0.0,nan,nan,nan
6494.191,1.545799e-05,0.0,nan,nan,nan
6494.275,1.545949e-05,0.0,nan,nan,nan
6494.358,1.545808e-05,0.0,nan,nan,nan
6494.442,1.545583e-05,0.0,nan,nan,nan
6494.525,1.545827e-05,0.0,nan,nan,nan
6494.609,1.545634e-05,0.0,nan,nan,nan
6494.699,1.545437e-05,0.0,nan,nan,nan
6494.782,1.54581e-05,0.0,nan,nan,nan
6494.866,1.546087e-05,0.0,nan,nan,nan
6494.953,1.545604e-05,0.0,nan,nan,nan
6495.037,1.545629e-05,0.0,nan,nan,nan
6495.124,1.545813e-05,0.0,nan,nan,nan
6495.212,1.545691e-05,0.0,nan,nan,nan
6495.295,1.545507e-05,0.0,nan,nan,nan
6495.379,1.545893e-05,0.0,nan,nan,nan
6495.463,1.54577e-05,0.0,nan,nan,nan
6495.547,1.5455e-05,0.0,nan,nan,nan
6495.631,1.545356e-05,0.0,nan,nan,nan
6495.715,1.545207e-05,0.0,nan,nan,nan
6495.818,1.545678e-05,0.0,nan,nan,nan
6495.902,1.545637e-05,0.0,nan,nan,nan
6495.986,1.545641e-05,0.0,nan,nan,nan
6496.069,1.545777e-05,0.0,nan,nan,nan
6496.153,1.545578e-05,0.0,nan,nan,nan
6496.243,1.545745e-05,0.0,nan,nan,nan
6496.328,1.545374e-05,0.0,nan,nan,nan
6496.434,1.545869e-05,0.0,nan,nan,nan
6496.518,1.545724e-05,0.0,nan,nan,nan
6496.601,1.545382e-05,0.0,nan,nan,nan
6496.685,1.545612e-05,0.0,nan,nan,nan
6496.768,1.54521e-05,0.0,nan,nan,nan
6496.852,1.545344e-05,0.0,nan,nan,nan
6496.936,1.545616e-05,0.0,nan,nan,nan
6497.019,1.545575e-05,0.0,nan,nan,nan
6497.103,1.545734e-05,0.0,nan,nan,nan
6497.223,1.545499e-05,0.0,nan,nan,nan
6497.311,1.545607e-05,0.0,nan,nan,nan
6497.398,1.54572e-05,0.0,nan,nan,nan
6497.481,1.545666e-05,0.0,nan,nan,nan
6497.565,1.545713e-05,0.0,nan,nan,nan
6497.649,1.545803e-05,0.0,nan,nan,nan
6497.733,1.54589e-05,0.0,nan,nan,nan
6497.816,1.545802e-05,0.0,nan,nan,nan
6497.9,1.546182e-05,0.0,nan,nan,nan
6497.984,1.546111e-05,0.0,nan,nan,nan
6498.074,1.546294e-05,0.0,nan,nan,nan
6498.158,1.546112e-05,0.0,nan,nan,nan
6498.255,1.5461e-05,0.0,nan,nan,nan
6498.339,1.545684e-05,0.0,nan,nan,nan
6498.442,1.545686e-05,0.0,nan,nan,nan
6498.526,1.545664e-05,0.0,nan,nan,nan
6498.609,1.545611e-05,0.0,nan,nan,nan
6498.693,1.546098e-05,0.0,nan,nan,nan
6498.778,1.54577e-05,0.0,nan,nan,nan
6498.868,1.546065e-05,0.0,nan,nan,nan
6498.952,1.545846e-05,0.0,nan,nan,nan
6499.037,1.546107e-05,0.0,nan,nan,nan
6499.121,1.546006e-05,0.0,nan,nan,nan
6499.204,1.54623e-05,0.0,nan,nan,nan
6499.306,1.546584e-05,0.0,nan,nan,nan
6499.392,1.545987e-05,0.0,nan,nan,nan
6499.507,1.546251e-05,0.0,nan,nan,nan
6499.592,1.546157e-05,0.0,nan,nan,nan
6499.685,1.545853e-05,0.0,nan,nan,nan
6499.769,1.545733e-05,0.0,nan,nan,nan
6499.853,1.546153e-05,0.0,nan,nan,nan
6499.937,1.546048e-05,0.0,nan,nan,nan
6500.02,1.546168e-05,0.0,nan,nan,nan
6500.104,1.545776e-05,0.0,nan,nan,nan
6500.188,1.546126e-05,0.0,nan,nan,nan
6500.271,1.546353e-05,0.0,nan,nan,nan
6500.355,1.546567e-05,0.0,nan,nan,nan
6500.441,1.546271e-05,0.0,nan,nan,nan
6500.525,1.546295e-05,0.0,nan,nan,nan
6500.612,1.546422e-05,0.0,nan,nan,nan
6500.708,1.546255e-05,0.0,nan,nan,nan
6500.792,1.546306e-05,0.0,nan,nan,nan
6500.892,1.546396e-05,0.0,nan,nan,nan
6500.976,1.546268e-05,0.0,nan,nan,nan
6501.059,1.546563e-05,0.0,nan,nan,nan
6501.143,1.546241e-05,0.0,nan,nan,nan
6501.227,1.546632e-05,0.0,nan,nan,nan
6501.311,1.546753e-05,0.0,nan,nan,nan
6501.394,1.546302e-05,0.0,nan,nan,nan
6501.504,1.546237e-05,0.0,nan,nan,nan
6501.587,1.546354e-05,0.0,nan,nan,nan
6501.674,1.546497e-05,0.0,nan,nan,nan
6501.757,1.546816e-05,0.0,nan,nan,nan
6501.842,1.546315e-05,0.0,nan,nan,nan
6501.935,1.54628e-05,0.0,nan,nan,nan
6502.019,1.54636e-05,0.0,nan,nan,nan
6502.125,1.545942e-05,0.0,nan,nan,nan
6502.213,1.546257e-05,0.0,nan,nan,nan
6502.296,1.546387e-05,0.0,nan,nan,nan
6502.404,1.546213e-05,0.0,nan,nan,nan
6502.488,1.546257e-05,0.0,nan,nan,nan
6502.592,1.54617e-05,0.0,nan,nan,nan
6502.676,1.546413e-05,0.0,nan,nan,nan
6502.762,1.546398e-05,0.0,nan,nan,nan
6502.846,1.546332e-05,0.0,nan,nan,nan
6502.948,1.546365e-05,0.0,nan,nan,nan
6503.032,1.546126e-05,0.0,nan,nan,nan
6503.14,1.546109e-05,0.0,nan,nan,nan
6503.224,1.546206e-05,0.0,nan,nan,nan
6503.326,1.546127e-05,0.0,nan,nan,nan
6503.432,1.545857e-05,0.0,nan,nan,nan
6503.532,1.545909e-05,0.0,nan,nan,nan
6503.616,1.546209e-05,0.0,nan,nan,nan
6503.699,1.546314e-05,0.0,nan,nan,nan
6503.783,1.546182e-05,0.0,nan,nan,nan
6503.866,1.546442e-05,0.0,nan,nan,nan
6503.95,1.546338e-05,0.0,nan,nan,nan
6504.034,1.546322e-05,0.0,nan,nan,nan
6504.117,1.546286e-05,0.0,nan,nan,nan
6504.201,1.546614e-05,0.0,nan,nan,nan
6504.288,1.54635e-05,0.0,nan,nan,nan
6504.371,1.546999e-05,0.0,nan,nan,nan
6504.455,1.54625e-05,0.0,nan,nan,nan
6504.558,1.546638e-05,0.0,nan,nan,nan
6504.641,1.54603e-05,0.0,nan,nan,nan
6504.725,1.546179e-05,0.0,nan,nan,nan
6504.809,1.546488e-05,0.0,nan,nan,nan
6504.892,1.546127e-05,0.0,nan,nan,nan
6504.976,1.546075e-05,0.0,nan,nan,nan
6505.061,1.546172e-05,0.0,nan,nan,nan
6505.145,1.546415e-05,0.0,nan,nan,nan
6505.229,1.546656e-05,0.0,nan,nan,nan
6505.313,1.546321e-05,0.0,nan,nan,nan
6505.396,1.546501e-05,0.0,nan,nan,nan
6505.513,1.546198e-05,0.0,nan,nan,nan
6505.614,1.546397e-05,0.0,nan,nan,nan
6505.697,1.546101e-05,0.0,nan,nan,nan
6505.792,1.545909e-05,0.0,nan,nan,nan
6505.876,1.546266e-05,0.0,nan,nan,nan
6505.979,1.546466e-05,0.0,nan,nan,nan
6506.063,1.546317e-05,0.0,nan,nan,nan
6506.147,1.546328e-05,0.0,nan,nan,nan
6506.23,1.54646e-05,0.0,nan,nan,nan
6506.319,1.546345e-05,0.0,nan,nan,nan
6506.403,1.546144e-05,0.0,nan,nan,nan
6506.487,1.545841e-05,0.0,nan,nan,nan
6506.59,1.546291e-05,0.0,nan,nan,nan
6506.674,1.546291e-05,0.0,nan,nan,nan
6506.757,1.54628e-05,0.0,nan,nan,nan
6506.841,1.546244e-05,0.0,nan,nan,nan
6506.924,1.546227e-05,0.0,nan,nan,nan
6507.008,1.546491e-05,0.0,nan,nan,nan
6507.092,1.546208e-05,0.0,nan,nan,nan
6507.178,1.546596e-05,0.0,nan,nan,nan
6507.262,1.546538e-05,0.0,nan,nan,nan
6507.346,1.546383e-05,0.0,nan,nan,nan
6507.436,1.546677e-05,0.0,nan,nan,nan
6507.52,1.546493e-05,0.0,nan,nan,nan
6507.603,1.546542e-05,0.0,nan,nan,nan
6507.695,1.546545e-05,0.0,nan,nan,nan
6507.804,1.546757e-05,0.0,nan,nan,nan
6507.888,1.546444e-05,0.0,nan,nan,nan
6507.971,1.546423e-05,0.0,nan,nan,nan
6508.055,1.546395e-05,0.0,nan,nan,nan
6508.139,1.546221e-05,0.0,nan,nan,nan
6508.242,1.546339e-05,0.0,nan,nan,nan
6508.329,1.546459e-05,0.0,nan,nan,nan
6508.426,1.546204e-05,0.0,nan,nan,nan
6508.509,1.545974e-05,0.0,nan,nan,nan
6508.593,1.546055e-05,0.0,nan,nan,nan
6508.676,1.546539e-05,0.0,nan,nan,nan
6508.76,1.5463e-05,0.0,nan,nan,nan
6508.849,1.546629e-05,0.0,nan,nan,nan
6508.932,1.546412e-05,0.0,nan,nan,nan
6509.039,1.546571e-05,0.0,nan,nan,nan
6509.123,1.546525e-05,0.0,nan,nan,nan
6509.207,1.546766e-05,0.0,nan,nan,nan
6509.29,1.546402e-05,0.0,nan,nan,nan
6509.374,1.546389e-05,0.0,nan,nan,nan
6509.462,1.546395e-05,0.0,nan,nan,nan
6509.548,1.546161e-05,0.0,nan,nan,nan
6509.637,1.545881e-05,0.0,nan,nan,nan
6509.721,1.545889e-05,0.0,nan,nan,nan
6509.806,1.546233e-05,0.0,nan,nan,nan
6509.89,1.546131e-05,0.0,nan,nan,nan
6509.974,1.546425e-05,0.0,nan,nan,nan
6510.07,1.546426e-05,0.0,nan,nan,nan
6510.154,1.546084e-05,0.0,nan,nan,nan
6510.239,1.545914e-05,0.0,nan,nan,nan
6510.323,1.545678e-05,0.0,nan,nan,nan
6510.406,1.546215e-05,0.0,nan,nan,nan
6510.49,1.546363e-05,0.0,nan,nan,nan
6510.574,1.546349e-05,0.0,nan,nan,nan
6510.657,1.546248e-05,0.0,nan,nan,nan
6510.741,1.546385e-05,0.0,nan,nan,nan
6510.825,1.546268e-05,0.0,nan,nan,nan
6510.908,1.546255e-05,0.0,nan,nan,nan
6510.993,1.545746e-05,0.0,nan,nan,nan
6511.078,1.546203e-05,0.0,nan,nan,nan
6511.162,1.546123e-05,0.0,nan,nan,nan
6511.246,1.546449e-05,0.0,nan,nan,nan
6511.329,1.546607e-05,0.0,nan,nan,nan
6511.413,1.546145e-05,0.0,nan,nan,nan
6511.504,1.54595e-05,0.0,nan,nan,nan
6511.588,1.546072e-05,0.0,nan,nan,nan
6511.676,1.546114e-05,0.0,nan,nan,nan
6511.76,1.545822e-05,0.0,nan,nan,nan
6511.845,1.546229e-05,0.0,nan,nan,nan
6511.929,1.546186e-05,0.0,nan,nan,nan
6512.019,1.546055e-05,0.0,nan,nan,nan
6512.103,1.545801e-05,0.0,nan,nan,nan
6512.187,1.546484e-05,0.0,nan,nan,nan
6512.289,1.545735e-05,0.0,nan,nan,nan
6512.373,1.54649e-05,0.0,nan,nan,nan
6512.457,1.546425e-05,0.0,nan,nan,nan
6512.541,1.546419e-05,0.0,nan,nan,nan
6512.626,1.546035e-05,0.0,nan,nan,nan
6512.712,1.546569e-05,0.0,nan,nan,nan
6512.796,1.546767e-05,0.0,nan,nan,nan
6512.879,1.546475e-05,0.0,nan,nan,nan
6512.963,1.546447e-05,0.0,nan,nan,nan
6513.047,1.546287e-05,0.0,nan,nan,nan
6513.131,1.546269e-05,0.0,nan,nan,nan
6513.214,1.546776e-05,0.0,nan,nan,nan
6513.317,1.546594e-05,0.0,nan,nan,nan
6513.401,1.546379e-05,0.0,nan,nan,nan
6513.504,1.546566e-05,0.0,nan,nan,nan
6513.588,1.546494e-05,0.0,nan,nan,nan
6513.673,1.546383e-05,0.0,nan,nan,nan
6513.779,1.546742e-05,0.0,nan,nan,nan
6513.862,1.546507e-05,0.0,nan,nan,nan
6513.946,1.546828e-05,0.0,nan,nan,nan
6514.033,1.546488e-05,0.0,nan,nan,nan
6514.117,1.546379e-05,0.0,nan,nan,nan
6514.2,1.546425e-05,0.0,nan,nan,nan
6514.284,1.546624e-05,0.0,nan,nan,nan
6514.368,1.54595e-05,0.0,nan,nan,nan
6514.451,1.546241e-05,0.0,nan,nan,nan
6514.541,1.546077e-05,0.0,nan,nan,nan
6514.626,1.546259e-05,0.0,nan,nan,nan
6514.709,1.546122e-05,0.0,nan,nan,nan
6514.793,1.546365e-05,0.0,nan,nan,nan
6514.878,1.546291e-05,0.0,nan,nan,nan
6514.962,1.546346e-05,0.0,nan,nan,nan
6515.045,1.545912e-05,0.0,nan,nan,nan
6515.145,1.546388e-05,0.0,nan,nan,nan
6515.232,1.546305e-05,0.0,nan,nan,nan
6515.315,1.546295e-05,0.0,nan,nan,nan
6515.399,1.546345e-05,0.0,nan,nan,nan
6515.487,1.546366e-05,0.0,nan,nan,nan
6515.572,1.546735e-05,0.0,nan,nan,nan
6515.656,1.546395e-05,0.0,nan,nan,nan
6515.773,1.546552e-05,0.0,nan,nan,nan
6515.857,1.546564e-05,0.0,nan,nan,nan
6515.955,1.546513e-05,0.0,nan,nan,nan
6516.039,1.546649e-05,0.0,nan,nan,nan
6516.122,1.546563e-05,0.0,nan,nan,nan
6516.206,1.546886e-05,0.0,nan,nan,nan
6516.29,1.546378e-05,0.0,nan,nan,nan
6516.376,1.546314e-05,0.0,nan,nan,nan
6516.464,1.546378e-05,0.0,nan,nan,nan
6516.557,1.546399e-05,0.0,nan,nan,nan
6516.64,1.546399e-05,0.0,nan,nan,nan
6516.725,1.546188e-05,0.0,nan,nan,nan
6516.811,1.546307e-05,0.0,nan,nan,nan
6516.897,1.546378e-05,0.0,nan,nan,nan
6516.988,1.546789e-05,0.0,nan,nan,nan
6517.072,1.545967e-05,0.0,nan,nan,nan
6517.156,1.546315e-05,0.0,nan,nan,nan
6517.241,1.546447e-05,0.0,nan,nan,nan
6517.324,1.546644e-05,0.0,nan,nan,nan
6517.407,1.546277e-05,0.0,nan,nan,nan
6517.491,1.546367e-05,0.0,nan,nan,nan
6517.597,1.546363e-05,0.0,nan,nan,nan
6517.681,1.546579e-05,0.0,nan,nan,nan
6517.765,1.546316e-05,0.0,nan,nan,nan
6517.889,1.546637e-05,0.0,nan,nan,nan
6517.993,1.546658e-05,0.0,nan,nan,nan
6518.076,1.546555e-05,0.0,nan,nan,nan
6518.16,1.546303e-05,0.0,nan,nan,nan
6518.244,1.546321e-05,0.0,nan,nan,nan
6518.328,1.546609e-05,0.0,nan,nan,nan
6518.437,1.546289e-05,0.0,nan,nan,nan
6518.521,1.546414e-05,0.0,nan,nan,nan
6518.608,1.546367e-05,0.0,nan,nan,nan
6518.692,1.546125e-05,0.0,nan,nan,nan
6518.791,1.546552e-05,0.0,nan,nan,nan
6518.875,1.546608e-05,0.0,nan,nan,nan
6518.959,1.546939e-05,0.0,nan,nan,nan
6519.043,1.546634e-05,0.0,nan,nan,nan
6519.127,1.546666e-05,0.0,nan,nan,nan
6519.211,1.54673e-05,0.0,nan,nan,nan
6519.295,1.54637e-05,0.0,nan,nan,nan
6519.381,1.546597e-05,0.0,nan,nan,nan
6519.464,1.547156e-05,0.0,nan,nan,nan
6519.548,1.546603e-05,0.0,nan,nan,nan
6519.632,1.546563e-05,0.0,nan,nan,nan
6519.716,1.546383e-05,0.0,nan,nan,nan
6519.814,1.546406e-05,0.0,nan,nan,nan
6519.898,1.546739e-05,0.0,nan,nan,nan
6519.981,1.546358e-05,0.0,nan,nan,nan
6520.075,1.546183e-05,0.0,nan,nan,nan
6520.158,1.546707e-05,0.0,nan,nan,nan
6520.246,1.546081e-05,0.0,nan,nan,nan
6520.329,1.546062e-05,0.0,nan,nan,nan
6520.413,1.546472e-05,0.0,nan,nan,nan
6520.497,1.546473e-05,0.0,nan,nan,nan
6520.582,1.545867e-05,0.0,nan,nan,nan
6520.665,1.546119e-05,0.0,nan,nan,nan
6520.749,1.546666e-05,0.0,nan,nan,nan
6520.85,1.54645e-05,0.0,nan,nan,nan
6520.933,1.546219e-05,0.0,nan,nan,nan
6521.017,1.546042e-05,0.0,nan,nan,nan
6521.1,1.546486e-05,0.0,nan,nan,nan
6521.185,1.546183e-05,0.0,nan,nan,nan
6521.27,1.545965e-05,0.0,nan,nan,nan
6521.354,1.546331e-05,0.0,nan,nan,nan
6521.437,1.546058e-05,0.0,nan,nan,nan
6521.521,1.546213e-05,0.0,nan,nan,nan
6521.604,1.546084e-05,0.0,nan,nan,nan
6521.705,1.545896e-05,0.0,nan,nan,nan
6521.789,1.546297e-05,0.0,nan,nan,nan
6521.873,1.546353e-05,0.0,nan,nan,nan
6521.957,1.545816e-05,0.0,nan,nan,nan
6522.043,1.546183e-05,0.0,nan,nan,nan
6522.147,1.546069e-05,0.0,nan,nan,nan
6522.231,1.545941e-05,0.0,nan,nan,nan
6522.315,1.54626e-05,0.0,nan,nan,nan
6522.398,1.546071e-05,0.0,nan,nan,nan
6522.493,1.546203e-05,0.0,nan,nan,nan
6522.577,1.54584e-05,0.0,nan,nan,nan
6522.661,1.545848e-05,0.0,nan,nan,nan
6522.748,1.545834e-05,0.0,nan,nan,nan
6522.831,1.545832e-05,0.0,nan,nan,nan
6522.92,1.546134e-05,0.0,nan,nan,nan
6523.003,1.546152e-05,0.0,nan,nan,nan
6523.107,1.545954e-05,0.0,nan,nan,nan
6523.191,1.545975e-05,0.0,nan,nan,nan
6523.274,1.546146e-05,0.0,nan,nan,nan
6523.358,1.546303e-05,0.0,nan,nan,nan
6523.441,1.546352e-05,0.0,nan,nan,nan
6523.527,1.546365e-05,0.0,nan,nan,nan
6523.611,1.546056e-05,0.0,nan,nan,nan
6523.694,1.546108e-05,0.0,nan,nan,nan
6523.778,1.545628e-05,0.0,nan,nan,nan
6523.865,1.545829e-05,0.0,nan,nan,nan
6523.953,1.545821e-05,0.0,nan,nan,nan
6524.037,1.54632e-05,0.0,nan,nan,nan
6524.122,1.54565e-05,0.0,nan,nan,nan
6524.208,1.545484e-05,0.0,nan,nan,nan
6524.292,1.545834e-05,0.0,nan,nan,nan
6524.375,1.545759e-05,0.0,nan,nan,nan
6524.461,1.545687e-05,0.0,nan,nan,nan
6524.56,1.545608e-05,0.0,nan,nan,nan
6524.643,1.54584e-05,0.0,nan,nan,nan
6524.729,1.545946e-05,0.0,nan,nan,nan
6524.812,1.545815e-05,0.0,nan,nan,nan
6524.899,1.546093e-05,0.0,nan,nan,nan
6524.982,1.546129e-05,0.0,nan,nan,nan
6525.066,1.545949e-05,0.0,nan,nan,nan
6525.152,1.54583e-05,0.0,nan,nan,nan
6525.236,1.546178e-05,0.0,nan,nan,nan
6525.32,1.545821e-05,0.0,nan,nan,nan
6525.403,1.546102e-05,0.0,nan,nan,nan
6525.487,1.546213e-05,0.0,nan,nan,nan
6525.576,1.546286e-05,0.0,nan,nan,nan
6525.66,1.545918e-05,0.0,nan,nan,nan
6525.743,1.54599e-05,0.0,nan,nan,nan
6525.827,1.545837e-05,0.0,nan,nan,nan
6525.911,1.546333e-05,0.0,nan,nan,nan
6525.995,1.545935e-05,0.0,nan,nan,nan
6526.082,1.545395e-05,0.0,nan,nan,nan
6526.179,1.545945e-05,0.0,nan,nan,nan
6526.263,1.545432e-05,0.0,nan,nan,nan
6526.347,1.545723e-05,0.0,nan,nan,nan
6526.43,1.545692e-05,0.0,nan,nan,nan
6526.514,1.545617e-05,0.0,nan,nan,nan
6526.598,1.545825e-05,0.0,nan,nan,nan
6526.682,1.545965e-05,0.0,nan,nan,nan
6526.765,1.545758e-05,0.0,nan,nan,nan
6526.849,1.545485e-05,0.0,nan,nan,nan
6526.932,1.545857e-05,0.0,nan,nan,nan
6527.016,1.545705e-05,0.0,nan,nan,nan
6527.099,1.545679e-05,0.0,nan,nan,nan
6527.183,1.546126e-05,0.0,nan,nan,nan
6527.267,1.545687e-05,0.0,nan,nan,nan
6527.35,1.545621e-05,0.0,nan,nan,nan
6527.434,1.545486e-05,0.0,nan,nan,nan
6527.518,1.545796e-05,0.0,nan,nan,nan
6527.608,1.545577e-05,0.0,nan,nan,nan
6527.692,1.545613e-05,0.0,nan,nan,nan
6527.775,1.545516e-05,0.0,nan,nan,nan
6527.859,1.545067e-05,0.0,nan,nan,nan
6527.943,1.54583e-05,0.0,nan,nan,nan
6528.026,1.545404e-05,0.0,nan,nan,nan
6528.114,1.545616e-05,0.0,nan,nan,nan
6528.24,1.545493e-05,0.0,nan,nan,nan
6528.326,1.545379e-05,0.0,nan,nan,nan
6528.431,1.545922e-05,0.0,nan,nan,nan
6528.515,1.545433e-05,0.0,nan,nan,nan
6528.598,1.545601e-05,0.0,nan,nan,nan
6528.682,1.546037e-05,0.0,nan,nan,nan
6528.765,1.546266e-05,0.0,nan,nan,nan
6528.849,1.545985e-05,0.0,nan,nan,nan
6528.932,1.545552e-05,0.0,nan,nan,nan
6529.017,1.545689e-05,0.0,nan,nan,nan
6529.1,1.545943e-05,0.0,nan,nan,nan
6529.187,1.54546e-05,0.0,nan,nan,nan
6529.271,1.545719e-05,0.0,nan,nan,nan
6529.355,1.545937e-05,0.0,nan,nan,nan
6529.442,1.545863e-05,0.0,nan,nan,nan
6529.531,1.545933e-05,0.0,nan,nan,nan
6529.632,1.54553e-05,0.0,nan,nan,nan
6529.715,1.545687e-05,0.0,nan,nan,nan
6529.799,1.545332e-05,0.0,nan,nan,nan
6529.883,1.545877e-05,0.0,nan,nan,nan
6529.966,1.545452e-05,0.0,nan,nan,nan
6530.053,1.545949e-05,0.0,nan,nan,nan
6530.137,1.545498e-05,0.0,nan,nan,nan
6530.22,1.545481e-05,0.0,nan,nan,nan
6530.316,1.545495e-05,0.0,nan,nan,nan
6530.4,1.545974e-05,0.0,nan,nan,nan
6530.484,1.545717e-05,0.0,nan,nan,nan
6530.567,1.545896e-05,0.0,nan,nan,nan
6530.651,1.54583e-05,0.0,nan,nan,nan
6530.734,1.545909e-05,0.0,nan,nan,nan
6530.825,1.545753e-05,0.0,nan,nan,nan
6530.908,1.546112e-05,0.0,nan,nan,nan
6530.992,1.545753e-05,0.0,nan,nan,nan
6531.075,1.546117e-05,0.0,nan,nan,nan
6531.159,1.545427e-05,0.0,nan,nan,nan
6531.243,1.545581e-05,0.0,nan,nan,nan
6531.326,1.54544e-05,0.0,nan,nan,nan
6531.41,1.545553e-05,0.0,nan,nan,nan
6531.499,1.545824e-05,0.0,nan,nan,nan
6531.582,1.545583e-05,0.0,nan,nan,nan
6531.666,1.545688e-05,0.0,nan,nan,nan
6531.75,1.545848e-05,0.0,nan,nan,nan
6531.833,1.545595e-05,0.0,nan,nan,nan
6531.917,1.546196e-05,0.0,nan,nan,nan
6532.001,1.545865e-05,0.0,nan,nan,nan
6532.095,1.545658e-05,0.0,nan,nan,nan
6532.179,1.546151e-05,0.0,nan,nan,nan
6532.263,1.545825e-05,0.0,nan,nan,nan
6532.373,1.546127e-05,0.0,nan,nan,nan
6532.457,1.546133e-05,0.0,nan,nan,nan
6532.54,1.545629e-05,0.0,nan,nan,nan
6532.623,1.545688e-05,0.0,nan,nan,nan
6532.72,1.545979e-05,0.0,nan,nan,nan
6532.803,1.546087e-05,0.0,nan,nan,nan
6532.91,1.546099e-05,0.0,nan,nan,nan
6532.994,1.545252e-05,0.0,nan,nan,nan
6533.094,1.545861e-05,0.0,nan,nan,nan
6533.178,1.546077e-05,0.0,nan,nan,nan
6533.265,1.545539e-05,0.0,nan,nan,nan
6533.349,1.545558e-05,0.0,nan,nan,nan
6533.432,1.545219e-05,0.0,nan,nan,nan
6533.531,1.5459e-05,0.0,nan,nan,nan
6533.616,1.545605e-05,0.0,nan,nan,nan
6533.715,1.545925e-05,0.0,nan,nan,nan
6533.799,1.54583e-05,0.0,nan,nan,nan
6533.884,1.546077e-05,0.0,nan,nan,nan
6533.968,1.546375e-05,0.0,nan,nan,nan
6534.054,1.546085e-05,0.0,nan,nan,nan
6534.142,1.545636e-05,0.0,nan,nan,nan
6534.23,1.545941e-05,0.0,nan,nan,nan
6534.315,1.54604e-05,0.0,nan,nan,nan
6534.423,1.545865e-05,0.0,nan,nan,nan
6534.507,1.545594e-05,0.0,nan,nan,nan
6534.597,1.545526e-05,0.0,nan,nan,nan
6534.683,1.545672e-05,0.0,nan,nan,nan
6534.766,1.54583e-05,0.0,nan,nan,nan
6534.85,1.54595e-05,0.0,nan,nan,nan
6534.941,1.546042e-05,0.0,nan,nan,nan
6535.024,1.545909e-05,0.0,nan,nan,nan
6535.111,1.545862e-05,0.0,nan,nan,nan
6535.195,1.546058e-05,0.0,nan,nan,nan
6535.283,1.545622e-05,0.0,nan,nan,nan
6535.374,1.545978e-05,0.0,nan,nan,nan
6535.459,1.545286e-05,0.0,nan,nan,nan
6535.558,1.545828e-05,0.0,nan,nan,nan
6535.648,1.545572e-05,0.0,nan,nan,nan
6535.732,1.545376e-05,0.0,nan,nan,nan
6535.815,1.545588e-05,0.0,nan,nan,nan
6535.899,1.545593e-05,0.0,nan,nan,nan
6535.984,1.545655e-05,0.0,nan,nan,nan
6536.067,1.545382e-05,0.0,nan,nan,nan
6536.165,1.545733e-05,0.0,nan,nan,nan
6536.249,1.545904e-05,0.0,nan,nan,nan
6536.332,1.545788e-05,0.0,nan,nan,nan
6536.416,1.545633e-05,0.0,nan,nan,nan
6536.541,1.545661e-05,0.0,nan,nan,nan
6536.626,1.545486e-05,0.0,nan,nan,nan
6536.709,1.545231e-05,0.0,nan,nan,nan
6536.805,1.545586e-05,0.0,nan,nan,nan
6536.889,1.54547e-05,0.0,nan,nan,nan
6536.973,1.545965e-05,0.0,nan,nan,nan
6537.057,1.546011e-05,0.0,nan,nan,nan
6537.14,1.545465e-05,0.0,nan,nan,nan
6537.233,1.546045e-05,0.0,nan,nan,nan
6537.317,1.545551e-05,0.0,nan,nan,nan
6537.401,1.545183e-05,0.0,nan,nan,nan
6537.484,1.545491e-05,0.0,nan,nan,nan
6537.567,1.545437e-05,0.0,nan,nan,nan
6537.651,1.545661e-05,0.0,nan,nan,nan
6537.738,1.545415e-05,0.0,nan,nan,nan
6537.822,1.545438e-05,0.0,nan,nan,nan
6537.905,1.545774e-05,0.0,nan,nan,nan
6537.989,1.545352e-05,0.0,nan,nan,nan
6538.073,1.545683e-05,0.0,nan,nan,nan
6538.159,1.545505e-05,0.0,nan,nan,nan
6538.248,1.545749e-05,0.0,nan,nan,nan
6538.332,1.545357e-05,0.0,nan,nan,nan
6538.433,1.545533e-05,0.0,nan,nan,nan
6538.517,1.545613e-05,0.0,nan,nan,nan
6538.615,1.545717e-05,0.0,nan,nan,nan
6538.699,1.545418e-05,0.0,nan,nan,nan
6538.783,1.545461e-05,0.0,nan,nan,nan
6538.866,1.545667e-05,0.0,nan,nan,nan
6538.949,1.545399e-05,0.0,nan,nan,nan
6539.05,1.545431e-05,0.0,nan,nan,nan
6539.133,1.545107e-05,0.0,nan,nan,nan
6539.217,1.545957e-05,0.0,nan,nan,nan
6539.3,1.545886e-05,0.0,nan,nan,nan
6539.387,1.545841e-05,0.0,nan,nan,nan
6539.471,1.545501e-05,0.0,nan,nan,nan
6539.554,1.545664e-05,0.0,nan,nan,nan
6539.647,1.545281e-05,0.0,nan,nan,nan
6539.73,1.545343e-05,0.0,nan,nan,nan
6539.818,1.545642e-05,0.0,nan,nan,nan
6539.901,1.545461e-05,0.0,nan,nan,nan
6539.985,1.545489e-05,0.0,nan,nan,nan
6540.073,1.545591e-05,0.0,nan,nan,nan
6540.157,1.545557e-05,0.0,nan,nan,nan
6540.24,1.54509e-05,0.0,nan,nan,nan
6540.323,1.54546e-05,0.0,nan,nan,nan
6540.407,1.545233e-05,0.0,nan,nan,nan
6540.49,1.545682e-05,0.0,nan,nan,nan
6540.577,1.54524e-05,0.0,nan,nan,nan
6540.679,1.545326e-05,0.0,nan,nan,nan
6540.765,1.545737e-05,0.0,nan,nan,nan
6540.859,1.545493e-05,0.0,nan,nan,nan
6540.943,1.545054e-05,0.0,nan,nan,nan
6541.026,1.545237e-05,0.0,nan,nan,nan
6541.11,1.54574e-05,0.0,nan,nan,nan
6541.195,1.546094e-05,0.0,nan,nan,nan
6541.287,1.545869e-05,0.0,nan,nan,nan
6541.371,1.545771e-05,0.0,nan,nan,nan
6541.454,1.545793e-05,0.0,nan,nan,nan
6541.538,1.54581e-05,0.0,nan,nan,nan
6541.622,1.545732e-05,0.0,nan,nan,nan
6541.712,1.545975e-05,0.0,nan,nan,nan
6541.797,1.546028e-05,0.0,nan,nan,nan
6541.896,1.545941e-05,0.0,nan,nan,nan
6541.98,1.546363e-05,0.0,nan,nan,nan
6542.076,1.546257e-05,0.0,nan,nan,nan
6542.159,1.545535e-05,0.0,nan,nan,nan
6542.243,1.545917e-05,0.0,nan,nan,nan
6542.327,1.546333e-05,0.0,nan,nan,nan
6542.415,1.546152e-05,0.0,nan,nan,nan
6542.498,1.545882e-05,0.0,nan,nan,nan
6542.582,1.545769e-05,0.0,nan,nan,nan
6542.666,1.545886e-05,0.0,nan,nan,nan
6542.756,1.545914e-05,0.0,nan,nan,nan
6542.84,1.546125e-05,0.0,nan,nan,nan
6542.924,1.545714e-05,0.0,nan,nan,nan
6543.007,1.545984e-05,0.0,nan,nan,nan
6543.092,1.545819e-05,0.0,nan,nan,nan
6543.175,1.545755e-05,0.0,nan,nan,nan
6543.26,1.545939e-05,0.0,nan,nan,nan
6543.344,1.545965e-05,0.0,nan,nan,nan
6543.432,1.545778e-05,0.0,nan,nan,nan
6543.518,1.545899e-05,0.0,nan,nan,nan
6543.602,1.546001e-05,0.0,nan,nan,nan
6543.685,1.545653e-05,0.0,nan,nan,nan
6543.772,1.545932e-05,0.0,nan,nan,nan
6543.855,1.545885e-05,0.0,nan,nan,nan
6543.943,1.545612e-05,0.0,nan,nan,nan
6544.033,1.54587e-05,0.0,nan,nan,nan
6544.134,1.545631e-05,0.0,nan,nan,nan
6544.218,1.546015e-05,0.0,nan,nan,nan
6544.301,1.545524e-05,0.0,nan,nan,nan
6544.385,1.545711e-05,0.0,nan,nan,nan
6544.469,1.545909e-05,0.0,nan,nan,nan
6544.552,1.545649e-05,0.0,nan,nan,nan
6544.636,1.545813e-05,0.0,nan,nan,nan
6544.721,1.545499e-05,0.0,nan,nan,nan
6545.456,1.545719e-05,0.0,nan,nan,nan
6545.542,1.545751e-05,0.0,nan,nan,nan
6545.636,1.545502e-05,0.0,nan,nan,nan
6545.72,1.545628e-05,0.0,nan,nan,nan
6545.804,1.54582e-05,0.0,nan,nan,nan
6545.887,1.545854e-05,0.0,nan,nan,nan
6545.972,1.545836e-05,0.0,nan,nan,nan
6546.056,1.545937e-05,0.0,nan,nan,nan
6546.139,1.545374e-05,0.0,nan,nan,nan
6546.223,1.545563e-05,0.0,nan,nan,nan
6546.307,1.545496e-05,0.0,nan,nan,nan
6546.39,1.545826e-05,0.0,nan,nan,nan
6546.474,1.545561e-05,0.0,nan,nan,nan
6546.568,1.545738e-05,0.0,nan,nan,nan
6546.652,1.545474e-05,0.0,nan,nan,nan
6546.736,1.546122e-05,0.0,nan,nan,nan
6546.819,1.545794e-05,0.0,nan,nan,nan
6546.903,1.545614e-05,0.0,nan,nan,nan
6546.994,1.546063e-05,0.0,nan,nan,nan
6547.077,1.545619e-05,0.0,nan,nan,nan
6547.161,1.546412e-05,0.0,nan,nan,nan
6547.245,1.546026e-05,0.0,nan,nan,nan
6547.328,1.546129e-05,0.0,nan,nan,nan
6547.412,1.546299e-05,0.0,nan,nan,nan
6547.495,1.546331e-05,0.0,nan,nan,nan
6547.583,1.546089e-05,0.0,nan,nan,nan
6547.667,1.545802e-05,0.0,nan,nan,nan
6547.776,1.546361e-05,0.0,nan,nan,nan
6547.86,1.546384e-05,0.0,nan,nan,nan
6547.943,1.545861e-05,0.0,nan,nan,nan
6548.027,1.545973e-05,0.0,nan,nan,nan
6548.112,1.546009e-05,0.0,nan,nan,nan
6548.2,1.546105e-05,0.0,nan,nan,nan
6548.284,1.5463e-05,0.0,nan,nan,nan
6548.37,1.546416e-05,0.0,nan,nan,nan
6548.454,1.546391e-05,0.0,nan,nan,nan
6548.537,1.546062e-05,0.0,nan,nan,nan
6548.621,1.54604e-05,0.0,nan,nan,nan
6548.705,1.54612e-05,0.0,nan,nan,nan
6548.81,1.545855e-05,0.0,nan,nan,nan
6548.894,1.546158e-05,0.0,nan,nan,nan
6548.977,1.546307e-05,0.0,nan,nan,nan
6549.061,1.546503e-05,0.0,nan,nan,nan
6549.145,1.546017e-05,0.0,nan,nan,nan
6549.238,1.546012e-05,0.0,nan,nan,nan
6549.322,1.546112e-05,0.0,nan,nan,nan
6549.406,1.545989e-05,0.0,nan,nan,nan
6549.49,1.545833e-05,0.0,nan,nan,nan
6549.574,1.546239e-05,0.0,nan,nan,nan
6549.667,1.545729e-05,0.0,nan,nan,nan
6549.751,1.545638e-05,0.0,nan,nan,nan
6549.834,1.545766e-05,0.0,nan,nan,nan
6549.918,1.54537e-05,0.0,nan,nan,nan
6550.001,1.545635e-05,0.0,nan,nan,nan
6550.085,1.545692e-05,0.0,nan,nan,nan
6550.17,1.545557e-05,0.0,nan,nan,nan
6550.258,1.545981e-05,0.0,nan,nan,nan
6550.345,1.546155e-05,0.0,nan,nan,nan
6550.435,1.545703e-05,0.0,nan,nan,nan
6550.519,1.546029e-05,0.0,nan,nan,nan
6550.625,1.545925e-05,0.0,nan,nan,nan
6550.708,1.546027e-05,0.0,nan,nan,nan
6550.793,1.545987e-05,0.0,nan,nan,nan
6550.876,1.546039e-05,0.0,nan,nan,nan
6550.964,1.546088e-05,0.0,nan,nan,nan
6551.061,1.545732e-05,0.0,nan,nan,nan
6551.149,1.546034e-05,0.0,nan,nan,nan
6551.232,1.545959e-05,0.0,nan,nan,nan
6551.316,1.546123e-05,0.0,nan,nan,nan
6551.403,1.546288e-05,0.0,nan,nan,nan
6551.487,1.545851e-05,0.0,nan,nan,nan
6551.57,1.546146e-05,0.0,nan,nan,nan
6551.659,1.545916e-05,0.0,nan,nan,nan
6551.744,1.545929e-05,0.0,nan,nan,nan
6551.85,1.545738e-05,0.0,nan,nan,nan
6551.934,1.546139e-05,0.0,nan,nan,nan
6552.017,1.545836e-05,0.0,nan,nan,nan
6552.101,1.546144e-05,0.0,nan,nan,nan
6552.184,1.546263e-05,0.0,nan,nan,nan
6552.276,1.546254e-05,0.0,nan,nan,nan
6552.359,1.545507e-05,0.0,nan,nan,nan
6552.443,1.545947e-05,0.0,nan,nan,nan
6552.527,1.545758e-05,0.0,nan,nan,nan
6552.611,1.545848e-05,0.0,nan,nan,nan
6552.697,1.545703e-05,0.0,nan,nan,nan
6552.782,1.54583e-05,0.0,nan,nan,nan
6552.88,1.546137e-05,0.0,nan,nan,nan
6552.963,1.54598e-05,0.0,nan,nan,nan
6553.047,1.546053e-05,0.0,nan,nan,nan
6553.131,1.545842e-05,0.0,nan,nan,nan
6553.215,1.546164e-05,0.0,nan,nan,nan
6553.298,1.546279e-05,0.0,nan,nan,nan
6553.382,1.546343e-05,0.0,nan,nan,nan
6553.49,1.546052e-05,0.0,nan,nan,nan
6553.574,1.546082e-05,0.0,nan,nan,nan
6553.657,1.546106e-05,0.0,nan,nan,nan
6553.773,1.54657e-05,0.0,nan,nan,nan
6553.858,1.54637e-05,0.0,nan,nan,nan
6553.942,1.546267e-05,0.0,nan,nan,nan
6554.025,1.546286e-05,0.0,nan,nan,nan
6554.11,1.546149e-05,0.0,nan,nan,nan
6554.198,1.546287e-05,0.0,nan,nan,nan
6554.298,1.546304e-05,0.0,nan,nan,nan
6554.382,1.545866e-05,0.0,nan,nan,nan
6554.467,1.545985e-05,0.0,nan,nan,nan
6554.55,1.546062e-05,0.0,nan,nan,nan
6554.634,1.54598e-05,0.0,nan,nan,nan
6554.72,1.546106e-05,0.0,nan,nan,nan
6554.804,1.545769e-05,0.0,nan,nan,nan
6554.887,1.546065e-05,0.0,nan,nan,nan
6554.971,1.545938e-05,0.0,nan,nan,nan
6555.055,1.545884e-05,0.0,nan,nan,nan
6555.138,1.546154e-05,0.0,nan,nan,nan
6555.222,1.545629e-05,0.0,nan,nan,nan
6555.323,1.545715e-05,0.0,nan,nan,nan
6555.406,1.546023e-05,0.0,nan,nan,nan
6555.49,1.545993e-05,0.0,nan,nan,nan
6555.573,1.546124e-05,0.0,nan,nan,nan
6555.657,1.546222e-05,0.0,nan,nan,nan
6555.742,1.546169e-05,0.0,nan,nan,nan
6555.854,1.54574e-05,0.0,nan,nan,nan
6555.94,1.546496e-05,0.0,nan,nan,nan
6556.025,1.545825e-05,0.0,nan,nan,nan
6556.123,1.546479e-05,0.0,nan,nan,nan
6556.207,1.546083e-05,0.0,nan,nan,nan
6556.29,1.545763e-05,0.0,nan,nan,nan
6556.374,1.54627e-05,0.0,nan,nan,nan
6556.46,1.546046e-05,0.0,nan,nan,nan
6556.551,1.546026e-05,0.0,nan,nan,nan
6556.634,1.546474e-05,0.0,nan,nan,nan
6556.719,1.546288e-05,0.0,nan,nan,nan
6556.802,1.546086e-05,0.0,nan,nan,nan
6556.886,1.546104e-05,0.0,nan,nan,nan
6556.972,1.545892e-05,0.0,nan,nan,nan
6557.056,1.54622e-05,0.0,nan,nan,nan
6557.159,1.54611e-05,0.0,nan,nan,nan
6557.243,1.546184e-05,0.0,nan,nan,nan
6557.326,1.546354e-05,0.0,nan,nan,nan
6557.41,1.546147e-05,0.0,nan,nan,nan
6557.494,1.545722e-05,0.0,nan,nan,nan
6557.58,1.5457e-05,0.0,nan,nan,nan
6557.664,1.546115e-05,0.0,nan,nan,nan
6557.757,1.54558e-05,0.0,nan,nan,nan
6557.84,1.545732e-05,0.0,nan,nan,nan
6557.924,1.546085e-05,0.0,nan,nan,nan
6558.022,1.545932e-05,0.0,nan,nan,nan
6558.107,1.546364e-05,0.0,nan,nan,nan
6558.191,1.546154e-05,0.0,nan,nan,nan
6558.281,1.546196e-05,0.0,nan,nan,nan
6558.366,1.546374e-05,0.0,nan,nan,nan
6558.45,1.546831e-05,0.0,nan,nan,nan
6558.533,1.546396e-05,0.0,nan,nan,nan
6558.617,1.546557e-05,0.0,nan,nan,nan
6558.7,1.546445e-05,0.0,nan,nan,nan
6558.787,1.546425e-05,0.0,nan,nan,nan
6558.87,1.546644e-05,0.0,nan,nan,nan
6558.955,1.546192e-05,0.0,nan,nan,nan
6559.039,1.546164e-05,0.0,nan,nan,nan
6559.123,1.546057e-05,0.0,nan,nan,nan
6559.207,1.546173e-05,0.0,nan,nan,nan
6559.292,1.546273e-05,0.0,nan,nan,nan
6559.398,1.546528e-05,0.0,nan,nan,nan
6559.482,1.546697e-05,0.0,nan,nan,nan
6559.565,1.546702e-05,0.0,nan,nan,nan
6559.649,1.546799e-05,0.0,nan,nan,nan
6559.735,1.546547e-05,0.0,nan,nan,nan
6559.819,1.546531e-05,0.0,nan,nan,nan
6559.903,1.546219e-05,0.0,nan,nan,nan
6559.988,1.546364e-05,0.0,nan,nan,nan
6560.076,1.546382e-05,0.0,nan,nan,nan
6560.16,1.546304e-05,0.0,nan,nan,nan
6560.243,1.546529e-05,0.0,nan,nan,nan
6560.329,1.546609e-05,0.0,nan,nan,nan
6560.415,1.546745e-05,0.0,nan,nan,nan
6560.499,1.546418e-05,0.0,nan,nan,nan
6560.583,1.546549e-05,0.0,nan,nan,nan
6560.667,1.546277e-05,0.0,nan,nan,nan
6560.753,1.546557e-05,0.0,nan,nan,nan
6560.837,1.546564e-05,0.0,nan,nan,nan
6560.921,1.54649e-05,0.0,nan,nan,nan
6561.004,1.546526e-05,0.0,nan,nan,nan
6561.088,1.546585e-05,0.0,nan,nan,nan
6561.172,1.546241e-05,0.0,nan,nan,nan
6561.259,1.546149e-05,0.0,nan,nan,nan
6561.342,1.546471e-05,0.0,nan,nan,nan
6561.435,1.546064e-05,0.0,nan,nan,nan
6561.518,1.546256e-05,0.0,nan,nan,nan
6561.602,1.54627e-05,0.0,nan,nan,nan
6561.686,1.546272e-05,0.0,nan,nan,nan
6561.77,1.546153e-05,0.0,nan,nan,nan
6561.856,1.546077e-05,0.0,nan,nan,nan
6561.942,1.54625e-05,0.0,nan,nan,nan
6562.04,1.545766e-05,0.0,nan,nan,nan
6562.127,1.546135e-05,0.0,nan,nan,nan
6562.21,1.545866e-05,0.0,nan,nan,nan
6562.294,1.545832e-05,0.0,nan,nan,nan
6562.377,1.54611e-05,0.0,nan,nan,nan
6562.474,1.546171e-05,0.0,nan,nan,nan
6562.559,1.546367e-05,0.0,nan,nan,nan
6562.666,1.546274e-05,0.0,nan,nan,nan
6562.75,1.546132e-05,0.0,nan,nan,nan
6562.833,1.546474e-05,0.0,nan,nan,nan
6562.917,1.546305e-05,0.0,nan,nan,nan
6563.001,1.545666e-05,0.0,nan,nan,nan
6563.086,1.546243e-05,0.0,nan,nan,nan
6563.17,1.546214e-05,0.0,nan,nan,nan
6563.254,1.546332e-05,0.0,nan,nan,nan
6563.337,1.546181e-05,0.0,nan,nan,nan
6563.423,1.546095e-05,0.0,nan,nan,nan
6563.506,1.545932e-05,0.0,nan,nan,nan
6563.59,1.54585e-05,0.0,nan,nan,nan
6563.684,1.545836e-05,0.0,nan,nan,nan
6563.768,1.545901e-05,0.0,nan,nan,nan
6563.852,1.546131e-05,0.0,nan,nan,nan
6563.935,1.546353e-05,0.0,nan,nan,nan
6564.019,1.545763e-05,0.0,nan,nan,nan
6564.115,1.546219e-05,0.0,nan,nan,nan
6564.199,1.546339e-05,0.0,nan,nan,nan
6564.287,1.546187e-05,0.0,nan,nan,nan
6564.37,1.545803e-05,0.0,nan,nan,nan
6564.455,1.54589e-05,0.0,nan,nan,nan
6564.539,1.545897e-05,0.0,nan,nan,nan
6564.622,1.545933e-05,0.0,nan,nan,nan
6564.714,1.54599e-05,0.0,nan,nan,nan
6564.799,1.545804e-05,0.0,nan,nan,nan
6564.882,1.54596e-05,0.0,nan,nan,nan
6564.966,1.545849e-05,0.0,nan,nan,nan
6565.052,1.545867e-05,0.0,nan,nan,nan
6565.135,1.546221e-05,0.0,nan,nan,nan
6565.219,1.545886e-05,0.0,nan,nan,nan
6565.318,1.545983e-05,0.0,nan,nan,nan
6565.402,1.545407e-05,0.0,nan,nan,nan
6565.485,1.545579e-05,0.0,nan,nan,nan
6565.569,1.545987e-05,0.0,nan,nan,nan
6565.653,1.546158e-05,0.0,nan,nan,nan
6565.743,1.545762e-05,0.0,nan,nan,nan
6565.826,1.54569e-05,0.0,nan,nan,nan
6565.934,1.545907e-05,0.0,nan,nan,nan
6566.018,1.546108e-05,0.0,nan,nan,nan
6566.103,1.546315e-05,0.0,nan,nan,nan
6566.195,1.545979e-05,0.0,nan,nan,nan
6566.279,1.545966e-05,0.0,nan,nan,nan
6566.363,1.546197e-05,0.0,nan,nan,nan
6566.447,1.546297e-05,0.0,nan,nan,nan
6566.539,1.54627e-05,0.0,nan,nan,nan
6566.623,1.546301e-05,0.0,nan,nan,nan
6566.724,1.546134e-05,0.0,nan,nan,nan
6566.808,1.54597e-05,0.0,nan,nan,nan
6566.891,1.546318e-05,0.0,nan,nan,nan
6566.975,1.546323e-05,0.0,nan,nan,nan
6567.06,1.546138e-05,0.0,nan,nan,nan
6567.148,1.546206e-05,0.0,nan,nan,nan
6567.234,1.546319e-05,0.0,nan,nan,nan
6567.333,1.546293e-05,0.0,nan,nan,nan
6567.416,1.546666e-05,0.0,nan,nan,nan
6567.5,1.546541e-05,0.0,nan,nan,nan
6567.584,1.546021e-05,0.0,nan,nan,nan
6567.667,1.546017e-05,0.0,nan,nan,nan
6567.759,1.54609e-05,0.0,nan,nan,nan
6567.848,1.546077e-05,0.0,nan,nan,nan
6567.943,1.546059e-05,0.0,nan,nan,nan
6568.027,1.545968e-05,0.0,nan,nan,nan
6568.11,1.546309e-05,0.0,nan,nan,nan
6568.194,1.546429e-05,0.0,nan,nan,nan
6568.278,1.546561e-05,0.0,nan,nan,nan
6568.361,1.5469e-05,0.0,nan,nan,nan
6568.45,1.547024e-05,0.0,nan,nan,nan
6568.552,1.546526e-05,0.0,nan,nan,nan
6568.636,1.546378e-05,0.0,nan,nan,nan
6568.721,1.546378e-05,0.0,nan,nan,nan
6568.805,1.546758e-05,0.0,nan,nan,nan
6568.888,1.54645e-05,0.0,nan,nan,nan
6568.985,1.546584e-05,0.0,nan,nan,nan
6569.069,1.546552e-05,0.0,nan,nan,nan
6569.153,1.546612e-05,0.0,nan,nan,nan
6569.236,1.546598e-05,0.0,nan,nan,nan
6569.323,1.54672e-05,0.0,nan,nan,nan
6569.407,1.546605e-05,0.0,nan,nan,nan
6569.49,1.546358e-05,0.0,nan,nan,nan
6569.585,1.54657e-05,0.0,nan,nan,nan
6569.668,1.545843e-05,0.0,nan,nan,nan
6569.765,1.546251e-05,0.0,nan,nan,nan
6569.848,1.546384e-05,0.0,nan,nan,nan
6569.932,1.546435e-05,0.0,nan,nan,nan
6570.015,1.546386e-05,0.0,nan,nan,nan
6570.099,1.546437e-05,0.0,nan,nan,nan
6570.192,1.546108e-05,0.0,nan,nan,nan
6570.317,1.54621e-05,0.0,nan,nan,nan
6570.417,1.546229e-05,0.0,nan,nan,nan
6570.501,1.546124e-05,0.0,nan,nan,nan
6570.585,1.545976e-05,0.0,nan,nan,nan
6570.669,1.546008e-05,0.0,nan,nan,nan
6570.753,1.546215e-05,0.0,nan,nan,nan
6570.836,1.545949e-05,0.0,nan,nan,nan
6570.92,1.54624e-05,0.0,nan,nan,nan
6571.009,1.546128e-05,0.0,nan,nan,nan
6571.092,1.54624e-05,0.0,nan,nan,nan
6571.176,1.546324e-05,0.0,nan,nan,nan
6571.259,1.545886e-05,0.0,nan,nan,nan
6571.352,1.545697e-05,0.0,nan,nan,nan
6571.436,1.54605e-05,0.0,nan,nan,nan
6571.519,1.546265e-05,0.0,nan,nan,nan
6571.622,1.545965e-05,0.0,nan,nan,nan
6571.706,1.546091e-05,0.0,nan,nan,nan
6571.789,1.545877e-05,0.0,nan,nan,nan
6571.873,1.546112e-05,0.0,nan,nan,nan
6571.956,1.546167e-05,0.0,nan,nan,nan
6572.052,1.546215e-05,0.0,nan,nan,nan
6572.136,1.546068e-05,0.0,nan,nan,nan
6572.22,1.546092e-05,0.0,nan,nan,nan
6572.303,1.546011e-05,0.0,nan,nan,nan
6572.408,1.546212e-05,0.0,nan,nan,nan
6572.502,1.546128e-05,0.0,nan,nan,nan
6572.585,1.546724e-05,0.0,nan,nan,nan
6572.669,1.546323e-05,0.0,nan,nan,nan
6572.753,1.545933e-05,0.0,nan,nan,nan
6572.839,1.546176e-05,0.0,nan,nan,nan
6572.923,1.546564e-05,0.0,nan,nan,nan
6573.007,1.546554e-05,0.0,nan,nan,nan
6573.091,1.546096e-05,0.0,nan,nan,nan
6573.177,1.546261e-05,0.0,nan,nan,nan
6573.271,1.546585e-05,0.0,nan,nan,nan
6573.355,1.546491e-05,0.0,nan,nan,nan
6573.438,1.546723e-05,0.0,nan,nan,nan
6573.522,1.546484e-05,0.0,nan,nan,nan
6573.608,1.546672e-05,0.0,nan,nan,nan
6573.691,1.546102e-05,0.0,nan,nan,nan
6573.777,1.546311e-05,0.0,nan,nan,nan
6573.877,1.545849e-05,0.0,nan,nan,nan
6573.961,1.546316e-05,0.0,nan,nan,nan
6574.065,1.546098e-05,0.0,nan,nan,nan
6574.149,1.546524e-05,0.0,nan,nan,nan
6574.233,1.546292e-05,0.0,nan,nan,nan
6574.32,1.546222e-05,0.0,nan,nan,nan
6574.404,1.545776e-05,0.0,nan,nan,nan
6574.487,1.546434e-05,0.0,nan,nan,nan
6574.571,1.546037e-05,0.0,nan,nan,nan
6574.672,1.545932e-05,0.0,nan,nan,nan
6574.756,1.546374e-05,0.0,nan,nan,nan
6574.84,1.546304e-05,0.0,nan,nan,nan
6574.923,1.54624e-05,0.0,nan,nan,nan
6575.007,1.545826e-05,0.0,nan,nan,nan
6575.097,1.546152e-05,0.0,nan,nan,nan
6575.182,1.545802e-05,0.0,nan,nan,nan
6575.269,1.545923e-05,0.0,nan,nan,nan
6575.353,1.546013e-05,0.0,nan,nan,nan
6575.438,1.546093e-05,0.0,nan,nan,nan
6575.521,1.546088e-05,0.0,nan,nan,nan
6575.605,1.54599e-05,0.0,nan,nan,nan
6575.708,1.54623e-05,0.0,nan,nan,nan
6575.798,1.546347e-05,0.0,nan,nan,nan
6575.909,1.54626e-05,0.0,nan,nan,nan
6575.998,1.545891e-05,0.0,nan,nan,nan
6576.105,1.545872e-05,0.0,nan,nan,nan
6576.189,1.545706e-05,0.0,nan,nan,nan
6576.273,1.545505e-05,0.0,nan,nan,nan
6576.356,1.545878e-05,0.0,nan,nan,nan
6576.442,1.546075e-05,0.0,nan,nan,nan
6576.538,1.546365e-05,0.0,nan,nan,nan
6576.625,1.546378e-05,0.0,nan,nan,nan
6576.731,1.546124e-05,0.0,nan,nan,nan
6576.815,1.546307e-05,0.0,nan,nan,nan
6576.899,1.546081e-05,0.0,nan,nan,nan
6576.982,1.545946e-05,0.0,nan,nan,nan
6577.069,1.546e-05,0.0,nan,nan,nan
6577.152,1.546048e-05,0.0,nan,nan,nan
6577.235,1.546072e-05,0.0,nan,nan,nan
6577.325,1.545698e-05,0.0,nan,nan,nan
6577.408,1.546261e-05,0.0,nan,nan,nan
6577.495,1.546564e-05,0.0,nan,nan,nan
6577.579,1.546435e-05,0.0,nan,nan,nan
6577.665,1.54616e-05,0.0,nan,nan,nan
6577.752,1.545833e-05,0.0,nan,nan,nan
6577.836,1.545587e-05,0.0,nan,nan,nan
6577.935,1.546093e-05,0.0,nan,nan,nan
6578.018,1.545971e-05,0.0,nan,nan,nan
6578.102,1.545948e-05,0.0,nan,nan,nan
6578.185,1.545801e-05,0.0,nan,nan,nan
6578.269,1.546138e-05,0.0,nan,nan,nan
6578.352,1.545904e-05,0.0,nan,nan,nan
6578.436,1.546019e-05,0.0,nan,nan,nan
6578.539,1.54602e-05,0.0,nan,nan,nan
6578.622,1.545879e-05,0.0,nan,nan,nan
6578.708,1.546458e-05,0.0,nan,nan,nan
6578.791,1.545998e-05,0.0,nan,nan,nan
6578.875,1.546122e-05,0.0,nan,nan,nan
6578.959,1.545974e-05,0.0,nan,nan,nan
6579.049,1.546311e-05,0.0,nan,nan,nan
6579.135,1.546364e-05,0.0,nan,nan,nan
6579.219,1.545774e-05,0.0,nan,nan,nan
6579.303,1.545666e-05,0.0,nan,nan,nan
6579.386,1.545919e-05,0.0,nan,nan,nan
6579.471,1.546008e-05,0.0,nan,nan,nan
6579.558,1.545703e-05,0.0,nan,nan,nan
6579.641,1.54583e-05,0.0,nan,nan,nan
6579.727,1.546083e-05,0.0,nan,nan,nan
6579.81,1.546123e-05,0.0,nan,nan,nan
6579.894,1.546083e-05,0.0,nan,nan,nan
6579.98,1.546037e-05,0.0,nan,nan,nan
6580.065,1.546227e-05,0.0,nan,nan,nan
6580.149,1.546231e-05,0.0,nan,nan,nan
6580.233,1.546336e-05,0.0,nan,nan,nan
6580.316,1.546234e-05,0.0,nan,nan,nan
6580.4,1.546404e-05,0.0,nan,nan,nan
6580.483,1.546213e-05,0.0,nan,nan,nan
6580.573,1.546294e-05,0.0,nan,nan,nan
6580.669,1.546381e-05,0.0,nan,nan,nan
6580.772,1.54615e-05,0.0,nan,nan,nan
6580.856,1.546535e-05,0.0,nan,nan,nan
6580.941,1.546504e-05,0.0,nan,nan,nan
6581.025,1.54624e-05,0.0,nan,nan,nan
6581.108,1.546316e-05,0.0,nan,nan,nan
6581.193,1.546131e-05,0.0,nan,nan,nan
6581.282,1.546026e-05,0.0,nan,nan,nan
6581.365,1.54593e-05,0.0,nan,nan,nan
6581.449,1.545681e-05,0.0,nan,nan,nan
6581.533,1.54633e-05,0.0,nan,nan,nan
6581.616,1.545411e-05,0.0,nan,nan,nan
6581.7,1.545916e-05,0.0,nan,nan,nan
6581.793,1.545738e-05,0.0,nan,nan,nan
6581.877,1.546009e-05,0.0,nan,nan,nan
6581.96,1.545827e-05,0.0,nan,nan,nan
6582.044,1.546489e-05,0.0,nan,nan,nan
6582.131,1.546711e-05,0.0,nan,nan,nan
6582.219,1.546325e-05,0.0,nan,nan,nan
6582.302,1.545892e-05,0.0,nan,nan,nan
6582.404,1.546122e-05,0.0,nan,nan,nan
6582.488,1.546092e-05,0.0,nan,nan,nan
6582.571,1.54612e-05,0.0,nan,nan,nan
6582.655,1.546152e-05,0.0,nan,nan,nan
6582.738,1.546209e-05,0.0,nan,nan,nan
6582.822,1.546263e-05,0.0,nan,nan,nan
6582.906,1.546075e-05,0.0,nan,nan,nan
6583.011,1.546514e-05,0.0,nan,nan,nan
6583.095,1.546403e-05,0.0,nan,nan,nan
6583.178,1.546709e-05,0.0,nan,nan,nan
6583.262,1.546252e-05,0.0,nan,nan,nan
6583.348,1.546421e-05,0.0,nan,nan,nan
6583.441,1.545822e-05,0.0,nan,nan,nan
6583.524,1.545823e-05,0.0,nan,nan,nan
6583.631,1.546268e-05,0.0,nan,nan,nan
6583.715,1.546348e-05,0.0,nan,nan,nan
6583.8,1.546508e-05,0.0,nan,nan,nan
6583.883,1.54592e-05,0.0,nan,nan,nan
6583.968,1.545832e-05,0.0,nan,nan,nan
6584.055,1.546094e-05,0.0,nan,nan,nan
6584.142,1.546242e-05,0.0,nan,nan,nan
6584.252,1.545712e-05,0.0,nan,nan,nan
6584.335,1.545991e-05,0.0,nan,nan,nan
6584.419,1.54615e-05,0.0,nan,nan,nan
6584.502,1.545722e-05,0.0,nan,nan,nan
6584.591,1.5461e-05,0.0,nan,nan,nan
6584.674,1.546304e-05,0.0,nan,nan,nan
6584.773,1.546582e-05,0.0,nan,nan,nan
6584.856,1.545885e-05,0.0,nan,nan,nan
6584.94,1.546271e-05,0.0,nan,nan,nan
6585.024,1.545942e-05,0.0,nan,nan,nan
6585.107,1.546215e-05,0.0,nan,nan,nan
6585.192,1.545951e-05,0.0,nan,nan,nan
6585.276,1.545676e-05,0.0,nan,nan,nan
6585.366,1.545892e-05,0.0,nan,nan,nan
6585.449,1.546037e-05,0.0,nan,nan,nan
6585.533,1.546155e-05,0.0,nan,nan,nan
6585.617,1.546008e-05,0.0,nan,nan,nan
6585.701,1.546304e-05,0.0,nan,nan,nan
6585.784,1.546403e-05,0.0,nan,nan,nan
6585.874,1.545884e-05,0.0,nan,nan,nan
6585.958,1.546083e-05,0.0,nan,nan,nan
6586.044,1.546014e-05,0.0,nan,nan,nan
6586.127,1.546192e-05,0.0,nan,nan,nan
6586.211,1.546287e-05,0.0,nan,nan,nan
6586.302,1.546033e-05,0.0,nan,nan,nan
6586.386,1.54606e-05,0.0,nan,nan,nan
6586.489,1.54586e-05,0.0,nan,nan,nan
6586.573,1.545568e-05,0.0,nan,nan,nan
6586.657,1.546514e-05,0.0,nan,nan,nan
6586.741,1.546284e-05,0.0,nan,nan,nan
6586.856,1.545469e-05,0.0,nan,nan,nan
6586.941,1.546201e-05,0.0,nan,nan,nan
6587.031,1.546038e-05,0.0,nan,nan,nan
6587.114,1.546005e-05,0.0,nan,nan,nan
6587.198,1.546093e-05,0.0,nan,nan,nan
6587.287,1.545811e-05,0.0,nan,nan,nan
6587.379,1.545589e-05,0.0,nan,nan,nan
6587.465,1.545968e-05,0.0,nan,nan,nan
6587.553,1.545442e-05,0.0,nan,nan,nan
6587.636,1.545738e-05,0.0,nan,nan,nan
6587.72,1.546233e-05,0.0,nan,nan,nan
6587.804,1.546172e-05,0.0,nan,nan,nan
6587.888,1.546069e-05,0.0,nan,nan,nan
6587.971,1.546732e-05,0.0,nan,nan,nan
6588.055,1.546456e-05,0.0,nan,nan,nan
6588.138,1.546363e-05,0.0,nan,nan,nan
6588.222,1.546183e-05,0.0,nan,nan,nan
6588.324,1.546228e-05,0.0,nan,nan,nan
6588.408,1.546659e-05,0.0,nan,nan,nan
6588.497,1.546675e-05,0.0,nan,nan,nan
6588.581,1.546103e-05,0.0,nan,nan,nan
6588.667,1.546061e-05,0.0,nan,nan,nan
6588.751,1.546138e-05,0.0,nan,nan,nan
6588.835,1.545843e-05,0.0,nan,nan,nan
6588.923,1.545856e-05,0.0,nan,nan,nan
6589.006,1.546047e-05,0.0,nan,nan,nan
6589.091,1.546637e-05,0.0,nan,nan,nan
6589.209,1.546251e-05,0.0,nan,nan,nan
6589.292,1.546319e-05,0.0,nan,nan,nan
6589.383,1.546149e-05,0.0,nan,nan,nan
6589.466,1.546294e-05,0.0,nan,nan,nan
6589.552,1.546082e-05,0.0,nan,nan,nan
6589.643,1.546023e-05,0.0,nan,nan,nan
6589.727,1.545929e-05,0.0,nan,nan,nan
6589.81,1.545855e-05,0.0,nan,nan,nan
6589.896,1.546355e-05,0.0,nan,nan,nan
6589.979,1.546354e-05,0.0,nan,nan,nan
6590.063,1.546283e-05,0.0,nan,nan,nan
6590.154,1.546108e-05,0.0,nan,nan,nan
6590.238,1.546413e-05,0.0,nan,nan,nan
6590.321,1.546306e-05,0.0,nan,nan,nan
6590.405,1.546217e-05,0.0,nan,nan,nan
6590.489,1.546527e-05,0.0,nan,nan,nan
6590.591,1.54689e-05,0.0,nan,nan,nan
6590.674,1.546399e-05,0.0,nan,nan,nan
6590.757,1.546519e-05,0.0,nan,nan,nan
6590.841,1.546465e-05,0.0,nan,nan,nan
6590.925,1.546013e-05,0.0,nan,nan,nan
6591.04,1.54606e-05,0.0,nan,nan,nan
6591.126,1.546173e-05,0.0,nan,nan,nan
6591.225,1.546251e-05,0.0,nan,nan,nan
6591.31,1.546477e-05,0.0,nan,nan,nan
6591.424,1.546614e-05,0.0,nan,nan,nan
6591.509,1.546345e-05,0.0,nan,nan,nan
6591.621,1.546701e-05,0.0,nan,nan,nan
6591.705,1.546229e-05,0.0,nan,nan,nan
6591.788,1.546452e-05,0.0,nan,nan,nan
6591.872,1.54615e-05,0.0,nan,nan,nan
6591.955,1.546078e-05,0.0,nan,nan,nan
6592.039,1.545911e-05,0.0,nan,nan,nan
6592.123,1.546418e-05,0.0,nan,nan,nan
6592.212,1.545951e-05,0.0,nan,nan,nan
6592.299,1.546106e-05,0.0,nan,nan,nan
6592.382,1.546228e-05,0.0,nan,nan,nan
6592.466,1.546263e-05,0.0,nan,nan,nan
6592.551,1.546157e-05,0.0,nan,nan,nan
6592.635,1.546158e-05,0.0,nan,nan,nan
6592.718,1.546117e-05,0.0,nan,nan,nan
6592.804,1.546041e-05,0.0,nan,nan,nan
6592.888,1.545646e-05,0.0,nan,nan,nan
6592.972,1.545797e-05,0.0,nan,nan,nan
6593.056,1.545989e-05,0.0,nan,nan,nan
6593.139,1.545773e-05,0.0,nan,nan,nan
6593.237,1.545855e-05,0.0,nan,nan,nan
6593.321,1.545641e-05,0.0,nan,nan,nan
6593.425,1.545685e-05,0.0,nan,nan,nan
6593.509,1.54586e-05,0.0,nan,nan,nan
6593.592,1.545813e-05,0.0,nan,nan,nan
6593.676,1.546179e-05,0.0,nan,nan,nan
6593.759,1.54601e-05,0.0,nan,nan,nan
6593.848,1.545453e-05,0.0,nan,nan,nan
6593.932,1.546072e-05,0.0,nan,nan,nan
6594.015,1.546005e-05,0.0,nan,nan,nan
6594.099,1.545864e-05,0.0,nan,nan,nan
6594.182,1.545606e-05,0.0,nan,nan,nan
6594.266,1.545851e-05,0.0,nan,nan,nan
6594.349,1.545772e-05,0.0,nan,nan,nan
6594.433,1.545515e-05,0.0,nan,nan,nan
6594.517,1.545921e-05,0.0,nan,nan,nan
6594.604,1.545738e-05,0.0,nan,nan,nan
6594.688,1.54579e-05,0.0,nan,nan,nan
6594.772,1.546181e-05,0.0,nan,nan,nan
6594.855,1.546406e-05,0.0,nan,nan,nan
6594.939,1.545892e-05,0.0,nan,nan,nan
6595.023,1.545823e-05,0.0,nan,nan,nan
6595.107,1.546023e-05,0.0,nan,nan,nan
6595.206,1.545495e-05,0.0,nan,nan,nan
6595.29,1.545499e-05,0.0,nan,nan,nan
6595.373,1.545626e-05,0.0,nan,nan,nan
6595.464,1.546066e-05,0.0,nan,nan,nan
6595.548,1.545728e-05,0.0,nan,nan,nan
6595.633,1.54532e-05,0.0,nan,nan,nan
6595.716,1.54558e-05,0.0,nan,nan,nan
6595.803,1.545628e-05,0.0,nan,nan,nan
6595.888,1.545624e-05,0.0,nan,nan,nan
6595.971,1.545686e-05,0.0,nan,nan,nan
6596.056,1.545486e-05,0.0,nan,nan,nan
6596.139,1.545936e-05,0.0,nan,nan,nan
6596.225,1.545418e-05,0.0,nan,nan,nan
6596.309,1.5458e-05,0.0,nan,nan,nan
6596.397,1.545542e-05,0.0,nan,nan,nan
6596.502,1.545671e-05,0.0,nan,nan,nan
6596.586,1.545343e-05,0.0,nan,nan,nan
6596.669,1.545626e-05,0.0,nan,nan,nan
6596.752,1.545863e-05,0.0,nan,nan,nan
6596.837,1.545633e-05,0.0,nan,nan,nan
6596.92,1.545856e-05,0.0,nan,nan,nan
6597.004,1.545913e-05,0.0,nan,nan,nan
6597.098,1.545942e-05,0.0,nan,nan,nan
6597.182,1.546276e-05,0.0,nan,nan,nan
6597.285,1.546006e-05,0.0,nan,nan,nan
6597.369,1.545863e-05,0.0,nan,nan,nan
6597.455,1.545692e-05,0.0,nan,nan,nan
6597.538,1.545742e-05,0.0,nan,nan,nan
6597.622,1.545674e-05,0.0,nan,nan,nan
6597.725,1.546081e-05,0.0,nan,nan,nan
6597.813,1.546272e-05,0.0,nan,nan,nan
6597.906,1.546181e-05,0.0,nan,nan,nan
6597.99,1.545851e-05,0.0,nan,nan,nan
6598.084,1.546094e-05,0.0,nan,nan,nan
6598.168,1.54573e-05,0.0,nan,nan,nan
6598.253,1.545944e-05,0.0,nan,nan,nan
6598.336,1.54607e-05,0.0,nan,nan,nan
6598.42,1.545861e-05,0.0,nan,nan,nan
6598.525,1.545971e-05,0.0,nan,nan,nan
6598.614,1.545628e-05,0.0,nan,nan,nan
6598.702,1.545791e-05,0.0,nan,nan,nan
6598.785,1.545933e-05,0.0,nan,nan,nan
6598.869,1.545976e-05,0.0,nan,nan,nan
6598.952,1.54603e-05,0.0,nan,nan,nan
6599.036,1.545928e-05,0.0,nan,nan,nan
6599.124,1.54593e-05,0.0,nan,nan,nan
6599.208,1.545741e-05,0.0,nan,nan,nan
6599.347,1.545799e-05,0.0,nan,nan,nan
6599.432,1.546027e-05,0.0,nan,nan,nan
6599.516,1.54659e-05,0.0,nan,nan,nan
6599.6,1.546279e-05,0.0,nan,nan,nan
6599.683,1.546171e-05,0.0,nan,nan,nan
6599.767,1.546031e-05,0.0,nan,nan,nan
6599.851,1.54614e-05,0.0,nan,nan,nan
6599.952,1.545746e-05,0.0,nan,nan,nan
6600.036,1.546172e-05,0.0,nan,nan,nan
6600.119,1.546234e-05,0.0,nan,nan,nan
6600.203,1.545951e-05,0.0,nan,nan,nan
6600.288,1.54581e-05,0.0,nan,nan,nan
6600.372,1.545764e-05,0.0,nan,nan,nan
6600.455,1.545837e-05,0.0,nan,nan,nan
6600.542,1.545878e-05,0.0,nan,nan,nan
6600.626,1.545326e-05,0.0,nan,nan,nan
6600.709,1.545791e-05,0.0,nan,nan,nan
6600.793,1.545802e-05,0.0,nan,nan,nan
6600.876,1.54612e-05,0.0,nan,nan,nan
6600.96,1.545855e-05,0.0,nan,nan,nan
6601.048,1.545822e-05,0.0,nan,nan,nan
6601.132,1.545693e-05,0.0,nan,nan,nan
6601.216,1.546192e-05,0.0,nan,nan,nan
6601.299,1.546186e-05,0.0,nan,nan,nan
6601.419,1.545998e-05,0.0,nan,nan,nan
6601.502,1.546572e-05,0.0,nan,nan,nan
6601.586,1.546331e-05,0.0,nan,nan,nan
6601.67,1.546171e-05,0.0,nan,nan,nan
6601.771,1.54636e-05,0.0,nan,nan,nan
6601.855,1.546379e-05,0.0,nan,nan,nan
6601.938,1.546294e-05,0.0,nan,nan,nan
6602.022,1.546292e-05,0.0,nan,nan,nan
6602.105,1.546325e-05,0.0,nan,nan,nan
6602.189,1.546015e-05,0.0,nan,nan,nan
6602.276,1.545797e-05,0.0,nan,nan,nan
6602.371,1.546399e-05,0.0,nan,nan,nan
6602.455,1.545633e-05,0.0,nan,nan,nan
6602.559,1.546562e-05,0.0,nan,nan,nan
6602.644,1.545981e-05,0.0,nan,nan,nan
6602.727,1.546236e-05,0.0,nan,nan,nan
6602.811,1.546294e-05,0.0,nan,nan,nan
6602.895,1.546044e-05,0.0,nan,nan,nan
6602.989,1.54576e-05,0.0,nan,nan,nan
6603.073,1.545836e-05,0.0,nan,nan,nan
6603.157,1.545405e-05,0.0,nan,nan,nan
6603.24,1.54595e-05,0.0,nan,nan,nan
6603.325,1.546241e-05,0.0,nan,nan,nan
6603.41,1.545798e-05,0.0,nan,nan,nan
6603.494,1.545983e-05,0.0,nan,nan,nan
6603.599,1.545824e-05,0.0,nan,nan,nan
6603.683,1.545814e-05,0.0,nan,nan,nan
6603.787,1.545611e-05,0.0,nan,nan,nan
6603.871,1.545854e-05,0.0,nan,nan,nan
6603.956,1.545532e-05,0.0,nan,nan,nan
6604.039,1.546339e-05,0.0,nan,nan,nan
6604.123,1.545764e-05,0.0,nan,nan,nan
6604.218,1.546078e-05,0.0,nan,nan,nan
6604.301,1.546174e-05,0.0,nan,nan,nan
6604.407,1.546034e-05,0.0,nan,nan,nan
6604.491,1.545974e-05,0.0,nan,nan,nan
6604.591,1.546297e-05,0.0,nan,nan,nan
6604.675,1.545977e-05,0.0,nan,nan,nan
6604.761,1.546216e-05,0.0,nan,nan,nan
6604.845,1.546315e-05,0.0,nan,nan,nan
6604.932,1.546303e-05,0.0,nan,nan,nan
6605.025,1.54616e-05,0.0,nan,nan,nan
6605.114,1.546297e-05,0.0,nan,nan,nan
6605.215,1.546307e-05,0.0,nan,nan,nan
6605.299,1.546269e-05,0.0,nan,nan,nan
6605.391,1.546749e-05,0.0,nan,nan,nan
6605.491,1.546531e-05,0.0,nan,nan,nan
6605.575,1.546865e-05,0.0,nan,nan,nan
6605.659,1.546417e-05,0.0,nan,nan,nan
6605.745,1.546266e-05,0.0,nan,nan,nan
6605.829,1.54655e-05,0.0,nan,nan,nan
6605.913,1.546675e-05,0.0,nan,nan,nan
6605.998,1.54634e-05,0.0,nan,nan,nan
6606.081,1.546363e-05,0.0,nan,nan,nan
6606.167,1.546053e-05,0.0,nan,nan,nan
6606.25,1.546173e-05,0.0,nan,nan,nan
6606.334,1.546234e-05,0.0,nan,nan,nan
6606.438,1.546323e-05,0.0,nan,nan,nan
6606.522,1.546492e-05,0.0,nan,nan,nan
6606.606,1.546701e-05,0.0,nan,nan,nan
6606.69,1.546524e-05,0.0,nan,nan,nan
6606.774,1.546379e-05,0.0,nan,nan,nan
6606.86,1.546003e-05,0.0,nan,nan,nan
6606.949,1.546407e-05,0.0,nan,nan,nan
6607.034,1.545995e-05,0.0,nan,nan,nan
6607.118,1.546162e-05,0.0,nan,nan,nan
6607.202,1.545851e-05,0.0,nan,nan,nan
6607.287,1.546047e-05,0.0,nan,nan,nan
6607.371,1.545543e-05,0.0,nan,nan,nan
6607.467,1.546145e-05,0.0,nan,nan,nan
6607.55,1.545982e-05,0.0,nan,nan,nan
6607.634,1.546775e-05,0.0,nan,nan,nan
6607.728,1.546658e-05,0.0,nan,nan,nan
6607.811,1.546648e-05,0.0,nan,nan,nan
6607.895,1.546387e-05,0.0,nan,nan,nan
6607.981,1.546056e-05,0.0,nan,nan,nan
6608.071,1.546644e-05,0.0,nan,nan,nan
6608.154,1.546066e-05,0.0,nan,nan,nan
6608.238,1.54629e-05,0.0,nan,nan,nan
6608.322,1.54639e-05,0.0,nan,nan,nan
6608.405,1.546056e-05,0.0,nan,nan,nan
6608.502,1.546324e-05,0.0,nan,nan,nan
6608.586,1.546247e-05,0.0,nan,nan,nan
6608.693,1.546189e-05,0.0,nan,nan,nan
6608.781,1.546066e-05,0.0,nan,nan,nan
6608.865,1.546286e-05,0.0,nan,nan,nan
6608.949,1.546423e-05,0.0,nan,nan,nan
6609.032,1.546512e-05,0.0,nan,nan,nan
6609.116,1.546499e-05,0.0,nan,nan,nan
6609.199,1.546271e-05,0.0,nan,nan,nan
6609.286,1.546315e-05,0.0,nan,nan,nan
6609.37,1.546382e-05,0.0,nan,nan,nan
6609.454,1.546123e-05,0.0,nan,nan,nan
6609.538,1.546384e-05,0.0,nan,nan,nan
6609.621,1.546827e-05,0.0,nan,nan,nan
6609.705,1.54616e-05,0.0,nan,nan,nan
6609.793,1.545924e-05,0.0,nan,nan,nan
6609.876,1.54586e-05,0.0,nan,nan,nan
6609.96,1.546099e-05,0.0,nan,nan,nan
6610.046,1.545899e-05,0.0,nan,nan,nan
6610.142,1.545488e-05,0.0,nan,nan,nan
6610.227,1.546228e-05,0.0,nan,nan,nan
6610.328,1.546221e-05,0.0,nan,nan,nan
6610.412,1.545688e-05,0.0,nan,nan,nan
6610.495,1.545939e-05,0.0,nan,nan,nan
6610.579,1.545843e-05,0.0,nan,nan,nan
6610.666,1.545489e-05,0.0,nan,nan,nan
6610.749,1.54585e-05,0.0,nan,nan,nan
6610.833,1.54612e-05,0.0,nan,nan,nan
6610.931,1.545807e-05,0.0,nan,nan,nan
6611.015,1.54635e-05,0.0,nan,nan,nan
6611.099,1.546122e-05,0.0,nan,nan,nan
6611.183,1.546173e-05,0.0,nan,nan,nan
6611.267,1.546686e-05,0.0,nan,nan,nan
6611.355,1.546754e-05,0.0,nan,nan,nan
6611.439,1.546815e-05,0.0,nan,nan,nan
6611.522,1.546651e-05,0.0,nan,nan,nan
6611.606,1.546583e-05,0.0,nan,nan,nan
6611.69,1.546506e-05,0.0,nan,nan,nan
6611.775,1.545974e-05,0.0,nan,nan,nan
6611.863,1.546172e-05,0.0,nan,nan,nan
6611.968,1.546171e-05,0.0,nan,nan,nan
6612.052,1.546202e-05,0.0,nan,nan,nan
6612.155,1.546447e-05,0.0,nan,nan,nan
6612.238,1.54601e-05,0.0,nan,nan,nan
6612.34,1.546362e-05,0.0,nan,nan,nan
6612.424,1.545726e-05,0.0,nan,nan,nan
6612.507,1.546091e-05,0.0,nan,nan,nan
6612.591,1.545745e-05,0.0,nan,nan,nan
6612.675,1.546122e-05,0.0,nan,nan,nan
6612.78,1.546319e-05,0.0,nan,nan,nan
6612.864,1.546506e-05,0.0,nan,nan,nan
6612.959,1.546536e-05,0.0,nan,nan,nan
6613.043,1.546609e-05,0.0,nan,nan,nan
6613.127,1.546216e-05,0.0,nan,nan,nan
6613.211,1.546219e-05,0.0,nan,nan,nan
6613.299,1.546195e-05,0.0,nan,nan,nan
6613.383,1.546401e-05,0.0,nan,nan,nan
6613.466,1.546163e-05,0.0,nan,nan,nan
6613.55,1.545908e-05,0.0,nan,nan,nan
6613.634,1.54617e-05,0.0,nan,nan,nan
6613.717,1.545539e-05,0.0,nan,nan,nan
6613.801,1.545969e-05,0.0,nan,nan,nan
6613.884,1.545946e-05,0.0,nan,nan,nan
6613.968,1.54599e-05,0.0,nan,nan,nan
6614.052,1.546473e-05,0.0,nan,nan,nan
6614.137,1.545905e-05,0.0,nan,nan,nan
6614.221,1.545792e-05,0.0,nan,nan,nan
6614.304,1.546206e-05,0.0,nan,nan,nan
6614.39,1.546305e-05,0.0,nan,nan,nan
6614.474,1.545862e-05,0.0,nan,nan,nan
6614.557,1.546063e-05,0.0,nan,nan,nan
6614.641,1.545894e-05,0.0,nan,nan,nan
6614.725,1.546094e-05,0.0,nan,nan,nan
6614.813,1.545929e-05,0.0,nan,nan,nan
6614.896,1.545601e-05,0.0,nan,nan,nan
6614.98,1.545927e-05,0.0,nan,nan,nan
6615.064,1.546433e-05,0.0,nan,nan,nan
6615.148,1.546164e-05,0.0,nan,nan,nan
6615.238,1.546245e-05,0.0,nan,nan,nan
6615.322,1.546085e-05,0.0,nan,nan,nan
6615.411,1.546454e-05,0.0,nan,nan,nan
6615.495,1.546252e-05,0.0,nan,nan,nan
6615.578,1.546506e-05,0.0,nan,nan,nan
6615.662,1.546112e-05,0.0,nan,nan,nan
6615.746,1.546154e-05,0.0,nan,nan,nan
6615.846,1.546428e-05,0.0,nan,nan,nan
6615.929,1.545793e-05,0.0,nan,nan,nan
6616.017,1.545777e-05,0.0,nan,nan,nan
6616.1,1.54623e-05,0.0,nan,nan,nan
6616.186,1.546349e-05,0.0,nan,nan,nan
6616.27,1.546104e-05,0.0,nan,nan,nan
6616.353,1.5459e-05,0.0,nan,nan,nan
6616.449,1.545679e-05,0.0,nan,nan,nan
6616.533,1.545998e-05,0.0,nan,nan,nan
6616.616,1.546099e-05,0.0,nan,nan,nan
6616.7,1.546644e-05,0.0,nan,nan,nan
6616.786,1.546507e-05,0.0,nan,nan,nan
6616.87,1.546345e-05,0.0,nan,nan,nan
6616.953,1.546432e-05,0.0,nan,nan,nan
6617.065,1.546303e-05,0.0,nan,nan,nan
6617.149,1.546167e-05,0.0,nan,nan,nan
6617.251,1.546331e-05,0.0,nan,nan,nan
6617.335,1.546229e-05,0.0,nan,nan,nan
6617.431,1.546078e-05,0.0,nan,nan,nan
6617.515,1.546068e-05,0.0,nan,nan,nan
6617.6,1.545729e-05,0.0,nan,nan,nan
6617.684,1.54613e-05,0.0,nan,nan,nan
6617.768,1.545912e-05,0.0,nan,nan,nan
6617.929,1.5459e-05,0.0,nan,nan,nan
6618.012,1.54619e-05,0.0,nan,nan,nan
6618.096,1.546069e-05,0.0,nan,nan,nan
6618.18,1.546155e-05,0.0,nan,nan,nan
6618.284,1.54631e-05,0.0,nan,nan,nan
6618.368,1.546077e-05,0.0,nan,nan,nan
6618.476,1.546189e-05,0.0,nan,nan,nan
6618.563,1.545976e-05,0.0,nan,nan,nan
6618.646,1.546193e-05,0.0,nan,nan,nan
6618.73,1.546221e-05,0.0,nan,nan,nan
6618.814,1.546487e-05,0.0,nan,nan,nan
6618.897,1.546441e-05,0.0,nan,nan,nan
6618.981,1.546232e-05,0.0,nan,nan,nan
6619.079,1.546364e-05,0.0,nan,nan,nan
6619.162,1.54625e-05,0.0,nan,nan,nan
6619.246,1.54599e-05,0.0,nan,nan,nan
6619.33,1.546436e-05,0.0,nan,nan,nan
6619.413,1.546223e-05,0.0,nan,nan,nan
6619.507,1.546633e-05,0.0,nan,nan,nan
6619.59,1.546412e-05,0.0,nan,nan,nan
6619.674,1.546564e-05,0.0,nan,nan,nan
6619.757,1.546749e-05,0.0,nan,nan,nan
6619.841,1.546662e-05,0.0,nan,nan,nan
6619.925,1.546495e-05,0.0,nan,nan,nan
6620.008,1.546527e-05,0.0,nan,nan,nan
6620.098,1.546165e-05,0.0,nan,nan,nan
6620.182,1.546447e-05,0.0,nan,nan,nan
6620.286,1.54702e-05,0.0,nan,nan,nan
6620.369,1.546311e-05,0.0,nan,nan,nan
6620.455,1.546513e-05,0.0,nan,nan,nan
6620.538,1.546486e-05,0.0,nan,nan,nan
6620.624,1.546582e-05,0.0,nan,nan,nan
6620.711,1.546436e-05,0.0,nan,nan,nan
6620.8,1.546451e-05,0.0,nan,nan,nan
6620.896,1.546546e-05,0.0,nan,nan,nan
6620.979,1.546261e-05,0.0,nan,nan,nan
6621.066,1.546113e-05,0.0,nan,nan,nan
6621.149,1.546175e-05,0.0,nan,nan,nan
6621.234,1.546417e-05,0.0,nan,nan,nan
6621.317,1.546129e-05,0.0,nan,nan,nan
6621.401,1.545769e-05,0.0,nan,nan,nan
6621.484,1.545568e-05,0.0,nan,nan,nan
6621.568,1.546052e-05,0.0,nan,nan,nan
6621.652,1.546048e-05,0.0,nan,nan,nan
6621.736,1.546552e-05,0.0,nan,nan,nan
6621.819,1.54615e-05,0.0,nan,nan,nan
6621.925,1.546452e-05,0.0,nan,nan,nan
6622.04,1.546269e-05,0.0,nan,nan,nan
6622.123,1.546651e-05,0.0,nan,nan,nan
6622.207,1.546038e-05,0.0,nan,nan,nan
6622.291,1.546567e-05,0.0,nan,nan,nan
6622.374,1.546558e-05,0.0,nan,nan,nan
6622.457,1.546344e-05,0.0,nan,nan,nan
6622.542,1.546422e-05,0.0,nan,nan,nan
6622.629,1.546288e-05,0.0,nan,nan,nan
6622.742,1.546072e-05,0.0,nan,nan,nan
6622.832,1.546052e-05,0.0,nan,nan,nan
6622.915,1.546122e-05,0.0,nan,nan,nan
6622.999,1.546101e-05,0.0,nan,nan,nan
6623.083,1.546268e-05,0.0,nan,nan,nan
6623.167,1.545985e-05,0.0,nan,nan,nan
6623.25,1.545719e-05,0.0,nan,nan,nan
6623.348,1.546211e-05,0.0,nan,nan,nan
6623.432,1.545825e-05,0.0,nan,nan,nan
6623.516,1.546045e-05,0.0,nan,nan,nan
6623.599,1.545877e-05,0.0,nan,nan,nan
6623.683,1.546054e-05,0.0,nan,nan,nan
6623.772,1.545834e-05,0.0,nan,nan,nan
6623.855,1.545791e-05,0.0,nan,nan,nan
6623.939,1.545855e-05,0.0,nan,nan,nan
6624.023,1.545907e-05,0.0,nan,nan,nan
6624.133,1.545724e-05,0.0,nan,nan,nan
6624.221,1.545499e-05,0.0,nan,nan,nan
6624.305,1.546058e-05,0.0,nan,nan,nan
6624.389,1.545916e-05,0.0,nan,nan,nan
6624.472,1.546146e-05,0.0,nan,nan,nan
6624.564,1.545554e-05,0.0,nan,nan,nan
6624.648,1.546277e-05,0.0,nan,nan,nan
6624.758,1.545818e-05,0.0,nan,nan,nan
6624.842,1.545952e-05,0.0,nan,nan,nan
6624.925,1.545758e-05,0.0,nan,nan,nan
6625.009,1.545671e-05,0.0,nan,nan,nan
6625.093,1.545455e-05,0.0,nan,nan,nan
6625.187,1.54613e-05,0.0,nan,nan,nan
6625.27,1.54553e-05,0.0,nan,nan,nan
6625.373,1.545917e-05,0.0,nan,nan,nan
6625.456,1.545775e-05,0.0,nan,nan,nan
6625.562,1.545715e-05,0.0,nan,nan,nan
6625.646,1.545595e-05,0.0,nan,nan,nan
6625.73,1.545818e-05,0.0,nan,nan,nan
6625.814,1.546085e-05,0.0,nan,nan,nan
6625.898,1.545707e-05,0.0,nan,nan,nan
6625.999,1.54572e-05,0.0,nan,nan,nan
6626.082,1.545895e-05,0.0,nan,nan,nan
6626.189,1.545804e-05,0.0,nan,nan,nan
6626.276,1.545911e-05,0.0,nan,nan,nan
6626.383,1.545853e-05,0.0,nan,nan,nan
6626.467,1.545676e-05,0.0,nan,nan,nan
6626.55,1.545803e-05,0.0,nan,nan,nan
6626.634,1.54572e-05,0.0,nan,nan,nan
6626.719,1.545886e-05,0.0,nan,nan,nan
6626.803,1.545856e-05,0.0,nan,nan,nan
6626.887,1.546084e-05,0.0,nan,nan,nan
6626.99,1.546023e-05,0.0,nan,nan,nan
6627.074,1.545969e-05,0.0,nan,nan,nan
6627.157,1.545954e-05,0.0,nan,nan,nan
6627.24,1.545954e-05,0.0,nan,nan,nan
6627.327,1.546148e-05,0.0,nan,nan,nan
6627.411,1.546039e-05,0.0,nan,nan,nan
6627.497,1.546216e-05,0.0,nan,nan,nan
6627.581,1.545879e-05,0.0,nan,nan,nan
6627.665,1.545803e-05,0.0,nan,nan,nan
6627.75,1.545992e-05,0.0,nan,nan,nan
6627.834,1.546219e-05,0.0,nan,nan,nan
6627.917,1.545913e-05,0.0,nan,nan,nan
6628.001,1.545686e-05,0.0,nan,nan,nan
6628.085,1.54626e-05,0.0,nan,nan,nan
6628.172,1.546051e-05,0.0,nan,nan,nan
6628.267,1.546423e-05,0.0,nan,nan,nan
6628.35,1.545877e-05,0.0,nan,nan,nan
6628.434,1.545895e-05,0.0,nan,nan,nan
6628.518,1.546436e-05,0.0,nan,nan,nan
6628.601,1.545926e-05,0.0,nan,nan,nan
6628.684,1.546383e-05,0.0,nan,nan,nan
6628.769,1.54637e-05,0.0,nan,nan,nan
6628.853,1.545851e-05,0.0,nan,nan,nan
6628.937,1.545972e-05,0.0,nan,nan,nan
6629.02,1.545769e-05,0.0,nan,nan,nan
6629.104,1.545845e-05,0.0,nan,nan,nan
6629.188,1.54578e-05,0.0,nan,nan,nan
6629.271,1.545583e-05,0.0,nan,nan,nan
6629.355,1.545559e-05,0.0,nan,nan,nan
6629.45,1.545663e-05,0.0,nan,nan,nan
6629.534,1.545797e-05,0.0,nan,nan,nan
6629.617,1.545777e-05,0.0,nan,nan,nan
6629.701,1.545614e-05,0.0,nan,nan,nan
6629.791,1.545455e-05,0.0,nan,nan,nan
6629.875,1.545959e-05,0.0,nan,nan,nan
6629.961,1.545539e-05,0.0,nan,nan,nan
6630.058,1.545366e-05,0.0,nan,nan,nan
6630.142,1.545394e-05,0.0,nan,nan,nan
6630.226,1.545423e-05,0.0,nan,nan,nan
6630.331,1.545482e-05,0.0,nan,nan,nan
6630.414,1.545534e-05,0.0,nan,nan,nan
6630.498,1.545872e-05,0.0,nan,nan,nan
6630.582,1.54585e-05,0.0,nan,nan,nan
6630.673,1.545537e-05,0.0,nan,nan,nan
6630.766,1.545702e-05,0.0,nan,nan,nan
6630.858,1.545712e-05,0.0,nan,nan,nan
6630.941,1.545859e-05,0.0,nan,nan,nan
6631.025,1.545893e-05,0.0,nan,nan,nan
6631.108,1.545679e-05,0.0,nan,nan,nan
6631.194,1.54581e-05,0.0,nan,nan,nan
6631.289,1.545683e-05,0.0,nan,nan,nan
6631.373,1.545855e-05,0.0,nan,nan,nan
6631.471,1.545962e-05,0.0,nan,nan,nan
6631.555,1.545496e-05,0.0,nan,nan,nan
6631.639,1.545653e-05,0.0,nan,nan,nan
6631.722,1.545814e-05,0.0,nan,nan,nan
6631.806,1.545704e-05,0.0,nan,nan,nan
6631.906,1.54583e-05,0.0,nan,nan,nan
6631.99,1.545703e-05,0.0,nan,nan,nan
6632.091,1.545437e-05,0.0,nan,nan,nan
6632.175,1.545884e-05,0.0,nan,nan,nan
6632.26,1.545878e-05,0.0,nan,nan,nan
6632.373,1.54563e-05,0.0,nan,nan,nan
6632.46,1.545872e-05,0.0,nan,nan,nan
6632.544,1.546094e-05,0.0,nan,nan,nan
6632.627,1.545822e-05,0.0,nan,nan,nan
6632.734,1.545832e-05,0.0,nan,nan,nan
6632.817,1.546102e-05,0.0,nan,nan,nan
6632.921,1.545919e-05,0.0,nan,nan,nan
6633.005,1.546045e-05,0.0,nan,nan,nan
6633.088,1.546053e-05,0.0,nan,nan,nan
6633.172,1.545973e-05,0.0,nan,nan,nan
6633.261,1.546119e-05,0.0,nan,nan,nan
6633.345,1.545755e-05,0.0,nan,nan,nan
6633.428,1.546233e-05,0.0,nan,nan,nan
6633.53,1.546025e-05,0.0,nan,nan,nan
6633.614,1.545907e-05,0.0,nan,nan,nan
6633.701,1.545826e-05,0.0,nan,nan,nan
6633.784,1.545783e-05,0.0,nan,nan,nan
6633.868,1.545678e-05,0.0,nan,nan,nan
6633.951,1.546416e-05,0.0,nan,nan,nan
6634.035,1.546106e-05,0.0,nan,nan,nan
6634.119,1.54608e-05,0.0,nan,nan,nan
6634.202,1.545862e-05,0.0,nan,nan,nan
6634.287,1.546083e-05,0.0,nan,nan,nan
6634.37,1.546201e-05,0.0,nan,nan,nan
6634.455,1.546111e-05,0.0,nan,nan,nan
6634.554,1.546121e-05,0.0,nan,nan,nan
6634.637,1.546204e-05,0.0,nan,nan,nan
6634.721,1.545883e-05,0.0,nan,nan,nan
6634.805,1.546218e-05,0.0,nan,nan,nan
6634.89,1.545678e-05,0.0,nan,nan,nan
6634.974,1.545555e-05,0.0,nan,nan,nan
6635.059,1.546077e-05,0.0,nan,nan,nan
6635.152,1.54618e-05,0.0,nan,nan,nan
6635.236,1.545976e-05,0.0,nan,nan,nan
6635.34,1.546004e-05,0.0,nan,nan,nan
6635.424,1.545851e-05,0.0,nan,nan,nan
6635.51,1.545782e-05,0.0,nan,nan,nan
6635.593,1.546087e-05,0.0,nan,nan,nan
6635.682,1.546027e-05,0.0,nan,nan,nan
6635.771,1.546112e-05,0.0,nan,nan,nan
6635.856,1.546154e-05,0.0,nan,nan,nan
6635.958,1.545874e-05,0.0,nan,nan,nan
6636.042,1.54622e-05,0.0,nan,nan,nan
6636.127,1.546222e-05,0.0,nan,nan,nan
6636.211,1.545939e-05,0.0,nan,nan,nan
6636.294,1.545438e-05,0.0,nan,nan,nan
6636.38,1.546345e-05,0.0,nan,nan,nan
6636.474,1.545973e-05,0.0,nan,nan,nan
6636.558,1.546036e-05,0.0,nan,nan,nan
6636.647,1.54633e-05,0.0,nan,nan,nan
6636.733,1.546249e-05,0.0,nan,nan,nan
6636.817,1.546054e-05,0.0,nan,nan,nan
6636.901,1.546199e-05,0.0,nan,nan,nan
6636.996,1.54585e-05,0.0,nan,nan,nan
6637.081,1.54586e-05,0.0,nan,nan,nan
6637.165,1.545692e-05,0.0,nan,nan,nan
6637.249,1.546412e-05,0.0,nan,nan,nan
6637.332,1.545988e-05,0.0,nan,nan,nan
6637.416,1.546056e-05,0.0,nan,nan,nan
6637.499,1.545867e-05,0.0,nan,nan,nan
6637.595,1.545674e-05,0.0,nan,nan,nan
6637.678,1.545827e-05,0.0,nan,nan,nan
6637.781,1.545773e-05,0.0,nan,nan,nan
6637.865,1.546041e-05,0.0,nan,nan,nan
6637.949,1.545933e-05,0.0,nan,nan,nan
6638.033,1.545921e-05,0.0,nan,nan,nan
6638.117,1.545693e-05,0.0,nan,nan,nan
6638.202,1.545859e-05,0.0,nan,nan,nan
6638.286,1.54591e-05,0.0,nan,nan,nan
6638.369,1.545731e-05,0.0,nan,nan,nan
6638.453,1.54591e-05,0.0,nan,nan,nan
6638.558,1.545976e-05,0.0,nan,nan,nan
6638.641,1.546356e-05,0.0,nan,nan,nan
6638.725,1.545759e-05,0.0,nan,nan,nan
6638.816,1.546289e-05,0.0,nan,nan,nan
6638.899,1.545849e-05,0.0,nan,nan,nan
6638.998,1.546179e-05,0.0,nan,nan,nan
6639.081,1.545788e-05,0.0,nan,nan,nan
6639.167,1.545824e-05,0.0,nan,nan,nan
6639.251,1.546003e-05,0.0,nan,nan,nan
6639.334,1.545905e-05,0.0,nan,nan,nan
6639.43,1.546121e-05,0.0,nan,nan,nan
6639.516,1.545863e-05,0.0,nan,nan,nan
6639.623,1.54595e-05,0.0,nan,nan,nan
6639.706,1.545421e-05,0.0,nan,nan,nan
6639.81,1.545889e-05,0.0,nan,nan,nan
6639.893,1.545939e-05,0.0,nan,nan,nan
6639.984,1.546051e-05,0.0,nan,nan,nan
6640.067,1.546187e-05,0.0,nan,nan,nan
6640.151,1.546228e-05,0.0,nan,nan,nan
6640.245,1.546286e-05,0.0,nan,nan,nan
6640.331,1.546027e-05,0.0,nan,nan,nan
6640.442,1.546495e-05,0.0,nan,nan,nan
6640.532,1.545595e-05,0.0,nan,nan,nan
6640.623,1.546226e-05,0.0,nan,nan,nan
6640.711,1.546246e-05,0.0,nan,nan,nan
6640.797,1.546197e-05,0.0,nan,nan,nan
6640.881,1.546502e-05,0.0,nan,nan,nan
6640.964,1.546105e-05,0.0,nan,nan,nan
6641.049,1.546217e-05,0.0,nan,nan,nan
6641.133,1.546275e-05,0.0,nan,nan,nan
6641.216,1.546049e-05,0.0,nan,nan,nan
6641.3,1.546616e-05,0.0,nan,nan,nan
6641.385,1.546266e-05,0.0,nan,nan,nan
6641.469,1.545887e-05,0.0,nan,nan,nan
6641.552,1.545778e-05,0.0,nan,nan,nan
6641.636,1.546232e-05,0.0,nan,nan,nan
6641.72,1.546027e-05,0.0,nan,nan,nan
6641.804,1.546049e-05,0.0,nan,nan,nan
6641.888,1.545885e-05,0.0,nan,nan,nan
6641.971,1.545987e-05,0.0,nan,nan,nan
6642.068,1.546056e-05,0.0,nan,nan,nan
6642.152,1.545775e-05,0.0,nan,nan,nan
6642.235,1.54572e-05,0.0,nan,nan,nan
6642.319,1.545925e-05,0.0,nan,nan,nan
6642.403,1.545498e-05,0.0,nan,nan,nan
6642.487,1.545987e-05,0.0,nan,nan,nan
6642.57,1.54623e-05,0.0,nan,nan,nan
6642.654,1.546144e-05,0.0,nan,nan,nan
6642.756,1.546437e-05,0.0,nan,nan,nan
6642.84,1.546336e-05,0.0,nan,nan,nan
6642.923,1.546237e-05,0.0,nan,nan,nan
6643.007,1.546037e-05,0.0,nan,nan,nan
6643.09,1.545983e-05,0.0,nan,nan,nan
6643.174,1.546242e-05,0.0,nan,nan,nan
6643.257,1.546263e-05,0.0,nan,nan,nan
6643.365,1.546109e-05,0.0,nan,nan,nan
6643.449,1.546133e-05,0.0,nan,nan,nan
6643.542,1.545414e-05,0.0,nan,nan,nan
6643.626,1.546256e-05,0.0,nan,nan,nan
6643.734,1.546098e-05,0.0,nan,nan,nan
6643.818,1.545961e-05,0.0,nan,nan,nan
6643.927,1.546084e-05,0.0,nan,nan,nan
6644.011,1.545976e-05,0.0,nan,nan,nan
6644.095,1.546163e-05,0.0,nan,nan,nan
6644.179,1.545437e-05,0.0,nan,nan,nan
6644.263,1.546222e-05,0.0,nan,nan,nan
6644.346,1.545784e-05,0.0,nan,nan,nan
6644.431,1.546052e-05,0.0,nan,nan,nan
6644.518,1.546236e-05,0.0,nan,nan,nan
6644.605,1.546244e-05,0.0,nan,nan,nan
6644.689,1.545934e-05,0.0,nan,nan,nan
6644.772,1.545668e-05,0.0,nan,nan,nan
6644.856,1.546307e-05,0.0,nan,nan,nan
6644.957,1.54629e-05,0.0,nan,nan,nan
6645.04,1.54611e-05,0.0,nan,nan,nan
6645.124,1.546552e-05,0.0,nan,nan,nan
6645.21,1.546219e-05,0.0,nan,nan,nan
6645.318,1.54635e-05,0.0,nan,nan,nan
6645.402,1.546248e-05,0.0,nan,nan,nan
6645.485,1.545918e-05,0.0,nan,nan,nan
6645.569,1.545868e-05,0.0,nan,nan,nan
6645.653,1.546127e-05,0.0,nan,nan,nan
6645.737,1.546116e-05,0.0,nan,nan,nan
6645.82,1.545839e-05,0.0,nan,nan,nan
6645.925,1.546384e-05,0.0,nan,nan,nan
6646.008,1.546454e-05,0.0,nan,nan,nan
6646.092,1.546375e-05,0.0,nan,nan,nan
6646.176,1.546298e-05,0.0,nan,nan,nan
6646.259,1.546457e-05,0.0,nan,nan,nan
6646.343,1.546144e-05,0.0,nan,nan,nan
6646.431,1.545927e-05,0.0,nan,nan,nan
6646.517,1.545866e-05,0.0,nan,nan,nan
6646.601,1.546596e-05,0.0,nan,nan,nan
6646.689,1.546393e-05,0.0,nan,nan,nan
6646.773,1.546377e-05,0.0,nan,nan,nan
6646.858,1.5461e-05,0.0,nan,nan,nan
6646.941,1.546195e-05,0.0,nan,nan,nan
6647.026,1.546255e-05,0.0,nan,nan,nan
6647.11,1.546198e-05,0.0,nan,nan,nan
6647.193,1.546264e-05,0.0,nan,nan,nan
6647.278,1.546145e-05,0.0,nan,nan,nan
6647.361,1.546157e-05,0.0,nan,nan,nan
6647.449,1.546312e-05,0.0,nan,nan,nan
6647.534,1.546214e-05,0.0,nan,nan,nan
6647.618,1.546193e-05,0.0,nan,nan,nan
6647.701,1.546196e-05,0.0,nan,nan,nan
6647.807,1.546614e-05,0.0,nan,nan,nan
6647.897,1.546527e-05,0.0,nan,nan,nan
6647.999,1.546365e-05,0.0,nan,nan,nan
6648.083,1.546514e-05,0.0,nan,nan,nan
6648.167,1.546011e-05,0.0,nan,nan,nan
6648.251,1.546433e-05,0.0,nan,nan,nan
6648.334,1.54628e-05,0.0,nan,nan,nan
6648.425,1.546432e-05,0.0,nan,nan,nan
6648.514,1.546147e-05,0.0,nan,nan,nan
6648.602,1.546134e-05,0.0,nan,nan,nan
6648.686,1.546209e-05,0.0,nan,nan,nan
6648.769,1.546243e-05,0.0,nan,nan,nan
6648.853,1.546094e-05,0.0,nan,nan,nan
6648.956,1.546298e-05,0.0,nan,nan,nan
6649.056,1.545985e-05,0.0,nan,nan,nan
6649.14,1.54575e-05,0.0,nan,nan,nan
6649.228,1.545973e-05,0.0,nan,nan,nan
6649.312,1.545955e-05,0.0,nan,nan,nan
6649.42,1.546338e-05,0.0,nan,nan,nan
6649.508,1.546722e-05,0.0,nan,nan,nan
6649.615,1.546563e-05,0.0,nan,nan,nan
6649.698,1.546383e-05,0.0,nan,nan,nan
6649.782,1.546729e-05,0.0,nan,nan,nan
6649.866,1.546327e-05,0.0,nan,nan,nan
6649.949,1.54592e-05,0.0,nan,nan,nan
6650.038,1.545861e-05,0.0,nan,nan,nan
6650.122,1.546635e-05,0.0,nan,nan,nan
6650.206,1.546368e-05,0.0,nan,nan,nan
6650.289,1.546122e-05,0.0,nan,nan,nan
6650.373,1.546131e-05,0.0,nan,nan,nan
6650.456,1.546331e-05,0.0,nan,nan,nan
6650.542,1.54639e-05,0.0,nan,nan,nan
6650.635,1.546362e-05,0.0,nan,nan,nan
6650.718,1.546705e-05,0.0,nan,nan,nan
6650.804,1.54654e-05,0.0,nan,nan,nan
6650.888,1.546511e-05,0.0,nan,nan,nan
6651.005,1.546436e-05,0.0,nan,nan,nan
6651.088,1.546594e-05,0.0,nan,nan,nan
6651.19,1.546267e-05,0.0,nan,nan,nan
6651.274,1.546563e-05,0.0,nan,nan,nan
6651.359,1.546637e-05,0.0,nan,nan,nan
6651.464,1.54663e-05,0.0,nan,nan,nan
6651.548,1.547039e-05,0.0,nan,nan,nan
6651.642,1.546753e-05,0.0,nan,nan,nan
6651.731,1.546751e-05,0.0,nan,nan,nan
6651.815,1.546763e-05,0.0,nan,nan,nan
6651.898,1.54655e-05,0.0,nan,nan,nan
6651.982,1.546397e-05,0.0,nan,nan,nan
6652.065,1.54622e-05,0.0,nan,nan,nan
6652.148,1.546504e-05,0.0,nan,nan,nan
6652.232,1.546864e-05,0.0,nan,nan,nan
6652.315,1.546103e-05,0.0,nan,nan,nan
6652.399,1.546477e-05,0.0,nan,nan,nan
6652.483,1.546567e-05,0.0,nan,nan,nan
6652.566,1.546632e-05,0.0,nan,nan,nan
6652.655,1.546319e-05,0.0,nan,nan,nan
6652.739,1.546725e-05,0.0,nan,nan,nan
6652.824,1.546744e-05,0.0,nan,nan,nan
6652.907,1.54667e-05,0.0,nan,nan,nan
6652.991,1.546535e-05,0.0,nan,nan,nan
6653.09,1.546846e-05,0.0,nan,nan,nan
6653.173,1.546196e-05,0.0,nan,nan,nan
6653.279,1.546114e-05,0.0,nan,nan,nan
6653.365,1.546612e-05,0.0,nan,nan,nan
6653.448,1.546415e-05,0.0,nan,nan,nan
6653.532,1.546413e-05,0.0,nan,nan,nan
6653.615,1.54667e-05,0.0,nan,nan,nan
6653.699,1.546548e-05,0.0,nan,nan,nan
6653.783,1.546547e-05,0.0,nan,nan,nan
6653.887,1.546313e-05,0.0,nan,nan,nan
6653.971,1.546284e-05,0.0,nan,nan,nan
6654.067,1.546342e-05,0.0,nan,nan,nan
6654.151,1.546232e-05,0.0,nan,nan,nan
6654.235,1.546358e-05,0.0,nan,nan,nan
6654.318,1.546268e-05,0.0,nan,nan,nan
6654.402,1.546343e-05,0.0,nan,nan,nan
6654.486,1.546305e-05,0.0,nan,nan,nan
6654.569,1.545762e-05,0.0,nan,nan,nan
6654.653,1.545876e-05,0.0,nan,nan,nan
6654.737,1.546046e-05,0.0,nan,nan,nan
6654.82,1.546351e-05,0.0,nan,nan,nan
6654.904,1.546684e-05,0.0,nan,nan,nan
6654.988,1.546584e-05,0.0,nan,nan,nan
6655.072,1.546774e-05,0.0,nan,nan,nan
6655.197,1.546836e-05,0.0,nan,nan,nan
6655.289,1.547179e-05,0.0,nan,nan,nan
6655.373,1.54662e-05,0.0,nan,nan,nan
6655.456,1.546461e-05,0.0,nan,nan,nan
6655.544,1.5467e-05,0.0,nan,nan,nan
6655.628,1.546693e-05,0.0,nan,nan,nan
6655.721,1.54657e-05,0.0,nan,nan,nan
6655.805,1.546456e-05,0.0,nan,nan,nan
6655.889,1.546595e-05,0.0,nan,nan,nan
6655.972,1.546432e-05,0.0,nan,nan,nan
6656.056,1.546256e-05,0.0,nan,nan,nan
6656.14,1.54633e-05,0.0,nan,nan,nan
6656.225,1.546112e-05,0.0,nan,nan,nan
6656.322,1.546323e-05,0.0,nan,nan,nan
6656.406,1.546663e-05,0.0,nan,nan,nan
6656.49,1.546562e-05,0.0,nan,nan,nan
6656.573,1.546442e-05,0.0,nan,nan,nan
6656.656,1.546526e-05,0.0,nan,nan,nan
6656.74,1.546552e-05,0.0,nan,nan,nan
6656.823,1.54629e-05,0.0,nan,nan,nan
6656.907,1.546567e-05,0.0,nan,nan,nan
6656.991,1.546632e-05,0.0,nan,nan,nan
6657.074,1.546886e-05,0.0,nan,nan,nan
6657.158,1.546799e-05,0.0,nan,nan,nan
6657.266,1.546106e-05,0.0,nan,nan,nan
6657.371,1.546411e-05,0.0,nan,nan,nan
6657.455,1.546422e-05,0.0,nan,nan,nan
6657.548,1.546355e-05,0.0,nan,nan,nan
6657.631,1.546614e-05,0.0,nan,nan,nan
6657.717,1.546461e-05,0.0,nan,nan,nan
6657.801,1.54631e-05,0.0,nan,nan,nan
6657.884,1.546129e-05,0.0,nan,nan,nan
6657.978,1.546239e-05,0.0,nan,nan,nan
6658.065,1.546452e-05,0.0,nan,nan,nan
6658.148,1.546677e-05,0.0,nan,nan,nan
6658.232,1.546687e-05,0.0,nan,nan,nan
6658.318,1.546369e-05,0.0,nan,nan,nan
6658.402,1.546491e-05,0.0,nan,nan,nan
6658.485,1.546523e-05,0.0,nan,nan,nan
6658.587,1.546405e-05,0.0,nan,nan,nan
6658.671,1.547032e-05,0.0,nan,nan,nan
6658.773,1.546355e-05,0.0,nan,nan,nan
6658.856,1.546745e-05,0.0,nan,nan,nan
6658.94,1.546892e-05,0.0,nan,nan,nan
6659.023,1.546622e-05,0.0,nan,nan,nan
6659.107,1.546081e-05,0.0,nan,nan,nan
6659.208,1.54621e-05,0.0,nan,nan,nan
6659.312,1.546061e-05,0.0,nan,nan,nan
6659.396,1.546301e-05,0.0,nan,nan,nan
6659.484,1.546435e-05,0.0,nan,nan,nan
6659.569,1.546295e-05,0.0,nan,nan,nan
6659.653,1.546203e-05,0.0,nan,nan,nan
6659.737,1.546159e-05,0.0,nan,nan,nan
6659.821,1.546461e-05,0.0,nan,nan,nan
6659.904,1.546351e-05,0.0,nan,nan,nan
6660.006,1.546396e-05,0.0,nan,nan,nan
6660.09,1.546313e-05,0.0,nan,nan,nan
6660.193,1.546452e-05,0.0,nan,nan,nan
6660.277,1.546493e-05,0.0,nan,nan,nan
6660.362,1.546627e-05,0.0,nan,nan,nan
6660.446,1.546606e-05,0.0,nan,nan,nan
6660.534,1.54648e-05,0.0,nan,nan,nan
6660.618,1.54655e-05,0.0,nan,nan,nan
6660.701,1.546486e-05,0.0,nan,nan,nan
6660.785,1.546498e-05,0.0,nan,nan,nan
6660.869,1.545902e-05,0.0,nan,nan,nan
6660.955,1.546194e-05,0.0,nan,nan,nan
6661.038,1.546501e-05,0.0,nan,nan,nan
6661.127,1.546217e-05,0.0,nan,nan,nan
6661.214,1.546684e-05,0.0,nan,nan,nan
6661.297,1.546124e-05,0.0,nan,nan,nan
6661.408,1.546425e-05,0.0,nan,nan,nan
6661.492,1.546636e-05,0.0,nan,nan,nan
6661.575,1.5464e-05,0.0,nan,nan,nan
6661.659,1.546733e-05,0.0,nan,nan,nan
6661.743,1.546253e-05,0.0,nan,nan,nan
6661.827,1.546584e-05,0.0,nan,nan,nan
6661.911,1.546426e-05,0.0,nan,nan,nan
6661.994,1.546582e-05,0.0,nan,nan,nan
6662.078,1.546414e-05,0.0,nan,nan,nan
6662.164,1.546367e-05,0.0,nan,nan,nan
6662.248,1.54655e-05,0.0,nan,nan,nan
6662.332,1.546296e-05,0.0,nan,nan,nan
6662.434,1.546148e-05,0.0,nan,nan,nan
6662.518,1.54624e-05,0.0,nan,nan,nan
6662.603,1.546444e-05,0.0,nan,nan,nan
6662.687,1.54629e-05,0.0,nan,nan,nan
6662.774,1.546287e-05,0.0,nan,nan,nan
6662.863,1.546478e-05,0.0,nan,nan,nan
6662.95,1.546308e-05,0.0,nan,nan,nan
6663.033,1.546503e-05,0.0,nan,nan,nan
6663.117,1.546363e-05,0.0,nan,nan,nan
6663.203,1.546469e-05,0.0,nan,nan,nan
6663.287,1.546738e-05,0.0,nan,nan,nan
6663.37,1.546189e-05,0.0,nan,nan,nan
6663.489,1.545858e-05,0.0,nan,nan,nan
6663.573,1.545812e-05,0.0,nan,nan,nan
6663.657,1.545782e-05,0.0,nan,nan,nan
6663.74,1.545907e-05,0.0,nan,nan,nan
6663.824,1.546289e-05,0.0,nan,nan,nan
6663.907,1.546057e-05,0.0,nan,nan,nan
6663.993,1.546251e-05,0.0,nan,nan,nan
6664.076,1.546436e-05,0.0,nan,nan,nan
6664.16,1.546452e-05,0.0,nan,nan,nan
6664.248,1.546392e-05,0.0,nan,nan,nan
6664.332,1.545793e-05,0.0,nan,nan,nan
6664.418,1.546085e-05,0.0,nan,nan,nan
6664.502,1.545999e-05,0.0,nan,nan,nan
6664.586,1.546037e-05,0.0,nan,nan,nan
6664.69,1.546324e-05,0.0,nan,nan,nan
6664.773,1.546251e-05,0.0,nan,nan,nan
6664.857,1.546046e-05,0.0,nan,nan,nan
6664.94,1.546224e-05,0.0,nan,nan,nan
6665.029,1.54613e-05,0.0,nan,nan,nan
6665.113,1.546859e-05,0.0,nan,nan,nan
6665.196,1.546719e-05,0.0,nan,nan,nan
6665.307,1.546671e-05,0.0,nan,nan,nan
6665.39,1.546665e-05,0.0,nan,nan,nan
6665.476,1.546567e-05,0.0,nan,nan,nan
6665.568,1.546432e-05,0.0,nan,nan,nan
6665.651,1.546695e-05,0.0,nan,nan,nan
6665.735,1.546001e-05,0.0,nan,nan,nan
6665.819,1.546079e-05,0.0,nan,nan,nan
6665.903,1.546623e-05,0.0,nan,nan,nan
6665.987,1.546147e-05,0.0,nan,nan,nan
6666.073,1.546419e-05,0.0,nan,nan,nan
6666.156,1.546159e-05,0.0,nan,nan,nan
6666.242,1.546375e-05,0.0,nan,nan,nan
6666.327,1.546502e-05,0.0,nan,nan,nan
6666.411,1.546408e-05,0.0,nan,nan,nan
6666.513,1.546075e-05,0.0,nan,nan,nan
6666.597,1.546535e-05,0.0,nan,nan,nan
6666.684,1.546272e-05,0.0,nan,nan,nan
6666.768,1.546233e-05,0.0,nan,nan,nan
6666.851,1.546447e-05,0.0,nan,nan,nan
6666.942,1.546209e-05,0.0,nan,nan,nan
6667.028,1.546206e-05,0.0,nan,nan,nan
6667.113,1.546007e-05,0.0,nan,nan,nan
6667.197,1.545949e-05,0.0,nan,nan,nan
6667.281,1.546502e-05,0.0,nan,nan,nan
6667.364,1.546382e-05,0.0,nan,nan,nan
6667.448,1.546123e-05,0.0,nan,nan,nan
6667.534,1.546355e-05,0.0,nan,nan,nan
6667.634,1.546332e-05,0.0,nan,nan,nan
6667.718,1.546253e-05,0.0,nan,nan,nan
6667.801,1.546434e-05,0.0,nan,nan,nan
6667.89,1.546503e-05,0.0,nan,nan,nan
6667.973,1.546334e-05,0.0,nan,nan,nan
6668.06,1.54671e-05,0.0,nan,nan,nan
6668.169,1.546383e-05,0.0,nan,nan,nan
6668.253,1.546075e-05,0.0,nan,nan,nan
6668.356,1.546731e-05,0.0,nan,nan,nan
6668.441,1.546476e-05,0.0,nan,nan,nan
6668.541,1.546717e-05,0.0,nan,nan,nan
6668.625,1.546068e-05,0.0,nan,nan,nan
6668.708,1.546445e-05,0.0,nan,nan,nan
6668.792,1.546271e-05,0.0,nan,nan,nan
6668.875,1.546285e-05,0.0,nan,nan,nan
6668.981,1.546328e-05,0.0,nan,nan,nan
6669.065,1.546266e-05,0.0,nan,nan,nan
6669.148,1.546358e-05,0.0,nan,nan,nan
6669.232,1.546544e-05,0.0,nan,nan,nan
6669.317,1.546249e-05,0.0,nan,nan,nan
6669.401,1.546466e-05,0.0,nan,nan,nan
6669.485,1.546713e-05,0.0,nan,nan,nan
6669.568,1.546633e-05,0.0,nan,nan,nan
6669.652,1.546714e-05,0.0,nan,nan,nan
6669.736,1.546272e-05,0.0,nan,nan,nan
6669.828,1.546481e-05,0.0,nan,nan,nan
6669.915,1.546466e-05,0.0,nan,nan,nan
6670.006,1.546515e-05,0.0,nan,nan,nan
6670.092,1.546413e-05,0.0,nan,nan,nan
6670.201,1.54639e-05,0.0,nan,nan,nan
6670.285,1.546104e-05,0.0,nan,nan,nan
6670.39,1.546098e-05,0.0,nan,nan,nan
6670.474,1.5464e-05,0.0,nan,nan,nan
6670.578,1.546566e-05,0.0,nan,nan,nan
6670.662,1.546233e-05,0.0,nan,nan,nan
6670.746,1.546405e-05,0.0,nan,nan,nan
6670.83,1.546465e-05,0.0,nan,nan,nan
6670.914,1.546156e-05,0.0,nan,nan,nan
6671.012,1.54617e-05,0.0,nan,nan,nan
6671.099,1.54621e-05,0.0,nan,nan,nan
6671.183,1.546337e-05,0.0,nan,nan,nan
6671.267,1.546759e-05,0.0,nan,nan,nan
6671.352,1.546177e-05,0.0,nan,nan,nan
6671.436,1.546268e-05,0.0,nan,nan,nan
6671.519,1.546649e-05,0.0,nan,nan,nan
6671.608,1.546337e-05,0.0,nan,nan,nan
6671.695,1.546295e-05,0.0,nan,nan,nan
6671.786,1.546234e-05,0.0,nan,nan,nan
6671.873,1.546255e-05,0.0,nan,nan,nan
6671.958,1.546127e-05,0.0,nan,nan,nan
6672.043,1.546291e-05,0.0,nan,nan,nan
6672.13,1.546206e-05,0.0,nan,nan,nan
6672.221,1.546368e-05,0.0,nan,nan,nan
6672.305,1.546473e-05,0.0,nan,nan,nan
6672.39,1.546485e-05,0.0,nan,nan,nan
6672.473,1.5461e-05,0.0,nan,nan,nan
6672.557,1.545993e-05,0.0,nan,nan,nan
6672.64,1.546446e-05,0.0,nan,nan,nan
6672.728,1.54635e-05,0.0,nan,nan,nan
6672.814,1.546617e-05,0.0,nan,nan,nan
6672.898,1.546664e-05,0.0,nan,nan,nan
6672.984,1.546175e-05,0.0,nan,nan,nan
6673.068,1.546143e-05,0.0,nan,nan,nan
6673.151,1.54645e-05,0.0,nan,nan,nan
6673.253,1.546652e-05,0.0,nan,nan,nan
6673.336,1.546345e-05,0.0,nan,nan,nan
6673.431,1.54633e-05,0.0,nan,nan,nan
6673.515,1.546234e-05,0.0,nan,nan,nan
6673.599,1.546053e-05,0.0,nan,nan,nan
6673.682,1.546283e-05,0.0,nan,nan,nan
6673.766,1.545911e-05,0.0,nan,nan,nan
6673.852,1.546314e-05,0.0,nan,nan,nan
6673.936,1.546286e-05,0.0,nan,nan,nan
6674.042,1.546789e-05,0.0,nan,nan,nan
6674.126,1.546749e-05,0.0,nan,nan,nan
6674.213,1.54623e-05,0.0,nan,nan,nan
6674.297,1.54634e-05,0.0,nan,nan,nan
6674.382,1.546161e-05,0.0,nan,nan,nan
6674.48,1.546116e-05,0.0,nan,nan,nan
6674.566,1.546131e-05,0.0,nan,nan,nan
6674.67,1.546118e-05,0.0,nan,nan,nan
6674.753,1.545765e-05,0.0,nan,nan,nan
6674.838,1.546077e-05,0.0,nan,nan,nan
6674.922,1.546304e-05,0.0,nan,nan,nan
6675.006,1.546177e-05,0.0,nan,nan,nan
6675.089,1.545732e-05,0.0,nan,nan,nan
6675.173,1.546108e-05,0.0,nan,nan,nan
6675.287,1.546078e-05,0.0,nan,nan,nan
6675.371,1.546028e-05,0.0,nan,nan,nan
6675.477,1.546283e-05,0.0,nan,nan,nan
6675.561,1.546372e-05,0.0,nan,nan,nan
6675.644,1.546412e-05,0.0,nan,nan,nan
6675.728,1.546257e-05,0.0,nan,nan,nan
6675.813,1.546249e-05,0.0,nan,nan,nan
6675.917,1.545901e-05,0.0,nan,nan,nan
6676.001,1.546205e-05,0.0,nan,nan,nan
6676.087,1.546369e-05,0.0,nan,nan,nan
6676.171,1.546179e-05,0.0,nan,nan,nan
6676.256,1.546178e-05,0.0,nan,nan,nan
6676.34,1.546655e-05,0.0,nan,nan,nan
6676.427,1.546293e-05,0.0,nan,nan,nan
6676.513,1.546599e-05,0.0,nan,nan,nan
6676.597,1.546621e-05,0.0,nan,nan,nan
6676.682,1.546103e-05,0.0,nan,nan,nan
6676.766,1.546155e-05,0.0,nan,nan,nan
6676.85,1.546611e-05,0.0,nan,nan,nan
6676.933,1.546444e-05,0.0,nan,nan,nan
6677.017,1.546439e-05,0.0,nan,nan,nan
6677.11,1.546578e-05,0.0,nan,nan,nan
6677.194,1.546297e-05,0.0,nan,nan,nan
6677.279,1.546605e-05,0.0,nan,nan,nan
6677.363,1.5463e-05,0.0,nan,nan,nan
6677.447,1.546285e-05,0.0,nan,nan,nan
6677.53,1.546224e-05,0.0,nan,nan,nan
6677.614,1.54643e-05,0.0,nan,nan,nan
6677.697,1.546621e-05,0.0,nan,nan,nan
6677.781,1.546189e-05,0.0,nan,nan,nan
6677.865,1.546596e-05,0.0,nan,nan,nan
6677.972,1.546337e-05,0.0,nan,nan,nan
6678.056,1.54651e-05,0.0,nan,nan,nan
6678.139,1.546302e-05,0.0,nan,nan,nan
6678.223,1.546519e-05,0.0,nan,nan,nan
6678.307,1.546528e-05,0.0,nan,nan,nan
6678.391,1.546096e-05,0.0,nan,nan,nan
6678.474,1.546034e-05,0.0,nan,nan,nan
6678.558,1.546319e-05,0.0,nan,nan,nan
6678.642,1.546331e-05,0.0,nan,nan,nan
6678.727,1.546044e-05,0.0,nan,nan,nan
6678.811,1.545931e-05,0.0,nan,nan,nan
6678.894,1.5465e-05,0.0,nan,nan,nan
6678.978,1.54666e-05,0.0,nan,nan,nan
6679.064,1.546515e-05,0.0,nan,nan,nan
6679.167,1.546766e-05,0.0,nan,nan,nan
6679.251,1.546581e-05,0.0,nan,nan,nan
6679.35,1.546313e-05,0.0,nan,nan,nan
6679.434,1.546931e-05,0.0,nan,nan,nan
6679.517,1.546532e-05,0.0,nan,nan,nan
6679.601,1.546351e-05,0.0,nan,nan,nan
6679.685,1.546193e-05,0.0,nan,nan,nan
6679.78,1.546112e-05,0.0,nan,nan,nan
6679.863,1.546481e-05,0.0,nan,nan,nan
6679.97,1.54646e-05,0.0,nan,nan,nan
6680.053,1.546196e-05,0.0,nan,nan,nan
6680.137,1.546243e-05,0.0,nan,nan,nan
6680.22,1.546494e-05,0.0,nan,nan,nan
6680.304,1.546436e-05,0.0,nan,nan,nan
6680.388,1.546404e-05,0.0,nan,nan,nan
6680.475,1.546227e-05,0.0,nan,nan,nan
6680.568,1.545975e-05,0.0,nan,nan,nan
6680.652,1.546632e-05,0.0,nan,nan,nan
6680.735,1.546529e-05,0.0,nan,nan,nan
6680.819,1.546428e-05,0.0,nan,nan,nan
6680.902,1.546666e-05,0.0,nan,nan,nan
6681.009,1.546485e-05,0.0,nan,nan,nan
6681.097,1.546384e-05,0.0,nan,nan,nan
6681.208,1.546255e-05,0.0,nan,nan,nan
6681.292,1.546075e-05,0.0,nan,nan,nan
6681.392,1.546517e-05,0.0,nan,nan,nan
6681.476,1.546588e-05,0.0,nan,nan,nan
6681.559,1.54692e-05,0.0,nan,nan,nan
6681.643,1.546476e-05,0.0,nan,nan,nan
6681.727,1.546828e-05,0.0,nan,nan,nan
6681.814,1.546493e-05,0.0,nan,nan,nan
6681.897,1.546317e-05,0.0,nan,nan,nan
6681.985,1.546716e-05,0.0,nan,nan,nan
6682.084,1.546625e-05,0.0,nan,nan,nan
6682.172,1.546461e-05,0.0,nan,nan,nan
6682.256,1.546403e-05,0.0,nan,nan,nan
6682.339,1.546265e-05,0.0,nan,nan,nan
6682.423,1.545921e-05,0.0,nan,nan,nan
6682.507,1.546365e-05,0.0,nan,nan,nan
6682.615,1.546095e-05,0.0,nan,nan,nan
6682.699,1.545775e-05,0.0,nan,nan,nan
6682.784,1.546186e-05,0.0,nan,nan,nan
6682.867,1.545798e-05,0.0,nan,nan,nan
6682.951,1.545762e-05,0.0,nan,nan,nan
6683.04,1.545929e-05,0.0,nan,nan,nan
6683.124,1.546383e-05,0.0,nan,nan,nan
6683.234,1.546167e-05,0.0,nan,nan,nan
6683.317,1.546266e-05,0.0,nan,nan,nan
6683.402,1.545758e-05,0.0,nan,nan,nan
6683.485,1.546445e-05,0.0,nan,nan,nan
6683.569,1.546547e-05,0.0,nan,nan,nan
6683.653,1.546234e-05,0.0,nan,nan,nan
6683.736,1.546055e-05,0.0,nan,nan,nan
6683.82,1.546339e-05,0.0,nan,nan,nan
6683.903,1.546273e-05,0.0,nan,nan,nan
6683.987,1.546464e-05,0.0,nan,nan,nan
6684.071,1.546221e-05,0.0,nan,nan,nan
6684.154,1.546318e-05,0.0,nan,nan,nan
6684.238,1.54614e-05,0.0,nan,nan,nan
6684.322,1.546402e-05,0.0,nan,nan,nan
6684.405,1.54625e-05,0.0,nan,nan,nan
6684.489,1.546321e-05,0.0,nan,nan,nan
6684.573,1.546379e-05,0.0,nan,nan,nan
6684.681,1.546158e-05,0.0,nan,nan,nan
6684.765,1.545974e-05,0.0,nan,nan,nan
6684.864,1.546696e-05,0.0,nan,nan,nan
6684.948,1.546274e-05,0.0,nan,nan,nan
6685.033,1.546373e-05,0.0,nan,nan,nan
6685.117,1.546529e-05,0.0,nan,nan,nan
6685.2,1.546155e-05,0.0,nan,nan,nan
6685.292,1.546264e-05,0.0,nan,nan,nan
6685.378,1.546291e-05,0.0,nan,nan,nan
6685.473,1.546564e-05,0.0,nan,nan,nan
6685.557,1.546178e-05,0.0,nan,nan,nan
6685.641,1.546017e-05,0.0,nan,nan,nan
6685.724,1.545581e-05,0.0,nan,nan,nan
6685.808,1.546018e-05,0.0,nan,nan,nan
6685.896,1.546072e-05,0.0,nan,nan,nan
6685.981,1.546081e-05,0.0,nan,nan,nan
6686.064,1.546122e-05,0.0,nan,nan,nan
6686.148,1.546068e-05,0.0,nan,nan,nan
6686.231,1.5459e-05,0.0,nan,nan,nan
6686.327,1.546113e-05,0.0,nan,nan,nan
6686.412,1.546126e-05,0.0,nan,nan,nan
6686.496,1.545894e-05,0.0,nan,nan,nan
6686.58,1.545992e-05,0.0,nan,nan,nan
6686.664,1.545878e-05,0.0,nan,nan,nan
6686.748,1.546252e-05,0.0,nan,nan,nan
6686.831,1.545931e-05,0.0,nan,nan,nan
6686.926,1.546411e-05,0.0,nan,nan,nan
6687.017,1.54619e-05,0.0,nan,nan,nan
6687.112,1.545866e-05,0.0,nan,nan,nan
6687.196,1.545889e-05,0.0,nan,nan,nan
6687.28,1.545816e-05,0.0,nan,nan,nan
6687.364,1.545919e-05,0.0,nan,nan,nan
6687.447,1.545889e-05,0.0,nan,nan,nan
6687.538,1.545811e-05,0.0,nan,nan,nan
6687.622,1.545755e-05,0.0,nan,nan,nan
6687.706,1.54568e-05,0.0,nan,nan,nan
6687.789,1.54619e-05,0.0,nan,nan,nan
6687.877,1.546232e-05,0.0,nan,nan,nan
6687.961,1.546058e-05,0.0,nan,nan,nan
6688.047,1.545654e-05,0.0,nan,nan,nan
6688.141,1.545585e-05,0.0,nan,nan,nan
6688.24,1.545614e-05,0.0,nan,nan,nan
6688.326,1.54598e-05,0.0,nan,nan,nan
6688.41,1.54578e-05,0.0,nan,nan,nan
6688.493,1.546152e-05,0.0,nan,nan,nan
6688.577,1.545937e-05,0.0,nan,nan,nan
6688.664,1.546152e-05,0.0,nan,nan,nan
6688.748,1.545872e-05,0.0,nan,nan,nan
6688.831,1.545877e-05,0.0,nan,nan,nan
6688.918,1.545451e-05,0.0,nan,nan,nan
6689.002,1.545714e-05,0.0,nan,nan,nan
6689.086,1.545461e-05,0.0,nan,nan,nan
6689.175,1.545931e-05,0.0,nan,nan,nan
6689.265,1.545805e-05,0.0,nan,nan,nan
6689.349,1.545974e-05,0.0,nan,nan,nan
6689.432,1.546031e-05,0.0,nan,nan,nan
6689.518,1.545784e-05,0.0,nan,nan,nan
6689.602,1.546116e-05,0.0,nan,nan,nan
6689.685,1.546111e-05,0.0,nan,nan,nan
6689.79,1.545595e-05,0.0,nan,nan,nan
6689.873,1.545787e-05,0.0,nan,nan,nan
6689.957,1.545711e-05,0.0,nan,nan,nan
6690.044,1.546007e-05,0.0,nan,nan,nan
6690.128,1.546194e-05,0.0,nan,nan,nan
6690.211,1.546262e-05,0.0,nan,nan,nan
6690.322,1.546025e-05,0.0,nan,nan,nan
6690.407,1.545905e-05,0.0,nan,nan,nan
6690.491,1.545676e-05,0.0,nan,nan,nan
6690.574,1.545965e-05,0.0,nan,nan,nan
6690.658,1.546381e-05,0.0,nan,nan,nan
6690.742,1.546678e-05,0.0,nan,nan,nan
6690.826,1.546641e-05,0.0,nan,nan,nan
6690.911,1.546495e-05,0.0,nan,nan,nan
6690.995,1.546278e-05,0.0,nan,nan,nan
6691.078,1.546299e-05,0.0,nan,nan,nan
6691.166,1.546031e-05,0.0,nan,nan,nan
6691.249,1.54647e-05,0.0,nan,nan,nan
6691.333,1.54628e-05,0.0,nan,nan,nan
6691.425,1.546503e-05,0.0,nan,nan,nan
6691.508,1.546165e-05,0.0,nan,nan,nan
6691.608,1.546306e-05,0.0,nan,nan,nan
6691.692,1.545855e-05,0.0,nan,nan,nan
6691.775,1.546087e-05,0.0,nan,nan,nan
6691.86,1.546323e-05,0.0,nan,nan,nan
6691.944,1.545935e-05,0.0,nan,nan,nan
6692.042,1.545614e-05,0.0,nan,nan,nan
6692.129,1.545832e-05,0.0,nan,nan,nan
6692.223,1.546009e-05,0.0,nan,nan,nan
6692.307,1.545858e-05,0.0,nan,nan,nan
6692.406,1.546086e-05,0.0,nan,nan,nan
6692.507,1.545942e-05,0.0,nan,nan,nan
6692.593,1.546242e-05,0.0,nan,nan,nan
6692.676,1.545994e-05,0.0,nan,nan,nan
6692.761,1.545937e-05,0.0,nan,nan,nan
6692.849,1.546288e-05,0.0,nan,nan,nan
6692.933,1.546199e-05,0.0,nan,nan,nan
6693.019,1.54612e-05,0.0,nan,nan,nan
6693.103,1.546082e-05,0.0,nan,nan,nan
6693.187,1.5462e-05,0.0,nan,nan,nan
6693.27,1.546092e-05,0.0,nan,nan,nan
6693.354,1.546141e-05,0.0,nan,nan,nan
6693.458,1.545748e-05,0.0,nan,nan,nan
6693.545,1.545971e-05,0.0,nan,nan,nan
6693.632,1.546116e-05,0.0,nan,nan,nan
6693.716,1.546564e-05,0.0,nan,nan,nan
6693.799,1.54632e-05,0.0,nan,nan,nan
6693.883,1.546222e-05,0.0,nan,nan,nan
6693.967,1.546287e-05,0.0,nan,nan,nan
6694.057,1.546042e-05,0.0,nan,nan,nan
6694.14,1.5463e-05,0.0,nan,nan,nan
6694.224,1.546268e-05,0.0,nan,nan,nan
6694.308,1.54635e-05,0.0,nan,nan,nan
6694.394,1.546042e-05,0.0,nan,nan,nan
6694.496,1.546276e-05,0.0,nan,nan,nan
6694.589,1.546559e-05,0.0,nan,nan,nan
6694.673,1.546657e-05,0.0,nan,nan,nan
6694.756,1.546428e-05,0.0,nan,nan,nan
6694.846,1.546001e-05,0.0,nan,nan,nan
6694.96,1.546032e-05,0.0,nan,nan,nan
6695.047,1.545803e-05,0.0,nan,nan,nan
6695.131,1.546264e-05,0.0,nan,nan,nan
6695.216,1.546161e-05,0.0,nan,nan,nan
6695.328,1.546188e-05,0.0,nan,nan,nan
6695.415,1.546189e-05,0.0,nan,nan,nan
6695.499,1.546183e-05,0.0,nan,nan,nan
6695.582,1.54596e-05,0.0,nan,nan,nan
6695.666,1.546299e-05,0.0,nan,nan,nan
6695.773,1.546185e-05,0.0,nan,nan,nan
6695.857,1.545911e-05,0.0,nan,nan,nan
6695.94,1.545751e-05,0.0,nan,nan,nan
6696.024,1.545755e-05,0.0,nan,nan,nan
6696.12,1.54579e-05,0.0,nan,nan,nan
6696.204,1.545977e-05,0.0,nan,nan,nan
6696.32,1.54586e-05,0.0,nan,nan,nan
6696.403,1.546083e-05,0.0,nan,nan,nan
6696.511,1.545642e-05,0.0,nan,nan,nan
6696.595,1.545794e-05,0.0,nan,nan,nan
6696.678,1.546161e-05,0.0,nan,nan,nan
6696.78,1.545993e-05,0.0,nan,nan,nan
6696.864,1.545906e-05,0.0,nan,nan,nan
6696.947,1.54597e-05,0.0,nan,nan,nan
6697.031,1.54594e-05,0.0,nan,nan,nan
6697.127,1.546214e-05,0.0,nan,nan,nan
6697.211,1.546075e-05,0.0,nan,nan,nan
6697.295,1.546111e-05,0.0,nan,nan,nan
6697.379,1.546555e-05,0.0,nan,nan,nan
6697.466,1.546166e-05,0.0,nan,nan,nan
6697.556,1.545961e-05,0.0,nan,nan,nan
6697.642,1.545953e-05,0.0,nan,nan,nan
6697.726,1.545845e-05,0.0,nan,nan,nan
6697.809,1.545869e-05,0.0,nan,nan,nan
6697.893,1.546387e-05,0.0,nan,nan,nan
6697.98,1.546656e-05,0.0,nan,nan,nan
6698.064,1.546258e-05,0.0,nan,nan,nan
6698.174,1.546114e-05,0.0,nan,nan,nan
6698.257,1.545794e-05,0.0,nan,nan,nan
6698.341,1.546395e-05,0.0,nan,nan,nan
6698.424,1.546371e-05,0.0,nan,nan,nan
6698.508,1.546429e-05,0.0,nan,nan,nan
6698.591,1.546376e-05,0.0,nan,nan,nan
6698.675,1.546691e-05,0.0,nan,nan,nan
6698.758,1.545967e-05,0.0,nan,nan,nan
6698.858,1.545991e-05,0.0,nan,nan,nan
6698.943,1.545761e-05,0.0,nan,nan,nan
6699.026,1.545912e-05,0.0,nan,nan,nan
6699.112,1.545941e-05,0.0,nan,nan,nan
6699.199,1.54596e-05,0.0,nan,nan,nan
6699.282,1.546137e-05,0.0,nan,nan,nan
6699.366,1.545704e-05,0.0,nan,nan,nan
6699.45,1.546124e-05,0.0,nan,nan,nan
6699.541,1.545871e-05,0.0,nan,nan,nan
6699.625,1.546081e-05,0.0,nan,nan,nan
6699.708,1.54549e-05,0.0,nan,nan,nan
6699.792,1.54572e-05,0.0,nan,nan,nan
6699.876,1.546006e-05,0.0,nan,nan,nan
6699.961,1.546265e-05,0.0,nan,nan,nan
6700.045,1.54583e-05,0.0,nan,nan,nan
6700.131,1.54604e-05,0.0,nan,nan,nan
6700.215,1.545793e-05,0.0,nan,nan,nan
6700.298,1.545893e-05,0.0,nan,nan,nan
6700.382,1.546091e-05,0.0,nan,nan,nan
6700.466,1.5457e-05,0.0,nan,nan,nan
6700.552,1.545378e-05,0.0,nan,nan,nan
6700.636,1.545407e-05,0.0,nan,nan,nan
6700.72,1.545786e-05,0.0,nan,nan,nan
6700.81,1.54573e-05,0.0,nan,nan,nan
6700.894,1.545948e-05,0.0,nan,nan,nan
6700.977,1.545561e-05,0.0,nan,nan,nan
6701.081,1.545813e-05,0.0,nan,nan,nan
6701.164,1.545609e-05,0.0,nan,nan,nan
6701.254,1.545721e-05,0.0,nan,nan,nan
6701.338,1.545845e-05,0.0,nan,nan,nan
6701.421,1.545518e-05,0.0,nan,nan,nan
6701.508,1.545441e-05,0.0,nan,nan,nan
6701.592,1.545846e-05,0.0,nan,nan,nan
6701.676,1.545735e-05,0.0,nan,nan,nan
6701.769,1.545468e-05,0.0,nan,nan,nan
6701.852,1.545741e-05,0.0,nan,nan,nan
6701.939,1.545325e-05,0.0,nan,nan,nan
6702.023,1.546135e-05,0.0,nan,nan,nan
6702.106,1.545953e-05,0.0,nan,nan,nan
6702.19,1.546181e-05,0.0,nan,nan,nan
6702.274,1.546278e-05,0.0,nan,nan,nan
6702.357,1.545966e-05,0.0,nan,nan,nan
6702.444,1.545831e-05,0.0,nan,nan,nan
6702.529,1.545973e-05,0.0,nan,nan,nan
6702.636,1.545552e-05,0.0,nan,nan,nan
6702.719,1.545769e-05,0.0,nan,nan,nan
6702.822,1.545783e-05,0.0,nan,nan,nan
6702.906,1.545886e-05,0.0,nan,nan,nan
6702.989,1.545674e-05,0.0,nan,nan,nan
6703.075,1.545937e-05,0.0,nan,nan,nan
6703.161,1.545538e-05,0.0,nan,nan,nan
6703.245,1.545858e-05,0.0,nan,nan,nan
6703.329,1.545505e-05,0.0,nan,nan,nan
6703.413,1.545405e-05,0.0,nan,nan,nan
6703.497,1.54617e-05,0.0,nan,nan,nan
6703.581,1.545533e-05,0.0,nan,nan,nan
6703.688,1.54576e-05,0.0,nan,nan,nan
6703.771,1.546084e-05,0.0,nan,nan,nan
6703.864,1.545832e-05,0.0,nan,nan,nan
6703.948,1.546109e-05,0.0,nan,nan,nan
6704.036,1.545916e-05,0.0,nan,nan,nan
6704.12,1.545867e-05,0.0,nan,nan,nan
6704.203,1.545625e-05,0.0,nan,nan,nan
6704.29,1.545529e-05,0.0,nan,nan,nan
6704.377,1.546431e-05,0.0,nan,nan,nan
6704.461,1.545466e-05,0.0,nan,nan,nan
6704.545,1.545806e-05,0.0,nan,nan,nan
6704.637,1.545462e-05,0.0,nan,nan,nan
6704.721,1.545633e-05,0.0,nan,nan,nan
6704.804,1.545396e-05,0.0,nan,nan,nan
6704.956,1.545727e-05,0.0,nan,nan,nan
6705.039,1.545617e-05,0.0,nan,nan,nan
6705.123,1.545387e-05,0.0,nan,nan,nan
6705.206,1.54563e-05,0.0,nan,nan,nan
6705.297,1.545876e-05,0.0,nan,nan,nan
6705.38,1.545921e-05,0.0,nan,nan,nan
6705.464,1.546399e-05,0.0,nan,nan,nan
6705.547,1.546279e-05,0.0,nan,nan,nan
6705.631,1.54615e-05,0.0,nan,nan,nan
6705.727,1.545991e-05,0.0,nan,nan,nan
6705.812,1.545984e-05,0.0,nan,nan,nan
6705.911,1.546368e-05,0.0,nan,nan,nan
6705.994,1.545932e-05,0.0,nan,nan,nan
6706.078,1.546226e-05,0.0,nan,nan,nan
6706.162,1.545821e-05,0.0,nan,nan,nan
6706.249,1.546166e-05,0.0,nan,nan,nan
6706.336,1.545953e-05,0.0,nan,nan,nan
6706.42,1.545884e-05,0.0,nan,nan,nan
6706.524,1.54551e-05,0.0,nan,nan,nan
6706.608,1.546059e-05,0.0,nan,nan,nan
6706.692,1.545781e-05,0.0,nan,nan,nan
6706.776,1.546343e-05,0.0,nan,nan,nan
6706.863,1.546039e-05,0.0,nan,nan,nan
6706.948,1.545888e-05,0.0,nan,nan,nan
6707.031,1.546315e-05,0.0,nan,nan,nan
6707.115,1.546335e-05,0.0,nan,nan,nan
6707.199,1.546098e-05,0.0,nan,nan,nan
6707.282,1.545644e-05,0.0,nan,nan,nan
6707.366,1.54632e-05,0.0,nan,nan,nan
6707.449,1.546269e-05,0.0,nan,nan,nan
6707.533,1.54612e-05,0.0,nan,nan,nan
6707.617,1.54613e-05,0.0,nan,nan,nan
6707.703,1.545637e-05,0.0,nan,nan,nan
6707.787,1.54606e-05,0.0,nan,nan,nan
6707.87,1.5458e-05,0.0,nan,nan,nan
6707.97,1.546041e-05,0.0,nan,nan,nan
6708.054,1.54621e-05,0.0,nan,nan,nan
6708.137,1.545919e-05,0.0,nan,nan,nan
6708.221,1.5462e-05,0.0,nan,nan,nan
6708.304,1.54663e-05,0.0,nan,nan,nan
6708.391,1.54634e-05,0.0,nan,nan,nan
6708.474,1.545847e-05,0.0,nan,nan,nan
6708.573,1.546428e-05,0.0,nan,nan,nan
6708.656,1.54649e-05,0.0,nan,nan,nan
6708.74,1.546333e-05,0.0,nan,nan,nan
6708.824,1.546619e-05,0.0,nan,nan,nan
6708.907,1.54605e-05,0.0,nan,nan,nan
6708.998,1.546098e-05,0.0,nan,nan,nan
6709.082,1.546089e-05,0.0,nan,nan,nan
6709.165,1.546105e-05,0.0,nan,nan,nan
6709.249,1.546423e-05,0.0,nan,nan,nan
6709.334,1.546677e-05,0.0,nan,nan,nan
6709.417,1.546812e-05,0.0,nan,nan,nan
6709.501,1.546689e-05,0.0,nan,nan,nan
6709.588,1.546775e-05,0.0,nan,nan,nan
6709.671,1.546652e-05,0.0,nan,nan,nan
6709.756,1.546198e-05,0.0,nan,nan,nan
6709.84,1.546351e-05,0.0,nan,nan,nan
6709.926,1.54635e-05,0.0,nan,nan,nan
6710.035,1.546069e-05,0.0,nan,nan,nan
6710.118,1.545525e-05,0.0,nan,nan,nan
6710.225,1.546217e-05,0.0,nan,nan,nan
6710.312,1.545961e-05,0.0,nan,nan,nan
6710.395,1.54641e-05,0.0,nan,nan,nan
6710.479,1.546396e-05,0.0,nan,nan,nan
6710.566,1.546513e-05,0.0,nan,nan,nan
6710.65,1.546303e-05,0.0,nan,nan,nan
6710.734,1.545878e-05,0.0,nan,nan,nan
6710.822,1.546052e-05,0.0,nan,nan,nan
6710.906,1.546104e-05,0.0,nan,nan,nan
6710.99,1.54635e-05,0.0,nan,nan,nan
6711.106,1.546502e-05,0.0,nan,nan,nan
6711.189,1.546189e-05,0.0,nan,nan,nan
6711.273,1.54637e-05,0.0,nan,nan,nan
6711.357,1.546484e-05,0.0,nan,nan,nan
6711.441,1.546688e-05,0.0,nan,nan,nan
6711.53,1.546514e-05,0.0,nan,nan,nan
6711.613,1.546539e-05,0.0,nan,nan,nan
6711.697,1.546291e-05,0.0,nan,nan,nan
6711.782,1.546377e-05,0.0,nan,nan,nan
6711.866,1.54597e-05,0.0,nan,nan,nan
6711.949,1.546231e-05,0.0,nan,nan,nan
6712.033,1.546446e-05,0.0,nan,nan,nan
6712.117,1.546471e-05,0.0,nan,nan,nan
6712.2,1.54613e-05,0.0,nan,nan,nan
6712.284,1.546146e-05,0.0,nan,nan,nan
6712.368,1.546488e-05,0.0,nan,nan,nan
6712.452,1.546619e-05,0.0,nan,nan,nan
6712.535,1.546324e-05,0.0,nan,nan,nan
6712.62,1.546371e-05,0.0,nan,nan,nan
6712.703,1.546269e-05,0.0,nan,nan,nan
6712.792,1.546182e-05,0.0,nan,nan,nan
6712.877,1.546449e-05,0.0,nan,nan,nan
6712.961,1.54613e-05,0.0,nan,nan,nan
6713.048,1.546247e-05,0.0,nan,nan,nan
6713.132,1.545747e-05,0.0,nan,nan,nan
6713.219,1.546049e-05,0.0,nan,nan,nan
6713.315,1.545824e-05,0.0,nan,nan,nan
6713.399,1.545847e-05,0.0,nan,nan,nan
6713.492,1.546347e-05,0.0,nan,nan,nan
6713.576,1.546095e-05,0.0,nan,nan,nan
6713.661,1.545933e-05,0.0,nan,nan,nan
6713.745,1.546128e-05,0.0,nan,nan,nan
6713.832,1.54579e-05,0.0,nan,nan,nan
6713.915,1.545538e-05,0.0,nan,nan,nan
6713.998,1.546011e-05,0.0,nan,nan,nan
6714.093,1.545804e-05,0.0,nan,nan,nan
6714.18,1.545655e-05,0.0,nan,nan,nan
6714.281,1.545769e-05,0.0,nan,nan,nan
6714.365,1.545895e-05,0.0,nan,nan,nan
6714.448,1.546064e-05,0.0,nan,nan,nan
6714.532,1.546471e-05,0.0,nan,nan,nan
6714.615,1.546392e-05,0.0,nan,nan,nan
6714.721,1.546204e-05,0.0,nan,nan,nan
6714.805,1.546471e-05,0.0,nan,nan,nan
6714.897,1.546355e-05,0.0,nan,nan,nan
6714.981,1.546988e-05,0.0,nan,nan,nan
6715.064,1.546633e-05,0.0,nan,nan,nan
6715.148,1.546805e-05,0.0,nan,nan,nan
6715.241,1.546692e-05,0.0,nan,nan,nan
6715.325,1.546384e-05,0.0,nan,nan,nan
6715.411,1.546208e-05,0.0,nan,nan,nan
6715.498,1.54641e-05,0.0,nan,nan,nan
6715.582,1.546655e-05,0.0,nan,nan,nan
6715.667,1.545708e-05,0.0,nan,nan,nan
6715.751,1.546411e-05,0.0,nan,nan,nan
6715.835,1.546242e-05,0.0,nan,nan,nan
6715.939,1.546086e-05,0.0,nan,nan,nan
6716.024,1.546721e-05,0.0,nan,nan,nan
6716.121,1.546671e-05,0.0,nan,nan,nan
6716.205,1.546638e-05,0.0,nan,nan,nan
6716.29,1.546653e-05,0.0,nan,nan,nan
6716.374,1.546556e-05,0.0,nan,nan,nan
6716.457,1.546155e-05,0.0,nan,nan,nan
6716.552,1.546396e-05,0.0,nan,nan,nan
6716.635,1.54671e-05,0.0,nan,nan,nan
6716.724,1.546524e-05,0.0,nan,nan,nan
6716.807,1.546391e-05,0.0,nan,nan,nan
6716.891,1.546435e-05,0.0,nan,nan,nan
6716.975,1.546368e-05,0.0,nan,nan,nan
6717.059,1.546321e-05,0.0,nan,nan,nan
6717.155,1.545991e-05,0.0,nan,nan,nan
6717.24,1.546168e-05,0.0,nan,nan,nan
6717.324,1.546497e-05,0.0,nan,nan,nan
6717.412,1.546683e-05,0.0,nan,nan,nan
6717.496,1.546396e-05,0.0,nan,nan,nan
6717.579,1.546624e-05,0.0,nan,nan,nan
6717.663,1.54638e-05,0.0,nan,nan,nan
6717.755,1.546854e-05,0.0,nan,nan,nan
6717.839,1.546681e-05,0.0,nan,nan,nan
6717.942,1.546624e-05,0.0,nan,nan,nan
6718.025,1.546731e-05,0.0,nan,nan,nan
6718.109,1.546223e-05,0.0,nan,nan,nan
6718.193,1.54674e-05,0.0,nan,nan,nan
6718.277,1.546405e-05,0.0,nan,nan,nan
6718.367,1.546375e-05,0.0,nan,nan,nan
6718.45,1.546264e-05,0.0,nan,nan,nan
6718.534,1.546691e-05,0.0,nan,nan,nan
6718.617,1.546553e-05,0.0,nan,nan,nan
6718.701,1.546779e-05,0.0,nan,nan,nan
6718.786,1.546487e-05,0.0,nan,nan,nan
6718.87,1.546422e-05,0.0,nan,nan,nan
6718.987,1.546464e-05,0.0,nan,nan,nan
6719.07,1.546384e-05,0.0,nan,nan,nan
6719.175,1.546352e-05,0.0,nan,nan,nan
6719.26,1.546354e-05,0.0,nan,nan,nan
6719.344,1.546691e-05,0.0,nan,nan,nan
6719.441,1.546586e-05,0.0,nan,nan,nan
6719.525,1.546879e-05,0.0,nan,nan,nan
6719.608,1.546695e-05,0.0,nan,nan,nan
6719.698,1.546391e-05,0.0,nan,nan,nan
6719.787,1.546663e-05,0.0,nan,nan,nan
6719.871,1.546855e-05,0.0,nan,nan,nan
6719.975,1.5465e-05,0.0,nan,nan,nan
6720.058,1.54677e-05,0.0,nan,nan,nan
6720.142,1.546608e-05,0.0,nan,nan,nan
6720.226,1.546526e-05,0.0,nan,nan,nan
6720.31,1.546602e-05,0.0,nan,nan,nan
6720.409,1.546635e-05,0.0,nan,nan,nan
6720.493,1.546359e-05,0.0,nan,nan,nan
6720.587,1.546402e-05,0.0,nan,nan,nan
6720.67,1.54592e-05,0.0,nan,nan,nan
6720.754,1.546432e-05,0.0,nan,nan,nan
6720.838,1.54664e-05,0.0,nan,nan,nan
6720.921,1.546814e-05,0.0,nan,nan,nan
6721.009,1.546503e-05,0.0,nan,nan,nan
6721.097,1.546503e-05,0.0,nan,nan,nan
6721.181,1.546515e-05,0.0,nan,nan,nan
6721.264,1.546472e-05,0.0,nan,nan,nan
6721.348,1.546516e-05,0.0,nan,nan,nan
6721.431,1.546352e-05,0.0,nan,nan,nan
6721.52,1.546368e-05,0.0,nan,nan,nan
6721.615,1.54644e-05,0.0,nan,nan,nan
6721.698,1.546343e-05,0.0,nan,nan,nan
6721.782,1.546325e-05,0.0,nan,nan,nan
6721.866,1.546567e-05,0.0,nan,nan,nan
6721.949,1.546669e-05,0.0,nan,nan,nan
6722.034,1.546596e-05,0.0,nan,nan,nan
6722.118,1.546311e-05,0.0,nan,nan,nan
6722.208,1.546129e-05,0.0,nan,nan,nan
6722.291,1.546062e-05,0.0,nan,nan,nan
6722.375,1.546415e-05,0.0,nan,nan,nan
6722.458,1.546323e-05,0.0,nan,nan,nan
6722.542,1.5466e-05,0.0,nan,nan,nan
6722.629,1.546516e-05,0.0,nan,nan,nan
6722.714,1.546052e-05,0.0,nan,nan,nan
6722.797,1.546298e-05,0.0,nan,nan,nan
6722.88,1.546236e-05,0.0,nan,nan,nan
6722.965,1.546053e-05,0.0,nan,nan,nan
6723.049,1.546146e-05,0.0,nan,nan,nan
6723.133,1.546046e-05,0.0,nan,nan,nan
6723.227,1.545937e-05,0.0,nan,nan,nan
6723.311,1.545595e-05,0.0,nan,nan,nan
6723.394,1.546096e-05,0.0,nan,nan,nan
6723.478,1.545844e-05,0.0,nan,nan,nan
6723.587,1.546059e-05,0.0,nan,nan,nan
6723.679,1.545856e-05,0.0,nan,nan,nan
6723.768,1.545723e-05,0.0,nan,nan,nan
6723.851,1.546043e-05,0.0,nan,nan,nan
6723.935,1.545836e-05,0.0,nan,nan,nan
6724.043,1.546248e-05,0.0,nan,nan,nan
6724.126,1.546411e-05,0.0,nan,nan,nan
6724.21,1.546197e-05,0.0,nan,nan,nan
6724.294,1.545738e-05,0.0,nan,nan,nan
6724.38,1.546183e-05,0.0,nan,nan,nan
6724.472,1.545838e-05,0.0,nan,nan,nan
6724.557,1.545976e-05,0.0,nan,nan,nan
6724.654,1.546244e-05,0.0,nan,nan,nan
6724.737,1.545569e-05,0.0,nan,nan,nan
6724.821,1.545872e-05,0.0,nan,nan,nan
6724.905,1.54593e-05,0.0,nan,nan,nan
6724.989,1.545971e-05,0.0,nan,nan,nan
6725.078,1.546299e-05,0.0,nan,nan,nan
6725.165,1.546377e-05,0.0,nan,nan,nan
6725.249,1.545976e-05,0.0,nan,nan,nan
6725.332,1.546449e-05,0.0,nan,nan,nan
6725.418,1.54643e-05,0.0,nan,nan,nan
6725.501,1.546046e-05,0.0,nan,nan,nan
6725.585,1.546311e-05,0.0,nan,nan,nan
6725.669,1.546828e-05,0.0,nan,nan,nan
6725.767,1.546449e-05,0.0,nan,nan,nan
6725.853,1.546767e-05,0.0,nan,nan,nan
6725.941,1.546137e-05,0.0,nan,nan,nan
6726.025,1.546103e-05,0.0,nan,nan,nan
6726.108,1.546432e-05,0.0,nan,nan,nan
6726.196,1.546231e-05,0.0,nan,nan,nan
6726.28,1.545999e-05,0.0,nan,nan,nan
6726.364,1.546196e-05,0.0,nan,nan,nan
6726.447,1.546404e-05,0.0,nan,nan,nan
6726.531,1.546359e-05,0.0,nan,nan,nan
6726.615,1.546338e-05,0.0,nan,nan,nan
6726.708,1.545982e-05,0.0,nan,nan,nan
6726.792,1.546035e-05,0.0,nan,nan,nan
6726.894,1.546208e-05,0.0,nan,nan,nan
6726.978,1.545912e-05,0.0,nan,nan,nan
6727.062,1.546175e-05,0.0,nan,nan,nan
6727.145,1.546262e-05,0.0,nan,nan,nan
6727.233,1.546383e-05,0.0,nan,nan,nan
6727.322,1.546151e-05,0.0,nan,nan,nan
6727.405,1.546184e-05,0.0,nan,nan,nan
6727.508,1.546131e-05,0.0,nan,nan,nan
6727.592,1.545741e-05,0.0,nan,nan,nan
6727.706,1.54597e-05,0.0,nan,nan,nan
6727.798,1.545938e-05,0.0,nan,nan,nan
6727.881,1.546292e-05,0.0,nan,nan,nan
6727.965,1.545728e-05,0.0,nan,nan,nan
6728.05,1.546237e-05,0.0,nan,nan,nan
6728.138,1.545937e-05,0.0,nan,nan,nan
6728.225,1.546096e-05,0.0,nan,nan,nan
6728.309,1.546029e-05,0.0,nan,nan,nan
6728.392,1.54564e-05,0.0,nan,nan,nan
6728.476,1.546235e-05,0.0,nan,nan,nan
6728.567,1.545795e-05,0.0,nan,nan,nan
6728.651,1.545532e-05,0.0,nan,nan,nan
6728.735,1.545858e-05,0.0,nan,nan,nan
6728.818,1.546053e-05,0.0,nan,nan,nan
6728.906,1.545657e-05,0.0,nan,nan,nan
6728.996,1.54599e-05,0.0,nan,nan,nan
6729.08,1.545899e-05,0.0,nan,nan,nan
6729.164,1.54638e-05,0.0,nan,nan,nan
6729.247,1.546424e-05,0.0,nan,nan,nan
6729.349,1.546242e-05,0.0,nan,nan,nan
6729.432,1.546228e-05,0.0,nan,nan,nan
6729.516,1.545945e-05,0.0,nan,nan,nan
6729.6,1.546031e-05,0.0,nan,nan,nan
6729.685,1.545705e-05,0.0,nan,nan,nan
6729.774,1.546159e-05,0.0,nan,nan,nan
6729.863,1.545919e-05,0.0,nan,nan,nan
6729.947,1.546014e-05,0.0,nan,nan,nan
6730.03,1.5458e-05,0.0,nan,nan,nan
6730.116,1.545449e-05,0.0,nan,nan,nan
6730.2,1.545565e-05,0.0,nan,nan,nan
6730.288,1.546514e-05,0.0,nan,nan,nan
6730.376,1.546104e-05,0.0,nan,nan,nan
6730.46,1.545513e-05,0.0,nan,nan,nan
6730.561,1.545759e-05,0.0,nan,nan,nan
6730.645,1.546157e-05,0.0,nan,nan,nan
6730.729,1.54527e-05,0.0,nan,nan,nan
6730.812,1.54611e-05,0.0,nan,nan,nan
6730.897,1.546312e-05,0.0,nan,nan,nan
6730.984,1.546295e-05,0.0,nan,nan,nan
6731.067,1.546284e-05,0.0,nan,nan,nan
6731.16,1.545923e-05,0.0,nan,nan,nan
6731.244,1.5461e-05,0.0,nan,nan,nan
6731.328,1.546633e-05,0.0,nan,nan,nan
6731.411,1.546253e-05,0.0,nan,nan,nan
6731.495,1.546033e-05,0.0,nan,nan,nan
6731.598,1.546639e-05,0.0,nan,nan,nan
6731.681,1.546163e-05,0.0,nan,nan,nan
6731.769,1.546416e-05,0.0,nan,nan,nan
6731.852,1.546678e-05,0.0,nan,nan,nan
6731.968,1.546528e-05,0.0,nan,nan,nan
6732.051,1.546484e-05,0.0,nan,nan,nan
6732.135,1.54612e-05,0.0,nan,nan,nan
6732.233,1.546387e-05,0.0,nan,nan,nan
6732.316,1.545924e-05,0.0,nan,nan,nan
6732.408,1.545847e-05,0.0,nan,nan,nan
6732.498,1.546281e-05,0.0,nan,nan,nan
6732.598,1.54595e-05,0.0,nan,nan,nan
6732.682,1.546194e-05,0.0,nan,nan,nan
6732.766,1.546396e-05,0.0,nan,nan,nan
6732.849,1.546193e-05,0.0,nan,nan,nan
6732.933,1.545974e-05,0.0,nan,nan,nan
6733.039,1.546165e-05,0.0,nan,nan,nan
6733.123,1.545921e-05,0.0,nan,nan,nan
6733.209,1.546305e-05,0.0,nan,nan,nan
6733.293,1.546153e-05,0.0,nan,nan,nan
6733.376,1.546064e-05,0.0,nan,nan,nan
6733.463,1.54594e-05,0.0,nan,nan,nan
6733.547,1.546501e-05,0.0,nan,nan,nan
6733.631,1.54625e-05,0.0,nan,nan,nan
6733.714,1.546187e-05,0.0,nan,nan,nan
6733.798,1.546284e-05,0.0,nan,nan,nan
6733.881,1.546504e-05,0.0,nan,nan,nan
6733.965,1.546451e-05,0.0,nan,nan,nan
6734.05,1.546535e-05,0.0,nan,nan,nan
6734.134,1.546531e-05,0.0,nan,nan,nan
6734.218,1.546602e-05,0.0,nan,nan,nan
6734.301,1.546185e-05,0.0,nan,nan,nan
6734.385,1.546254e-05,0.0,nan,nan,nan
6734.474,1.546193e-05,0.0,nan,nan,nan
6734.563,1.546326e-05,0.0,nan,nan,nan
6734.647,1.546162e-05,0.0,nan,nan,nan
6734.73,1.546006e-05,0.0,nan,nan,nan
6734.814,1.546394e-05,0.0,nan,nan,nan
6734.897,1.546715e-05,0.0,nan,nan,nan
6734.981,1.546416e-05,0.0,nan,nan,nan
6735.082,1.545914e-05,0.0,nan,nan,nan
6735.166,1.545797e-05,0.0,nan,nan,nan
6735.27,1.546048e-05,0.0,nan,nan,nan
6735.355,1.545982e-05,0.0,nan,nan,nan
6735.439,1.546453e-05,0.0,nan,nan,nan
6735.522,1.54655e-05,0.0,nan,nan,nan
6735.606,1.545958e-05,0.0,nan,nan,nan
6735.693,1.545731e-05,0.0,nan,nan,nan
6735.779,1.546152e-05,0.0,nan,nan,nan
6735.863,1.546334e-05,0.0,nan,nan,nan
6735.946,1.546761e-05,0.0,nan,nan,nan
6736.039,1.546505e-05,0.0,nan,nan,nan
6736.123,1.546194e-05,0.0,nan,nan,nan
6736.206,1.546353e-05,0.0,nan,nan,nan
6736.309,1.546392e-05,0.0,nan,nan,nan
6736.393,1.546143e-05,0.0,nan,nan,nan
6736.476,1.546443e-05,0.0,nan,nan,nan
6736.56,1.546166e-05,0.0,nan,nan,nan
6736.643,1.546057e-05,0.0,nan,nan,nan
6736.737,1.545793e-05,0.0,nan,nan,nan
6736.821,1.545888e-05,0.0,nan,nan,nan
6736.905,1.545874e-05,0.0,nan,nan,nan
6736.989,1.546174e-05,0.0,nan,nan,nan
6737.074,1.546568e-05,0.0,nan,nan,nan
6737.157,1.546291e-05,0.0,nan,nan,nan
6737.241,1.546411e-05,0.0,nan,nan,nan
6737.327,1.546012e-05,0.0,nan,nan,nan
6737.41,1.546031e-05,0.0,nan,nan,nan
6737.494,1.546057e-05,0.0,nan,nan,nan
6737.577,1.546215e-05,0.0,nan,nan,nan
6737.661,1.546027e-05,0.0,nan,nan,nan
6737.751,1.546082e-05,0.0,nan,nan,nan
6737.835,1.546181e-05,0.0,nan,nan,nan
6737.919,1.546461e-05,0.0,nan,nan,nan
6738.003,1.546079e-05,0.0,nan,nan,nan
6738.087,1.545848e-05,0.0,nan,nan,nan
6738.17,1.545738e-05,0.0,nan,nan,nan
6738.259,1.545878e-05,0.0,nan,nan,nan
6738.36,1.545893e-05,0.0,nan,nan,nan
6738.446,1.546199e-05,0.0,nan,nan,nan
6738.53,1.546192e-05,0.0,nan,nan,nan
6738.613,1.546269e-05,0.0,nan,nan,nan
6738.699,1.546219e-05,0.0,nan,nan,nan
6738.784,1.545894e-05,0.0,nan,nan,nan
6738.868,1.546084e-05,0.0,nan,nan,nan
6738.953,1.546224e-05,0.0,nan,nan,nan
6739.036,1.546008e-05,0.0,nan,nan,nan
6739.12,1.546507e-05,0.0,nan,nan,nan
6739.204,1.546481e-05,0.0,nan,nan,nan
6739.287,1.546791e-05,0.0,nan,nan,nan
6739.386,1.546264e-05,0.0,nan,nan,nan
6739.469,1.546292e-05,0.0,nan,nan,nan
6739.553,1.546056e-05,0.0,nan,nan,nan
6739.637,1.5456e-05,0.0,nan,nan,nan
6739.721,1.546001e-05,0.0,nan,nan,nan
6739.805,1.54614e-05,0.0,nan,nan,nan
6739.888,1.545973e-05,0.0,nan,nan,nan
6739.989,1.545685e-05,0.0,nan,nan,nan
6740.072,1.546105e-05,0.0,nan,nan,nan
6740.189,1.545947e-05,0.0,nan,nan,nan
6740.272,1.546044e-05,0.0,nan,nan,nan
6740.371,1.546104e-05,0.0,nan,nan,nan
6740.455,1.546117e-05,0.0,nan,nan,nan
6740.541,1.545983e-05,0.0,nan,nan,nan
6740.625,1.545896e-05,0.0,nan,nan,nan
6740.709,1.546342e-05,0.0,nan,nan,nan
6740.797,1.545848e-05,0.0,nan,nan,nan
6740.881,1.546192e-05,0.0,nan,nan,nan
6740.965,1.546157e-05,0.0,nan,nan,nan
6741.048,1.545949e-05,0.0,nan,nan,nan
6741.136,1.546068e-05,0.0,nan,nan,nan
6741.225,1.546122e-05,0.0,nan,nan,nan
6741.309,1.546109e-05,0.0,nan,nan,nan
6741.413,1.54602e-05,0.0,nan,nan,nan
6741.496,1.546223e-05,0.0,nan,nan,nan
6741.58,1.545861e-05,0.0,nan,nan,nan
6741.663,1.545831e-05,0.0,nan,nan,nan
6741.747,1.546032e-05,0.0,nan,nan,nan
6741.831,1.545928e-05,0.0,nan,nan,nan
6741.914,1.54568e-05,0.0,nan,nan,nan
6741.998,1.5457e-05,0.0,nan,nan,nan
6742.081,1.545654e-05,0.0,nan,nan,nan
6742.165,1.545555e-05,0.0,nan,nan,nan
6742.256,1.54568e-05,0.0,nan,nan,nan
6742.345,1.545818e-05,0.0,nan,nan,nan
6742.431,1.545631e-05,0.0,nan,nan,nan
6742.514,1.546118e-05,0.0,nan,nan,nan
6742.598,1.546034e-05,0.0,nan,nan,nan
6742.682,1.545816e-05,0.0,nan,nan,nan
6742.768,1.545341e-05,0.0,nan,nan,nan
6742.852,1.545676e-05,0.0,nan,nan,nan
6742.935,1.54573e-05,0.0,nan,nan,nan
6743.043,1.546094e-05,0.0,nan,nan,nan
6743.131,1.545878e-05,0.0,nan,nan,nan
6743.235,1.545748e-05,0.0,nan,nan,nan
6743.319,1.545648e-05,0.0,nan,nan,nan
6743.403,1.546041e-05,0.0,nan,nan,nan
6743.487,1.545272e-05,0.0,nan,nan,nan
6743.57,1.545668e-05,0.0,nan,nan,nan
6743.653,1.545626e-05,0.0,nan,nan,nan
6743.74,1.545709e-05,0.0,nan,nan,nan
6743.83,1.545868e-05,0.0,nan,nan,nan
6743.914,1.545792e-05,0.0,nan,nan,nan
6743.999,1.54615e-05,0.0,nan,nan,nan
6744.083,1.546015e-05,0.0,nan,nan,nan
6744.166,1.545933e-05,0.0,nan,nan,nan
6744.274,1.546038e-05,0.0,nan,nan,nan
6744.358,1.546278e-05,0.0,nan,nan,nan
6744.443,1.546279e-05,0.0,nan,nan,nan
6744.526,1.5467e-05,0.0,nan,nan,nan
6744.611,1.546253e-05,0.0,nan,nan,nan
6744.694,1.546038e-05,0.0,nan,nan,nan
6744.778,1.545899e-05,0.0,nan,nan,nan
6744.878,1.54586e-05,0.0,nan,nan,nan
6744.965,1.546303e-05,0.0,nan,nan,nan
6745.048,1.546181e-05,0.0,nan,nan,nan
6745.132,1.545998e-05,0.0,nan,nan,nan
6745.216,1.546388e-05,0.0,nan,nan,nan
6745.3,1.546166e-05,0.0,nan,nan,nan
6745.384,1.545822e-05,0.0,nan,nan,nan
6745.467,1.54581e-05,0.0,nan,nan,nan
6745.551,1.54613e-05,0.0,nan,nan,nan
6745.635,1.546301e-05,0.0,nan,nan,nan
6745.725,1.545938e-05,0.0,nan,nan,nan
6745.81,1.546098e-05,0.0,nan,nan,nan
6745.897,1.545965e-05,0.0,nan,nan,nan
6745.981,1.546222e-05,0.0,nan,nan,nan
6746.066,1.545581e-05,0.0,nan,nan,nan
6746.15,1.545733e-05,0.0,nan,nan,nan
6746.234,1.545657e-05,0.0,nan,nan,nan
6746.317,1.545918e-05,0.0,nan,nan,nan
6746.414,1.545935e-05,0.0,nan,nan,nan
6746.511,1.545873e-05,0.0,nan,nan,nan
6746.595,1.545675e-05,0.0,nan,nan,nan
6746.68,1.54573e-05,0.0,nan,nan,nan
6746.764,1.545937e-05,0.0,nan,nan,nan
6746.849,1.545736e-05,0.0,nan,nan,nan
6746.94,1.545587e-05,0.0,nan,nan,nan
6747.027,1.545987e-05,0.0,nan,nan,nan
6747.125,1.54553e-05,0.0,nan,nan,nan
6747.215,1.545854e-05,0.0,nan,nan,nan
6747.318,1.546114e-05,0.0,nan,nan,nan
6747.402,1.545896e-05,0.0,nan,nan,nan
6747.508,1.545758e-05,0.0,nan,nan,nan
6747.592,1.546152e-05,0.0,nan,nan,nan
6747.675,1.546082e-05,0.0,nan,nan,nan
6747.762,1.545747e-05,0.0,nan,nan,nan
6747.845,1.545637e-05,0.0,nan,nan,nan
6747.929,1.546165e-05,0.0,nan,nan,nan
6748.013,1.545728e-05,0.0,nan,nan,nan
6748.096,1.545978e-05,0.0,nan,nan,nan
6748.18,1.546387e-05,0.0,nan,nan,nan
6748.267,1.545963e-05,0.0,nan,nan,nan
6748.352,1.546292e-05,0.0,nan,nan,nan
6748.488,1.545896e-05,0.0,nan,nan,nan
6748.585,1.545895e-05,0.0,nan,nan,nan
6748.668,1.546387e-05,0.0,nan,nan,nan
6748.774,1.546298e-05,0.0,nan,nan,nan
6748.864,1.546051e-05,0.0,nan,nan,nan
6748.948,1.545904e-05,0.0,nan,nan,nan
6749.032,1.546178e-05,0.0,nan,nan,nan
6749.115,1.545952e-05,0.0,nan,nan,nan
6749.199,1.54561e-05,0.0,nan,nan,nan
6749.283,1.545758e-05,0.0,nan,nan,nan
6749.37,1.546059e-05,0.0,nan,nan,nan
6749.454,1.545955e-05,0.0,nan,nan,nan
6749.537,1.545913e-05,0.0,nan,nan,nan
6749.621,1.545788e-05,0.0,nan,nan,nan
6749.706,1.546193e-05,0.0,nan,nan,nan
6749.799,1.546223e-05,0.0,nan,nan,nan
6749.883,1.546156e-05,0.0,nan,nan,nan
6749.966,1.545941e-05,0.0,nan,nan,nan
6750.05,1.545696e-05,0.0,nan,nan,nan
